Adjusted
13.579187
13.268362
14.307685
14.41453
14.725358
14.696218
14.705929
14.356252
14.249406
13.899729
14.210554
14.064854
14.025999
14.424245
14.637938
14.249406
14.540805
14.599086
14.006573
13.890014
13.870586
13.715174
13.588901
13.686034
14.14256
14.676792
14.327113
14.045427
13.860875
14.239693
13.588901
14.084281
13.851161
12.947825
12.986677
13.180944
12.646713
12.87983
13.025531
13.044958
13.219796
13.501483
13.647182
14.152272
14.395105
14.492239
14.696218
15.055612
15.453856
15.784107
15.521848
15.822959
16.298912
16.736008
16.512602
16.376619
16.124073
16.036652
16.172638
16.483465
16.192066
15.288728
15.084749
15.240162
15.269302
15.385862
15.249875
15.327581
15.725827
15.677259
15.143028
15.900666
16.046366
15.638407
15.560701
15.075037
15.832672
15.978373
15.754967
16.114361
16.328051
16.415474
16.124073
16.454323
16.532032
16.512602
16.493179
16.842857
16.88171
17.250816
17.211962
17.581066
18.27071
18.571821
18.464973
18.057018
17.435368
17.415941
17.668488
17.68791
17.600496
17.31881
17.163393
17.066265
17.221672
17.143969
16.464037
16.16293
16.532032
16.765148
16.434895
16.396044
16.522318
16.444611
16.464037
16.726297
16.570883
16.250347
15.871525
15.667549
15.988085
15.7064
15.842386
15.949232
16.318336
15.958946
16.269773
16.357191
16.454323
16.862282
16.677731
16.871998
17.056547
17.250816
17.435368
17.921034
17.891891
17.707342
17.629631
17.532499
17.969599
18.290136
18.542681
18.678667
18.649532
18.795227
18.824366
18.377558
18.62039
18.377558
18.328991
18.435837
18.066732
18.280422
15.890957
15.7064
15.269302
15.550986
15.191595
15.347009
15.356723
15.803535
15.696688
15.745254
15.026468
14.900197
15.502422
15.696688
15.920092
16.328051
16.502893
16.318336
16.969126
17.600496
17.211962
17.124538
17.357658
17.551928
18.18329
18.14444
18.426123
18.348415
18.319277
18.445549
18.630104
18.911785
18.532969
18.416409
19.125479
19.271183
19.892832
19.941401
19.805414
19.44602
19.484871
19.912262
20.12595
19.989964
19.912262
20.028818
20.397923
20.533907
20.611616
21.320684
20.786453
22.020041
21.51495
21.378963
21.728645
21.932621
21.340109
21.796637
22.058897
22.029757
21.757782
21.446957
22.544559
22.60284
22.845675
22.641695
22.981661
23.205063
23.700441
23.53532
23.370192
23.302198
23.574169
23.545033
23.127359
23.292486
22.80682
22.379436
21.748072
21.242983
21.709213
21.903481
23.894712
24.166679
25.244858
24.720341
25.477974
25.847084
25.3517
25.477974
25.371132
25.575108
25.429411
25.497404
25.380842
24.22496
24.069553
24.526073
24.632917
25.779091
26.255041
26.138483
26.837837
28.576515
28.508524
27.828594
28.042286
28.013145
28.498812
29.159317
29.780968
30.305483
30.451185
29.528419
29.314732
31.043695
32.034447
32.830948
32.588108
32.986359
33.07378
32.830948
33.666283
34.647324
34.55991
34.122807
33.695423
34.025673
33.42345
33.326332
33.598286
34.637619
35.132992
35.599239
35.939198
35.696365
35.511814
35.871204
35.064999
36.269455
36.774544
37.697304
37.901287
37.843002
36.988235
36.483139
35.686653
35.298115
36.619125
36.279167
36.016907
35.511814
35.074711
35.744934
36.813393
35.6478
34.744457
34.375359
35.550659
36.852245
36.628841
36.269455
35.511814
34.754173
34.948441
35.842068
34.278221
32.714382
32.413265
32.753239
34.491913
34.385071
34.647324
35.123283
36.026619
36.191742
34.967865
34.151955
34.491913
34.064529
35.346687
35.443829
35.550659
35.618652
36.152889
37.153355
37.163071
38.260677
38.182968
37.726444
37.095081
37.425327
37.464184
37.143642
37.221352
37.609882
37.988701
38.221821
38.65892
38.678345
39.008595
40.038208
40.2519
41.592331
41.194096
42.621944
42.340256
42.408245
41.077534
39.047459
39.222294
39.882801
40.669571
41.436928
41.825455
43.272732
43.088188
41.94202
42.651085
43.272732
42.738506
41.728329
42.602528
40.747288
40.426743
38.950314
39.105728
40.786129
41.592331
41.650616
41.747742
42.447113
42.23341
40.504448
41.689468
41.262085
41.164951
42.087723
40.951263
40.485016
39.134876
38.396656
38.416084
37.83181
38.396606
37.140415
36.205582
36.478237
35.893967
36.205582
36.974884
36.536667
37.120945
38.532948
38.162907
39.594376
39.370399
39.535946
38.474518
38.805607
38.386871
38.065529
37.96814
38.143425
37.861027
39.438568
38.114208
37.461769
36.858009
37.228058
36.965137
37.56889
37.09174
36.663265
36.098457
36.984608
36.478237
37.052776
35.669994
34.647514
34.404064
35.173363
34.287209
34.988342
34.111931
34.550133
33.488693
33.040764
35.280483
34.014549
33.196564
32.135132
31.141865
29.97331
27.830969
30.684181
30.859465
32.105919
32.505173
34.296959
36.858009
36.069248
37.471512
38.776386
38.864025
39.185387
38.893242
39.342312
40.367363
41.001915
41.68528
41.245972
42.114826
42.173393
42.788425
42.407692
42.39793
43.071533
42.964146
42.651756
43.979439
43.05201
43.110584
42.280785
42.183159
43.10083
43.90134
47.376732
46.742184
46.722656
47.093628
48.470131
49.797798
49.612316
47.161968
47.776993
49.329205
48.782513
49.63184
46.820282
47.64032
48.948479
49.504936
49.63184
49.016811
50.207821
50.725227
51.594078
52.150532
52.355541
52.628891
52.599606
51.779564
51.750271
52.384827
50.783802
48.401783
49.202293
48.235821
48.235821
48.62632
51.496452
52.394585
54.268963
54.366585
54.132294
51.447639
49.417072
50.998577
47.91367
47.562225
46.371208
48.284634
47.74662
47.101002
45.516293
47.003181
46.5532
46.83688
47.335773
46.964046
48.235722
48.69548
49.908474
50.192162
50.397579
48.646576
48.274849
46.856445
47.257511
47.707489
47.883572
47.345551
46.954266
46.876011
45.721714
46.357559
47.61945
48.14769
49.1259
52.520298
52.95071
53.987625
54.545204
53.214836
52.755074
50.876904
50.15303
51.512741
52.47139
51.630127
49.341106
48.108562
47.03252
46.465157
47.67815
46.797752
46.690147
46.74884
46.386898
46.709709
47.189037
47.140121
48.675922
50.241062
50.28019
50.329102
51.561661
50.739948
50.074768
47.815094
47.334789
48.413025
47.981735
46.080101
46.119312
48.089554
48.069954
48.667885
47.883709
47.53083
47.854301
47.707268
48.030743
46.903492
42.208241
41.62991
41.767139
40.737907
41.404461
41.139793
41.531883
43.306087
42.913998
42.276855
41.335846
40.894749
39.071541
39.532249
39.63026
39.228374
39.904728
39.277386
38.699051
39.091141
39.189163
40.737907
42.178833
41.884769
41.404461
41.404461
40.620285
38.963718
39.149956
38.032505
38.257954
38.944111
39.865513
38.532413
38.8853
40.394833
41.580898
41.228024
40.718304
40.571274
40.581078
39.74789
40.090969
40.610481
41.767139
38.846092
39.345997
40.355621
39.924332
39.473427
39.306786
40.884937
41.894566
42.110218
41.442116
40.764183
40.950863
41.953018
41.776165
41.923531
42.129868
43.181149
42.866749
42.768494
41.245617
39.054626
36.961884
36.843983
38.170361
38.347218
37.944389
38.298096
38.514248
40.783833
40.174679
39.889751
40.08625
40.282757
40.489086
41.41264
41.55019
41.89407
42.306721
43.220455
42.729202
42.473743
40.469429
40.518555
39.545879
39.536053
38.396347
38.494595
38.150723
38.514248
37.954216
39.486919
37.462963
38.622318
39.044804
41.677906
43.073074
42.6506
43.033772
43.682224
42.945343
43.672405
44.006454
43.534851
45.185463
44.871056
45.65707
45.647236
45.057739
45.057739
45.411442
45.65707
45.785061
44.928448
44.898903
44.642899
43.963512
43.805973
43.707504
43.22504
42.781963
42.171494
41.649639
41.108097
41.649639
41.551174
41.649639
40.596085
40.674862
41.049015
40.625633
42.594879
43.146271
42.604725
44.278591
45.076134
43.865044
42.978889
43.412121
41.442867
41.127785
41.945026
42.535805
41.807175
40.458244
41.748108
42.240414
42.62442
43.136425
42.565342
42.831192
42.141953
41.698868
40.28101
39.897007
40.596085
39.828087
39.749313
40.448399
41.354252
39.483459
39.926544
38.164063
38.262535
38.459457
39.178234
39.542542
38.282223
39.030537
39.079765
37.5536
38.390537
38.774536
36.460663
36.933285
37.62252
36.184975
35.098923
35.730804
36.648998
36.027008
37.340122
38.120102
38.840839
39.038303
39.255505
40.321804
39.867649
40.144089
40.835205
40.351421
40.479774
41.299244
41.062294
41.34861
41.101784
41.595436
40.252693
41.121529
41.101784
41.931126
42.049603
41.575691
41.773155
41.565815
42.888813
42.918434
42.217442
41.388096
39.986122
40.390915
40.825333
40.854954
40.489643
39.018555
38.870453
38.436043
38.406422
37.873268
38.011494
38.238583
38.692741
39.433224
40.647614
40.390915
40.400787
40.815468
40.736473
39.502338
37.725178
36.530529
36.451542
36.244205
35.513596
34.24984
34.091412
34.239937
32.883408
32.487343
32.705181
32.616066
33.437904
32.536854
31.021898
31.200129
31.804129
32.319016
32.28931
31.833838
31.695208
31.417961
31.833838
31.853636
31.200129
31.338753
31.596195
31.635801
31.358553
30.507013
30.952587
32.041771
32.190292
33.071545
32.814095
31.487274
30.061438
30.190159
28.853436
29.05147
29.41783
29.724781
29.596058
30.031731
26.783987
25.021494
26.506742
27.427595
28.031595
29.041565
28.645498
28.071205
29.110878
29.744587
30.853571
34.319153
34.111214
35.527157
35.537052
35.675674
35.655872
35.566757
34.616196
36.00243
35.447933
36.190563
35.844006
35.982632
35.15089
35.249905
33.180458
33.249977
33.349293
34.203381
34.113998
34.352352
33.945168
34.719807
34.680084
35.623558
36.497513
36.348541
36.41806
36.2393
35.752663
36.149918
36.398201
36.46772
35.981083
35.921497
36.795452
36.050602
35.99102
36.279022
36.706066
38.483772
39.079643
38.225555
38.076588
37.113251
36.139984
36.159847
35.24617
35.19651
34.908504
34.431801
35.007816
35.305756
34.690014
35.752663
35.593765
35.573902
36.358471
37.440987
37.371468
37.609814
37.907753
37.470779
38.622807
37.937553
37.123184
38.970406
38.38446
38.314941
39.079643
40.350853
40.311131
39.62587
39.556355
39.417313
39.049854
39.635799
39.784771
40.32106
39.526554
39.437176
39.208179
39.566608
41.308975
41.518055
42.224957
42.115437
42.742691
43.21064
44.564701
44.256058
45.630039
46.058159
45.878944
45.878944
46.13781
46.615715
46.297112
46.68541
46.237373
45.550385
45.898857
45.520519
46.227421
48.437733
47.840347
49.423412
47.382359
47.631264
47.710915
48.08926
47.422184
48.368038
49.005245
49.254154
48.477554
48.268471
48.397903
47.462006
47.043842
46.486279
