Adjusted
71.87838
71.87838
72.998863
72.750984
71.561089
71.779243
71.154549
71.680077
71.967628
73.018692
72.741058
72.800529
73.127754
73.454979
74.119324
74.377121
74.615112
75.299294
73.940849
72.909607
72.899689
73.038521
71.62059
72.651802
72.28492
76.489159
78.234306
77.728615
77.936859
78.303711
78.174805
78.333473
80.038963
78.829262
78.392944
78.541679
77.698868
76.499054
76.647827
75.695908
75.725639
76.370155
76.300766
75.537262
75.576927
76.191689
76.875862
76.707298
78.1054
77.014671
78.898659
80.019112
79.394432
79.602814
79.414268
79.195961
79.910431
80.972214
81.011894
82.01413
81.706505
82.192749
81.488197
81.567589
80.327209
80.009659
78.104431
80.605049
82.371353
81.359207
79.652428
79.850891
79.205902
78.312836
79.315041
78.46167
79.930267
80.555435
82.361435
82.301903
82.381271
83.23465
83.691132
83.939194
83.909424
84.256729
84.921585
84.465111
84.068207
84.772736
84.346046
85.457443
85.735283
84.762802
85.497139
85.854355
86.50927
85.139885
83.433121
82.748428
82.986565
81.527901
81.438576
80.892815
81.914894
81.359207
80.922607
82.589661
83.671288
82.976669
82.053825
81.716438
82.113358
81.845436
81.845436
83.046127
83.483055
82.301369
80.1763
79.659927
80.821754
79.193199
79.461319
80.603294
81.31826
80.901207
81.417587
82.003441
83.135498
82.619118
82.172272
82.18219
82.092827
82.797859
81.804848
80.921074
81.924011
81.636047
82.172272
82.122604
80.960777
81.645958
82.063034
81.755196
81.61618
81.91407
82.847511
82.88723
82.82766
82.599266
81.715477
81.079941
82.589325
81.874359
83.900116
82.966667
81.308334
80.235893
79.789032
81.089874
81.159393
81.228889
82.43045
82.519821
80.960777
80.50399
80.692665
79.510979
79.223007
79.223007
79.481178
78.567596
79.083969
80.513916
80.871407
79.808876
78.825806
79.163429
79.371948
79.858894
80.206703
80.147087
79.292465
79.600525
80.952057
81.170677
81.548302
82.164436
82.959457
82.10479
81.38929
82.641441
81.468803
80.743355
79.978165
81.250175
81.816612
83.088646
81.98555
95.560371
96.613762
98.084534
97.836082
98.104424
99.147858
98.800034
102.029785
100.370201
99.674568
99.376434
98.561539
99.286987
98.760284
98.641037
97.895721
96.0672
96.355377
98.819923
98.621155
99.058426
98.263405
98.720528
97.696968
96.454758
97.060966
99.416176
99.4758
99.495689
100.877007
101.393761
100.380135
102.407425
106.452034
105.050827
104.295547
103.898064
103.679428
108.767509
106.382454
107.256981
109.165009
108.588615
107.783669
108.648727
107.783669
108.738213
109.215485
109.652977
109.543594
109.295036
109.006676
110.050705
109.116043
112.238205
111.164345
112.536499
111.661507
112.904396
114.982529
113.640182
116.931351
116.802101
117.20977
117.766594
117.329079
117.080513
115.668602
115.320564
114.743866
115.589043
113.252396
114.545006
114.157242
109.59333
109.623161
110.120323
124.150101
124.289291
122.618843
124.726799
124.249512
125.542145
126.615967
126.069115
125.223961
126.83474
127.192688
125.780762
124.786438
125.074806
124.319107
126.635864
125.562012
125.701225
124.875938
126.019394
126.079056
126.059174
126.218269
125.770821
123.851799
123.891571
125.581909
125.233879
123.871033
124.099831
125.671585
124.050095
122.916031
122.11026
123.244308
124.000351
125.840721
126.586807
126.198837
125.741234
121.006042
117.494446
118.538971
120.946358
117.991837
115.644135
116.58918
116.927399
118.887138
120.210213
120.767296
120.976189
121.513382
121.702393
120.001305
120.807076
119.205482
120.657875
120.349472
121.055786
120.399223
119.862022
118.827446
121.82177
123.910812
124.597214
122.766823
122.498222
123.582542
121.035881
122.159996
121.473587
121.941147
121.861572
122.597694
120.807076
120.478798
121.672546
123.52285
123.821274
124.577324
125.800919
126.765862
127.740776
127.044395
126.308273
125.48259
123.632271
124.149582
124.418304
125.353851
129.106003
128.230179
129.185623
130.051483
131.036789
129.235397
129.91217
132.84819
134.281403
133.893219
133.614563
134.30127
133.365707
131.643951
132.947754
132.529739
132.659119
134.171906
132.012192
131.19606
129.245331
129.852448
127.941559
123.56237
123.005005
126.030617
124.95575
123.900749
122.377998
123.612129
120.536758
120.486969
123.432976
123.821121
122.40786
121.273247
124.517815
124.657158
124.119713
122.348129
130.967148
130.847717
132.698914
133.385666
134.500336
133.84346
134.769073
135.684723
135.415985
136.789444
136.759613
135.774277
137.227371
137.645386
137.61554
137.107941
136.152466
135.236847
135.256729
133.783768
133.226395
133.355804
134.779007
133.793274
133.046448
131.194443
130.338135
128.565765
130.059341
127.649757
129.541595
130.079285
129.740707
129.959808
132.399277
134.550018
133.843048
133.235657
136.25267
133.414902
132.239929
130.318253
133.404922
132.936951
131.861588
135.207184
138.970978
140.414719
138.184326
140.175751
141.430328
143.839966
145.154282
144.407516
145.084595
146.329254
147.125793
147.802887
148.728897
144.935242
141.241165
144.546936
144.357727
145.642181
145.373337
144.188446
145.204086
145.61232
144.118759
144.566818
144.86554
144.955139
144.825699
145.084595
146.44873
146.438782
147.842697
151.387405
152.592224
153.518219
153.020386
157.57077
156.565109
158.476852
159.56218
160.318909
156.33606
158.865204
160.050064
159.163895
158.755676
160.558563
159.602325
159.37323
160.58847
159.403122
158.656036
157.938858
155.857071
155.747498
159.094315
160.488831
159.672058
158.307404
153.157669
150.239182
147.440186
149.412384
152.061981
152.749283
155.926758
155.169739
158.606262
158.407043
158.67598
159.632187
158.377151
155.359024
156.454697
155.857071
159.532623
161.365433
160.110352
162.261856
161.75386
150.826859
149.571793
149.641479
152.619797
152.669586
154.452576
156.56427
155.787338
155.637924
154.771362
154.323074
154.163727
153.864899
150.239182
151.922546
148.486038
147.709106
145.956009
146.752869
148.735123
149.023941
150.527985
149.412384
148.50563
148.665039
151.375458
148.983917
150.478668
148.206665
148.884277
150.8573
151.544891
149.163269
143.244186
143.473373
145.217209
146.193787
148.286392
147.529053
149.671509
148.655075
148.525528
149.05368
149.472214
149.272934
151.863739
151.863739
150.976898
146.173859
148.087097
144.479813
143.991562
144.150986
142.496841
144.828598
144.938217
143.483337
143.582993
144.021454
144.250641
144.997986
146.612305
148.854385
149.332672
151.086502
151.345581
152.401855
149.372528
156.945816
159.636276
157.444031
156.666794
155.79985
152.680878
152.780518
154.813324
155.979218
156.048981
156.836197
156.756485
156.866074
159.70607
159.965149
160.642761
157.762939
158.490356
158.490356
159.746368
159.995605
162.746933
163.374954
162.906433
163.68399
163.763733
158.430527
158.789398
162.138855
161.60054
162.906433
163.016068
159.487228
161.560669
163.594269
168.777893
166.684525
167.940567
168.827759
169.166687
168.159866
167.003494
167.69136
167.860825
167.781082
167.810974
169.764801
172.516159
171.997772
173.662537
173.263748
174.549728
174.719208
172.197144
173.203979
173.114243
171.379715
171.459457
187.199844
186.44223
184.109604
185.186188
187.24968
183.870346
176.982056
173.203979
170.681915
170.921173
175.676178
175.925369
174.699249
172.077515
174.699249
172.695572
171.589066
174.769058
174.3703
174.330444
174.290558
174.450043
176.29425
178.089172
177.780045
173.212921
174.259933
173.950821
175.376801
174.309799
176.344086
170.919357
170.051773
188.998505
191.501465
191.152466
190.633881
190.564087
189.816208
186.824615
188.98851
190.743607
190.314804
186.54541
190.01564
190.264938
190.863251
193.047104
191.611145
191.33194
191.401733
191.910309
192.727997
193.735184
196.926224
197.87355
199.818069
198.142792
198.780991
199.778183
198.16272
194.353455
193.565659
194.1241
164.178299
161.166763
163.759491
163.629837
163.978867
161.914642
162.363419
162.163956
162.732376
163.839279
164.377731
162.273651
161.88475
157.487091
154.345947
155.393005
150.795914
149.459702
152.78035
151.334381
148.432587
147.196045
155.732056
160.369019
152.640762
149.150574
149.230347
147.474579
148.701599
148.771469
150.188034
151.834061
151.03598
150.148117
151.873978
150.836472
146.846085
148.472168
145.210052
146.696457
147.713989
141.818207
140.98024
143.943069
144.272293
143.045227
143.454254
144.082748
144.372025
151.10582
151.155701
148.20282
151.684433
154.517578
151.494873
147.58432
147.494522
143.593933
141.109894
141.159775
138.236847
138.077225
140.431549
145.648972
143.065201
142.975418
143.284668
147.514481
147.195236
150.058334
149.719162
149.68924
148.083099
152.981293
151.804138
153.51004
152.003647
151.155701
149.320114
153.400284
155.774582
158.188766
158.956894
158.19873
158.637848
157.619904
157.150848
158.288544
157.8694
160.763519
161.49205
161.432159
162.699585
163.458038
160.01503
160.094864
158.907288
160.144791
159.555954
155.514191
155.793594
154.456329
156.182816
160.164734
160.613831
160.863312
160.613831
160.464142
158.069
156.811569
158.078949
157.07103
157.959213
158.94722
155.554092
155.783646
155.144943
155.693817
155.524139
148.438553
150.214935
151.222885
151.981354
147.829788
149.695999
145.264969
147.839767
143.787994
143.518539
143.2491
146.093323
145.574371
149.037323
153.218842
156.342499
155.99321
153.528198
153.029221
151.841629
150.404541
149.935532
151.402542
153.208847
156.46225
152.709869
152.240829
152.320679
153.388916
153.688431
154.297424
155.325745
154.187592
152.909698
154.676788
154.267487
153.528671
156.723465
160.746857
161.36586
164.061447
160.926575
161.186157
160.866684
164.580582
163.422485
163.28273
162.643768
164.69043
164.321014
164.131317
163.432465
163.482376
163.821823
165.758667
166.397629
165.958359
164.460785
170.06163
169.582397
168.224625
166.337723
168.374374
169.901871
170.21138
168.604004
166.22789
166.37764
166.437561
165.728729
167.485825
160.137863
157.791718
157.172699
157.781708
158.211014
157.681885
160.097931
159.918228
156.5737
157.412323
156.403992
157.122818
158.500549
158.310867
159.878296
161.615463
158.610367
152.710022
153.119339
150.932922
150.473709
148.696609
147.86795
148.197418
145.651581
146.15097
148.967514
149.057419
149.916351
150.825226
148.817703
146.560455
148.937546
146.760223
146.360703
148.747772
148.528046
147.948761
147.878845
146.580429
147.778976
146.600418
146.460587
143.094711
142.815048
142.055984
141.127121
141.756348
140.927368
143.634048
143.78389
139.049667
140.028458
139.90863
139.618958
137.970993
138.68013
136.023392
137.371719
137.501556
140.15831
145.641586
144.842575
142.725143
164.128952
162.780594
166.116531
162.371109
166.695786
170.081635
170.830719
170.65094
170.561066
169.592255
169.512344
170.551071
169.931824
170.321365
173.097946
176.563721
176.304031
175.365189
172.78833
171.659714
171.300171
172.708435
171.699677
173.607346
175.415131
173.356934
170.239685
170.739243
171.6884
170.269653
170.129791
168.97081
