Adjusted
38.880398
38.25301
37.572609
37.687477
37.298672
37.201469
37.65213
37.342857
37.32518
37.130779
37.1838
38.04977
38.04977
38.129295
38.306026
38.376724
38.703663
38.906902
39.012943
39.030613
38.562286
39.472435
38.924587
39.481281
39.534294
39.225014
40.382591
40.718384
40.886284
40.877441
41.124855
40.806744
41.540176
40.462128
39.870079
40.223534
39.560806
39.764046
40.405109
40.262653
40.271549
40.333881
40.752361
41.063988
40.698944
41.001667
41.348907
41.384521
41.384521
41.411224
40.538666
39.933212
39.986637
40.654415
39.6661
39.977741
39.746235
40.734554
40.734554
41.393436
40.43182
40.244843
39.229828
38.944897
38.829155
39.176395
39.238728
40.155811
39.977741
39.701714
39.033939
39.83527
38.152466
37.69838
37.716198
37.983303
38.66888
38.695599
38.864765
38.553135
38.873669
39.167492
39.069553
39.363369
40.066765
40.796875
40.761257
41.02837
41.29549
41.660542
41.179733
41.259869
41.571495
41.402336
41.865314
41.73177
41.45575
40.556473
40.503059
40.396206
40.494148
40.924747
41.48093
41.202843
41.10416
41.382263
40.718418
40.790184
41.454021
41.220779
40.386501
39.606041
40.458267
40.3237
41.220779
41.857708
41.301521
40.072521
40.512093
39.49839
39.937958
40.431355
40.700474
40.42239
40.700474
40.646652
40.978573
41.454021
41.050335
41.498878
41.920502
43.059795
43.373775
43.418621
43.526268
43.651867
43.364803
43.041851
43.00597
43.400684
43.266117
43.732605
43.562168
43.508331
43.894077
44.297764
44.800125
44.737328
44.477184
44.333645
44.091434
44.046577
43.956879
44.324669
44.477184
43.849224
42.907295
43.328915
42.862438
42.925224
42.117859
42.378014
42.458759
42.360069
41.409161
41.725475
42.014671
41.824894
42.168308
42.882267
42.737663
42.511723
42.746693
43.270866
43.596218
43.343163
43.334129
43.65044
43.822147
43.831184
43.722733
43.370274
42.981667
43.144356
42.999744
42.882267
42.376167
42.520763
42.574989
42.294834
41.861042
42.466537
42.150234
41.30072
41.291679
42.159271
42.457504
42.719593
42.231567
42.692478
42.945522
43.072048
43.153381
43.053967
42.00563
42.430393
42.249645
42.909374
44.436684
44.084232
44.554173
44.897587
44.427647
44.997005
45.123528
44.409569
45.006031
44.87952
45.05122
45.503094
45.512138
45.81036
45.286194
44.689732
44.35535
44.978924
44.969883
44.87952
45.114483
43.86734
43.57814
43.740803
44.789143
44.379646
44.425148
44.834641
44.598045
44.507053
44.288654
43.779064
44.052055
44.352348
44.534348
45.298729
45.189537
45.508022
46.063114
46.072216
46.172306
46.135906
46.272404
46.345211
44.843735
45.144039
44.889248
45.125828
45.235027
45.062141
45.071236
44.470646
45.235027
45.51712
45.335125
44.934734
45.480728
45.835621
44.962036
43.906467
43.879169
44.143051
43.92466
44.488846
43.92466
43.005581
43.396877
43.542473
43.997456
44.561646
44.789143
45.271427
45.398827
46.126804
46.199615
46.618198
46.927593
46.7729
46.518093
46.372505
46.226906
46.602737
46.776897
46.584404
46.364407
46.932732
46.969402
47.271893
47.51022
47.482727
47.226063
47.418556
46.245243
45.915241
46.45607
47.152725
47.299393
48.793537
48.802711
49.141865
48.848541
48.353546
48.197716
48.436043
48.711048
49.572697
49.554367
49.481026
48.509377
48.692715
49.462692
49.774357
48.115215
47.748554
48.087715
48.747707
47.803558
48.445206
48.491043
48.8577
48.848541
49.224369
47.134396
46.740231
46.923557
47.015232
46.584404
47.125233
46.914398
46.511074
46.566078
47.033566
46.978569
47.876884
47.180229
46.804405
46.547733
47.299393
47.647724
47.647724
47.051895
47.427723
48.023552
48.601044
48.41642
48.241035
48.351807
48.342571
48.434883
48.453354
48.527187
48.637962
51.05648
51.499569
51.351879
51.176479
51.34264
51.231873
51.416489
50.890327
50.705711
50.484154
50.327236
49.727215
49.616451
49.431824
49.385674
49.911839
50.327236
50.225693
50.6134
50.45647
50.262619
50.530315
50.216461
50.114929
49.708755
49.597977
49.542591
48.868732
49.36721
49.348755
49.616451
47.336399
47.354862
46.302528
46.662544
46.63485
46.948704
45.813293
46.16407
45.868675
45.831753
46.200993
45.167126
45.730217
46.090225
46.320999
46.644077
46.837929
47.244095
47.391788
47.742561
48.157955
48.499496
48.462578
47.936413
48.194878
47.105625
47.345634
47.188702
46.727158
46.727158
46.875935
46.699265
46.559776
46.308704
46.15992
46.271507
45.676373
45.443905
45.750771
46.150623
46.764351
46.485382
46.420292
46.187824
46.494686
46.15992
46.522579
46.318005
46.020435
44.867371
44.44891
44.244343
43.84449
42.970383
44.402424
43.09127
40.403881
40.078411
40.413177
41.026905
41.473259
41.789421
42.14278
43.44463
42.793709
43.165661
43.565517
43.351646
43.695713
43.993271
43.705006
46.141327
46.234318
45.983242
46.522579
46.699265
46.717861
46.885239
46.624866
46.736458
46.68996
47.071217
46.820145
47.666348
47.192104
47.582661
48.029011
48.168495
48.084801
50.734997
50.809383
50.818691
51.339428
52.902828
53.00581
53.679844
52.593895
52.771763
52.088367
52.659424
52.350487
51.882404
51.283264
52.416031
53.417725
53.127506
53.820274
53.043266
53.090065
52.687511
52.500275
52.013474
51.976025
51.994751
51.049217
49.850925
50.375183
51.264542
51.227097
50.712196
50.131775
50.094326
49.36412
50.262844
50.918156
51.096027
51.255169
51.030491
51.170921
49.963264
49.55135
49.832207
48.783691
48.961563
50.524971
50.347092
51.442417
51.498577
51.077312
51.994751
52.069637
53.099426
53.40836
55.056019
54.653461
54.906231
55.355591
55.21516
55.804947
55.597603
55.493927
55.173485
56.342163
55.361988
55.041531
55.088661
54.598553
55.098083
53.910545
53.995373
54.202713
54.221565
55.41853
55.380833
56.238503
56.549515
57.557987
56.926525
56.888821
54.249836
54.117889
55.45623
61.082901
59.376995
58.971722
58.660706
59.169647
59.603195
60.008469
60.347763
60.545681
60.083858
58.971722
60.253517
60.423164
59.772842
60.055592
60.668217
60.781307
59.933067
58.934025
59.065971
59.584343
59.207352
58.28371
59.631474
59.612617
58.217731
58.095207
58.472198
59.113106
59.037701
58.509911
58.660706
59.753994
59.546642
59.716293
59.801113
62.374123
61.723797
63.241207
63.005581
64.750214
64.76918
64.437317
65.186371
64.200279
63.802052
63.470188
63.877907
62.531498
62.284981
64.209755
63.735668
62.825439
63.242626
63.176258
63.745167
64.759689
64.389915
64.494225
64.029617
63.37537
63.138332
62.389278
60.673107
60.862736
61.223042
61.042885
60.293831
60.094727
58.729362
57.733791
58.321655
58.662994
59.374119
59.658562
59.573231
59.222408
58.776775
58.86211
55.609905
56.937332
55.458191
54.889297
55.932274
55.742641
55.771091
55.306492
55.628857
55.448711
57.553635
55.818493
56.520142
57.92342
56.302059
56.643398
55.941757
55.790054
56.415844
54.898777
55.353893
51.030266
50.992336
48.991703
47.986649
51.819084
53.979008
53.950333
53.386463
51.178749
52.172703
52.727013
51.570595
55.211884
53.778309
53.529812
53.854759
55.011192
55.718414
55.861778
55.364803
54.160587
54.122372
52.736576
52.755688
51.608829
52.029343
51.102291
51.656609
53.912109
52.507202
53.223988
54.88694
54.370853
55.307457
55.164101
54.17971
54.074585
53.568043
58.289303
58.566456
57.524727
57.553402
57.725426
59.015652
60.592587
60.802841
58.805393
58.671585
59.120777
57.324024
57.457825
57.668076
57.973911
57.811447
57.687199
58.967865
58.260628
57.314472
57.24757
56.827053
55.555939
55.890446
56.674133
58.050373
57.123325
56.788818
54.28484
57.744537
57.582069
57.773212
58.900955
58.843616
58.429974
56.804245
56.958157
56.275162
55.813412
54.495522
54.976509
54.764874
54.659058
54.399323
55.342049
53.985676
53.071804
53.706707
53.889481
54.331982
54.639816
54.303123
55.130417
54.399323
53.216099
52.369568
51.984787
49.772255
48.502453
48.079193
49.22393
49.68568
48.194622
48.579411
47.925278
47.511623
48.656372
48.608269
49.425949
49.108494
49.339371
49.329746
49.791492
51.811626
51.147865
49.387463
49.425949
49.704914
47.925278
47.290379
47.434669
47.097984
46.982544
47.752121
50.089706
50.724609
50.060848
50.118553
50.609169
49.502903
50.249718
51.394176
51.830624
51.394176
53.052681
53.741299
53.799492
54.100155
54.788773
53.673409
53.275753
53.460033
54.255337
53.993465
54.420216
55.147629
56.127213
57.23288
57.077698
56.757637
56.573364
56.87402
56.56366
57.029209
57.329872
57.407459
57.203781
56.990402
56.718842
57.378365
56.602459
57.029209
56.835228
57.029209
57.999088
57.649929
56.893425
56.932217
56.476372
57.397762
57.03891
56.718842
56.670345
57.543243
57.843906
56.117516
54.623894
55.293114
54.536602
54.148647
54.012863
53.799492
53.566715
54.410519
54.07106
53.246658
53.072075
53.760693
53.702496
54.138947
54.022564
54.837269
55.05064
56.466675
56.925831
56.94537
57.091908
57.150524
57.29707
56.935596
56.76952
55.773052
56.456905
56.447136
56.232208
55.646049
55.558121
55.75351
55.558121
55.587437
54.698421
55.479969
55.74374
55.538582
56.76952
53.77034
51.33778
53.057178
54.33696
55.333431
55.323662
54.082958
54.180649
54.659348
56.408054
56.906296
57.629223
58.146996
58.63546
58.762459
59.036003
58.879696
59.290005
58.567078
59.006702
59.133698
61.419716
61.869106
62.738579
62.357574
62.504116
61.390411
61.419716
61.878876
62.220802
61.976563
62.347805
62.318497
62.660416
62.758114
63.764351
63.38335
62.719036
62.650654
62.660416
62.367344
62.328262
61.65955
61.679222
61.915234
61.846397
61.856232
61.521873
62.013577
62.102085
61.689049
60.626976
60.390957
58.630657
59.614063
59.446888
59.909084
61.610382
61.020336
61.423531
61.305523
62.249592
62.623287
62.180752
61.246521
62.751133
62.869137
62.682293
63.380505
63.18383
63.173992
63.606693
63.665699
63.351006
62.298759
61.069508
60.174606
59.702568
61.03017
60.676144
61.108841
60.882656
62.416771
61.866062
62.957638
62.996979
62.387268
62.220093
62.475773
63.036316
62.544613
62.603619
62.790466
62.377438
63.292004
63.773872
63.891884
63.18383
64.236076
65.357155
67.078117
66.753593
67.078117
67.333801
68.6614
71.68045
72.368835
72.968712
72.929382
73.293243
73.421806
68.249451
69.337326
69.821922
70.217522
72.136139
73.065773
72.333931
72.096581
72.294373
71.740547
72.798752
71.295502
72.007568
72.591072
72.788857
72.640511
73.026215
73.491035
72.749306
72.769081
71.819664
