Adjusted
25.609194
25.403746
26.100477
25.019655
25.314423
25.439476
25.314423
25.314423
25.510937
25.385883
25.359083
25.707447
25.582392
26.002222
25.60026
25.930756
25.877163
25.582392
25.564535
25.627058
25.48414
25.609194
25.403746
26.243389
27.127705
27.047314
26.993713
27.047314
27.520723
27.833359
28.047737
29.269943
29.728268
29.207037
28.856548
28.847563
28.488092
28.604918
28.757694
28.631878
28.730732
28.775667
28.946411
29.045273
29.269943
29.242981
29.171083
29.260956
29.593466
29.575487
29.65637
29.377775
29.386765
29.665354
29.305891
29.458662
29.269943
29.503599
29.629408
30.312403
30.276461
30.653908
29.863066
30.186588
29.809143
29.943947
29.413731
29.809143
29.638397
29.332846
28.326326
28.919456
28.820602
28.676809
28.919456
28.9554
29.25197
29.108179
29.818132
30.078747
30.582014
30.501127
30.177603
30.195574
30.734789
30.447214
30.860601
30.914524
30.474173
30.608973
30.546059
30.781033
31.368456
30.871405
31.630537
31.088305
31.368456
30.853331
30.871405
30.618357
30.853331
30.211679
30.103233
29.127207
29.506773
29.823076
29.461592
29.506773
29.741739
29.913448
29.931524
29.723667
30.175537
29.895372
30.067091
30.573177
30.058046
29.470623
29.904419
29.759821
29.976713
30.347246
30.464727
30.64547
31.043112
31.513054
31.458828
31.522093
31.955872
32.281227
32.443901
32.705978
32.814423
32.733086
32.272186
32.254105
32.34449
33.148804
32.687904
33.040363
32.59753
33.112659
33.139763
32.859612
32.552349
32.959034
33.60067
33.953121
34.215206
34.24231
34.124836
34.612846
34.685143
34.847816
34.911079
34.829735
33.465111
33.663929
33.058426
33.240112
32.976669
32.767731
32.9585
31.341461
31.459558
31.432308
31.623089
31.986464
32.159069
32.794983
32.87674
32.513359
32.804058
32.77681
32.822231
32.695045
32.903996
33.385468
33.757938
33.712517
33.667099
33.830616
33.276466
33.403637
33.312794
33.43998
33.7216
33.467236
33.476311
33.776108
33.385468
33.34005
33.085682
32.87674
33.003929
33.67617
33.240112
33.585335
33.449062
34.084972
34.430187
34.5392
35.120605
35.874622
35.674755
35.593002
36.274338
36.192574
37.001099
37.24638
37.155529
37.155529
37.128281
38.136646
37.936794
37.455318
37.646095
37.373562
36.889847
37.811642
38.33186
37.017624
37.364437
37.391811
36.415264
37.556095
38.204086
37.738625
37.966793
37.866402
36.734695
37.282295
37.510464
38.085438
37.848145
38.2771
38.769932
38.660423
38.067184
37.045013
36.816837
37.108887
37.857277
39.372299
39.965527
39.57309
39.281029
39.490944
39.837761
39.938152
39.874264
39.609592
39.235401
39.417931
39.500061
39.107624
38.660423
38.477886
38.313602
37.902905
38.633041
38.742561
37.647362
37.428314
37.756882
38.560028
37.273163
36.114082
35.922424
36.570415
35.794655
36.059326
36.031944
35.511726
34.891113
35.283562
35.694267
36.406132
36.606926
36.990238
37.099766
37.118008
37.21841
37.209229
36.676746
36.832809
36.71347
36.869545
37.080696
37.080696
36.621658
37.273491
36.612492
37.365303
37.337761
37.585632
37.94368
38.97192
38.97192
39.412594
38.926006
39.026997
39.072903
39.412594
39.164711
39.201435
39.173889
38.834206
38.935196
39.201435
39.568657
39.66964
39.834904
39.871624
39.871624
39.614567
39.522758
40.027687
39.963425
40.743786
40.550983
40.77132
41.028378
40.642796
41.331341
41.349705
41.211994
40.954945
41.065105
40.973297
40.780502
40.743786
39.688004
40.147045
39.697193
39.981781
39.85326
39.605381
40.642796
40.459183
40.752964
41.010021
40.899258
40.474667
40.179295
40.446976
40.511593
39.99469
40.483902
40.29007
40.206993
40.908493
40.880802
41.20385
41.480766
41.397694
40.936184
40.899258
41.508457
41.702293
41.665371
41.665371
41.222324
40.123924
40.465443
40.816193
40.991562
41.010025
41.646915
41.416153
41.517689
40.871567
40.511593
40.548504
40.446976
40.714661
41.397694
41.831516
42.246883
42.920685
42.403793
42.59763
43.705257
44.166767
44.369831
43.88063
44.083698
43.67757
44.397533
44.37907
44.48983
44.572903
44.702133
44.415981
44.369831
43.908325
43.142216
42.828384
42.985294
43.336044
44.822121
44.895966
44.785198
45.265179
45.975895
45.818985
46.188198
46.123585
45.911301
45.957439
46.087292
46.189316
45.975986
45.57716
45.873962
45.632816
45.985264
46.142933
46.244968
46.430462
46.309887
46.56031
46.708714
46.866383
46.80146
46.996231
47.228107
46.755093
46.894207
47.543453
47.487808
48.285461
47.94228
47.728962
47.088989
47.728962
46.820011
47.181736
47.580563
47.395058
46.745815
46.866383
47.404335
46.922039
45.975986
44.538372
43.712902
42.998726
41.514729
39.956543
39.863789
40.040012
41.273586
42.10833
42.386574
42.442226
42.238186
42.27528
41.384884
42.3773
42.497875
43.202778
43.592319
43.824192
45.948166
46.662346
46.346985
46.884933
47.088989
47.413601
47.033333
47.126083
47.62693
48.220535
48.462799
48.658478
48.984608
49.115055
49.338684
49.320049
49.553001
49.087101
48.882103
49.674133
50.04686
49.180283
49.618221
48.882103
49.422554
47.773266
47.428509
46.450111
46.43148
45.956261
46.254436
47.670769
48.677109
49.124371
49.543674
49.487778
49.776634
49.506413
49.28278
48.453476
48.472118
46.79488
45.872402
46.561935
45.881714
45.49036
44.921967
44.987186
44.213802
43.990173
44.428112
43.980854
44.446747
44.800842
44.605152
44.99651
44.987186
44.251068
44.651745
43.449722
44.884697
45.434456
43.002468
45.359905
44.316296
44.148571
44.334938
43.719948
44.469852
45.088539
44.779198
44.722954
44.78857
45.13541
45.238525
45.604107
45.088539
44.572975
44.88232
44.854187
44.544853
44.132397
44.507362
43.354362
43.4856
42.670067
42.651318
43.719948
43.401234
43.579334
43.354362
44.216759
43.579334
44.01054
44.179268
44.019917
43.785557
43.401234
43.551216
44.451115
44.432365
44.460491
44.38549
45.304138
45.144783
45.304138
44.901058
44.957306
44.88232
45.004169
45.369759
45.276016
45.257271
45.276016
44.938557
45.088539
45.247894
45.19165
45.566612
45.725964
45.885323
45.81971
46.663357
47.169552
47.19767
46.813339
47.169552
48.041321
48.369408
48.669376
48.894348
49.569271
49.719254
49.803616
49.492641
49.407818
49.869579
49.633987
49.14397
50.105171
49.624573
49.803612
49.97324
49.718803
49.436096
48.42778
48.069675
48.069675
48.069675
49.200508
49.059162
48.917797
48.31469
48.484314
48.003712
48.408928
48.531433
48.993191
49.002613
48.484314
47.777554
46.712688
45.657242
45.440498
45.836292
45.845718
45.317993
45.365112
44.771427
44.375641
44.488716
44.762001
45.035286
44.724308
45.091831
45.252029
45.270878
44.752579
44.931625
45.252029
44.469864
44.535831
45.563007
45.355686
45.06356
44.686607
44.950474
45.619549
45.440498
45.186066
43.744259
43.847916
43.414429
44.187164
44.771427
44.479298
45.038605
45.199764
44.2897
43.796757
42.772923
41.284599
40.772686
41.701714
42.49802
42.327381
42.649693
41.085522
41.350956
41.474194
40.668407
41.426792
40.753727
40.820084
40.592571
40.696854
41.208759
41.891308
41.948181
40.981243
41.12344
40.241821
39.872105
39.834187
40.289211
38.952564
38.886208
39.293839
39.303318
40.213375
41.369911
41.369911
42.005066
42.78241
43.057323
43.076283
42.583332
42.621254
43.190041
43.569233
43.578716
43.322762
42.934086
44.270741
44.450851
43.976864
43.834671
44.365536
43.161598
43.284836
43.872581
40.905407
40.782173
40.829563
39.938465
39.360195
38.516495
38.402729
36.506767
35.795784
36.521637
35.528362
35.728931
34.792961
34.219936
35.069939
34.420494
34.831173
34.821617
34.850273
35.050838
34.878925
34.009815
34.353642
33.818802
33.685093
33.818802
33.513184
32.682278
32.644073
33.293518
33.809254
32.74913
33.427231
33.723297
34.773869
35.031727
35.003082
34.859821
35.423309
35.222748
35.031727
34.229477
34.611507
33.771049
32.9688
32.844639
32.624969
32.730026
31.965981
31.860922
30.094055
29.138992
29.88394
30.48563
31.736763
30.97271
32.11879
32.223846
33.140709
33.761497
33.866554
30.905859
31.937323
32.710934
32.539017
31.803617
32.071041
31.689013
30.484289
31.274588
32.402203
32.190178
32.672066
31.467346
32.566048
32.566048
32.623871
33.365982
33.529827
33.693665
34.194836
34.532158
35.495937
36.286228
35.794704
34.724915
34.753826
34.474323
35.274261
35.38028
35.235714
36.103111
36.816315
36.691017
36.787395
36.247681
35.274261
35.148975
35.033318
35.534485
35.293541
34.99477
35.148975
34.734547
33.838234
34.252659
34.426144
34.782738
34.695995
35.495937
35.794704
35.264626
35.948906
36.344059
36.845222
37.462032
36.960876
38.184872
37.83791
38.290886
38.464367
38.618568
38.493279
38.801685
37.683708
37.317474
36.700657
36.816315
36.363335
37.009068
36.584999
37.143993
36.26696
36.577847
36.422401
36.44183
37.27734
38.695763
39.288391
40.852543
41.270294
41.843502
41.99894
41.55204
41.610332
42.232109
42.358406
42.426411
42.416695
42.57214
42.581856
41.804638
40.629093
40.590233
40.949696
40.852543
41.105141
41.241154
40.745678
40.80397
41.493748
39.346684
38.025414
39.404976
40.395927
41.668621
41.396595
40.75539
40.920551
40.920551
42.241821
41.930931
42.057232
41.872643
42.241821
42.698441
42.989895
42.241821
42.154385
42.154385
42.474991
42.358406
42.620716
42.64986
43.660244
43.796265
42.980183
42.212673
42.679008
42.494419
43.1842
43.252209
43.116196
43.048187
42.679008
42.815022
42.815022
42.521561
42.678078
42.619381
42.531349
42.84436
43.157379
42.374836
41.63142
41.46513
41.905312
42.267235
42.805233
42.198761
42.86393
42.981308
43.059563
42.296585
41.103203
42.022694
41.083637
41.064072
41.357525
41.11298
41.259708
41.230366
41.875965
42.042255
41.543385
40.985821
40.976036
40.936905
40.62389
41.249924
41.964005
41.856403
42.325928
42.21833
41.719456
42.325928
41.416222
41.46513
41.328182
41.210804
40.936905
41.064072
41.298836
41.259708
41.396656
41.582508
41.602074
42.335705
42.140076
42.638947
42.619381
45.730003
46.228874
46.395161
45.89629
46.023457
46.678837
45.270256
44.194256
40.81953
42.248165
42.849174
42.622562
42.366398
42.849174
43.006817
42.868881
42.612713
42.908291
42.474773
42.139782
42.593006
43.657093
43.351658
43.253136
44.021641
44.533981
45.292633
45.87394
46.32716
45.716297
44.918232
45.066025
45.824673
45.391155
45.538948
45.450275
44.514271
44.484718
44.977348
44.671913
44.691624
44.977348
