Adjusted
148.022171
149.214005
150.068115
153.355515
154.15004
154.507584
153.772644
154.46785
155.153137
154.090439
155.36171
155.0439
154.736023
156.007278
156.295288
156.454208
156.970642
156.166183
154.91478
152.402069
156.523727
155.679535
153.842163
154.686356
154.090439
152.690079
153.027771
152.372269
151.279785
151.279785
151.329437
154.348679
153.881882
151.726715
151.011627
152.968185
154.36853
154.577118
156.672699
157.606277
157.49704
157.84462
157.874435
158.520004
157.397705
156.772018
156.742233
155.73912
155.818573
156.752151
156.762085
155.500778
155.669586
155.13327
155.431229
156.384689
156.543594
156.861404
158.619324
160.784424
159.274796
158.748428
157.328186
156.940857
154.289093
153.991135
153.266144
155.153137
157.42749
156.79187
154.865128
156.563446
156.02713
157.258667
158.976868
163.833466
165.283493
164.717377
165.055054
165.75029
167.289703
170.596954
169.276031
171.361694
172.76207
171.480881
172.305206
173.149399
175.225128
175.979935
174.847717
176.019653
177.420029
176.148788
176.863861
178.393341
179.644745
177.807373
177.221405
180.389633
181.78006
179.893036
179.734116
175.880615
172.841522
175.453552
172.394592
177.092285
177.151871
175.284729
176.208374
177.350525
179.118347
176.575836
177.598801
178.611832
177.509415
171.907928
171.45108
170.984299
172.911041
177.141953
178.840271
179.793716
178.959442
178.284088
178.860138
181.074905
182.604385
182.524948
181.472168
186.328766
189.208969
188.752121
186.676392
186.815445
187.490784
187.500717
187.470917
189.01033
189.23877
189.983643
190.450439
190.708664
192.257996
196.429321
201.842102
201.722931
203.63974
203.252396
202.070541
204.732239
204.603119
205.288406
206.331253
203.98735
198.336197
201.166748
198.485199
200.223251
200.054398
200.86879
200.918457
199.965012
194.879974
195.267319
197.343048
194.363525
195.396439
197.49202
196.618027
198.068054
201.534225
204.523651
205.834656
206.629196
204.682556
203.659607
208.317566
209.31076
208.992935
208.317566
207.413803
209.251175
208.089157
209.737808
207.8508
210.025848
212.896103
212.46904
211.018997
216.372208
214.514969
214.038239
212.548477
218.865036
222.023331
224.09906
222.361023
223.950104
225.519302
229.501923
231.031403
230.743393
231.736542
234.189682
232.868759
231.994766
234.477692
233.842072
235.441071
235.162979
237.923996
238.390808
241.549088
235.828415
241.201462
242.959381
242.482651
246.783081
249.554031
247.408783
246.703644
246.008408
242.909729
241.479553
241.608688
241.161758
239.076096
239.979874
240.60556
238.301407
239.344254
239.443558
239.771301
247.001587
244.161118
245.591278
242.035721
244.290222
249.156769
246.942001
246.425537
252.434235
249.285873
248.789291
254.12262
252.483887
253.556534
256.387024
258.274048
261.134399
260.548431
261.89917
256.526123
253.447266
256.228119
257.201447
256.496307
249.295807
254.072983
251.768814
253.218826
255.135651
252.990402
260.151154
254.192154
248.014633
240.307617
244.21077
243.277191
247.249878
238.023315
234.120163
235.06366
232.600601
256.784302
263.269714
266.169769
272.02948
274.611755
277.491913
278.197052
281.990967
278.773132
282.288971
281.017731
284.344788
283.530426
283.331757
282.328674
283.162933
276.30011
285.169128
282.060516
284.185913
285.814697
282.259155
283.431091
283.927643
276.24054
276.687439
279.865631
286.062988
282.467743
292.260345
284.543457
278.733368
276.598053
270.668854
271.364075
272.357239
270.589417
270.698639
270.023285
264.511169
260.896057
254.678772
254.47023
263.269714
252.027023
244.697433
250.050629
255.602448
262.266632
243.386444
242.542252
240.108978
240.426804
239.65213
234.507477
233.335556
238.221954
240.248016
238.043167
237.258575
238.529831
237.377762
232.074234
233.901657
234.805435
240.963104
242.333679
239.39389
233.375275
238.271622
238.132584
236.404449
240.734665
242.274094
247.180374
251.162964
251.570175
255.076035
254.301376
259.048737
255.711685
255.930206
256.575714
264.38208
265.424896
264.113922
265.216339
261.402557
267.977386
271.781189
270.629089
270.887329
269.377716
273.519257
277.77002
278.107697
278.832733
277.054932
279.984802
279.329285
282.944458
279.031372
282.855011
277.382721
275.009003
274.681244
272.118866
273.479492
276.677521
273.856903
273.290833
273.141815
268.821564
269.179077
270.440399
270.142487
269.854431
268.722229
264.878662
266.199585
268.612976
260.498749
257.539154
259.773743
256.982941
256.347321
254.619186
260.399475
260.985413
255.890457
259.316895
261.00528
257.737793
262.653931
263.478302
265.117004
266.388306
264.203278
263.537872
264.531067
263.766296
262.892303
262.832733
262.504974
261.670715
259.942596
260.180939
254.698669
243.962494
257.439789
251.143097
256.148682
249.315674
248.560867
246.3461
247.617355
244.568329
239.830887
242.790558
246.356033
241.429901
246.66391
249.246155
246.574524
240.982971
242.005936
250.140015
247.766312
241.549088
247.279678
240.347336
235.3517
233.017731
237.635986
237.050018
250.428024
257.94632
259.267242
266.308868
266.914673
271.373993
271.632202
271.195221
278.564545
274.71106
281.037537
281.414948
279.925201
276.210724
282.080353
283.033813
281.673157
283.043762
282.338593
281.295776
282.288971
283.510529
278.961823
280.074188
278.703583
282.884827
283.153015
284.245514
282.636566
282.427979
283.917725
279.686798
281.057404
279.527954
276.756989
276.339813
276.419281
275.197723
275.396362
276.11142
272.446625
280.560822
276.677521
280.948151
288.198303
287.522949
287.473297
287.751404
288.21817
289.131897
289.360352
284.920868
284.096497
283.421173
279.478271
275.922729
278.038177
285.963684
288.764435
289.370239
285.586243
279.448456
277.740234
287.572632
291.277161
292.905945
292.419281
296.501221
298.596832
292.737091
288.118896
290.929535
286.857544
289.529114
293.263489
290.3237
277.819702
272.536011
271.254822
277.531677
277.740234
282.964294
284.652679
282.288971
280.938232
280.004639
280.471436
277.710419
274.303864
274.571991
277.491913
276.608032
280.362213
277.293304
276.339813
280.779327
277.253571
278.266571
272.446625
275.138123
281.514282
282.22937
287.344208
286.937012
290.661377
290.403137
292.439148
292.637787
292.200775
288.277771
289.668213
293.730286
297.951233
294.226837
292.568237
291.674408
294.673798
296.203247
296.958069
297.355347
298.765656
298.646454
299.013947
300.13623
297.881744
292.657654
297.573822
302.778076
306.224365
307.793579
305.340424
302.609222
300.314972
298.576935
295.279633
296.550873
298.507446
298.636536
294.634033
296.074127
301.228699
299.321838
294.644012
295.706696
296.75943
295.448486
298.428009
298.855042
297.951233
295.17038
298.259125
295.716614
300.215698
298.020782
295.99472
295.110809
296.183411
296.958069
293.174133
293.402527
293.491943
291.525452
297.663208
298.576935
299.490662
297.414948
295.388916
295.666962
299.212555
300.642761
303.413696
302.102692
301.318115
301.894135
300.881134
289.459656
289.946289
290.860016
293.70047
293.879211
296.918335
291.684357
293.422394
299.868073
302.082855
302.81778
297.981018
300.086548
300.305054
300.593079
297.524231
299.6297
282.398193
272.238037
265.176636
268.960602
270.986664
270.648987
273.161713
271.532898
273.916473
273.678131
267.629761
268.315002
268.39447
266.159851
267.689331
267.083527
271.910309
269.467102
271.622284
266.735901
264.809174
257.449738
245.362869
245.710449
256.049377
262.028229
260.459045
255.433609
250.676315
253.765076
255.006546
248.789291
255.761368
249.98111
250.020844
251.897934
250.189667
254.678772
252.662659
253.606171
249.941376
254.241806
250.656464
253.09964
252.285263
257.529175
247.766312
249.484497
257.211395
260.55835
267.510559
273.886688
273.727783
276.369629
277.501892
278.207001
277.094696
273.926453
274.77066
276.280243
276.260406
278.157349
279.071075
274.045624
292.478882
293.849457
292.905945
291.545258
296.233063
295.815918
295.279633
296.38205
298.537231
299.808472
297.067322
295.915283
294.703583
295.537842
292.717255
288.833954
284.39447
285.179077
282.54718
285.73526
284.116394
284.652679
283.709198
283.500641
284.444122
283.580078
284.891083
287.185272
283.421173
279.329285
282.279022
280.928284
280.223145
278.177216
278.246735
266.269104
268.146179
266.159851
271.433563
267.222534
265.117004
268.682526
271.830841
276.449097
276.30011
276.24054
278.385742
274.879883
274.681244
269.854431
272.178436
268.3349
260.24054
255.254837
251.391403
255.532944
246.892334
254.490082
249.563965
250.249252
245.283401
247.110825
247.518036
243.714188
247.895447
245.114563
197.640991
198.425598
205.149368
192.96315
193.370361
196.061859
185.941437
182.485214
175.910416
180.856415
179.217667
181.402649
186.209595
191.096008
196.081711
202.964386
209.449799
205.050064
209.320679
211.148117
211.237503
208.694992
212.051895
212.886185
215.398895
214.743408
218.45787
211.187851
211.734085
206.639114
210.154953
213.402618
209.261093
205.924026
204.156204
207.27475
208.863831
208.883682
208.367249
210.323792
209.598755
211.316956
214.485184
218.497589
219.609924
213.243729
208.565872
212.995407
210.979279
213.799881
205.288406
203.004105
213.670761
213.015274
213.303314
213.531723
210.174805
216.431793
201.216415
204.583252
202.507523
200.302689
201.534225
199.825974
201.92157
201.434906
199.726669
199.379044
198.872528
202.467804
201.911621
202.994186
203.202774
200.699966
200.193451
203.63974
209.400131
211.177902
204.037033
205.000397
203.878113
208.248047
211.386475
210.601883
213.591309
220.672638
221.099686
222.95694
222.073013
224.903534
224.069275
222.261688
221.089752
214.12764
211.475845
207.552841
206.529861
205.13945
205.804855
199.428696
198.644104
198.634155
200.23317
191.821014
185.127029
186.17981
192.496384
194.582016
194.462845
192.35733
194.274155
195.883072
199.587616
208.953217
211.714218
207.999756
211.058716
211.714218
209.856995
212.94577
213.55159
227.287155
229.501923
228.806702
231.408798
231.875595
232.243057
230.038223
226.572067
221.069885
220.801743
217.802383
220.851395
221.387711
218.894836
217.246185
218.438004
217.53421
213.601257
210.403244
202.318832
200.928375
198.773209
199.170456
200.153702
196.866333
198.991699
197.293365
197.452286
199.329376
203.182892
208.754593
208.466553
211.624832
214.226959
215.776291
207.235031
215.011551
211.952576
211.753952
213.929001
213.015274
214.564621
212.280334
214.157425
216.570816
215.508148
209.996048
212.012161
212.747131
211.495728
213.064941
215.418747
211.25737
214.802994
212.588226
207.503174
207.354202
206.82782
206.847687
205.427444
208.337448
205.040115
209.628571
213.313217
203.371582
198.584518
205.079865
202.507523
201.494492
201.176682
202.438019
203.073639
200.873138
199.170471
199.190399
198.941483
202.914322
200.683945
206.429169
208.888535
210.810257
209.894211
209.237045
209.804596
216.615204
216.664993
227.67746
232.118286
234.040009
233.681564
231.042938
227.727249
227.796951
227.199524
217.770218
222.430099
226.183914
232.496658
238.839279
231.202255
229.609131
231.680176
229.001755
230.385788
227.846725
229.96759
230.345947
232.675873
230.664581
232.636063
232.705765
227.587845
228.264923
227.518158
