Adjusted
43.821049
42.892525
43.091488
43.735767
42.232243
42.803204
43.545452
43.326588
43.564491
43.821419
43.488358
44.906254
44.658825
46.000603
46.257526
47.313816
47.351875
46.980751
47.304295
46.581074
45.895912
46.133827
46.200432
47.152027
47.2472
47.256714
48.151222
47.941879
47.723
47.113976
47.161556
46.818974
46.352684
45.905434
45.448666
45.27737
44.43996
44.306732
45.229805
44.906254
45.201244
44.858662
45.534309
46.6572
47.190098
48.075104
47.4851
48.760242
48.969604
48.750721
48.408154
48.122673
48.075104
47.608814
47.808643
47.494614
47.627842
48.151222
48.408154
48.655579
49.845078
51.672153
51.795872
51.957642
51.386677
51.852966
53.037304
53.57217
54.154785
54.231194
52.779427
54.097473
52.808075
51.747906
53.362038
52.550205
53.056408
54.431763
54.326706
54.450863
53.639023
54.861561
55.635201
55.730721
56.351543
56.055458
56.4184
56.685822
56.819546
56.447048
56.590317
56.72403
57.144283
56.857742
57.34486
56.485256
57.564522
56.857742
57.679142
56.647625
58.156696
57.58363
59.646671
57.669594
57.001019
56.695389
55.606548
56.704922
57.564522
58.233109
59.006752
58.615162
58.825272
57.812851
58.729759
59.837696
59.044952
58.089848
59.016304
59.369686
59.369686
60.133774
60.735493
60.68774
60.506271
59.627575
59.341042
59.77084
60.420311
60.640675
61.368874
61.359295
60.841888
60.861053
59.902916
58.963947
61.541336
61.790451
62.317432
62.614445
62.863567
62.834831
61.991657
60.746075
60.314903
61.483845
61.062263
60.899391
61.560505
61.368874
60.516125
61.512589
61.196396
60.784397
61.368874
60.592781
59.366356
59.548401
59.596313
60.410725
60.180779
61.033524
62.001247
61.186825
60.420315
60.161625
61.091007
60.736496
61.100594
61.617981
62.528214
62.384499
62.327019
62.643192
63.007286
62.949799
64.645706
65.833801
64.913979
63.812134
62.125797
62.02042
61.416779
62.097061
62.202454
62.068306
61.780872
61.340126
62.183292
62.049149
61.541336
63.658821
62.614445
61.778301
61.374653
63.152653
62.950825
62.960442
62.335724
63.094997
61.682201
60.961391
60.730736
61.307381
59.923428
59.298729
59.414051
59.375607
58.385693
59.702374
60.259811
60.173302
61.115166
60.230968
60.778786
60.125256
60.884506
61.172832
60.61541
61.393883
62.46069
62.547173
62.230026
62.028187
63.373703
64.181007
65.132477
66.122406
65.901352
66.189682
66.247353
65.795631
65.007538
63.710083
62.28767
63.450588
64.21946
64.517387
63.719704
62.604839
62.48951
63.056541
63.191105
64.45974
64.036842
64.373238
64.844177
64.74807
65.651466
65.699524
65.497696
65.920555
64.930664
65.209358
64.892212
65.776421
66.449173
68.928757
68.573151
68.275215
68.916374
68.839233
67.711205
67.643723
67.74012
68.077576
67.460533
66.457825
66.284271
66.457825
65.619041
66.380684
65.879349
64.654892
64.847725
65.821487
65.484062
64.365662
63.324402
63.661827
62.813412
63.391876
66.708496
66.631371
66.602455
67.383392
67.904037
69.224899
68.588562
68.858513
68.916374
70.102242
69.668396
71.008545
71.10495
70.950684
71.066383
71.365265
71.008545
70.719307
70.295067
68.94529
70.372223
71.095322
72.088371
72.686119
72.994667
71.673775
71.288139
71.567734
70.777168
71.442383
72.281212
72.358337
72.126945
72.310135
71.567734
70.285446
70.464371
71.566887
69.506905
68.491455
68.443077
69.274796
67.572678
65.541725
65.657776
66.45079
66.644249
70.561066
68.907295
68.056252
68.143257
69.100731
69.091057
69.139404
69.913101
69.710007
71.615219
71.276733
72.021416
73.278664
72.833801
72.911171
72.272873
71.915031
72.930527
72.737099
73.114273
73.01757
73.878288
74.855087
74.178101
74.652
75.000145
75.299965
75.918922
76.779655
76.518547
76.857018
76.566895
77.630707
78.317375
78.210983
78.278687
77.920853
77.920853
78.317375
78.733253
79.226479
79.361862
78.327034
79.748703
79.352211
79.08139
78.414101
79.361862
80.193596
80.880264
79.739037
78.618965
78.735321
78.793526
79.142632
79.676025
79.889359
79.676025
81.208244
82.081039
81.450684
82.30407
81.984047
81.615547
80.868813
82.255569
79.404472
77.329178
75.185982
76.349716
77.193405
76.08786
75.952095
72.945831
74.419868
73.537392
73.149483
74.730194
75.292671
75.370247
75.680573
76.727905
77.106133
76.950966
76.388496
76.563049
77.678291
78.657753
79.443253
79.646912
79.452957
79.937851
80.461525
81.402191
81.411873
82.371964
81.857979
81.159744
79.714798
79.637215
80.830009
80.63607
81.373093
81.159744
80.539093
79.637215
81.217934
79.579018
79.549942
78.880775
78.551079
77.406754
76.989761
79.026245
76.776398
75.651482
77.610405
76.24305
75.312065
74.119255
71.955147
71.556381
71.420204
73.326561
74.357536
76.244431
75.95266
76.594582
76.536232
77.012833
75.116203
77.567223
78.393951
80.251671
79.998787
81.418831
81.953773
82.381737
80.037689
81.720337
82.187202
82.206657
82.24556
81.516098
83.86013
84.774422
83.208466
83.500267
83.9963
84.560432
84.239449
84.531258
84.852203
85.144005
85.922112
87.225433
86.74884
88.139709
87.653404
87.108711
85.270439
85.708138
84.910583
84.297806
83.296005
84.793861
87.663124
88.353676
87.935455
87.001724
87.137894
87.381042
87.293518
87.672844
86.398689
86.369514
85.202347
85.328796
87.040634
89.861267
88.54821
87.069809
88.103683
87.67453
88.269493
90.278725
89.713028
92.404991
93.741234
92.151398
91.917313
91.390625
90.405518
91.302841
89.556946
89.947105
91.858788
93.682709
94.209389
92.209915
91.429634
93.390099
94.082603
94.687332
93.750984
94.238663
94.502014
94.258171
95.506615
98.198593
97.701164
97.067184
96.862343
97.096458
98.023033
97.330536
99.242226
99.573845
98.188835
99.027657
97.691414
97.574364
99.603104
101.524544
103.455742
102.802261
104.830994
105.640541
105.95266
106.567131
106.059952
104.645668
103.29969
104.752968
105.894127
103.904404
104.236038
104.509125
105.172363
104.400047
105.055061
105.309235
105.494987
105.2799
105.465645
103.70594
106.980965
105.309235
104.849754
105.934914
105.534081
106.462822
106.384621
104.52713
107.909706
105.592743
104.478256
106.042458
106.746338
104.80088
104.967079
105.475433
106.814781
106.853867
107.616417
107.332909
108.985107
110.216888
111.184738
111.536682
111.839737
112.123245
111.957047
111.331375
112.631607
113.785194
115.329849
116.942917
114.704155
114.332672
113.384384
114.244698
113.403931
114.616173
115.300507
115.310272
113.276833
118.301804
122.173195
121.088013
121.713699
121.29332
125.184265
125.330894
124.656342
129.632416
127.139488
124.431488
124.60746
126.015221
122.701088
114.801918
112.748924
110.148453
110.148453
112.035263
111.468239
113.408188
113.143639
110.625656
110.635445
109.342148
109.293152
111.576012
109.783035
107.774529
107.999863
110.037773
110.321899
111.840553
110.684433
111.487846
112.859505
115.681244
114.045036
114.03524
114.721077
115.955582
114.926834
115.857605
118.218857
120.550705
121.697029
119.708107
116.131935
113.173035
108.274193
108.264397
113.084854
115.397118
114.495743
112.203072
109.293152
111.262489
112.849716
111.174309
115.749817
114.858246
113.839279
115.50489
114.03524
115.191368
115.20118
115.377518
113.800095
116.416077
115.73024
116.416077
114.084229
109.753647
103.169609
104.159164
107.196457
107.715729
110.821594
110.753006
106.628197
107.343422
107.392418
106.9711
108.391777
111.229713
109.10862
110.149521
110.954758
112.142967
109.805832
106.32959
101.498222
103.982643
105.858246
108.676552
109.10862
112.791077
112.712517
113.262428
109.796013
106.702759
109.265739
105.612747
106.054634
106.781303
103.197052
101.252724
100.368935
103.118507
103.383636
104.935173
98.090721
102.548935
103.805893
104.16922
102.077591
102.185608
100.8992
105.563637
105.003906
99.887764
103.422913
101.753532
102.057953
101.999031
102.931923
103.020309
103.894279
105.092285
106.800964
106.899162
106.516174
107.74366
106.948242
108.097176
107.655281
106.987518
108.224831
106.967888
106.172478
107.291946
108.784569
108.234665
108.283752
105.141388
103.422913
107.438965
103.235893
106.553055
103.393394
103.196526
102.409065
103.609947
105.89357
103.777267
103.334328
100.095901
97.241356
100.243538
101.749557
100.282921
99.603737
100.509308
97.664627
92.831589
95.676285
98.17646
96.286568
97.74337
100.578217
103.806801
102.743729
101.828308
104.889549
105.647484
104.978134
107.685036
108.196869
106.927101
108.807167
108.423286
107.921272
106.366043
107.980331
105.312805
107.507858
109.131996
111.691238
112.380264
111.100647
111.582962
108.817024
110.844704
109.663521
110.756119
109.998207
110.64785
110.342705
111.514053
112.399956
110.588783
111.927475
112.734612
109.378067
110.352562
108.551231
107.163345
106.562912
107.825768
109.059006
108.220406
108.338791
108.989944
109.976555
111.693237
111.574837
113.281662
112.768639
114.218941
112.27533
113.094215
110.765831
112.324661
112.541718
111.545242
112.344398
111.308464
112.403595
112.926491
110.755966
107.144997
106.454384
109.019547
108.723557
109.11821
108.25
109.157669
108.615044
110.134407
112.166809
111.555122
111.732704
111.712967
113.745377
118.42186
118.431725
120.651588
119.970833
121.075836
119.645256
118.905304
117.58326
117.95816
118.313339
120.0103
119.477531
120.700912
119.467667
118.550125
119.378868
116.083626
114.011749
117.297142
119.556458
120.493736
118.342934
118.096291
118.629051
113.922958
115.432465
114.879974
114.197746
117.836243
117.806595
117.29245
117.025497
113.851692
115.176575
116.966179
119.101822
116.511353
115.928017
114.603127
114.484474
113.911011
113.159584
114.405373
115.542404
115.295235
117.945007
116.985947
118.1922
118.1922
117.846146
118.231743
117.826355
117.589073
119.190811
119.675285
118.726097
118.795319
118.419601
117.371552
116.194962
115.908249
115.700607
115.552299
115.799477
114.850304
115.413879
115.057938
115.156815
115.226021
114.247185
114.909622
112.704765
111.538063
113.139801
113.762703
113.535301
113.337547
115.374329
115.611618
114.326279
113.634163
114.435036
114.949173
113.73304
114.1483
113.426537
113.475967
113.683601
112.704765
112.437813
113.416649
111.048431
109.36393
108.779312
108.640587
107.50106
110.414268
110.04763
109.918823
110.235909
110.998886
110.622353
109.9981
109.81974
106.411095
106.371452
104.8554
104.736496
104.241051
105.132851
108.73967
111.742043
116.944199
118.80706
118.192711
122.849869
122.463417
122.176064
125.049629
123.741661
125.703613
127.24939
128.151108
128.388916
127.219666
130.826492
129.647324
133.670319
132.273193
128.270004
127.368294
127.477303
128.121384
127.734932
127.100761
126.833229
125.505432
124.276741
125.654076
122.968765
123.493935
122.225609
123.553406
124.80191
125.079361
123.444405
123.315575
122.879593
