Adjusted
28.4
29.17
29.309999
28.940001
28.25
27.299999
26.889999
25.870001
26.639999
26.34
26
26.48
26.639999
27.42
27.09
27.82
28.59
28.58
28.77
29.27
31.360001
31.9
32.119999
32.310001
32.25
32.240002
32.73
33.029999
33.02
32.75
32.560001
32.73
32.599998
31.73
31.41
31.879999
31.200001
31.049999
31.469999
31.440001
31.129999
30.99
31.799999
32.439999
32.720001
33.290001
33.529999
32.959999
32.880001
33.290001
33.040001
32.369999
32.290001
32.599998
32.029999
32.630001
32.869999
33.599998
33.32
33.509998
32.439999
31.85
30.950001
31.5
31.040001
31.68
31.879999
32.630001
32.860001
32.759998
31.200001
31.799999
30.780001
30.129999
31.5
32
31.99
32.040001
32.25
32.34
32.93
33.119999
32.650002
32.400002
32.599998
34.419998
35.630001
35.91
35.68
36.869999
37.07
36.279999
36.220001
36.849998
37.59
37.799999
38.16
37.299999
36.98
36.700001
36.450001
35.970001
36.18
35.75
36.849998
35.880001
35.380001
35.189999
35.450001
35.290001
34.77
34.220001
34.669998
35.02
35.869999
36.25
36.099998
35.48
35.84
35.77
35.41
35.779999
36.689999
37.040001
37.790001
37.299999
37.779999
38.389999
38.419998
38.880001
39.189999
39.400002
39.200001
38.700001
38.189999
38.919998
39.650002
42.950001
44
44
43.43
43.880001
42.75
42.34
42.450001
43.040001
43.990002
43.610001
44.419998
44.27
43.830002
44.080002
43.900002
44.439999
44.77
44.380001
43.16
42.959999
42.860001
43.610001
43.549999
44.360001
44.509998
44.450001
43.619999
43.130001
43.790001
43.549999
44.369999
44.720001
44.830002
44.849998
46.709999
47.029999
47.509998
47.119999
46.810001
46.25
47.959999
48.25
47.669998
47.59
47.450001
47.48
47.419998
48.080002
47.779999
48.099998
49.259998
48.869999
47.869999
45.799999
45.02
44.029999
44.02
42.52
43.349998
43.459999
43.009998
43.720001
45.93
57.98
58.25
56.669998
57.509998
56.57
56
56.049999
57.240002
56.779999
57.060001
56.75
58.029999
56.650002
57.09
56.630001
58.240002
58.59
58.5
58.380001
54.68
55.41
54
52.439999
52.689999
53.889999
54.150002
53.580002
53.93
54.759998
54.639999
55.110001
55.169998
54.650002
54.529999
55.459999
55.75
54.869999
53.68
54.119999
54.200001
55.580002
56
57.16
56.470001
57.029999
58.040001
57.959999
57.77
57.200001
57.049999
57.139999
56.959999
57.169998
59.900002
61.360001
60.73
60.34
60.709999
58.689999
60.400002
62.23
62.119999
63.950001
62.669998
63.200001
63.400002
58.880001
55.43
57.470001
57.740002
58.490002
59.419998
54.959999
55.23
54.669998
54.009998
55.009998
54.990002
55.189999
54.91
54.66
54.580002
55.32
53.799999
53.52
52.98
54.310001
53.459999
53.150002
52.93
52.330002
52.299999
55.130001
54.07
54.75
55.279999
55.599998
54.279999
54.32
52.380001
52.740002
53.450001
54.779999
54.16
54.720001
53.919998
52.75
52.91
52.07
51.43
50.73
51.790001
53.59
54.240002
53.59
54.810001
52.939999
52.349998
54.16
50.610001
49.389999
49.150002
51.049999
51.68
53.400002
52.25
52.060001
52.450001
50.799999
50
49.169998
50.060001
50.389999
51
50.43
50.330002
49.029999
48.189999
48.040001
49.450001
51.299999
51.009998
50.09
49.689999
50.349998
50.790001
50.040001
52.709999
52.720001
54.130001
53.689999
53.18
55.119999
54.610001
55.009998
53.889999
53.369999
53.560001
53.369999
53.150002
52.470001
51.599998
50.810001
50.779999
50.950001
51.060001
51.830002
52.16
52.389999
52.509998
52.740002
54.049999
55.130001
56.32
56.040001
57.360001
56.790001
57.139999
56.119999
55.110001
55.060001
54.459999
54.09
54.310001
53.91
53.919998
52.259998
52.57
51.619999
52.619999
53.119999
53.23
56.360001
54.720001
54.720001
55.540001
54.209999
53.419998
53.959999
54.139999
54.259998
53.540001
54.110001
54.27
53.759998
54.75
54.709999
54.349998
54.950001
55.139999
55.09
54.490002
54.290001
55.220001
56.610001
55.5
54.790001
54.459999
55.529999
55.290001
55.310001
55.310001
55.580002
54.900002
55.32
55.549999
54.900002
53.779999
54.169998
53.900002
54.369999
54.880001
53.939999
52.93
53.799999
52.830002
53.189999
53.119999
51.68
50.07
48.799999
48.490002
47.860001
47.029999
47.790001
46.630001
45.220001
44.959999
44.369999
44.560001
45.16
45.380001
47.59
48.799999
47.98
49.040001
51.5
51.32
52.209999
52.18
51.950001
52.619999
51.810001
52.23
51.84
52.630001
52.389999
52.369999
53.57
54.860001
54.709999
54.27
54.25
54.759998
54.419998
55.130001
55.66
56.98
57.299999
57.34
56.900002
55.849998
57
56.32
56.330002
56.790001
56.84
57.630001
56.57
56.459999
55.73
55.41
55.080002
55.450001
56.099998
56.830002
56.880001
56.84
57.009998
56.66
56.330002
56.360001
55.91
56.200001
56.990002
57.450001
59.57
61.439999
62.580002
63.169998
62.650002
61.060001
59.630001
56.919998
56.240002
55.900002
58.009998
57.459999
58.200001
58.75
58.57
58.669998
53.049999
55.18
54.68
54.299999
55
54.630001
55.02
55.740002
55.799999
57.240002
56.900002
57.630001
56.540001
56.810001
56.810001
56.540001
56.560001
56.16
56.43
57.349998
57.759998
56.970001
57.150002
57.889999
57.09
56.490002
56.860001
56.93
56.990002
55.98
56.34
56.189999
56.380001
58.32
57.18
56.330002
55.48
54.689999
54.580002
54.040001
54.599998
53.790001
52.450001
52.75
53.07
52.549999
52.720001
52.720001
54.290001
53.82
53.150002
52.860001
52.77
53.380001
54.209999
56.150002
55.939999
56.009998
59.18
58.59
59.450001
60.18
58.84
59.18
60.349998
59.509998
58.91
58.869999
59.709999
59.349998
58.639999
58.75
59.310001
59.279999
59.860001
59.240002
59.220001
59.380001
59.290001
59.27
59.700001
61.18
60.669998
61.740002
62.369999
63.400002
62.790001
62.91
61.990002
61.580002
62.52
62.959999
63.02
63.220001
64.290001
62.290001
62.150002
63.240002
63.310001
62.98
61.119999
61.57
62.630001
61.650002
62.709999
63.220001
63.290001
62.5
63.5
62.740002
62.200001
62.939999
63.610001
64.309998
64.629997
65.370003
64.93
66.040001
65.160004
65.230003
65.589996
60.400002
60.98
61.200001
62.599998
62.360001
62.700001
62.610001
61.439999
62.07
60.939999
60.73
61.700001
61.150002
60.830002
60.200001
60.57
60.880001
60.52
59.73
58.02
56.450001
54.549999
54.23
55.950001
56.82
57.27
56.599998
53.939999
55.099998
55.130001
54.279999
55.400002
54.970001
55.189999
55.549999
55.610001
56.52
56.599998
58.450001
57.419998
57.009998
56.869999
57.209999
56.959999
56.650002
55.330002
55.91
56.759998
55.439999
56.91
58.470001
55.75
56.549999
56.23
56.389999
57.259998
56.209999
56.5
60.650002
60.650002
61.099998
61.98
61.59
60.779999
67.970001
68.269997
67.089996
66.300003
65.699997
65.459999
66.370003
66.93
66.529999
66.389999
67.169998
67.080002
66.099998
65.589996
64
63.669998
65.150002
65.279999
66.330002
67.389999
67.190002
67.209999
67.25
67.760002
67.650002
66.739998
67.089996
67.93
65.82
65.559998
66.470001
66.580002
64.839996
65.029999
65.089996
65.040001
65.839996
65.760002
64.769997
64.160004
64.209999
65.419998
65.120003
65.389999
66.339996
66.370003
66.099998
65.849998
64.269997
64.949997
64.870003
63.5
64.529999
61
61.77
58.860001
59.990002
59.860001
59.77
60.330002
60.73
60.950001
60.389999
62.209999
61.419998
59.509998
66.139999
67.550003
67.540001
67.169998
67.379997
65.870003
58.650002
58.66
60.130001
58.790001
58.779999
61.869999
63.099998
62.880001
63.290001
64.330002
62.939999
63.32
64.459999
65.400002
66.029999
67.860001
68.510002
69.440002
70.389999
71.550003
70.599998
70.690002
70.419998
72.300003
72.209999
71.040001
72.639999
68.470001
68.900002
68.800003
69.82
69.779999
70.230003
70.349998
72.470001
72.010002
72.690002
73.019997
73.339996
72.18
73.550003
72.489998
73.059998
73.32
73.089996
73.089996
73.129997
73.470001
73.629997
72.900002
73.550003
73.300003
73.870003
74.279999
74.699997
74.779999
73.699997
72.190002
75.099998
74.900002
74.800003
75.559998
74.699997
75.580002
76.559998
76.330002
75.720001
76.080002
76.980003
75.959999
76.029999
75.970001
77.43
77.379997
78.779999
79
78.739998
79.18
78.830002
79.220001
79.629997
78.400002
78.699997
78.839996
79.370003
79.690002
78.830002
78.25
78.959999
79.25
79.349998
79.169998
79.669998
79.339996
80.419998
81.82
79
77.209999
78.620003
79.849998
80.550003
82.540001
80.870003
81.25
81.889999
82.93
83.370003
84.370003
83.059998
83.25
82.419998
82.870003
82.980003
83.410004
82.720001
84.589996
84.169998
85.610001
85.150002
85.279999
89.150002
89.690002
90.379997
91.949997
91.720001
91.830002
91.800003
93.160004
93.370003
94.629997
95.650002
96
94.709999
93.029999
94.709999
94.82
94.400002
93.610001
92.410004
92.019997
92.669998
93.449997
93.190002
92.900002
93.760002
95.779999
95.260002
96.290001
95.400002
91.790001
93.120003
91.980003
92.349998
92.93
93.839996
94.129997
93.699997
95.339996
95.669998
94.129997
93.089996
94.440002
94.599998
92.410004
93.75
90.209999
89.459999
89.480003
89.440002
89.68
91.080002
89.610001
90.260002
90.949997
90.879997
89.790001
90.410004
91.010002
91.529999
89.5
89.260002
87.5
84.519997
84.139999
85.169998
85.919998
84.559998
85.209999
86.080002
85.730003
87.860001
88.790001
90.879997
90.599998
91.540001
90.220001
93.949997
94.040001
97.239998
94.839996
96.18
94.459999
95.550003
96.190002
95.339996
95.510002
93.050003
92.540001
92.459999
94.010002
96.239998
98.139999
99.300003
98.620003
98.529999
99.150002
98.599998
100.269997
101.139999
100.25
99.389999
98.709999
98.209999
98.5
98.660004
96.800003
96.959999
96.129997
