Adjusted
100.050003
98.480003
97.620003
97.309998
97.489998
100.309998
102.57
100.389999
99.349998
98.220001
97.389999
97.410004
97.419998
97.400002
92.959999
94.559998
94.68
94.5
95
95.349998
93.989998
97.870003
95.220001
95.32
93.830002
92.669998
93.660004
92.300003
90.209999
92.010002
87.629997
86.010002
83.389999
84.459999
87.279999
87.440002
86.290001
85.360001
86.540001
86.739998
86.769997
89.900002
91.010002
93.18
92.239998
91.059998
91.669998
91.75
91.510002
91.839996
93.660004
93.639999
92.739998
93.879997
92.339996
93.480003
92.349998
91.370003
93.919998
92.139999
95.599998
99.029999
97.269997
98.900002
99.199997
98.18
98.32
100.050003
100.419998
100.099998
96.220001
96.199997
94.75
92.019997
92.599998
90.449997
91.690002
89.230003
98.82
99.339996
98.660004
98
96.669998
96.199997
98.169998
97.07
96.349998
96.599998
98.190002
104.139999
104.860001
107.860001
105.209999
101.82
102.900002
100.029999
102.669998
100.57
99.879997
99.169998
101.190002
99.239998
101.129997
97.580002
95.480003
92.559998
90.809998
92.919998
94.379997
91.910004
93.029999
91.349998
93.410004
92.220001
91.32
92.389999
91.089996
88.470001
88.489998
87.989998
88.379997
92.75
93.790001
92.239998
95.860001
95.349998
96.040001
96.449997
94.339996
95.730003
100.120003
101.440002
114.260002
107.93
107.040001
108.690002
111.580002
112.169998
112.800003
109.419998
109.760002
107.559998
112.5
110.050003
117.080002
116.190002
117.209999
117.279999
117.169998
114.370003
114.650002
114.129997
114.089996
109.260002
110.120003
109.690002
106.150002
105
104.43
105.099998
105.32
106.769997
105.459999
107.190002
105.699997
107.559998
109.300003
107.760002
110.169998
112.650002
112.489998
111.559998
112.779999
113.620003
114.739998
114.209999
114.139999
113.739998
114.239998
115.93
114.029999
113.650002
112.5
113.589996
113.050003
115.970001
116.419998
116.160004
117.389999
116.75
114.220001
116.440002
114.489998
108.470001
105.480003
108.669998
108.809998
107.010002
108.239998
110.959999
110.790001
108.43
105.879997
107.720001
109.660004
116.699997
125.169998
124.199997
124.080002
125.5
122.949997
123.360001
122.93
119.540001
116.32
114.099998
117.43
116.169998
115.720001
116.599998
119.970001
124.07
120.970001
118.449997
119.059998
121.300003
122.790001
122.169998
121.900002
121.239998
124.5
123.800003
122.160004
122.650002
122.169998
125.449997
125.839996
125.25
121.599998
122.349998
123.690002
123.779999
123.059998
128.649994
130.75
130.639999
130.899994
131.059998
132.910004
131.570007
132.699997
132.880005
133.440002
131.720001
129.860001
133.169998
134
134.070007
135.210007
130.610001
137.660004
137.029999
139.809998
139.710007
142.580002
140.75
137.940002
133.639999
129.820007
133.009995
133.729996
162
158.729996
154.669998
156.210007
154.490005
157.399994
163.630005
170.110001
174.429993
175.860001
180
180.550003
181.059998
180.410004
179.059998
181.520004
183.550003
182.630005
182.570007
183.889999
176.800003
172.429993
173.440002
171
168.550003
168.050003
180
175.949997
177.899994
175.169998
175.279999
177.990005
180.940002
175.919998
173.660004
159.789993
149.759995
153.080002
150.550003
151.100006
149.419998
152.130005
155.350006
154.509995
151.460007
142.5
145.660004
147.660004
155.860001
144.190002
139.610001
141.970001
145.419998
149.050003
149.800003
152.190002
156.100006
152.229996
156.009995
153.190002
151.639999
157.320007
158.199997
159.800003
155.119995
159.699997
155.660004
153.679993
151.050003
152.869995
161.100006
161.5
159.720001
157.710007
157.929993
158.419998
155.850006
156.600006
160.479996
162.300003
168.199997
167.649994
167.520004
166.320007
167.050003
168.220001
169.589996
169.5
170.199997
167.809998
166.899994
167.460007
165.970001
163.729996
162.820007
160.149994
160.429993
159.690002
165.460007
161.660004
158.789993
159.130005
160.139999
157.600006
156.25
162.789993
164.220001
164.210007
160.660004
159.080002
164.520004
162.889999
163.210007
163.759995
160.320007
158.770004
155.059998
161.25
163.369995
167.970001
173.080002
167.479996
167.039993
162.740005
163.779999
163.679993
158.990005
159.119995
158.869995
156.460007
158.710007
155.960007
159.110001
161.779999
160.619995
164.009995
168.899994
171.300003
170.240005
169.759995
168.740005
166.470001
168.220001
170.559998
172.270004
169.169998
168.309998
169.289993
169.139999
169.960007
165.639999
165.300003
164.160004
161.369995
165.649994
166.949997
162.720001
160.419998
163.410004
161.529999
161.559998
161.440002
159.589996
158.669998
168.699997
165.860001
167.649994
167.949997
165.820007
167.199997
167.860001
177.979996
173.660004
167.960007
176.419998
170.300003
167.800003
162.770004
159.460007
160.729996
163.25
164.75
168.199997
174.479996
173.270004
185.919998
190.289993
190.550003
192.199997
190.490005
192.929993
191.360001
191.039993
191.300003
189.889999
193.139999
193.809998
195.800003
194.919998
193.690002
193.589996
188.759995
186.779999
192.369995
191.960007
192.550003
191.020004
194.149994
192.770004
194.720001
194.899994
192.509995
200.789993
198.880005
197.660004
198.610001
197.130005
199.779999
191.440002
191.619995
186.899994
183.210007
177.729996
182.080002
188.960007
189.529999
188.149994
178.869995
181.960007
187.490005
188.710007
184.940002
185.029999
186.600006
182.169998
177.949997
187.929993
183.800003
184.270004
183.360001
179.210007
175.399994
172.869995
180.440002
183.059998
179.259995
180.320007
183.320007
182.759995
180.360001
177.779999
188.050003
183.240005
178.169998
177.509995
178.289993
178.169998
175.630005
171.419998
176.389999
173.5
176.270004
182.289993
178.970001
180.289993
182.279999
186.020004
184.139999
182.289993
184.899994
183.110001
180.369995
184.619995
182.509995
182.529999
185.789993
181.649994
184.910004
181.279999
178.809998
178
176.889999
178.5
184.119995
188.160004
189.070007
187.710007
185.440002
183.440002
175.630005
176.039993
180.589996
180.259995
173.300003
169.5
169.940002
170.630005
176
178.240005
177.369995
182.679993
182.899994
182.720001
183.830002
184.279999
181.339996
185.710007
186.779999
188.190002
184.580002
180.080002
174.75
171.080002
173.610001
169.229996
172.5
171.300003
168.550003
155.009995
162.960007
163.020004
161.039993
161.080002
159.410004
161.690002
160.559998
163.160004
161.960007
164.440002
168.570007
171.940002
165.940002
168.119995
166.190002
163.839996
164.779999
163.910004
161.529999
159.059998
160.259995
159.380005
159.039993
169.880005
168.770004
169.039993
173.220001
177.139999
179.809998
184.009995
184.399994
188.240005
190.919998
184.979996
185.899994
184.449997
177.759995
180.770004
183.860001
185.220001
186.240005
187.330002
184.660004
188.160004
192.529999
199.110001
205
203.800003
204.259995
204.300003
204.460007
204.880005
206.160004
207.839996
200.990005
198.100006
203.550003
198.759995
199.289993
197.440002
195.729996
197.149994
197.940002
189.729996
189.619995
190.429993
186.309998
191.009995
188.830002
186.580002
191.220001
187.419998
184.960007
178.619995
173.809998
166.850006
165.440002
173.539993
179.820007
178.860001
172.190002
170.850006
176.240005
175.279999
171.979996
176.929993
171.759995
171.649994
171.929993
168.800003
169.029999
167.789993
167.990005
166.580002
160.509995
159.240005
159.630005
157.050003
149.25
145.600006
147.75
156.389999
157.820007
166.070007
163.419998
160
164.779999
164.309998
161.080002
159.860001
153.25
152.660004
161.070007
160.720001
162.110001
159.020004
160.309998
166.759995
171.160004
170.009995
176.589996
177.410004
175.949997
176
180.759995
177.669998
175.460007
173.440002
172.149994
172.639999
172.380005
169.539993
166.130005
166.440002
168.910004
171.210007
176.649994
174.479996
173.589996
175.970001
177.800003
182.240005
182.460007
178.440002
180.279999
176.580002
168.789993
175.759995
179.149994
188.720001
183.160004
187.630005
188.059998
187.789993
186.210007
188.910004
185.789993
182.130005
185.070007
187.070007
187.389999
189.410004
189.100006
191.880005
191.309998
190.75
184.679993
184.899994
184.070007
174.369995
168.130005
161.649994
166.119995
157.919998
167.289993
158.679993
156.75
159.889999
155.520004
159.149994
154.539993
152.639999
151.119995
145.610001
145.929993
143.5
137.360001
145.970001
146.020004
142.279999
139.149994
136.460007
138.820007
135.360001
141.110001
142.389999
148.600006
143.149994
145.889999
145.320007
142.059998
141.970001
140.539993
140.160004
140.800003
150.830002
151.589996
145.850006
144.460007
149.600006
141.029999
140.520004
136.759995
139.270004
134.5
134.440002
130.839996
127.910004
128.449997
131.059998
135.710007
133.630005
133.190002
132.5
134.539993
134.820007
139.220001
142.940002
147.100006
148.029999
157.020004
148.029999
148.889999
147.880005
153.550003
152.880005
154.75
153.089996
155.710007
155.440002
157.039993
161.380005
159.100006
158.020004
154.009995
150.779999
142.529999
139.279999
140.529999
144.369995
141.410004
142.580002
140.990005
143.520004
145.479996
138.860001
139.110001
139.740005
144.570007
139.960007
142.330002
139.029999
142.520004
142.509995
146.669998
149.610001
148.169998
150.419998
150.899994
152.699997
156.770004
153.889999
154.990005
138.130005
138.880005
138.240005
135.610001
133.320007
131.220001
129.550003
127.489998
125.199997
123.959999
124.139999
121.410004
123.57
112.989998
111.889999
114.940002
114.169998
116.760002
118.589996
117.639999
121.120003
123.339996
124.419998
125.300003
125.349998
123.470001
125.150002
125.580002
125.459999
124.160004
126.93
127.300003
125.800003
127.459999
126.650002
129.779999
130.399994
128.600006
133.5
133.610001
137.660004
135.429993
137.110001
136.080002
135
132.669998
133.669998
133.440002
136.070007
133.759995
133.059998
132.429993
132.139999
136.529999
137.419998
132.119995
129.169998
129.630005
127.989998
128.220001
125.860001
125.629997
123.669998
125.849998
125.089996
130.059998
124.919998
129.289993
126.790001
129.419998
129.699997
131.460007
131.179993
131.729996
130.360001
133.690002
127.220001
124.510002
125.980003
123.760002
120.059998
122.540001
122.139999
123.410004
125.510002
122.889999
125.050003
126.050003
121.769997
118.75
119.610001
118.339996
119.470001
121.339996
120.309998
122.470001
120.260002
121.610001
121.410004
121.589996
131.369995
135.589996
130.5
131.419998
127.739998
127.519997
129
120.050003
119.349998
127.160004
126.879997
113.620003
118.889999
120.360001
122.510002
122.970001
119.849998
117.68
117.019997
118.919998
118.830002
119.379997
125.589996
122.589996
122.010002
122.959999
124.93
124.169998
125.620003
126
132.070007
115.080002
110.010002
113.519997
116.699997
120.040001
114.559998
116.720001
118.989998
125.849998
127.190002
126.059998
123.730003
123.629997
122.349998
