Adjusted
10.853056
10.825559
10.825559
10.697227
10.550562
10.706393
10.669727
10.733893
10.770561
10.788891
10.935555
11.366376
11.595536
11.650537
11.64137
11.549706
11.760534
11.879699
11.733037
11.788034
11.833865
12.072191
11.916361
12.301353
12.28302
12.191358
12.475517
12.521348
12.521348
12.622178
12.732176
12.676821
12.815214
12.538424
12.224733
12.519974
12.20628
12.575331
12.676821
12.649139
12.538424
12.519974
12.676821
12.612236
12.501523
12.492294
12.473841
12.363127
12.575331
12.621463
12.280092
12.040211
11.957173
12.160151
11.957173
12.233961
12.289319
12.363127
12.372355
12.436935
12.326221
12.215508
12.132471
12.197057
12.178603
12.344676
12.270866
12.741401
12.732176
12.575331
12.280092
12.418484
12.040211
11.920268
11.929496
12.067888
12.390808
12.575331
13.055093
13.04587
13.285747
13.387237
13.350331
13.645573
13.682476
13.664023
13.580987
13.70093
13.76551
13.811645
13.55331
13.645573
13.654798
13.52563
13.802417
13.756288
13.626247
13.505494
13.561228
13.468342
13.812017
13.746996
14.164978
14.118535
14.332173
14.434346
14.072095
13.886325
14.387903
14.360039
14.10925
14.164978
14.490079
14.313597
14.657271
14.833752
14.582963
13.997787
14.007074
13.91419
14.183558
13.904902
13.849171
13.858462
13.765575
13.765575
13.932768
14.137116
14.062805
14.545809
15.140275
15.316753
15.474659
15.298177
15.400349
15.502525
15.381773
15.381773
15.186719
15.10312
14.954503
14.98237
14.98237
14.880195
15.112409
15.158851
15.316753
15.158851
14.954503
15.010236
14.759445
14.536519
14.555098
14.536519
14.610829
14.610829
14.23
14.508656
14.443636
14.54647
14.537124
14.639956
14.602561
14.443636
14.088387
13.985552
14.153829
14.032295
14.125781
14.602561
14.658655
14.499729
14.574517
14.939113
14.89237
14.89237
14.873672
14.911068
14.864324
15.154131
15.041949
14.89237
14.948462
16.313362
16.677961
16.612518
16.453592
16.388151
16.33206
16.369453
16.201178
16.425543
16.612518
16.369453
16.210526
16.724701
16.827538
16.921021
16.659264
16.790138
16.911671
16.874279
16.706007
16.892977
16.266617
16.659264
16.547077
16.575121
16.836884
16.715355
16.696659
16.547077
16.593819
16.612518
16.752747
16.229227
16.593819
16.640566
16.490988
16.519032
16.416197
16.378803
15.836579
15.817775
15.827176
16.240961
16.222149
16.240961
16.476065
16.316195
16.269171
16.090496
16.099901
15.620287
15.51684
15.827176
15.827176
15.827176
15.827176
15.723734
15.704927
15.667311
15.798965
16.015263
15.874198
16.165728
16.466661
16.353807
16.400827
16.391424
16.447853
16.626532
16.504274
16.466661
16.259768
16.335001
16.382019
16.363211
16.429043
16.287983
16.579508
16.861633
16.579508
16.504274
16.560703
16.607718
16.48547
16.146914
15.723734
15.751945
15.733134
15.780156
15.817775
15.761348
15.780156
15.883603
16.034067
16.156322
16.222149
16.72057
16.842825
17.745623
17.925253
17.821255
17.726717
17.953615
18.057611
18.029249
17.981977
18.057611
17.972528
17.925253
17.688898
17.811804
18.123793
18.322327
18.568142
18.322327
18.085976
18.445238
17.849617
17.698353
17.94416
18.312876
18.407415
19.088125
19.069216
19.003035
19.248846
18.776133
18.615416
19.078672
19.305574
19.494659
19.65538
19.70265
19.14485
18.936859
18.766682
18.899042
18.048159
18.076523
17.981977
17.830708
17.887436
17.953615
18.095427
18.303421
18.199427
18.312876
17.603813
17.651077
18.029249
18.019794
17.849617
17.925253
17.934706
17.830708
17.953615
18.265606
18.256153
18.407415
18.06707
17.915802
17.669985
19.107031
19.021948
18.879425
19.002945
18.898428
19.040949
19.554026
19.516026
19.268988
19.18347
19.497023
20.352148
20.48517
20.694206
20.73221
20.817724
20.798719
20.798719
20.665705
21.254793
21.23579
21.368807
21.254793
21.340302
21.615847
21.758368
21.606348
21.463825
21.302299
21.283297
21.425819
21.530334
21.653854
21.672859
21.815376
21.606348
22.109924
21.729866
21.710859
21.910393
21.748867
21.710859
21.63485
21.853386
21.767874
21.397314
20.808222
20.675201
20.171623
20.295145
20.133619
20.219133
19.915085
20.038603
20.076611
19.801069
20.095612
19.658543
19.791567
20.038603
19.867577
19.924589
20.095612
21.359308
20.998251
21.045975
20.902803
21.189148
21.160511
21.112793
21.217779
21.599564
21.761827
22.057713
21.885906
21.857271
21.513664
21.72365
21.637747
21.437307
21.351408
21.885906
21.284594
21.045975
21.351408
21.427763
21.570932
21.523209
20.940985
20.645098
20.960073
20.530565
20.750092
20.759636
20.626013
20.005606
19.59519
19.795622
19.661997
19.442476
20.186956
19.919708
18.927059
18.058498
18.459373
18.545271
18.96524
18.974783
19.15613
19.833803
19.557005
19.948341
20.034245
20.081964
20.282402
20.50193
20.368303
21.084152
21.19869
21.07461
21.580475
21.561388
21.408674
21.599564
21.513664
21.465939
21.590021
21.780912
21.456396
21.744015
21.657732
21.696077
21.916588
22.280903
22.271317
22.884905
23.057474
22.760271
22.884905
23.575193
23.393032
24.00662
23.239634
23.412207
22.79862
22.808205
22.683573
22.424715
22.865728
23.450554
23.977858
23.862812
24.351765
24.351765
24.207956
24.150429
24.26548
24.17919
23.891573
23.92992
23.162937
22.290493
22.50141
23.220461
23.239634
22.683573
22.367188
22.069984
22.367188
22.50141
22.654808
23.316332
23.603952
23.115002
23.239634
22.597286
22.415129
22.645222
21.897411
21.916588
22.482243
22.645222
22.971191
23.239634
22.539761
23.277985
23.25881
23.143759
23.220779
23.23041
23.201529
24.000582
24.193127
23.981329
24.414555
24.164244
23.981329
24.11611
24.674488
23.576988
23.365189
23.278545
23.01861
23.1919
22.633526
22.585386
22.883827
23.336308
23.654003
23.307426
23.46146
23.182272
23.220779
23.076374
23.00898
21.786327
21.564905
21.97887
21.92111
21.718939
21.555277
21.439754
21.333851
21.170187
21.545649
21.670801
21.661177
21.497515
21.37236
21.709312
21.064291
20.688829
20.948765
21.459003
21.47826
21.343477
20.987272
19.225496
19.292891
19.264008
19.05221
19.235123
19.138853
18.638239
18.724886
18.83078
18.955935
19.177362
19.148478
19.186989
19.119596
19.446924
19.437296
19.340544
19.263145
19.495346
19.485668
19.340544
19.679173
19.698523
19.475996
19.650146
19.717871
19.698523
19.40827
19.495346
19.224445
19.263145
19.38892
19.137367
18.982565
19.069637
19.176071
18.905167
19.195417
19.079319
19.214769
19.311518
19.446972
19.40827
19.137367
18.585886
18.595562
18.876141
18.972889
18.643938
18.547188
17.94733
17.918303
18.160181
18.682638
18.276281
17.966679
17.289421
17.192671
17.192671
17.250719
16.921766
17.144295
16.805668
16.815342
17.047544
16.979816
16.999168
16.79599
16.602488
16.283209
16.476713
16.302561
16.428337
17.028193
16.776642
16.737938
16.496059
16.099384
16.476713
16.087421
15.999834
15.552147
15.065535
14.69571
14.442671
14.83196
15.513219
15.561879
15.659203
15.075267
15.26018
15.338039
14.977945
15.308841
15.04607
15.143394
15.084999
15.182323
15.493753
15.737062
15.591078
15.503488
15.221251
14.69571
14.218828
14.296686
14.209097
13.985256
14.160435
14.296686
14.277222
14.539992
14.69571
14.83196
14.977945
15.250448
15.230985
15.182323
14.734638
15.026606
15.29911
15.406164
15.386699
15.756525
15.639737
15.77599
15.999834
15.892776
15.834386
16.097157
16.291798
16.320995
16.437784
16.544838
16.41832
16.359924
16.593496
16.359924
16.311264
16.34046
16.087421
16.778412
17.265024
17.4412
17.744608
17.813124
17.793545
17.744608
17.989294
18.05781
18.224194
18.371006
18.772289
18.723351
18.361219
18.625481
18.508028
18.54718
18.625481
18.351429
17.930571
17.666307
18.067595
18.106747
17.676098
17.715248
18.126318
18.361219
18.684204
18.703777
18.596117
18.85059
18.556963
18.273132
18.077381
18.096954
17.353111
16.844164
16.433094
16.325434
16.393942
15.855635
16.452667
15.738187
16.100321
16.02202
16.452667
16.687567
16.550541
16.98119
16.726715
16.325434
17.274811
17.274811
16.687567
16.922466
17.206301
16.452667
15.84585
15.757761
15.650099
15.30754
15.718612
16.364582
16.775656
16.805016
17.989294
18.194832
18.21451
18.39164
18.588446
18.69669
18.568768
19.060783
19.178867
19.139507
19.080463
19.129665
18.480202
18.863977
19.257589
19.720089
19.592163
19.582323
19.729927
19.956257
20.162907
20.399071
20.448275
19.956257
19.828333
19.877535
20.261309
20.704126
20.84189
21.07806
20.832048
20.615562
20.723806
20.467955
20.458118
20.605721
20.595881
20.969812
21.1371
21.12726
21.215824
20.86157
20.802528
20.615562
20.763166
20.605721
20.930452
21.07806
20.477797
20.143225
19.985777
19.779131
19.533121
19.533121
19.552803
19.572479
19.661045
19.690565
19.316633
19.296955
19.533121
19.326473
19.602005
19.592163
22.298264
22.534431
23.216396
23.384413
23.4536
24.155327
24.135563
24.096025
24.234398
24.105913
23.888474
23.888474
23.947773
24.135563
23.789639
23.661156
23.463482
23.42395
23.414064
23.157095
23.354763
23.552437
23.690804
24.234398
22.959423
22.030373
22.6728
23.285578
23.690804
23.611736
23.562319
23.720455
24.007078
24.639624
24.857058
25.114031
25.608206
25.795996
26.033199
26.290171
26.082615
26.339588
25.924479
26.062851
26.181452
26.497725
26.586676
26.309937
25.983784
25.964014
25.667507
25.894831
26.062851
26.497725
26.517492
26.477959
26.102383
26.507608
26.863415
27.150036
26.902948
26.972132
27.357592
29.294762
28.810471
29.703049
29.455111
29.405521
29.722883
29.802223
29.742718
29.593954
30.040245
29.772472
29.7328
29.663378
29.544369
28.622036
29.346016
29.137747
29.187336
29.901398
29.802223
30.050163
30.139421
30.317934
30.040245
29.415438
29.107996
29.395603
29.49478
29.336098
29.901398
29.673296
29.365852
29.69313
29.643543
29.504698
29.137747
28.403851
28.403851
27.630281
27.838549
27.570774
27.788963
28.086487
28.145992
28.195581
28.909643
28.622036
28.61212
28.622036
28.423685
28.840221
28.661705
28.354263
28.036901
27.987314
29.088161
29.266676
28.889811
27.947641
28.582365
28.750965
29.365852
29.772472
30.476618
30.486534
31.091505
31.509375
31.718309
31.718309
31.678513
31.996891
32.036686
29.947338
31.280542
31.370085
31.449678
32.345112
32.544098
32.185925
31.837702
31.867548
31.976992
32.892326
32.345112
32.275467
32.444607
32.414761
32.842575
32.733135
33.160957
32.733135
32.494354
32.106335
