Adjusted
2.53
2.49
2.59
2.67
2.67
2.63
2.62
2.67
2.64
2.68
2.72
2.74
2.46
2.45
2.73
2.79
2.85
2.82
2.74
2.65
2.6
2.6
2.52
2.6
2.6
2.57
2.59
2.67
2.77
2.75
2.75
2.71
2.82
2.7
2.6
2.61
2.53
2.46
2.53
2.49
2.42
2.4
2.43
2.43
2.55
2.56
2.59
2.61
2.6
2.63
2.6
2.65
2.67
2.75
2.64
2.54
2.51
2.54
2.55
2.55
2.44
2.39
2.32
2.33
2.29
2.59
2.63
2.61
2.52
2.48
2.4
2.44
2.4
2.51
2.47
2.46
2.53
2.61
2.68
2.64
2.68
2.82
3.22
3.41
3.6
3.61
3.54
3.83
3.86
3.95
4.17
4.26
4.38
3.83
4.07
4.1
4.02
3.96
4.01
4.05
4.05
3.98
4.04
4
3.96
4.01
3.91
3.94
3.91
4.06
3.96
3.9
3.95
3.94
4.05
4.09
4.07
3.87
4
4.05
4.15
4.14
4.08
4.08
4.1
3.97
4.06
4.07
4
4.05
3.98
4.45
4.32
4.4
4.43
4.38
4.64
4.03
3.9
3.66
3.63
3.7
3.82
3.75
3.82
3.77
3.81
3.8
3.82
3.72
3.69
3.71
3.65
3.65
3.69
3.82
3.69
3.66
3.6
3.63
3.61
3.63
3.65
3.58
3.39
3.42
3.38
3.27
3.27
3.31
3.41
3.57
3.69
3.87
3.82
3.75
3.83
3.82
3.85
3.93
3.95
3.83
3.79
3.8
3.91
3.89
3.86
3.81
3.86
3.9
3.9
3.91
3.86
3.72
3.65
3.79
3.83
3.97
4.02
4.09
4.09
3.53
3.37
3.18
3.14
3.23
3.34
3.32
3.33
3.3
3.34
3.31
3.32
3.33
3.32
3.28
3.27
3.34
3.44
3.54
3.52
3.5
3.47
3.42
3.42
3.37
3.34
3.39
3.45
3.56
3.64
3.66
3.62
3.57
3.64
3.66
3.63
3.72
3.68
3.69
3.69
3.59
3.65
3.65
3.65
3.69
3.75
3.77
3.8
3.78
3.85
3.87
3.95
4
4.13
4.18
4.18
4.09
4.17
4.13
4.3
4.47
4.38
4.18
4.17
3.67
3.62
3.47
3.41
3.54
3.48
3.48
3.43
3.33
3.37
3.31
3.41
3.47
3.63
3.7
3.69
3.7
3.69
3.7
3.72
3.69
3.69
3.71
3.69
3.7
3.71
3.71
3.67
3.7
3.71
3.73
3.95
3.81
3.85
3.91
3.86
3.85
3.8
3.89
3.98
4.05
4.04
4.05
4.05
4.05
3.91
3.88
4.01
4.07
4.06
4
4.01
3.88
3.99
3.98
3.85
3.65
3.71
3.79
3.76
3.69
4.12
4.3
4.25
4.28
4.05
3.96
4.03
4.09
4.2
4.12
4.09
4.01
3.97
3.93
3.87
3.97
4.03
3.98
3.96
4.02
4.09
4.05
4.1
4.01
4.02
4.04
4
4.03
4
3.97
3.94
4.04
4.08
4.06
4.07
4.2
4.29
4.29
4.28
4.44
4.47
4.4
4.36
4.1
4.01
3.94
3.96
4.03
4.11
4.19
4.22
4.34
4.24
4.26
4.22
4.23
4.29
4.37
4.64
4.53
4.66
4.57
3.83
3.78
3.8
3.76
3.73
3.76
3.73
3.79
3.82
3.91
3.97
4
4.08
4.12
4.1
4.12
4.14
4.08
4.11
4.08
4.13
4.21
4.27
4.28
4.24
4.25
4.18
4.19
4.16
4.14
4.17
4.16
4.19
4.15
4.15
4.13
4.08
4.08
4.08
3.96
3.91
3.81
3.82
3.88
3.81
3.76
3.69
3.7
3.63
3.6
3.55
3.41
3.35
3.39
3.4
3.36
3.28
3.28
2.95
2.72
2.74
2.62
2.61
2.64
2.72
2.67
2.77
2.64
2.69
2.68
2.66
2.72
2.77
2.75
2.8
2.87
2.83
2.8
2.76
2.78
2.76
2.73
2.71
2.66
2.61
2.67
2.65
2.63
2.69
2.77
2.83
2.83
2.84
2.79
2.67
2.68
2.74
2.69
2.66
2.58
2.59
2.48
2.49
2.52
2.47
2.5
2.55
2.55
2.57
2.66
2.67
2.65
2.65
2.66
2.63
2.67
2.67
2.66
2.63
2.58
2.61
2.63
2.63
2.66
2.63
2.52
2.39
2.24
2.45
2.47
2.45
2.61
2.7
2.63
2.61
2.57
2.67
2.76
2.85
3.31
3.03
3.04
3.04
3.07
3.12
3.15
3.11
3.08
3.06
3.06
3.06
3.11
3.1
3.08
3.11
3.21
3.14
3.05
2.98
2.92
2.93
2.92
2.84
2.76
2.75
2.76
2.77
2.75
2.74
2.8
2.84
2.79
2.63
2.65
2.72
2.7
2.68
2.69
2.69
2.7
2.7
2.71
2.72
2.76
2.78
2.67
2.7
2.87
2.58
2.49
2.35
2.28
2.33
2.3
2.34
2.31
2.28
2.26
2.31
2.31
2.28
2.29
2.32
2.31
2.32
2.35
2.37
2.33
2.32
2.35
2.28
2.32
2.28
2.28
2.22
2.28
2.27
2.28
2.25
2.3
2.28
2.33
2.33
2.31
2.29
2.32
2.32
2.31
2.32
2.35
2.47
2.52
2.58
2.62
2.61
2.62
2.58
2.47
2.34
2.4
2.42
2.53
2.47
2.09
2.01
1.98
1.96
1.96
2.05
1.96
1.87
1.79
1.8
1.8
1.79
1.76
1.67
1.62
1.77
1.96
1.93
1.93
2.2
2.13
2.16
2.11
2.09
1.93
1.9
1.9
1.79
1.84
1.8
1.8
1.8
1.7
1.78
1.75
1.66
1.72
1.78
1.85
1.81
1.71
1.77
1.79
1.82
1.88
1.85
1.84
2.01
1.82
1.86
1.89
1.89
1.87
1.81
1.73
1.7
1.72
1.71
1.66
1.67
1.72
1.74
1.83
1.8
1.83
1.86
1.93
1.96
1.87
1.92
1.95
1.97
1.94
2.01
2.02
2.1
2.14
2.21
2.15
2.15
2.18
2.13
2.12
2.19
2.28
2.2
2.2
2.15
2.11
2.02
2.07
2
1.99
1.99
1.98
2.12
2.14
2.22
2.22
2.34
2.38
2.33
2.36
2.34
2.27
2.23
2.28
2.36
2.39
2.35
2.45
2.36
2.34
2.36
2.54
2.56
2.45
2.53
2.77
2.83
2.92
3
3
2.98
2.87
2.77
2.75
2.51
2.28
2.14
2.34
2.39
2.25
2.21
2.03
1.95
1.8
2.09
2.02
2.12
2.07
2.13
2.08
2.2
2.14
1.99
2.07
2.09
1.98
1.93
1.9
1.84
1.86
1.83
1.83
1.9
1.91
1.91
2.01
1.97
2.02
2.03
2.07
2.14
2.18
2.32
2.46
2.37
2.47
2.3
2.26
2.26
2.52
2.72
2.49
2.63
2.8
2.93
2.8
2.79
2.68
2.79
2.78
2.86
2.86
2.85
2.83
2.83
2.76
2.8
2.64
2.74
2.76
2.81
2.8
2.72
2.7
2.76
2.62
2.7
2.62
3.99
3.45
3.66
3.73
3.61
3.55
3.74
3.6
3.6
3.66
3.68
3.65
3.64
3.65
3.59
3.67
3.79
3.79
3.84
3.77
3.87
4.04
4.2
4.18
4.35
4.6
4.57
4.43
4.24
4.16
4.47
4.51
4.46
4.52
4.32
4.4
4.39
4.42
4.75
5.26
5.1
5.45
5.02
5.21
4.88
4.72
5.12
5.13
5.14
5.07
4.96
5.04
5.02
5.1
5.01
5.14
5.09
5.17
5.14
5.51
5.41
5.41
5.22
5.84
6.7
6.98
6.85
6.82
6.86
6.64
6.26
6.3
6.47
6.61
6.68
6.6
6.49
6.58
6.73
6.95
6.78
6.68
7.04
7.62
7.58
7.67
7.43
7.47
7.67
7.59
7.49
7.4
7.35
7.51
7.34
6.84
6.23
5.9
5.94
5.74
6.04
6.02
6.05
6.16
6.17
6.29
6.37
6.55
6.32
6.54
6.59
6.67
6.91
6.95
6.97
6.78
6.96
6.75
6.84
6.5
6.62
6.49
6.75
6.67
6.73
6.77
6.96
6.52
7.01
7.5
7.29
7.11
7.2
7.23
7.09
6.76
6.7
6.56
6.96
7
6.94
6.3
6.69
6.79
6.97
7.67
8.46
8.71
8.94
8.69
8.8
8.77
8.83
8.93
8.91
8.39
8.53
8.68
9.45
9.56
10.34
10.34
10.68
10.54
10.55
10.86
10.66
10.95
11.51
11.47
11.6
11.58
12.07
11.55
11.59
11.34
