Adjusted
134.504059
133.566483
136.748291
136.947784
136.798157
137.795593
138.394058
139.291733
139.45134
140.309143
139.68074
140.787903
142.054642
142.73291
142.812683
144.10936
144.558197
144.697861
146.124176
144.229065
143.560776
144.239029
142.702988
144.568192
145.266373
145.874817
146.074295
145.196564
145.376099
146.094254
146.962021
146.13414
148.238739
145.046951
142.762833
145.994507
142.094543
143.191711
145.665344
145.854858
145.645416
146.652817
148.76738
149.625168
149.804718
150.782196
150.403168
149.65509
154.093689
154.781906
154.013885
153.345612
151.470428
153.555069
150.054062
151.101379
151.151245
151.171188
150.941788
153.176041
151.659943
151.98909
149.206253
149.216232
147.361008
149.95433
150.622604
153.575012
155.111053
153.36554
147.640289
147.660217
145.336212
143.690445
145.435944
146.413437
148.64769
147.171494
150.522858
149.086563
151.420547
155.280624
150.333359
151.999069
153.215942
155.410294
156.327927
156.337921
156.876526
160.078293
160.626877
164.287476
164.95575
163.708954
166.791016
166.810989
166.781052
163.599228
162.20282
161.564468
166.062897
164.466995
166.870834
163.579285
162.641693
163.309967
159.180603
162.651672
165.753693
168.067749
165.48439
164.457031
169.414291
165.424545
168.287186
169.60379
167.578995
161.055771
159.330215
154.362976
156.178329
157.275482
160.586975
163.51944
161.72406
162.671616
161.574448
165.06546
165.095398
165.983109
165.314819
170.511444
172.017593
175.119614
173.663345
174.531113
176.027252
174.770493
175.688141
174.830338
173.84288
173.483795
173.972549
172.127304
178.600647
179.88736
185.103928
185.263504
185.522842
183.747421
179.737717
179.857422
178.470978
177.623154
180.415985
179.657928
175.598373
175.299133
174.331635
176.655655
174.780472
177.393753
178.451035
177.094513
172.197128
173.763092
174.221909
173.872818
175.209381
177.643127
177.363846
176.376373
179.51828
182.839737
183.138977
182.889618
183.966858
184.904434
185.961716
187.737152
186.719757
185.981674
183.777328
183.827209
182.949463
184.345886
183.468124
182.171463
184.525406
185.363251
185.502899
188.016434
184.814667
182.201385
183.03923
186.879364
188.205948
188.594955
187.248398
189.173462
194.908707
198.040649
198.788727
199.536804
200.085403
200.803543
202.020416
201.322205
201.810959
198.519424
196.933502
197.821228
197.79129
192.704361
199.437057
194.599503
201.990479
200.574127
200.24498
202.409409
201.431931
201.13269
199.407135
197.302551
198.429657
199.905853
200.584106
200.374649
200.165176
200.484375
199.736282
200.264923
199.207642
198.160339
197.56189
202.499191
204.573853
202.269775
198.4496
199.307404
201.431931
203.337036
203.177429
208.872803
207.635971
210.319077
213.341293
213.460983
214.229019
214.328766
214.428497
216.323624
212.832611
213.810089
212.912415
215.485779
215.376053
214.727722
213.879898
208.384048
210.867661
213.231583
212.383759
211.426224
210.418823
211.456146
207.785599
199.955734
196.155502
199.576691
196.005875
198.748825
198.728882
187.208511
193.083405
187.088821
188.146103
186.171173
186.530258
190.360413
194.260376
193.602066
190.091095
189.382904
186.939209
188.814377
185.732315
189.522552
188.176025
186.370667
186.909271
187.567581
187.018997
193.123291
194.120728
194.958572
195.94603
196.514587
193.362671
194.370087
187.747116
184.585251
187.15863
187.567581
187.358124
191.547348
189.223328
187.148666
184.814667
182.610352
181.473251
190.490067
199.536804
204.72345
203.546494
200.42453
193.901291
190.33049
190.699524
191.796707
181.563034
178.840042
180.675308
181.513153
184.47554
186.161209
184.784729
185.861969
185.433075
185.213654
182.021866
179.308838
194.609467
197.691559
195.367523
196.454742
195.197952
192.145813
195.537079
191.706924
191.188278
195.178009
192.844025
189.971405
185.413132
184.555328
188.016434
183.897018
185.782166
189.343018
189.362976
190.250702
186.051483
189.163467
188.11618
189.891617
190.210785
193.252975
198.040649
201.062881
200.504318
199.656494
198.748825
197.43222
196.464706
200.404556
203.067719
202.349564
201.212494
202.858261
202.858261
201.042923
203.456711
200.035522
201.930634
204.873077
204.753387
205.242126
208.124725
206.119858
205.172302
204.992783
202.299698
203.386902
204.24469
204.533951
205.012711
201.721191
205.002747
204.693542
206.678436
206.139816
206.279465
204.613754
205.890457
203.556473
204.942902
198.738846
195.078262
196.374939
193.033524
194.280319
193.661911
196.085663
196.963425
196.424805
197.362396
198.349854
197.472107
200.175171
199.506882
199.676437
200.284882
200.324768
203.726028
212.682983
210.757935
209.740555
210.608322
210.608322
210.997314
210.259232
210.638245
210.678146
207.177155
206.199661
204.982788
205.25209
203.536514
204.384338
206.409134
208.962555
208.00502
204.833176
202.44931
203.955429
199.865952
201.471832
200.30484
199.846008
194.898727
196.285156
198.260086
198.230179
194.679291
199.068008
192.754242
189.891617
184.884491
184.495483
180.645386
180.794998
184.675034
185.203659
190.908981
186.211075
189.79187
191.088531
193.123291
196.624298
196.48465
196.454742
199.277451
192.674454
191.457581
190.739426
194.699249
196.195389
195.656784
198.559326
199.716339
198.499466
196.434784
194.958572
197.25267
197.442184
198.419678
200.42453
202.798416
203.037796
202.648788
203.067719
201.421967
201.611481
203.10762
202.32962
205.471542
205.760788
205.56131
201.461838
203.297134
194.300278
192.764206
189.043777
202.020416
211.585815
210.618301
213.211624
213.520844
213.251541
213.211624
213.640533
212.782745
211.695526
209.890167
202.279755
197.920944
202.778473
204.84314
204.813232
201.072845
200.653931
197.531952
193.871368
194.888748
197.282593
201.91069
210.049759
206.010147
209.710648
204.324493
205.082535
204.583817
204.992783
206.688416
210.418823
208.982513
212.393738
213.899857
214.199097
212.702942
212.43364
214.009567
215.216476
216.772476
216.074265
217.011856
217.749969
215.29628
217.56044
217.869644
218.488068
215.864807
217.430786
216.483215
212.204224
215.256363
213.840012
214.009567
208.374069
208.723175
213.271484
210.319077
213.311386
212.264069
215.864807
212.892441
218.727432
218.667587
216.55304
213.341293
214.588089
213.371231
216.054321
214.229019
213.939758
213.690399
214.588089
213.620575
215.186554
218.138947
217.14151
218.537933
219.29599
218.946884
219.365799
217.460709
219.435623
219.675018
220.472961
221.610031
221.779602
222.118713
227.435043
224.821762
225.549896
225.86908
226.208206
223.136124
220.353271
220.971664
222.896729
222.467819
220.43306
220.393158
222.796982
221.829468
224.223312
223.764481
225.130981
224.881622
224.303101
222.058868
224.273193
224.462692
223.086243
222.517685
224.163467
225.490051
222.447876
221.580093
219.645096
217.91951
223.285721
223.574966
221.08139
220.66246
223.245819
222.737137
224.462692
224.552475
227.315353
227.335312
225.839142
225.310501
226.178284
218.707504
218.039215
219.505447
218.687546
215.196518
215.096786
208.264359
210.089661
213.271484
215.964554
216.104202
216.174011
219.425659
218.238708
217.680145
217.341003
218.128983
215.695251
213.141815
209.620865
207.486359
209.870224
208.713211
207.366653
208.214478
210.478668
211.53595
209.092224
208.483795
211.286575
206.967682
202.808395
203.007874
205.02269
205.192261
204.384338
201.252396
196.345016
190.230728
182.26123
179.129288
184.23616
188.584976
186.999054
185.961716
178.750259
178.371246
177.114487
172.805557
180.166626
177.154358
176.486084
175.558456
174.191986
177.303986
180.386063
179.059479
174.760529
175.568451
171.409149
169.444199
169.573853
170.152374
165.225052
166.182587
170.551361
169.922958
170.072586
173.882782
173.623459
176.615753
176.59581
176.615753
174.68074
170.571289
170.162354
175.1595
176.246704
172.486359
172.685867
168.317093
176.426239
181.243866
180.555634
178.111923
182.829773
179.408554
179.797562
184.585251
186.27092
186.171173
186.829483
188.485229
177.413696
176.59581
176.326492
170.850571
167.10022
171.628586
170.012741
175.887619
176.256683
174.810394
174.371521
175.089661
175.728027
176.23674
176.775345
179.408554
175.27919
170.212219
175.069733
172.157227
168.616333
166.172623
165.434509
152.368103
143.640564
151.849457
158.671906
157.325363
153.355576
153.834335
157.514877
162.232742
162.681595
162.831207
162.242722
160.327652
159.350143
155.589844
154.333069
147.550507
138.643417
133.885651
135.491516
136.020157
130.823532
131.481842
127.871117
128.28006
126.245308
127.113075
134.184875
127.851166
131.062897
130.763687
128.449631
133.845749
131.860855
122.285484
122.085999
128.329941
124.42997
120.051231
119.632317
120.679619
117.497803
124.100815
126.295174
130.264969
128.868546
129.207672
134.643707
128.838638
128.599243
129.965744
136.57872
138.334213
143.81012
144.817535
149.625168
152.826935
151.191147
146.952057
147.889648
145.525711
153.265823
151.231033
147.869675
152.52771
159.529694
159.589554
161.963455
161.075729
158.572159
157.026123
156.128448
159.918701
162.631729
161.983383
163.469559
160.207947
158.831497
160.287735
155.599808
156.876526
158.73175
163.728882
170.052628
171.379227
169.553925
169.813248
172.237
174.730591
174.461304
177.294006
174.481232
177.004761
178.550766
173.324234
169.883072
171.409149
165.813553
162.033264
162.20282
163.190277
161.524567
167.150101
164.995636
167.908142
162.50206
163.449615
162.093109
164.796158
161.335052
164.925827
164.466995
170.222198
171.199692
169.863129
172.037521
173.07486
172.276917
171.887909
171.080002
175.029816
171.289444
170.50148
166.08284
159.270355
156.58728
153.77449
153.445343
151.600098
151.330795
152.836899
152.816971
153.973984
159.150665
140.738037
132.389496
136.189728
139.660812
140.408875
138.114792
133.845749
132.110214
134.01532
138.493805
139.610931
143.371262
142.55336
143.860001
144.268951
146.044388
145.605499
146.233902
145.565613
145.356155
144.029556
144.568192
145.465866
145.944641
146.403458
144.119339
140.668213
143.261551
141.855164
145.904739
144.448502
143.660507
143.101959
143.441086
142.762833
143.51091
140.897614
141.436249
141.386368
141.366409
140.358994
143.281479
140.847763
139.97998
142.124466
142.004761
143.381241
141.685593
139.45134
140.089691
141.446213
147.33107
147.151535
143.640564
147.301147
144.388641
143.540817
146.363571
144.179184
144.817535
142.483536
144.258972
146.91214
144.059479
140.797882
141.35643
143.291473
140.249298
144.328796
146.024429
146.692734
152.398041
154.043808
152.667343
150.881943
146.263809
145.435944
142.264114
141.974854
139.461319
141.027283
141.416275
140.618332
141.007324
142.343903
141.406311
140.618332
138.563614
137.486389
132.319687
133.995377
131.232483
132.519165
131.950623
132.688736
131.412018
138.962601
147.351028
143.959747
143.072021
142.413712
142.563339
142.234192
140.269241
143.181747
145.00705
146.822388
148.208817
146.054352
144.628036
147.720078
148.059204
146.702698
149.60524
153.205978
157.405167
160.966019
160.696701
157.973709
160.317673
154.422836
151.001633
148.10907
145.874817
146.602936
146.922119
145.505768
143.610626
144.677887
143.301437
143.560776
144.927261
