Adjusted
31.781244
32.00518
32.641167
32.856144
32.220161
32.426186
32.291813
32.121635
32.211197
32.211197
32.112659
32.229118
32.18433
32.067883
32.238071
32.193279
32.247028
32.255989
32.372437
34.432659
34.495365
34.674515
34.369953
34.719307
35.104473
35.023857
35.158226
35.122395
35.319466
35.48069
35.552349
35.588169
35.892735
35.507565
35.211975
35.471745
34.755142
35.668797
36.474979
36.591427
36.618298
37.087185
37.691326
37.601154
37.67329
38.015938
38.439747
38.665169
38.782391
39.29636
39.016838
39.13406
38.683205
38.863537
38.556961
38.728287
38.638126
38.692211
38.584019
38.836491
38.223331
38.052006
37.48394
37.709366
37.429821
38.286446
38.836491
38.881584
39.152088
38.602055
37.195385
37.565086
36.771591
36.185482
36.798637
36.87077
37.231457
38.097103
37.465897
37.375725
37.610168
37.375725
36.69043
37.240471
38.223331
38.358585
38.791409
39.19717
38.692211
39.170116
38.656147
39.23325
39.999699
39.846401
39.927559
40.089867
39.936573
39.152088
39.386539
39.368496
40.008713
39.46769
39.684093
39.224228
39.269611
39.124374
38.398163
38.842972
39.387627
39.532867
39.006363
38.75219
39.215153
39.069904
39.433006
40.041214
39.396702
38.007828
37.826279
37.290703
38.207527
38.271076
38.788502
38.815735
39.505634
39.378551
39.523785
40.340759
40.785568
40.849106
40.304462
40.622166
40.57679
40.631252
39.995823
40.168293
40.849106
40.658482
40.304462
40.504166
39.877819
40.122906
40.077515
40.086601
40.25
40.604012
41.847649
41.51178
41.239449
40.594944
40.722027
41.666096
41.629787
41.312069
41.893032
41.094204
39.995823
40.186451
40.213676
40.259064
39.905041
40.313538
40.150143
40.34985
39.196991
39.269611
39.587334
39.075584
39.194378
39.294899
39.441124
39.276627
40.035107
40.894119
40.921524
40.172184
40.336678
40.446331
40.373226
40.610821
40.455475
40.336678
39.925446
39.989422
39.724407
40.108208
39.815788
39.770103
39.550781
39.212662
39.130413
39.340599
39.020756
38.636944
38.636944
39.633015
39.358871
39.431984
39.139553
39.559917
40.309265
40.793594
40.20874
40.290977
40.007694
40.254425
43.62648
43.717869
43.21526
43.169567
43.059902
43.288361
43.45285
42.904552
42.941101
42.191753
43.471127
43.224396
43.324913
43.727001
43.836666
44.119949
44.119949
43.900639
43.955452
44.887569
45.116028
44.741364
44.531166
44.851017
44.686531
45.375996
45.072624
45.127777
44.631371
45.651779
45.348419
45.054241
44.245266
44.18092
44.732494
45.100208
45.146175
45.624199
45.348419
45.578243
45.651779
45.86322
46.561882
46.405594
46.157383
46.138996
45.60582
45.550671
45.440346
45.615005
45.467926
45.854027
46.773315
46.29528
47.131828
47.122635
47.095058
47.021515
47.168602
47.931599
47.104256
45.164555
44.962311
45.293259
44.980705
45.70694
45.293259
43.951099
43.73967
43.197285
43.73967
44.024647
45.100208
45.265682
45.284058
45.458725
45.412773
45.523083
45.265682
45.320839
44.943928
44.851997
44.897964
45.513885
45.146175
45.798866
45.678661
47.888611
47.213615
47.241348
47.675945
47.352314
46.769779
46.852989
46.492367
46.677303
46.677303
47.102642
46.742023
47.037918
47.296825
46.760521
46.668056
45.808113
45.81736
46.214962
46.852989
47.259846
47.759167
47.833145
47.278328
46.686554
46.843746
47.343067
45.465981
44.966663
45.456734
45.81736
46.455383
46.862232
47.139641
47.86087
45.734135
45.318039
44.957413
44.920433
44.837208
44.994408
44.827965
44.74474
44.800217
44.291653
45.179333
45.040634
44.957413
45.271805
44.772488
44.495087
43.857063
43.607399
43.746101
43.145058
43.468693
44.606037
44.569057
44.94817
45.142349
45.502964
46.88073
46.498981
46.024117
46.089294
46.201023
46.331375
46.629333
46.722443
46.266209
46.070679
46.312763
46.750374
47.12281
47.364899
47.476624
47.849064
47.411457
47.458008
47.32766
47.867695
47.932869
47.718712
47.83976
47.485939
47.942177
47.364899
47.560436
47.383514
47.346275
47.011078
47.467319
47.383514
47.523178
47.187996
47.467319
47.141438
47.039013
47.113499
47.39283
45.847218
45.577194
44.720585
44.552986
43.957081
44.050186
44.441254
44.096745
43.957081
43.891907
44.292282
44.469185
44.53437
44.674026
44.739204
44.580921
45.046467
45.716858
45.428215
45.186131
44.69265
44.850937
44.711277
44.599545
44.795071
45.142101
45.160858
45.432854
45.648575
45.845543
45.73299
45.479755
45.310932
45.686089
45.26403
45.423477
45.207764
44.738796
44.935764
44.823212
44.757553
43.885288
44.044735
43.31316
43.528877
42.628471
41.878136
41.230972
41.043388
41.193459
41.334145
40.283669
40.865189
39.992916
39.355137
38.71735
39.242588
39.186302
39.917892
40.452499
40.733875
41.878136
41.324764
41.437317
43.49136
42.440887
43.134956
42.581581
43.153709
43.941559
43.669567
43.716465
44.016594
44.429283
44.77631
45.05769
44.982647
45.11396
45.104584
44.58873
44.813831
44.992031
44.963898
44.898243
45.273411
46.098785
46.004997
46.136299
46.436424
46.4081
47.154324
47.551048
46.870949
47.078754
46.663132
46.984299
47.059868
47.43771
47.352692
47.721081
47.352692
47.428257
48.250061
49.090752
48.967957
49.336346
49.26078
49.704742
49.751965
49.723637
49.005741
48.920731
48.316185
48.797928
49.279663
50.743797
50.082584
50.432079
50.403744
50.564323
49.487488
49.799198
50.63044
50.158154
50.904381
49.666958
50.044796
49.478031
49.024632
49.836987
49.374134
48.363415
48.958511
48.646793
49.440258
49.496929
49.100204
50.365959
50.243156
50.677677
50.809925
50.99884
51.083855
50.819363
51.083855
51.471142
51.612827
51.414463
51.291668
50.583214
51.277309
50.640259
50.61174
50.393055
49.679951
49.832073
49.109463
49.147491
49.756016
49.451748
50.098301
49.660931
50.231422
50.393055
50.858952
50.678295
50.364532
49.832073
49.584866
49.784534
51.020592
50.307484
50.374039
50.393055
50.77338
50.687809
51.210751
51.077641
51.381901
51.277309
50.459614
49.898632
49.337654
48.557987
48.900272
48.966835
49.233063
48.976341
49.35667
49.404209
49.290115
51.923859
52.855656
53.397621
53.854008
54.072689
54.880886
54.86187
55.33728
55.441864
55.394325
56.887104
57.533649
57.543163
57.248409
57.999557
58.028072
58.912331
59.501839
59.026432
60.072323
59.720524
58.864788
59.19001
58.128265
58.482182
57.927391
58.15696
58.051735
58.568264
59.352623
59.4674
59.390881
58.415226
59.113487
59.735237
59.897842
59.524796
59.649147
59.44828
58.970009
58.730881
59.496105
58.367397
58.290871
59.505669
59.4674
58.903053
59.256969
58.051735
57.99435
58.922184
59.668278
60.328278
60.758724
60.223061
59.132622
59.333492
58.88393
59.209148
58.558704
57.49696
57.190868
58.47261
58.214359
58.922184
58.204784
57.908264
57.688267
58.702183
59.180447
60.299591
61.839603
61.495247
60.911766
60.921333
61.189163
61.68655
61.007416
60.768284
59.304794
57.630871
54.742153
53.479534
55.49781
56.540424
56.980431
55.902428
54.189159
55.324913
55.825424
55.286419
56.89381
56.335552
56.682049
56.508797
56.479923
57.009308
57.952557
58.02956
56.941929
56.528053
55.142048
55.113163
54.689663
54.603035
53.582775
53.505775
54.449039
55.969807
57.249928
57.115181
56.412552
56.585808
56.932304
57.375057
57.259563
57.028557
56.431801
57.115181
57.625313
57.923679
58.49157
58.145065
60.49358
61.51384
61.196217
60.782333
61.850719
62.736214
62.5341
63.2271
62.668846
62.043221
62.399342
62.649597
62.899853
61.610092
62.793972
60.522457
60.031578
60.96521
61.196217
62.92873
63.525475
63.477345
63.246353
63.631359
63.689114
63.689114
63.843971
64.056908
63.214821
61.946854
63.456802
63.001877
62.169472
61.579037
61.656475
60.920849
60.804703
61.26931
62.48888
61.046684
60.069088
60.882141
61.046684
61.888771
62.004917
61.937172
61.549999
61.308022
60.649837
59.236671
59.691597
58.994698
57.2234
57.775108
57.794472
57.978382
56.787838
58.007416
57.049175
57.078217
57.12661
57.000782
58.791428
56.294201
57.697681
57.784798
57.446026
58.936619
59.072124
57.939667
61.695194
62.304974
61.172516
59.362503
60.872456
61.017647
60.282028
61.92749
62.750221
62.140434
62.121071
62.517918
62.943798
61.937172
62.701824
64.11499
64.318237
63.383854
65.009323
65.651726
66.420654
66.050797
66.128662
66.362267
67.257729
67.773598
67.98774
67.384277
67.170143
67.355064
67.939079
68.581474
69.077881
69.535355
69.447746
69.097336
69.369888
70.498962
70.469757
70.187485
70.917496
70.878563
70.138817
71.073219
69.66188
69.807884
69.457481
69.700821
70.382149
70.090157
70.654686
71.433357
71.433357
71.073219
70.86882
71.559891
70.849358
70.80069
72.484566
71.482033
70.674149
72.367767
73.165909
72.007637
72.085503
72.873901
73.185371
74.411774
73.779114
74.333916
73.564972
74.694038
73.311897
72.455368
72.630562
71.355484
71.49176
72.513763
72.912842
72.387238
73.08213
72.798302
72.582985
73.679161
74.139168
74.383842
74.403419
74.834061
74.941719
75.470245
74.100014
74.266403
74.051086
74.276192
73.444267
74.599167
74.706825
74.736191
75.480034
72.054459
69.597839
70.468918
71.271469
73.160431
71.075729
69.617401
70.29274
70.635292
71.741264
71.437859
71.408493
71.623825
71.799988
71.966377
72.240417
71.35955
71.8685
70.821259
71.056152
70.723389
74.745987
76.879623
76.488129
76.233658
76.488129
76.194511
75.597481
75.744286
76.791542
77.046005
77.055801
77.01664
76.634941
76.527283
76.507698
75.656204
75.646423
75.313644
75.803017
75.519188
76.49791
75.724716
76.243446
75.294075
75.724716
75.851944
75.793228
75.695351
76.885941
76.856415
77.072891
76.37429
74.121033
75.065628
74.396545
74.307976
75.606796
75.183708
76.207008
76.37429
76.895775
77.574699
76.994179
76.21685
76.531715
77.053215
75.813438
76.541557
76.787544
74.534294
74.829483
75.961021
75.173866
74.986908
74.347343
74.858994
74.504776
75.223053
75.282097
75.213226
75.419853
74.711403
74.288307
74.681885
74.55397
69.821167
69.230797
67.508888
68.669945
68.079575
67.882782
69.319351
69.54567
70.460739
70.116356
69.899887
69.152077
68.4338
69.614532
70.027802
70.234428
70.785446
69.447266
69.122566
70.52961
70.076996
70.559128
71.405327
71.779228
70.903519
70.037636
70.56897
71.954422
72.449226
72.548187
72.914345
71.865364
71.954422
71.796089
71.034088
70.984612
71.192421
70.539276
70.776787
70.826271
70.628349
70.687721
70.945023
70.054382
69.886139
69.490295
