Adjusted
40.361053
40.305157
40.826862
40.534958
41.047348
40.795815
41.615646
42.128033
42.103195
42.109402
42.100082
42.196362
41.423103
41.423103
41.221256
41.267838
41.7616
42.236725
42.826756
42.643536
42.506897
43.404358
43.08762
43.516151
43.649685
43.360889
43.537895
43.525467
44.174507
44.267662
44.851482
44.89185
45.363873
44.432255
43.736645
44.481945
43.46336
43.320507
44.040974
43.86396
43.733528
44.199341
45.050224
45.401134
45.401134
45.599884
45.947697
46.006695
46.220974
46.609142
46.55014
46.019119
45.922852
46.307919
45.693047
46.158863
46.106071
46.896385
46.538563
46.924389
46.575905
46.86216
45.42466
46.432774
46.07185
46.507454
47.21376
48.287224
48.54237
48.312122
46.737705
47.546696
45.994061
45.032612
45.68602
46.121632
47.229321
47.43779
47.951191
47.795612
48.190769
48.122322
47.798721
47.608913
48.666832
49.086876
49.407364
49.914536
49.575382
50.160343
50.7453
52.089474
51.834335
51.635197
52.372612
52.226372
51.411167
50.919548
50.418591
50.698624
51.280476
50.393707
50.169678
48.168991
48.377457
48.000969
46.20253
46.519905
46.815491
46.796822
45.773151
44.587666
45.770031
45.779362
45.822926
46.958618
45.262863
42.846642
42.718811
41.771027
42.793633
42.834164
43.314289
42.407036
43.198936
43.099167
43.011879
42.696987
42.787403
43.479527
42.706345
43.626068
44.735973
45.022797
45.175568
45.618282
45.559044
45.465511
46.394588
46.017349
45.612045
44.879391
45.512276
44.969799
45.577747
45.71804
46.774944
46.662712
46.840416
46.21376
46.204407
46.297935
46.120232
45.325207
45.923813
45.512276
44.240253
43.660362
43.304939
43.810017
43.445236
44.66114
43.931602
43.875481
42.276096
42.322865
43.192707
43.174
43.604244
43.903534
43.155285
44.062538
44.053188
44.670494
45.175568
45.082039
45.409393
46.943298
47.270664
49.262871
49.010342
48.346279
47.523197
47.420307
47.177124
47.758175
47.626976
47.37394
47.655083
47.720688
47.758175
48.423569
47.626976
46.408646
46.8866
47.936241
48.048698
48.217392
47.89875
48.929638
50.147961
50.466599
50.466599
50.757122
50.87896
51.057022
51.075756
50.991409
51.244453
50.8321
50.475971
50.588428
50.410362
49.12645
49.744984
48.695351
48.985867
48.620373
49.398232
50.101093
50.860214
50.747749
50.429119
50.410362
50.213566
51.094505
52.153507
51.937962
51.666187
51.984818
51.90984
52.022301
51.431881
51.12262
50.691525
51.15073
52.200356
51.534985
50.401001
50.326019
50.625916
51.216331
51.010155
52.509628
52.172249
52.715805
53.025078
53.165653
53.587379
53.747032
53.709465
54.216595
53.268066
53.606159
53.812767
53.521633
53.296238
53.549805
54.282333
53.324413
54.470169
54.611042
54.73312
54.949127
54.770695
54.535908
52.760929
50.337948
49.727501
50.422466
49.445766
49.567852
48.844707
47.144867
47.727135
47.492344
48.102787
48.976189
49.633583
49.596031
49.915337
49.896549
49.596031
50.403687
49.642986
49.342464
49.286106
50.262814
49.567852
48.985584
49.727501
50.009243
49.370632
50.197071
50.168896
50.337948
50.535168
49.962292
49.549072
49.614811
48.516014
48.008877
48.741405
49.117062
48.356365
48.891674
49.154625
48.891674
49.642986
50.413082
49.933044
50.516613
50.996655
51.222549
51.768459
51.382565
50.271896
49.029446
49.791855
50.224827
48.963558
48.756485
48.972977
48.850613
49.584782
50.544853
50.177765
50.874287
50.836639
50.69545
49.669495
48.445881
48.540005
49.274166
49.434181
49.838921
49.415359
48.427055
49.989517
50.648388
51.580219
52.192039
52.361458
52.587349
51.119015
51.137833
51.73082
50.827225
51.58963
51.580219
51.768459
51.975544
52.013195
52.088493
51.966133
52.107315
51.975544
52.43676
52.756786
53.265045
53.255634
53.406239
52.945019
52.728542
52.342628
52.088493
52.869724
54.742809
54.469837
54.629848
54.667503
54.083935
54.093349
54.187672
54.329151
54.555519
54.197098
54.253693
54.913952
54.423477
53.838684
54.272556
53.574581
53.848114
54.074486
54.197098
54.432903
53.499126
54.291424
54.074486
54.659275
54.772461
54.442337
53.980167
54.14994
53.85754
52.886028
51.075058
50.612888
50.905281
50.150711
51.131649
50.471401
51.188244
51.358025
51.216541
51.30143
51.735306
51.678722
52.122025
52.159756
52.480453
52.989792
52.537037
53.168991
53.4048
53.319908
53.008648
53.310474
53.385933
53.282188
53.301044
53.602879
53.216152
52.650227
52.442715
52.612488
52.301243
52.235218
52.49931
52.650227
53.451958
52.640797
51.933392
51.584393
52.33897
51.358025
51.991375
51.802319
51.622711
51.206787
51.575451
51.669975
51.528175
50.497807
50.960999
48.616665
47.973862
47.548477
47.973862
47.765892
48.134567
48.881348
49.051498
50.034607
49.268921
49.996799
50.488342
50.95155
51.386391
51.395836
51.792858
52.568016
52.577461
52.634178
52.813786
53.229717
53.863068
53.475494
53.87252
53.853611
53.692905
53.295887
53.144642
53.295887
53.333694
53.466038
53.87252
53.919792
53.995403
53.919792
53.749634
53.93869
54.46806
54.855629
54.789459
55.110863
55.621315
54.742199
53.399872
53.305332
51.008259
50.545071
50.431637
51.651073
53.021751
53.588936
53.655102
54.00486
53.87252
54.00486
53.976177
53.565025
52.943497
53.058247
51.298878
50.294895
50.954659
51.623978
51.509239
50.467003
49.960232
49.23354
48.755455
49.529957
49.319599
49.788116
51.843906
50.973785
51.80566
50.935539
49.883736
50.342705
49.271778
50.027172
51.222385
50.619995
51.107643
51.136333
50.715618
51.193703
51.05983
51.327568
51.547485
51.738728
51.41362
51.499676
51.786537
51.576172
51.480556
51.853458
52.130753
51.470997
52.016014
51.480556
50.992912
51.700474
50.725178
50.964218
49.319599
49.529957
50.792107
50.218403
51.05983
50.380951
50.964218
50.352272
51.012028
51.346695
50.47657
49.434338
49.482147
48.983494
49.645172
49.213642
49.251999
49.472561
49.453377
49.38625
49.673935
49.999985
49.606808
49.779423
50.115059
50.335617
50.469875
49.079388
49.127335
49.175282
49.367081
49.750656
49.664349
49.798603
49.980801
49.884907
49.44379
49.999985
50.2589
50.057522
49.712296
49.625992
50.143822
49.712296
49.424614
49.44379
49.999985
49.664349
49.961617
49.558861
49.568451
49.587627
49.405426
48.858826
49.434196
49.462967
48.820465
48.820465
48.714981
49.021851
48.216324
48.350578
47.823151
47.621769
48.206738
48.360168
47.995762
47.69849
48.264275
48.714981
49.242401
49.328709
49.213642
49.060207
48.54237
48.245094
48.552879
47.023582
47.158234
47.446781
47.331356
46.975494
47.090908
46.138702
46.513809
46.917778
47.206326
47.013958
47.16785
47.735329
47.523731
47.206326
47.042812
46.638847
45.773209
44.628639
44.638256
44.744057
44.734436
44.3978
43.811085
43.714905
43.484058
43.464832
43.003151
42.637665
43.214752
42.272167
42.301022
41.906673
41.954762
42.089417
42.214455
41.618126
40.454323
39.415546
37.905487
37.366859
38.463345
39.482876
39.66563
39.030827
37.943962
38.011288
38.290218
37.520752
38.540295
38.145947
37.799683
37.915096
37.674652
37.943962
38.078613
38.020905
37.039837
37.1745
36.558926
36.106876
35.847179
35.93375
35.441238
35.112904
35.982033
35.808208
36.464882
37.34367
37.391964
37.681671
37.556122
37.51749
36.72562
36.213799
36.18483
36.513165
37.150532
36.841511
36.87048
36.638706
38.415596
38.801884
38.705307
38.019657
38.599083
38.73428
39.361984
39.738609
39.980038
39.719296
40.144207
39.458557
39.25576
39.400612
39.43924
39.023991
38.261086
39.110905
39.033646
39.999348
40.153858
39.922096
39.777237
39.873806
40.375973
40.153858
40.482197
40.395287
39.622723
39.033646
39.728958
39.41993
37.971371
37.189156
37.150532
34.939068
33.915424
34.378963
34.919758
34.234116
33.799545
34.031319
34.591419
36.078606
35.874821
35.826294
36.292084
35.933044
35.729259
35.108223
35.049999
34.157253
33.060722
32.653172
32.507618
32.992802
32.003021
32.381462
31.64398
32.070946
31.935089
32.226204
33.031612
31.566349
32.381462
32.226204
32.323242
33.633251
32.691982
31.284941
31.789534
32.789024
32.711388
31.498421
31.139383
31.48872
30.518345
31.36257
32.847244
33.245102
33.633251
33.070431
33.972881
33.904953
33.730286
34.671555
35.079113
34.787994
35.826294
36.243565
36.757862
37.330391
37.310978
36.87431
36.301788
35.671036
37.22364
36.961647
35.738972
36.457047
37.621498
37.932014
37.893204
37.893204
37.427425
36.961647
37.194534
38.120743
38.159737
38.071991
38.471725
37.828251
37.487019
37.516273
36.268326
36.307327
36.492561
37.019047
38.588718
38.88121
38.52047
38.656963
39.388184
39.953651
39.524681
39.651417
39.144447
39.173691
38.656963
37.194534
36.404816
36.794804
35.878345
35.127625
34.932636
35.195873
35.049633
35.624855
34.776642
34.94239
34.162426
34.367161
34.191673
34.718147
34.328163
34.669403
34.776642
35.654106
36.551064
36.102577
36.424316
36.41457
35.897842
34.883888
34.69865
34.903389
34.562153
34.367161
33.557949
32.943729
32.436752
32.085766
32.222263
32.222263
32.514748
32.914478
32.963226
32.894985
33.713947
31.247305
29.901869
30.421646
31.853485
32.726318
32.432102
31.676952
31.902517
31.971169
33.324547
33.295132
34.167961
33.805099
33.971817
34.020851
34.315071
33.912983
34.442562
34.334675
34.491592
33.991436
33.922783
34.177765
34.34449
35.49192
35.335003
34.393528
34.95253
34.697548
35.727291
35.727291
35.070213
34.874073
34.962337
34.84465
35.276165
35.354622
35.550762
35.894009
36.109764
35.79594
36.158806
35.511536
35.325203
35.462494
35.599796
35.786133
35.79594
35.168289
35.452694
35.423271
35.766521
35.972469
34.893692
35.727291
34.54063
34.511204
35.06041
34.422947
34.550442
34.315071
35.00156
35.364429
34.511204
33.834522
33.952202
34.445126
34.247959
35.0662
35.766144
35.263367
36.239342
35.687279
35.41124
35.864731
34.287388
34.257813
33.912773
33.607162
33.340984
33.745178
34.346539
34.090225
33.991638
34.238098
34.326824
34.602859
33.942345
33.705742
33.18325
33.222687
32.710052
32.976231
33.32127
33.942345
33.764893
37.944843
37.313904
36.692829
38.171585
38.358891
37.954697
38.289883
38.339176
38.753227
38.605354
38.713795
38.763088
38.102577
38.151871
38.703938
38.999687
38.654644
39.196854
39.325012
40.044674
41.424847
40.42915
39.423595
39.423595
38.753227
38.901104
38.723652
39.206715
39.827789
39.837646
39.709488
39.906654
39.739067
39.104984
39.045536
39.21397
