Adjusted
150
147.860001
145.929993
146.419998
144.389999
144.080002
143.910004
143.789993
143.880005
143.009995
142.820007
143.720001
144.279999
144.860001
143.550003
146.410004
146.199997
149.990005
153.919998
155.080002
156.080002
157.300003
155.729996
157.360001
160.979996
160.300003
164.440002
163.960007
165.449997
165.910004
164.589996
168.740005
166.809998
164.770004
162.600006
164.399994
161.360001
161.990005
166.059998
166.339996
168.699997
169.960007
171.309998
172.449997
171.470001
172.380005
174.139999
176.050003
176.149994
176.779999
176.779999
175.520004
175.610001
178.100006
176.550003
178
176.220001
177.089996
182.679993
192.619995
192.770004
198.190002
195.740005
195.679993
193.309998
194.130005
193.169998
198.339996
200.259995
207.009995
198.75
202.130005
204.080002
198.660004
203.270004
215.199997
212.759995
206.179993
216
213.589996
223.610001
218.929993
214.330002
217.300003
218.850006
215.729996
212.550003
210.710007
209.279999
213.220001
222.740005
229.839996
227.130005
227.990005
226.850006
225.179993
231.330002
233.070007
232.619995
235.240005
240.860001
238.990005
238.889999
237.490005
227.389999
219.740005
214.100006
221.190002
225.020004
222.190002
223.029999
206.550003
209.580002
211.990005
207.75
210.800003
203.800003
199.580002
199.070007
200.460007
199.149994
208.429993
208.809998
215.199997
217.880005
216.649994
217.5
221.649994
218.070007
219.259995
219.699997
223.300003
226.339996
224.330002
222.850006
225.100006
223.119995
230.270004
231.669998
222.649994
226.610001
227.479996
223.229996
215.960007
216.929993
218.130005
220.199997
227.759995
227.570007
221.820007
217.759995
216.889999
212.350006
206.889999
211.25
211.520004
206.529999
206.889999
206.869995
206.550003
208.080002
211.479996
211.380005
212.339996
207.649994
209.710007
214.130005
213.020004
221.789993
230.589996
227.699997
225.179993
228.860001
228.690002
236.270004
234.110001
234.710007
239.570007
240.050003
246.350006
247.979996
248.130005
242.669998
243.539993
241.509995
243.050003
244.820007
240.759995
244.919998
246.229996
233.839996
240.300003
236.589996
225.5
223.850006
234.169998
234.800003
238.839996
236.470001
241.179993
247.100006
244.899994
243.070007
250.600006
251.119995
249.220001
252.259995
254.429993
254.389999
248.949997
244.190002
243.100006
240.070007
244.059998
238.479996
231.190002
236.690002
234.789993
235.619995
236.100006
237.580002
245.089996
241.270004
245.460007
246.119995
252.429993
285.619995
295.880005
289.200012
293.829987
290.970001
294.839996
287.76001
285.820007
284.920013
290.899994
286.179993
285.230011
278.040009
277.869995
275.320007
273.600006
271.51001
280.640015
277.209991
283.339996
281.609985
280.649994
281.339996
277.170013
279.570007
279.570007
280.329987
277.399994
274.970001
273.519989
290.01001
289.75
299.309998
283.670013
297.470001
296.720001
294
297.480011
310.5
310.540009
314.959991
303.600006
297.880005
305.649994
305.459991
318.279999
312.640015
300.390015
308.179993
299.929993
301.01001
315.540009
317.959991
319.820007
323.040009
328.619995
328.290009
334.980011
328.450012
335.109985
347.109985
345.630005
346.299988
343.209991
343.859985
340.679993
338.380005
343.149994
339
340.690002
328.75
338
335.98999
339.549988
332.049988
332.48999
345.600006
351.940002
350.01001
347.040009
318.529999
312.600006
311.779999
305.929993
309.76001
294.119995
305.869995
309.790009
309.700012
301.859985
288.269989
294.190002
285.920013
300.679993
287.350006
274
279.519989
285.48999
291.480011
290.540009
297.980011
306.200012
306.75
294.839996
285.809998
283.119995
290.839996
287.119995
286.75
282.01001
290.059998
285.940002
284
282.959991
286.649994
300.540009
295.850006
296.5
289.529999
291.320007
290.75
289.790009
295.359985
299.690002
299.709991
309.769989
308.809998
319.850006
319.369995
318.220001
316.859985
319.179993
320.130005
317.549988
318.160004
315.440002
310.720001
309.779999
309.980011
307.970001
304.790009
309.809998
311.980011
319.589996
313.459991
314.230011
314.76001
318.630005
318.130005
315.309998
324.73999
331
331.149994
325.679993
317.589996
320.140015
319.119995
322.220001
319.75
312
303.73999
299.290009
304.100006
302.5
303.670013
337.600006
336.790009
335.450012
336.390015
341.730011
344.519989
334.390015
329.829987
326.549988
325.230011
325.200012
320.600006
324.049988
320.339996
324.959991
334.640015
337.01001
342.470001
344.600006
345.839996
342.579987
338.649994
339.970001
342.700012
342.98999
343.359985
341.23999
343.040009
342.679993
344.119995
334.829987
330.480011
331.309998
326.829987
332.079987
327.109985
323.390015
320.119995
326.880005
327.579987
329.98999
329.23999
329.76001
332.23999
346.299988
333.399994
333.540009
330.160004
330.809998
323.5
319.839996
327.089996
325.070007
315.920013
324.589996
319.190002
315.140015
301.73999
301.579987
305.690002
302.73999
306.709991
311.410004
326.769989
309.070007
316.059998
321.670013
319.980011
318.029999
315.059998
321
321.079987
321.25
322.059998
319.549988
323.470001
320.75
327.869995
324.589996
321.019989
317.980011
305.429993
302.420013
305.559998
303.609985
299.100006
303.549988
306.73999
305.399994
304.920013
307.690002
308.440002
328.269989
347.339996
341.179993
340.869995
344.049988
347.609985
343.589996
342.329987
344.48999
335.799988
325.130005
332.890015
353.700012
360.670013
352.290009
335.76001
340.890015
342.399994
343.429993
342.190002
339.450012
342.01001
336.73999
334.649994
353.23999
350.25
342.339996
347.839996
352.73999
348.75
339.880005
352.75
363.279999
361.829987
353.649994
357.529999
362.440002
357.890015
351.179993
353.25
389.160004
390
393.890015
391.119995
401.790009
402
396.880005
395.130005
390
392.109985
391.660004
397.910004
401.119995
406.730011
408.049988
408.579987
404.890015
408.940002
410.100006
409.589996
415.790009
412.790009
414.130005
425.609985
417.630005
415.51001
414.200012
408.109985
407.640015
413.350006
421.320007
426.119995
427.929993
433.649994
475.980011
463.730011
452.709991
431.630005
428.929993
429.869995
431.619995
422.23999
413.809998
412.440002
413.420013
418.089996
425.359985
426.630005
425.649994
423.359985
423.570007
430.959991
428.649994
419.440002
422.920013
422.109985
423.570007
430.279999
401.709991
389.269989
374.679993
383.779999
373.929993
386.220001
386.220001
385.799988
383.559998
383.290009
398.429993
396.910004
395.299988
390.040009
394.350006
391.23999
395.420013
395.170013
401
401.149994
398.679993
392.880005
402.920013
400.100006
396.98999
393.350006
387.619995
387.480011
384.339996
387.859985
386.369995
382
388.5
393.540009
388.769989
388.279999
388.279999
390.859985
401.549988
411.049988
417.570007
416.26001
410.649994
411.290009
408.730011
396.209991
403.940002
405.410004
404.279999
404.630005
408.059998
397.679993
399.290009
388.230011
391.230011
400.200012
400.549988
403.730011
404.660004
408.929993
409.5
391.73999
385.049988
300.029999
309.429993
319.929993
313.339996
317
318.779999
324.380005
330.380005
335.410004
316.600006
309
314.940002
314.850006
316.730011
313.910004
312.609985
316.079987
312.130005
315.820007
309.899994
295.640015
278.350006
281.75
298.25
304.48999
303.690002
297.299988
292.5
304.209991
301.630005
302.26001
308.73999
303.480011
312.619995
315.369995
316.230011
319.859985
319.559998
325.299988
314.670013
297.160004
299.059998
298.339996
293.01001
284.790009
272.279999
278.230011
291.809998
287.299988
290.350006
286.549988
275.98999
279.23999
279.880005
269.160004
264.670013
256.040009
256.790009
268.410004
272.369995
273.019989
265.809998
276.339996
276.829987
276.98999
274.600006
290.630005
293.690002
293.720001
290.51001
303.079987
299.140015
296.570007
293.029999
295.350006
293.399994
297.220001
293.890015
291.329987
284.839996
283.529999
279.48999
291.980011
289.440002
290.160004
294.25
289.149994
292.299988
293.209991
286.859985
290.040009
284.959991
275.440002
284.450012
281.630005
288.459991
284.609985
289.880005
283.459991
282.390015
289.109985
299.290009
297.170013
293.369995
297.559998
300.769989
300.190002
302.290009
303.839996
309.670013
308.339996
306.350006
294.619995
296.700012
293.679993
284.01001
280.589996
278.540009
278.670013
267.25
280.570007
273.329987
269.850006
269.350006
262.079987
268.920013
262.100006
259.869995
273.26001
265.959991
273.059998
273.450012
266.059998
270.429993
273.269989
263.859985
250.770004
249.990005
252.199997
245.110001
247.220001
256.519989
265.630005
259.049988
261.399994
265.829987
258.98999
257.220001
262.350006
264.48999
259.420013
270.899994
273.660004
268.640015
263.940002
269.519989
261.279999
255.660004
251.970001
259.73999
257.769989
250.330002
250.839996
246.309998
250.779999
256.049988
259.420013
255.240005
254.690002
251.759995
254.679993
254.179993
260.320007
260.540009
264.01001
265.619995
279.570007
273.040009
270.829987
265.190002
267.609985
271.730011
270.559998
268.5
272.920013
271
265.890015
279.600006
282.700012
284.850006
281.700012
280.059998
281.079987
274.98999
273.690002
273.709991
263.119995
264.619995
263.609985
270.170013
273.269989
267.25
262.709991
262.029999
266.26001
263.519989
264.290009
258.720001
263.660004
264.850006
272.940002
279.700012
282
282.790009
289.730011
286.820007
289.730011
290.230011
289.839996
252.860001
254.169998
250.460007
246.130005
244.350006
241.699997
238.910004
242.190002
238.210007
237.389999
233
234.600006
238.619995
229.020004
224.600006
228.520004
238.910004
241.820007
245.059998
242.029999
247.479996
247.270004
251.300003
252.539993
253.360001
251.190002
252.869995
260.299988
261.5
259.820007
262.410004
282.450012
287.779999
287.350006
287.040009
288.350006
289.029999
289.929993
301.829987
330.109985
321.339996
314.559998
315.959991
313.649994
314.420013
308.869995
314.48999
313.940002
313.390015
313.420013
313.820007
313.380005
316.809998
316.809998
318.170013
309.329987
306.850006
308.170013
306.130005
307.859985
305.630005
306.029999
313.589996
310.670013
312.299988
307.730011
296.100006
302.660004
297.410004
299.790009
302.820007
304.51001
303.5
307.049988
312
314.809998
312.579987
309.820007
314.529999
310.549988
305.779999
313.029999
311.589996
311.480011
309.700012
305.98999
305.589996
304.589996
298.299988
291.880005
294.410004
290.5
291.670013
295.049988
295.140015
299.660004
290.649994
290.779999
286
296.459991
290.890015
283.640015
280.179993
282.559998
277.26001
273.48999
277
295.619995
295.600006
319.859985
324.399994
319.179993
321.48999
322.579987
317.649994
319.299988
317
318.320007
318.109985
305.929993
305.200012
303.779999
302.769989
294.070007
295.779999
297.190002
290.220001
291.160004
285.299988
289.540009
287.769989
286.48999
287.380005
286.25
286.970001
286.399994
278.769989
285.589996
283.109985
283.070007
287.529999
291.119995
289.25
287.029999
283.579987
