Adjusted
190.240326
190.758942
194.943359
194.585739
191.572525
192.073273
195.587143
197.607819
198.662903
199.610626
198.707581
207.434128
209.15979
211.868942
211.001633
211.305664
211.386124
209.991302
212.807724
212.262314
211.260925
211.80632
209.651505
213.567734
213.514069
211.743759
212.941849
214.095291
213.567734
216.84021
219.567261
217.224655
218.270737
213.800217
211.207306
215.364883
211.457657
211.144699
215.543732
214.363495
211.75267
215.722549
220.044388
224.708344
223.717911
223.537872
223.177673
224.591339
228.426971
230.533875
231.164108
229.82254
227.958725
232.928848
227.796661
227.913727
226.734207
232.66777
231.011063
231.290176
227.760681
231.794373
223.501831
226.094955
221.304916
224.537292
228.733063
234.792648
237.826935
236.917557
228.570999
231.596283
226.022934
220.863708
225.239563
225.554733
233.631149
232.901825
237.313705
237.493774
241.491486
239.951752
234.94574
236.215271
244.309677
247.019806
248.100235
249.630981
248.325333
249.108688
251.557739
256.113708
260.471527
256.978027
261.966125
260.435547
262.632507
256.906006
254.627975
255.123215
259.598175
255.384399
256.590942
251.386703
250.603302
248.757507
240.375
243.727509
253.911865
254.917694
250.260361
243.772812
246.844467
244.398026
250.070145
250.523132
243.247284
228.342224
225.315903
222.561386
228.858673
233.805923
239.260513
232.727661
232.057129
232.7005
231.286987
233.099167
232.881668
238.644394
239.849442
244.542953
244.407074
244.47052
243.147675
246.717636
252.715897
254.355865
259.140045
258.188629
257.282593
258.21579
259.484344
256.530426
255.914322
255.479462
258.478516
259.701691
258.886292
257.862427
254.518967
252.362457
254.219925
252.081635
253.531372
251.275177
244.724243
244.77858
241.688828
241.860947
239.21524
242.884872
243.555313
244.207748
234.639481
235.074417
237.609772
237.409134
240.56459
242.68045
239.643463
238.239044
239.898834
243.054367
238.713242
239.178375
241.339783
248.663071
248.96402
254.819
258.676758
253.806686
250.760666
248.51709
246.456009
248.68129
247.103577
246.802582
246.31929
247.340652
246.173325
248.070267
243.674454
239.625198
243.318802
252.849075
255.80397
257.427277
257.427277
264.905609
272.238037
275.110718
275.001282
279.269409
276.360229
279.93515
280.537079
281.294037
282.041931
279.23291
274.335541
276.925568
276.770569
275.284027
278.165955
270.569031
275.046906
275.594177
271.052338
272.392975
275.968048
276.506104
277.190125
275.785614
272.712219
276.724945
277.02594
275.074249
276.734131
280.527954
277.621063
279.684357
273.641296
272.770142
271.018738
276.777466
277.584381
274.549103
268.056824
267.552368
273.081879
279.464264
277.511047
283.985016
282.792969
288.249084
289.23941
289.954712
289.211945
290.11972
289.844666
290.202332
286.836884
288.093201
288.001526
290.651611
290.559845
289.844666
288.799286
281.032318
284.746155
286.791046
291.403564
290.43158
292.31134
297.006409
289.377014
277.951172
275.053589
278.483093
274.374939
280.08786
275.530334
262.619019
265.700134
265.259949
270.395142
274.980133
276.043793
279.821838
278.318024
279.262543
277.877808
280.564636
275.548676
275.576111
274.182343
277.474365
275.282715
272.926025
280.427094
279.537598
275.420319
281.720093
283.371857
287.090729
286.79541
284.654541
284.949829
285.032928
276.146393
272.8797
275.648071
277.835114
275.362
277.752045
278.554871
279.219269
283.851776
285.374329
282.836609
286.887695
290.200531
292.4245
293.956299
290.348236
285.069824
280.428223
279.053223
284.516174
273.101166
271.034088
275.426605
277.493683
286.204865
284.571533
282.264557
284.470001
283.851776
280.179016
277.253754
275.454285
277.299896
277.761322
277.807404
275.915741
275.454285
273.43335
275.915741
277.189148
278.997803
281.06485
279.569977
278.499451
274.088562
274.559143
275.915741
273.544098
276.746185
277.364441
277.47522
281.111053
278.194977
281.286316
281.360138
282.402924
284.783752
286.758606
287.789215
291.531342
292.097778
292.218475
289.144928
286.758606
287.343536
287.278503
289.757721
297.00061
296.025574
295.329193
295.208435
293.667084
294.354156
292.701324
294.437744
296.768433
299.349854
298.876251
300.482697
298.235565
295.570557
298.031281
293.332733
295.106262
300.166992
300.612671
301.940521
295.087769
297.938416
295.858459
296.266968
293.93631
294.688416
292.413513
293.82489
292.069916
292.329926
282.960785
281.772156
283.555023
279.590057
282.301453
281.326447
285.811432
286.405701
288.671448
290.639893
292.237
292.599182
296.88916
298.579102
301.522675
302.980499
302.711243
309.174011
312.433289
309.721832
307.125427
308.703827
307.106781
309.338959
309.824677
310.767914
310.459717
306.751892
308.078033
306.81723
307.340302
305.36026
306.499725
307.966003
311.580475
309.843323
305.976624
303.595032
307.274933
300.288818
312.944031
308.815948
306.639801
301.895264
302.222168
305.481659
304.585052
297.795135
303.436249
294.395477
288.474182
283.841705
286.484833
289.875061
290.173981
294.834473
292.452789
298.084656
295.021271
300.811859
303.417603
303.342896
307.629791
310.067444
311.225555
318.585236
316.427765
318.977509
321.517792
324.674652
328.270416
327.541962
327.999603
326.794769
325.561951
324.749329
324.067627
324.964203
323.488495
324.590637
332.407928
332.295837
333.444641
333.995697
335.368561
333.377899
334.129089
335.12442
338.711487
342.176453
341.45343
340.617706
335.246521
332.251068
320.10025
318.729309
316.391144
327.274292
336.955536
338.185608
339.143402
341.998016
341.490997
341.45343
341.293762
339.997894
335.753571
334.974213
326.307159
321.23642
328.034882
331.866119
327.93161
325.77182
326.757874
324.663879
321.565125
326.842346
325.452637
328.18515
338.786591
333.462433
335.593933
330.044373
323.987701
325.781219
319.743408
326.438538
331.424744
329.387085
336.936707
340.326599
338.861725
348.064087
347.340973
352.017303
353.106567
357.134888
354.815552
354.58078
353.669983
353.472748
355.050323
352.993896
352.148712
348.768341
353.463348
350.871674
348.66153
349.417145
345.195099
344.363953
336.429901
338.526764
348.25531
347.339172
353.327454
353.497437
356.803284
349.426605
357.634491
353.563599
348.623749
343.731079
342.059265
341.568115
347.679199
345.544586
342.456024
346.073547
346.621338
348.170349
349.19986
350.918915
348.954285
349.180939
352.930786
355.764343
351.532837
345.128998
349.19986
347.131378
349.010956
351.296692
352.288574
351.258942
356.888306
346.328552
343.75
348.189301
349.728821
345.742889
343.239899
345.393463
349.511627
347.376953
344.911774
344.873962
350.862213
350.276672
350.14444
350.493896
349.70993
347.792542
347.660278
344.77951
348.22702
349.010956
345.487885
344.061676
343.239899
344.703979
337.978943
337.665344
335.888245
335.204041
337.940918
339.081299
335.869232
337.627289
339.527954
339.546936
342.949066
341.343048
341.124451
342.255341
337.902924
333.683533
336.857574
327.420929
328.789429
330.138824
328.23822
325.776886
325.586884
317.518646
320.151123
322.593384
327.154877
325.700897
329.274078
336.677032
336.924072
335.555634
334.339264
332.60965
329.226563
324.446472
319.533386
320.103577
322.954437
321.918671
319.609406
318.069885
315.92218
318.060333
316.520844
315.361481
318.915649
313.603363
310.876007
309.716614
311.835846
312.966675
312.386993
307.198273
301.306335
292.002747
284.305267
280.019287
288.030487
298.845032
295.766052
289.468842
281.649994
285.698212
287.353851
281.592621
288.473572
284.013824
288.358704
290.272736
288.119446
294.665466
300.034332
298.235138
295.59375
298.962463
291.248901
290.224884
287.593109
289.95694
281.420319
280.903503
284.683716
283.200439
290.320587
300.129974
299.287811
306.857849
304.876831
304.436584
302.091919
301.575073
308.609161
311.633362
316.609833
313.786621
313.088013
308.140289
320.935577
326.141724
322.533783
321.146088
331.434021
334.821838
336.841187
339.329407
343.061768
341.16684
341.942078
341.367889
334.544342
335.214264
335.434357
330.878937
328.495972
337.18573
338.228851
345.128937
343.655121
346.880249
347.636322
341.473114
345.119354
342.985199
348.086151
348.269073
345.563599
338.901123
347.335175
342.241974
335.954987
331.74762
332.402313
310.768463
307.706818
317.276947
318.682556
317.921997
309.507233
313.435364
318.210815
327.001068
324.844421
329.706482
330.813721
329.321381
327.848267
320.704437
321.53241
317.87384
303.980835
296.32666
296.846558
301.920441
293.274628
298.464081
285.543427
283.059448
281.133911
279.11203
289.375336
278.938721
288.123718
290.877289
288.037079
302.565521
300.63031
290.00116
292.745087
302.026367
296.297791
282.53952
283.569733
287.449799
283.261627
295.383118
302.767731
307.97641
304.211884
302.594421
304.674042
298.329254
296.519226
301.949341
302.23819
300.351105
310.566315
314.571472
313.311005
313.91217
316.79187
310.654327
318.323761
315.104736
329.318848
327.544556
323.966766
323.908569
331.539215
332.14035
331.578003
329.871521
328.911621
324.112183
326.66217
329.570923
330.986511
330.210876
332.111298
328.223206
324.616364
326.94342
318.381958
321.513672
322.832306
328.989197
337.696045
344.114685
346.858612
347.110718
353.568115
355.759399
353.015442
354.353455
352.598511
354.828552
356.292664
347.915436
345.491486
350.504211
344.870972
341.458038
341.370758
345.181183
344.21167
349.224335
343.057831
344.783691
336.726471
341.128357
338.2099
342.737854
339.906708
343.242065
343.135406
350.193939
353.015442
352.055573
353.985016
352.782715
353.500244
352.339142
350.641388
353.266083
350.338928
351.597626
349.265656
338.542572
336.220398
331.536957
331.302795
331.214966
333.576233
339.967163
339.547577
339.225586
348.182617
324.433807
311.778809
316.091461
328.561066
334.210419
332.990814
327.917053
327.94635
326.970612
336.815582
339.059692
348.690002
348.816803
346.562927
348.182617
349.089996
347.919159
351.041473
350.768219
354.231995
352.641632
353.139252
354.485687
354.54425
357.354279
359.374023
358.164124
359.217896
357.354279
365.647827
362.662201
359.695984
357.539673
358.466614
357.695831
361.735229
358.154388
361.110779
361.784027
363.013397
362.525574
363.237854
360.154602
359.549622
362.076752
364.720917
366.867523
365.983978
365.355682
367.004913
364.786316
366.700592
365.561829
355.548584
361.360199
354.301849
354.095703
358.8078
359.269196
361.222778
359.013916
363.588623
367.024536
358.955048
354.095703
355.165741
355.057709
350.68924
355.823425
353.477264
349.5112
351.680695
350.26709
350.669586
352.230469
345.427368
344.671478
342.943665
348.411713
348.107361
350.060944
346.26181
342.776825
339.223053
336.857208
335.286499
333.921936
334.04953
333.470367
334.992004
334.717102
332.410126
334.893829
339.468506
351.091736
347.0177
357.747559
368.143707
364.393646
366.965637
365.336029
360.722107
364.570313
365.954498
367.711761
366.22937
366.160645
366.828247
361.900085
361.801941
364.000946
370.293579
364.560486
367.495758
367.122711
372.855804
385.507477
383.739624
385.45813
387.789001
385.18158
388.885254
387.769226
384.954437
393.527191
388.667969
382.337158
380.974182
382.702576
376.322388
374.317474
375.83847
