Adjusted
29.007132
29.477133
29.57468
29.61902
29.698837
29.867323
30.230911
30.26638
30.346203
30.417139
30.443745
30.390533
30.559027
30.904879
30.949215
31.756207
32.536587
32.288277
32.403557
32.474506
32.048847
32.731678
32.38583
32.376961
32.412437
32.359222
32.838093
32.74942
32.38583
32.031113
32.439037
32.439037
32.758274
32.536587
32.536587
32.72282
32.226204
32.27055
32.900166
32.784885
32.944511
32.758274
33.316967
33.485462
33.281494
33.166206
33.272621
33.893391
34.132824
34.123947
34.549614
34.478668
34.886597
35.356606
35.214703
35.817726
35.702446
36.074905
36.163582
36.527168
36.482838
36.961708
36.729179
36.46983
36.317799
36.425117
36.514549
36.836506
36.934872
37.042198
36.443012
36.720238
36.496666
36.264137
36.800728
37.498291
37.829178
37.069023
35.969021
36.022671
35.691776
35.521866
35.521866
35.781212
35.951141
35.790161
35.790161
35.486095
35.709679
36.210495
36.612919
37.748699
39.653568
38.249504
38.723495
39.134865
39.403164
41.495842
42.032429
42.390156
42.640553
41.773071
42.050316
41.147053
42.56007
41.880394
41.29015
42.032429
42.47958
42.309654
42.291771
41.647869
42.18446
41.853554
41.531601
41.898281
41.182831
39.868191
40.896648
40.664135
40.404793
41.558445
41.406403
39.966579
40.082832
39.650196
39.04628
39.821445
39.63216
40.145927
40.434364
41.488926
41.290646
40.704762
40.55154
40.118889
39.614128
39.830456
40.560547
40.731804
40.190998
39.596107
39.85751
39.442879
39.055305
38.974178
39.650196
39.514988
39.316685
39.785393
39.424858
39.659203
39.379776
38.857006
39.055305
38.694771
37.83849
37.568081
37.81144
37.468929
37.243599
37.550056
38.072838
38.235069
37.559063
37.883549
37.667229
37.577091
37.604137
37.847496
37.604137
37.757362
38.126911
38.325211
38.992207
39.370766
39.262604
40.686737
40.921082
41.930599
42.840942
42.164944
41.957634
42.200993
42.011711
42.300148
41.642159
41.714272
42.579559
42.615879
42.2799
43.151649
42.697613
42.316223
42.143692
43.44223
43.296944
43.287853
43.033592
44.31398
45.104008
45.14941
44.740788
45.158489
44.459278
44.831577
44.286732
47.23798
48.418472
48.245945
47.692017
47.655693
48.164211
47.692017
47.256138
46.58416
47.53764
47.746494
47.710182
47.09269
47.891792
47.601204
47.09269
47.201645
47.029118
47.53764
48.500202
47.991684
47.110844
46.920143
46.656811
46.747623
46.275417
46.384384
46.130131
46.02116
46.50243
46.520599
45.993916
45.903114
46.06657
46.202778
46.402554
47.755581
48.890671
48.463875
48.427551
48.309509
48.672737
48.264103
48.509277
48.591557
47.787033
48.317287
48.125301
48.05217
48.838402
50.310326
51.361694
50.666866
50.904579
49.825775
50.100044
49.697788
49.908058
50.109196
49.322948
46.571106
45.455738
46.689949
45.912853
46.159698
45.684292
44.468361
44.742638
44.376938
44.779202
46.013412
47.649895
48.107014
48.317287
48.902401
49.706928
49.94463
48.874966
49.231522
49.496647
49.652077
49.076107
48.975536
49.322948
49.158382
48.902401
51.581108
51.75481
50.794868
51.041718
51.325119
51.041718
50.502316
49.533211
49.368656
50.026905
50.036053
50.045197
49.167526
47.595043
46.662525
46.662525
48.143585
47.841888
47.375629
47.494484
47.421337
47.494987
46.832146
45.929928
46.288975
45.165813
46.555962
45.377563
44.954067
44.153126
44.346455
45.211842
45.534061
46.500717
46.942623
46.905796
46.684841
46.491508
46.362621
45.405178
46.114059
45.589298
45.847073
46.058811
46.887375
46.740082
46.712463
47.117531
47.881645
48.047359
47.982922
45.046131
44.908039
45.423588
44.889622
44.843586
44.926449
44.917248
45.009304
44.769947
45.589298
45.791832
45.193424
45.092163
43.748051
43.462658
43.499485
42.891876
43.186466
43.232498
43.158848
43.352184
43.517899
43.69281
44.245186
44.042652
43.996616
44.189945
44.466137
45.782623
45.616917
45.156609
44.659462
44.63163
44.742947
44.92844
44.529613
44.390491
44.446136
44.993362
45.095398
45.522049
45.178867
45.262344
44.909889
45.559147
45.373642
45.559147
45.744656
45.8745
45.809574
46.18985
47.312141
47.414162
46.950413
46.199127
46.356796
45.781757
45.893055
45.123226
45.624077
45.531326
45.429302
45.605518
46.208408
46.078552
46.366074
46.653606
46.41246
46.366074
46.542305
47.052433
47.089535
46.607231
46.876205
46.978237
46.913307
46.86694
46.885487
47.414162
47.479099
46.820557
47.377068
47.006062
46.616508
46.328979
47.44199
47.191566
47.414162
47.775894
47.92429
47.571838
48.193272
47.877918
47.395603
47.961388
47.469814
47.198929
46.900024
47.497837
47.740696
46.489037
46.900024
46.236828
46.965405
45.853859
45.695068
45.732433
45.975296
47.09618
47.226948
48.525322
48.422577
49.03907
50.094574
50.00116
50.626995
50.589634
55.091885
54.353962
53.989674
54.027035
54.008354
54.606167
54.475391
54.933094
54.849033
54.746277
53.989674
54.129787
54.578148
54.830349
54.933094
54.746277
54.923752
54.989136
54.662216
54.979797
55.157269
55.157269
55.334747
55.138588
55.00782
56.651798
56.670471
56.016628
55.372105
55.745739
54.877048
54.690235
53.886929
55.28804
56.78257
57.258949
57.034771
55.260021
55.250683
55.652336
55.867172
55.820179
55.481812
55.932964
55.058865
54.96487
55.679192
57.070229
56.694275
58.442474
59.32597
59.166191
57.925533
58.564663
58.696247
58.226303
58.357876
58.339081
58.705639
58.263897
57.643566
57.464989
56.647274
56.60968
56.261925
55.679192
56.60968
56.083347
55.312634
56.23373
55.744987
55.904766
56.431099
56.487495
56.402908
55.970566
56.882256
57.605972
57.756355
57.54018
57.765751
57.258213
58.555256
58.198097
61.722698
62.079861
61.205753
62.37122
61.59111
61.656906
62.643799
62.850571
63.940849
63.555492
64.354401
64.213409
63.687065
63.517891
61.741493
60.810997
61.092964
61.337341
61.807293
60.623028
60.08419
59.772232
59.554813
59.554813
60.046375
59.989666
61.105133
60.452858
60.528488
59.9613
60.197628
61.77631
62.258411
63.156452
62.957943
62.390766
62.201706
61.596703
61.010601
60.774273
60.2449
61.124039
61.747948
61.473804
61.133488
61.492722
63.269905
64.385368
63.80872
63.714203
63.761467
63.941082
64.28138
64.536613
65.302315
65.122711
64.564995
63.80872
64.659515
65.368507
61.067322
62.844509
62.201706
62.107162
62.173332
62.579826
61.747948
61.521065
61.946465
62.248959
61.710136
61.84248
62.3624
62.674358
62.976849
63.147011
63.392792
63.648022
63.156452
63.184818
63.846535
62.3624
62.90123
64.327133
64.146523
64.165527
64.859467
64.393677
64.536263
65.848083
66.218826
66.59906
65.857597
65.95266
65.867111
66.513512
65.467865
65.943153
64.868973
62.720623
61.123608
61.465828
61.68446
61.275707
62.397411
62.112232
61.636932
61.846058
60.401154
60.277573
60.73386
59.564621
59.307957
59.336475
59.963879
60.33461
61.104595
60.952499
59.612152
58.053173
55.75272
55.020763
57.064545
57.815514
57.615898
56.532207
55.324944
56.665291
55.847778
54.469402
56.07592
55.163349
55.847778
56.294559
56.247025
57.121582
58.56649
59.11784
61.161629
59.621658
59.022785
58.690071
58.747108
57.264168
54.621498
56.037899
56.630993
57.444099
59.529499
59.280785
57.281479
57.922405
57.88414
58.773781
59.988674
59.634724
59.386013
60.85918
61.691425
62.255825
61.117466
59.797344
60.438274
62.332363
61.748821
63.901192
64.656898
64.389046
63.088066
62.896748
63.212414
62.772385
62.705433
62.60976
62.169731
62.227123
61.452274
60.954842
61.366184
62.198429
62.877621
64.676033
64.03511
64.87693
65.039536
64.87693
65.125641
64.905617
64.102074
65.297821
64.838661
63.566364
66.110947
65.852654
66.388351
65.584808
65.948311
64.685608
65.661331
67.172768
67.64151
66.27356
64.704727
65.087372
65.345665
65.996155
65.977005
66.168335
66.713608
66.867493
66.165359
64.472504
65.742134
64.587929
62.798889
61.202225
60.57703
61.019474
58.941891
61.0868
60.384655
60.798248
61.125278
60.721302
61.942852
60.519314
60.298092
59.35548
58.826469
59.788307
58.499439
56.623844
57.826149
57.422173
57.354847
58.403255
58.691811
58.749523
57.249043
57.903095
59.807549
61.481159
60.904053
61.365738
61.269562
59.701744
59.85564
60.625118
59.874882
59.567093
61.769718
62.423775
62.519947
62.241024
63.953098
63.73188
63.039349
62.46225
62.481483
61.673531
61.250317
60.25
59.124638
60.432755
60.307709
60.403893
59.961445
60.134579
60.375046
61.740864
61.382858
61.808594
62.805195
63.830814
63.627636
64.382332
64.130768
63.927574
63.840496
64.6726
65.378937
65.669212
65.843369
66.62709
66.675491
66.985115
67.884956
68.388092
68.339706
68.562256
67.95269
69.916855
69.839447
69.626587
68.823486
68.48484
68.84285
68.910591
69.02668
69.210518
68.51387
68.968636
68.87188
70.468384
68.900902
68.78479
68.049438
68.475166
68.117157
68.920258
68.397774
68.43647
68.997658
69.375015
69.539505
70.632858
70.526421
71.881035
71.513367
71.029564
70.37162
70.294205
69.878143
70.72963
70.216805
69.404045
68.37841
68.659012
68.939606
69.965233
70.284538
68.320366
68.039764
69.674973
71.007568
71.542564
71.766281
71.766281
71.844093
72.05809
73.225342
73.332344
74.120224
74.489861
74.674675
73.92569
73.886772
73.410149
73.653336
73.439339
73.614426
73.497696
73.011337
74.382866
72.622261
72.768166
74.110512
73.001617
72.758453
73.264252
61.552864
58.654202
59.928444
58.926559
59.305912
58.975193
58.391567
57.788494
56.708782
57.078415
57.671764
57.642582
58.226208
56.990868
57.156231
57.165958
57.156231
55.677719
55.823624
55.210815
54.812012
55.405357
55.026005
55.259457
54.140839
54.782825
54.082478
53.72258
54.442383
54.082478
53.576675
54.043568
54.403473
54.880093
54.938457
53.965752
54.218658
53.586399
52.399693
52.44833
53.168133
53.703121
53.663944
53.918598
54.290791
48.786297
48.531639
48.982185
49.207455
48.747116
48.325954
49.021362
48.845055
49.324989
48.991978
48.218212
48.531639
48.276981
50.892105
49.951836
49.863686
49.755947
49.530674
49.17807
49.961632
51.53854
52.067444
55.14291
55.49551
55.211468
55.397568
55.524891
55.044964
55.515099
55.593456
55.564072
55.387772
55.583664
55.808933
55.348595
55.201679
55.280029
54.653187
54.809895
54.408321
54.878456
54.104698
54.094902
55.867702
55.387772
55.995029
57.297695
57.444611
57.41523
58.198784
57.904953
57.483788
57.552349
58.38488
58.110638
57.405434
57.689472
57.238926
