Adjusted
5.89
5.95
5.92
5.98
6.12
6.28
6.3
6.36
6.32
6.51
6.45
6.61
6.7
6.86
6.86
6.84
6.86
6.86
7.1
7.31
7.47
7.64
7.45
7.67
7.66
7.64
7.7
7.63
7.59
7.45
7.53
7.54
7.5
7.29
7.26
7.37
7.23
7.31
7.33
7.39
7.37
7.36
7.38
7.52
7.43
7.49
7.5
7.59
7.53
7.52
7.39
7.32
7.27
7.45
7.37
7.4
7.32
7.44
7.65
7.81
7.8
7.89
7.75
7.92
7.86
7.81
7.82
7.79
7.67
7.66
7.47
7.43
7.28
7.09
7.27
7.27
7.35
7.36
7.54
7.45
7.49
7.49
7.49
7.61
7.69
7.74
7.69
7.85
8.3
8.45
8.65
8.7
9.1
9.04
9.1
9.25
9.23
9.13
9.16
9.08
9.22
9.16
9.27
9.24
9.41
9.15
9
9.18
9.3
9.45
9.44
9.42
9.58
9.51
9.64
9.54
9.4
9.11
9.14
9.21
9.03
9.25
9.22
9.27
9.37
9.17
9.15
9.3
9.37
9.15
9.23
9.46
9.61
9.57
9.47
9.54
9.6
9.67
10.02
9.7
9.61
10.83
10.96
10.97
10.83
10.92
11.15
11.24
11.22
11.18
11.11
11.32
11.35
11.33
11.24
11.28
11
11.06
10.99
11.01
11.1
11.18
11.14
11.28
10.7
10.69
10.66
10.58
10.9
10.93
11.57
11.5
11.99
11.95
11.92
11.91
11.84
11.92
11.9
11.93
11.74
11.63
11.5
11.46
11.45
11.67
11.52
11.74
11.76
11.75
11.66
11.69
11.63
11.46
11.72
11.88
11.87
12.21
12.08
12.38
12.38
12.28
12.22
12.29
12.29
11.54
11.62
11.58
11.79
11.7
11.69
11.75
11.99
12
11.91
11.64
11.88
12.05
11.91
11.93
11.96
11.89
11.57
11.96
11.97
11.93
12.05
11.89
11.73
11.71
11.58
11.63
11.82
11.31
11.34
11.85
11.72
11.58
11.18
11.48
11.39
11.4
11.44
11.54
11.62
11.84
11.97
11.99
12.17
12.06
12.02
12.02
11.91
11.93
12.33
12.44
12.79
12.78
13.11
12.92
13.18
13.34
13.55
13.51
13.98
13.87
13.65
13.34
13.21
13.28
13.18
13.56
13.53
13.01
12.85
12.76
12.83
13.1
12.91
12.85
12.96
13.03
13.3
13.38
13.06
13.23
13.14
13.08
13.39
13.34
13.3
13.1
13
13.23
13.38
13.55
13.7
13.46
13.18
12.88
12.74
13.01
12.98
13.21
13.15
13.1
12.82
12.84
13.26
13.23
13.21
13.2
13.52
13.62
13.69
13.77
13.5
13.22
12.91
13.54
12.93
12.69
13.31
13.35
13.5
13.65
13.72
13.75
13.69
13.75
13.38
13.58
12.73
12.61
12.6
12.81
13.07
12.95
12.77
12.8
12.73
12.93
12.8
12.79
12.69
12.8
12.83
12.62
12.8
12.68
12.83
12.95
13.15
12.99
12.83
12.88
12.97
13.05
13.18
13.13
12.76
12.84
12.87
12.8
12.8
12.92
12.6
12.64
12.66
12.71
12.62
12.58
12.7
12.63
12.76
12.77
12.99
13.13
13.11
13.02
13
13.02
13.1
13.29
13.03
12.85
12.87
12.46
12.67
12.55
12.85
13.02
13.26
13.11
12.97
12.89
13.14
12.78
12.59
12.81
12.88
12.85
12.26
12.33
12.26
12.37
12.48
12.58
12.46
12.64
12.59
12.6
12.66
12.49
12.46
12.44
12.38
12.35
12.68
12.59
12.44
12.24
12.01
12.32
12.38
12.51
12.54
12.5
12.39
12.34
12.22
12.42
12.41
12.33
12.17
12.15
11.95
12.03
11.92
11.81
11.8
11.85
11.93
11.93
11.78
12.14
11.92
11.92
11.74
11.56
11.44
11.45
11.37
11.61
12.03
12.32
12.71
12.99
13.1
13.21
13.14
13.18
13.28
13.3
13.26
13.33
13.36
13.24
13.45
13.41
13.41
13.41
13.36
13.38
13.68
13.09
12.95
12.94
13.14
12.86
12.81
12.87
12.89
12.94
13.04
12.78
12.91
12.94
13.04
12.6
12.89
13
12.8
12.95
13.02
13.26
13.15
13.1
13.06
13.13
13.17
13.23
13.37
13.25
13.22
13.81
13.7
14.03
14.59
14.65
14.58
14.5
14.5
14.31
14.46
14.33
14.39
14.93
14.84
14.96
14.74
14.59
14.85
14.81
14.61
14.65
14.96
15.13
14.72
14.45
14.72
14.58
14.74
14.98
14.84
16.68
16.450001
16.469999
16.309999
16.620001
16.92
16.82
16.9
17.059999
16.76
16.790001
16.969999
16.559999
16.6
16.42
16.58
16.889999
16.610001
17.24
17.4
17.76
17.809999
17.84
17.98
17.83
17.52
17.440001
17.83
18.07
17.75
17.65
17.719999
17.68
17.690001
17.889999
18.1
18.1
17.799999
17.9
18.040001
18.16
18.4
18.190001
18.309999
18.41
18.42
18.34
17.98
17.75
17.59
17.82
17.74
17.879999
17.370001
17.299999
17.18
17.51
17.469999
17.27
17.23
17.91
17.85
18.059999
18.120001
17.98
17.870001
17.83
17.77
17.99
18.27
18.27
18.51
18.290001
18.23
17.91
17.85
17.700001
17.389999
17.74
17.809999
17.559999
17.370001
17.58
17.610001
18.02
17.84
17.889999
17.950001
17.940001
18.23
18.09
17.809999
17.700001
17.799999
17.57
17.549999
17.790001
17.450001
17.450001
17.6
17.67
17.889999
17.73
17.950001
17.940001
17.879999
17.76
18.02
17.610001
17.360001
17.110001
17.51
17.32
17.25
17.34
17.110001
17.09
17.67
17.42
17.290001
17.33
17.139999
17.309999
17.25
17.43
17.57
17.559999
17.360001
16.870001
16.35
15.85
15.78
16.370001
16.940001
17.07
16.74
16.09
16.51
16.530001
16.24
16.950001
16.629999
16.780001
16.889999
16.73
17.08
17.110001
17.200001
16.75
16.719999
16.549999
16.75
16.790001
16.309999
15.88
16
16.41
16.690001
16.92
17.07
16.57
16.82
16.790001
16.879999
16.940001
16.73
16.66
16.85
17.07
17.08
17.190001
17.190001
16.42
16.73
16.700001
16.82
18.4
18.18
18.280001
18.860001
18.67
18.67
18.940001
18.780001
18.59
18.799999
18.01
17.74
17.51
17.74
17.58
17.77
17.620001
17.870001
18.1
18.32
18.379999
18.33
18.280001
18.52
18.41
18.040001
18.51
18.57
18.73
18.48
18.440001
18.1
18.389999
18.66
18.879999
18.6
18.190001
18.27
18.49
18.74
18.719999
18.73
18.74
18.610001
18.440001
17.99
18.18
18
17.639999
17.43
17.129999
17.790001
17.549999
18.16
17.870001
17.57
17.540001
17.559999
17.85
17.530001
17.379999
17.219999
16.9
17.530001
17.879999
17.84
17.73
17.34
16.620001
16.07
16.870001
16.92
16.58
16.639999
17.16
17.57
17.209999
17.16
17.26
17.24
17.33
17.32
17.209999
16.98
17.219999
17.370001
17.41
17.440001
17.33
17.35
17.42
17.48
18.049999
18.139999
17.91
17.889999
17.93
18.120001
18.110001
18.290001
18.16
17.93
18.040001
18.549999
18.82
18.809999
18.940001
19.469999
19.17
19.559999
19.290001
19.309999
19.17
19.309999
19.57
19.549999
19.459999
19.469999
19.67
19.65
19.59
19.76
19.74
19.690001
21.889999
21.83
21.92
22
21.780001
21.809999
21.799999
22.030001
22.139999
22.219999
22.059999
22.049999
22.35
22.67
22.309999
22.290001
22.17
22.370001
22.360001
22.530001
22.389999
22.559999
22.58
22.709999
22.709999
22.99
22.799999
22.75
22.629999
22.799999
23.32
23.02
22.950001
22.93
22.799999
22.83
22.49
22.85
22.76
22.66
22.969999
22.370001
21.98
22.35
23.030001
23.370001
23.41
23.299999
23.67
23.66
23.9
23.77
23.639999
23.629999
23.780001
23.58
23.58
23.75
24.26
23.92
23.92
23.700001
23.98
23.66
24.34
24.280001
24.43
24.17
23.84
24.139999
24.139999
23.879999
24.15
23.879999
23.860001
23.889999
23.969999
23.870001
23.9
23.959999
24.17
24.120001
24.110001
23.629999
23.77
23.969999
24.299999
24.209999
23.82
24.33
24.26
24.33
24.41
24.48
23.51
23.75
23.26
23.110001
23.620001
23.5
23.51
23.309999
23.73
23.73
23.709999
23.73
23.719999
23.75
23.299999
23.799999
23.5
23.280001
23.43
23.48
23.48
23.77
23.16
23.18
23.15
22.950001
22.82
23.120001
22.870001
23.01
22.82
22.969999
22.440001
22.09
21.49
22.09
22
21.709999
21.6
21.540001
21.559999
22.040001
22.25
21.84
21.879999
21.5
20.790001
21.139999
21.360001
21.610001
21.34
21.459999
20.84
20.98
21.15
20.75
20.77
20.459999
20.09
20.35
20.709999
20.809999
20.610001
20.610001
20.809999
21.09
21.34
21.209999
21.26
21.4
21.469999
21.530001
21.48
21.66
21.809999
21.76
21.620001
21.700001
21.629999
