Adjusted
90.308395
90.41848
91.002747
91.6717
90.884201
91.078957
90.943481
90.604767
90.909607
92.044281
91.104362
90.706398
91.307587
92.230568
92.095093
92.298325
92.68782
92.154366
92.171295
90.18985
89.148323
88.995895
88.487846
88.081383
88.259216
88.216858
89.02977
89.156784
90.630165
90.757195
90.901131
90.782585
90.901131
90.198318
89.300743
89.986618
88.072914
88.233803
87.979759
87.962799
87.65799
88.462425
89.122902
88.767273
87.920486
87.124519
88.09832
88.72493
88.843475
89.478569
89.122902
88.665649
87.056786
86.243874
85.278557
85.507179
85.430977
85.788933
85.50769
86.129829
85.652573
87.05027
88.013336
89.922417
90.553093
91.814453
92.317276
93.63829
94.183731
94.055901
92.180916
93.348526
93.143974
92.964989
93.578621
92.777481
92.402512
92.368416
92.087158
91.848541
93.024635
93.263283
92.649658
92.947952
92.538864
93.07579
94.004761
94.4394
93.783165
94.797371
94.524628
94.175209
95.223495
94.891106
95.820084
96.902473
97.660973
96.297348
95.982018
95.828598
94.729195
93.391129
92.308746
90.834328
92.462158
92.862724
91.916718
93.391129
93.587151
93.16954
91.107071
90.783203
94.413857
93.825775
94.797371
94.771797
91.626945
85.720757
86.879837
87.467873
87.493454
89.123077
91.327354
90.461082
89.852119
90.992867
89.997932
90.212357
90.461082
92.039238
91.65329
94.938255
94.655205
94.089134
93.917587
93.531631
94.783859
94.440788
95.504318
95.20414
93.514473
93.102783
94.132019
93.46302
93.248596
91.730461
90.057976
89.174538
89.191689
89.13166
88.042374
88.342583
90.135162
89.054466
88.436928
88.694237
87.270462
85.306328
84.285667
87.09893
86.455658
87.004578
88.591324
89.165977
88.694237
88.128136
87.819389
87.913727
87.210426
88.325447
87.896584
89.894989
90.735535
91.447441
91.739044
89.71489
89.886414
90.79557
90.658333
95.109787
95.307068
93.797523
93.857559
91.944901
91.181534
92.113541
92.415596
92.251633
92.976517
92.82119
92.079041
91.889168
91.086624
89.36068
89.265747
90.914009
92.579552
92.527794
92.320671
93.589241
94.219208
93.908531
92.320671
94.383171
93.546082
92.665855
94.61618
92.674469
93.166389
90.663773
89.317528
90.111458
89.559166
88.152519
88.152519
87.358574
86.581909
87.12558
86.858055
87.436249
87.660637
88.911934
88.445915
89.239853
87.919502
88.333748
87.755531
87.695145
86.866707
87.695145
85.857002
86.15905
85.857002
86.107269
86.33165
86.927109
88.023071
88.221558
86.003716
85.546349
84.96814
85.408279
87.25502
88.886063
88.152519
89.317528
89.498749
89.248489
89.749001
89.127594
89.757904
89.100975
89.118736
90.184006
91.187126
91.77301
91.160515
91.20488
92.714012
91.968315
92.820541
93.379799
93.095749
92.980324
94.285286
95.244019
94.89782
93.11348
92.598618
93.495209
93.921326
95.874313
95.954201
94.15213
95.643509
94.746902
96.309296
96.921829
97.578751
97.330193
97.76516
97.747421
98.501976
98.821556
98.395454
98.235664
98.457611
98.20903
99.513992
98.89257
98.475357
99.806953
99.576134
100.8367
100.304054
99.815819
98.48423
98.253403
100.233047
99.043495
99.11451
99.292046
99.59388
100.499359
99.425217
100.170906
101.156273
100.454987
100.881081
99.727043
100.932442
101.691406
102.262856
103.31646
103.128944
103.128944
103.852188
104.084358
104.700432
103.807564
102.191422
102.995018
103.075378
104.280792
104.370071
104.852242
104.995094
105.370125
104.798653
105.557617
104.798653
105.629044
104.941536
104.593307
105.566566
105.227257
105.182625
104.521858
105.986214
106.307655
106.638031
106.959465
106.039787
106.057648
106.405869
107.271973
107.146965
106.968391
106.388016
105.593338
106.173729
107.530914
106.521942
106.682671
107.754143
107.950577
107.138031
107.423759
108.888107
108.84346
106.914825
105.316536
104.468292
103.798622
104.298653
103.575417
102.673592
104.423653
105.387962
105.709427
105.584404
106.021912
105.646919
105.323692
106.419044
106.104797
106.410057
105.889336
105.386536
106.445969
106.481888
106.508827
107.460503
107.218094
108.071037
108.142845
108.448112
108.026161
109.256172
108.636665
109.247177
108.825211
108.897034
107.810684
109.04068
108.196716
108.618713
107.245041
106.643494
107.577225
106.221519
106.805099
106.544739
107.78373
108.322426
108.196716
109.067635
108.57383
108.223679
109.911575
110.378441
110.800438
110.423332
109.516533
108.977844
108.76236
109.076607
108.699509
109.013748
108.843178
109.399811
108.340393
110.243774
110.127052
108.995796
106.88591
107.0924
103.519073
103.124031
104.425873
105.889336
105.368599
105.233917
104.578506
103.662727
103.348473
102.046638
104.069328
104.629196
104.529861
104.728523
104.737541
105.14389
105.06263
103.933891
107.085304
107.256882
107.762543
107.72644
108.963531
107.888969
106.949867
107.961197
109.189278
110.263832
109.956818
110.074203
110.029053
110.977188
111.17585
112.638695
113.388168
114.453697
116.20549
116.512505
116.349968
115.510185
115.419891
115.844292
115.257339
114.49884
115.437943
114.08345
114.164726
115.374741
115.50116
114.688469
115.925568
115.916534
116.070038
116.684074
117.063316
117.370323
118.733856
118.36364
118.760933
118.643562
119.031845
120.241852
120.088333
118.986702
117.975334
116.422203
116.322884
119.185364
121.09066
120.738487
122.598633
123.059158
122.06588
122.165199
122.737823
122.991264
120.80407
123.21656
124.333641
126.746178
128.163651
128.679932
129.327637
129.862732
129.5811
131.101852
131.392838
132.444199
131.909134
131.909134
134.38736
133.927399
135.391785
135.382431
134.218399
134.650223
130.29454
131.618134
133.120087
132.481781
134.978729
132.31279
131.59935
133.504974
132.284637
133.918015
132.43483
131.65567
133.091919
129.984772
130.829605
132.294006
129.787643
129.224411
127.882019
128.989716
130.257004
130.247589
128.886475
130.510437
125.619705
126.671082
126.492722
126.33313
128.924011
127.647324
128.839523
129.083572
132.481781
132.500534
135.86116
135.870575
135.15712
132.509933
131.805862
131.853027
134.154175
132.484909
131.758743
132.909286
134.07872
131.570084
131.758743
129.533051
129.749969
129.268982
129.815964
128.721985
129.844254
128.825729
128.62767
128.986053
128.740845
129.231232
130.023422
129.957443
130.476151
127.203629
124.779877
125.383446
125.383446
122.271255
121.328178
124.015984
125.741821
123.393539
123.893387
123.214348
125.770126
127.033852
126.666039
125.798431
125.722977
124.71386
125.307999
123.761337
124.355484
124.063148
122.629639
124.157448
122.195831
120.620872
120.205902
118.998756
118.819565
117.782173
119.036484
119.555176
118.923302
117.980217
118.847862
119.68721
120.800049
119.498596
118.470612
117.85762
117.763306
116.244942
117.022377
114.557343
114.756447
115.789856
115.524391
116.16909
118.472946
117.287834
116.728455
117.71447
118.264359
118.160065
117.695511
119.449486
119.05127
119.269341
118.890114
119.392593
118.074745
118.662567
118.728935
118.34021
119.762344
116.937035
116.88015
118.22644
116.643135
114.993462
114.671112
113.931602
113.523941
113.533401
113.732513
114.443581
115.590767
116.605202
116.548325
116.064796
114.576302
112.490509
106.498611
103.009651
107.901772
110.727074
110.56591
107.49411
104.915306
106.100418
106.12886
104.156837
105.910782
104.829971
106.081444
108.025032
107.399292
108.527512
111.608803
113.258469
112.490509
112.528435
110.632278
110.973579
109.930679
110.433167
109.165131
111.996758
112.883408
113.093178
113.90358
115
114.713959
115.600639
116.210808
115.981995
116.859131
114.90464
114.323074
115.143005
116.89727
118.317841
117.250038
116.658913
117.984146
116.191742
115.305077
116.201279
116.506371
117.059349
119.986305
123.723663
122.598633
121.197144
121.950333
118.403664
116.964005
118.222496
118.546661
117.469315
117.135628
118.012749
117.67907
118.355988
118.546661
120.625092
120.100723
118.86129
118.956635
119.95771
119.166374
120.768105
117.726746
116.677986
119.023369
119.175903
119.042442
117.755348
117.19281
117.516991
119.500069
121.092262
124.085953
123.962029
121.159004
121.149467
121.311539
122.941864
122.999077
123.58065
125.612587
124.432144
123.406487
120.174721
123.135567
123.116203
120.929459
117.542892
118.703995
117.088127
114.882019
115.985069
114.611092
115.46257
112.095352
112.279198
115.336769
113.991837
116.449501
115.278725
111.698647
112.443695
112.540451
111.098732
110.98262
113.449982
111.35997
107.53801
105.438339
107.586388
104.673943
105.090004
106.715546
108.341103
108.002449
108.757164
111.04068
110.643967
110.034386
111.447067
110.208557
110.440781
114.233727
114.204697
114.562706
114.736877
114.804604
113.304832
113.537064
113.324196
118.723343
118.742706
119.371643
121.306824
122.883995
122.555008
121.868019
121.258438
120.223114
119.855431
120.881081
123.302963
123.254341
123.604492
123.808754
124.013008
123.555855
124.402069
122.758286
123.64341
123.42942
125.666504
124.839767
124.810585
126.036125
126.454361
127.553459
125.160736
124.402069
125.861038
126.444633
126.979599
127.028229
126.10421
125.335815
127.524292
126.386284
127.008774
127.281105
127.320015
128.652557
129.489044
127.320015
127.786896
126.502998
127.232475
126.82399
123.769844
120.326653
120.98806
121.036697
122.417854
121.834267
121.386841
121.980171
122.194145
123.633675
123.779572
124.285355
123.585045
124.392342
124.567429
125.452522
124.723038
123.64341
122.768013
123.225166
123.098717
123.225166
123.380783
124.100548
124.66468
126.425179
124.528511
123.040359
126.051582
128.56424
128.955276
129.082382
130.490234
128.544662
127.127045
130.343582
131.526581
132.934433
133.56015
132.826874
133.012634
133.481903
134.381378
134.088074
134.488937
135.818558
135.965225
135.750137
135.554581
136.326965
138.956909
139.289322
137.500168
137.275314
137.725037
138.937332
139.611954
140.198517
140.188766
139.171997
139.6315
140.40387
139.171997
139.69017
139.191544
138.194336
138.702698
138.194336
137.216644
137.353516
136.062988
137.324188
137.314407
137.001556
137.910797
139.123108
139.563049
139.973679
138.653824
132.201157
135.339493
131.858978
131.780762
131.751434
131.69278
132.220718
132.298935
134.088074
135.935883
136.5616
135.984756
135.036423
135.930313
133.896957
133.877304
131.028641
129.103348
126.058228
126.608299
126.745827
126.431503
125.183983
125.910873
126.480606
124.653542
124.270447
124.928589
125.02681
123.867699
123.651588
123.946289
123.111328
120.714531
117.659576
116.834457
118.347198
115.066315
112.306061
112.050659
114.025085
115.920921
115.989685
115.714638
120.144791
120.331429
123.838226
122.315666
120.58683
119.506302
119.01516
118.789223
120.577011
120.262672
120.812752
121.588768
123.042572
121.686996
119.633995
120.930634
121.922752
123.798943
126.559189
127.207504
126.460976
127.060165
126.736008
122.905052
120.28231
122.138855
123.916817
125.036636
122.38443
122.325485
121.873634
122.050453
121.022652
122.218452
124.303688
