Adjusted
66.226105
64.903336
64.850433
64.162598
64.083214
64.012665
64.532974
64.180244
64.321327
64.559418
65.264893
65.256065
65.511795
65.92627
66.252556
65.538269
64.771072
64.709328
63.986237
62.557644
62.187271
63.042656
61.896275
62.66346
62.16082
62.010921
62.425365
61.755184
60.238419
60.000317
58.783379
59.876862
59.118473
59.197845
59.965042
61.702267
61.349533
61.508263
62.063812
61.552349
61.852161
62.584106
63.139656
63.607029
63.562946
63.307217
63.104382
62.284283
62.575287
62.707565
61.719902
61.428894
61.719902
62.30191
61.860996
62.381279
62.090267
62.152008
62.310738
61.411251
61.543526
62.257816
61.384811
61.975643
62.46064
63.598217
63.783405
64.550606
64.991516
64.718163
64.559418
65.282532
64.224327
65.564713
66.146729
65.732269
66.032089
65.167885
69.100899
68.236687
68.210236
67.901588
67.786949
68.324875
68.986259
68.730522
69.136162
69.894554
69.682907
69.409546
69.391899
70.344269
70.044449
68.580605
68.668793
67.663498
67.795776
65.300156
64.709328
65.009171
64.665245
63.263123
63.492397
62.831013
62.495918
61.596447
61.517082
62.293079
61.975643
61.032078
61.155521
59.965042
61.499435
62.028534
62.028534
62.901554
61.323067
59.700489
60.432404
59.374203
60.247227
61.843357
63.906857
63.836315
63.765762
63.633492
63.845135
63.677578
64.656425
64.100868
65.996796
67.654671
68.166138
68.219055
67.328392
67.407761
67.398941
67.654671
67.548851
67.76931
67.654671
64.982697
64.682877
63.924492
63.421848
61.949169
61.39362
61.111435
62.222546
61.543526
60.264862
60.573517
60.635239
59.471218
59.665215
59.762211
60.185505
59.885674
60.405972
60.811604
60.194328
60.079681
61.490623
60.838066
61.68462
61.569988
61.649342
61.217258
61.049706
61.675816
61.040871
62.213737
63.889221
64.559418
64.400696
62.46064
61.605263
62.169636
62.125546
62.257816
62.795746
62.275463
62.30191
62.019722
62.989754
64.374229
64.1185
64.400696
63.607029
63.113213
62.69875
62.310738
62.875118
61.958008
62.116734
62.442997
62.93684
63.43066
63.501209
65.494164
67.734039
66.984467
65.838104
66.023285
65.256065
67.531227
67.116745
66.905121
67.495956
67.434212
67.037376
66.296646
66.340736
67.143211
67.284317
66.473
65.732269
65.811615
65.529449
65.811615
66.578827
67.099129
67.301941
66.596466
65.970352
65.635262
65.423622
65.141449
65.776337
65.741089
65.4589
66.137917
66.279007
65.705811
65.741089
66.490654
66.437744
66.323105
65.379539
65.300156
65.176735
63.642296
63.148499
63.668758
64.374229
63.474766
63.624664
63.880409
63.986237
63.995026
64.568253
64.753433
63.166115
62.822189
62.848663
64.17141
63.510025
63.289566
63.360119
63.139656
64.294876
65.502983
65.009171
65.450096
65.591171
65.053253
64.550606
62.93684
62.46946
62.610569
62.143188
62.980938
62.575287
60.811604
60.917431
60.952698
62.196106
63.104382
63.836315
64.656425
64.506516
65.741089
66.155556
65.60881
65.705811
67.275497
66.032089
65.891006
65.485359
64.991516
66.543556
66.931572
65.917465
65.961563
65.705811
66.049728
65.811615
65.90863
66.234909
66.790482
66.296646
66.084999
66.032089
66.289024
65.270164
65.713142
65.296715
65.677689
65.287865
65.048653
66.607971
66.102974
65.367607
66.23587
66.120682
66.501663
66.226997
65.916916
66.102974
65.961197
65.004349
63.879154
64.711998
65.119537
65.562515
65.491653
66.226997
66.457359
66.315598
65.420753
64.481644
63.551353
63.613346
64.437332
65.154968
66.067535
67.742043
67.954666
68.840645
68.397667
68.43309
68.521667
68.42424
68.468536
68.060989
68.043266
67.662285
67.281326
67.83062
67.680008
67.334465
67.706589
67.874931
67.892647
67.981255
67.591423
66.988953
66.864929
67.121857
67.245888
67.130699
66.785164
66.306747
65.87262
65.385323
64.906898
64.906898
65.512253
65.868347
65.903954
65.930656
66.064209
66.313461
66.153214
66.090919
66.108704
66.473701
65.957367
66.019684
65.806015
65.832741
66.028587
66.313461
66.411385
66.633949
66.010788
66.482613
65.797134
66.767487
66.838707
67.248207
68.191856
65.725922
65.173973
66.722977
66.224442
66.322372
66.037483
65.405434
65.049332
64.8535
67.622108
68.191856
68.930763
69.233437
69.010864
69.126595
69.527191
69.847687
69.910011
69.740852
69.927834
71.218651
70.75573
70.826942
70.835838
70.969376
70.996086
70.782433
70.80024
71.19194
71.432297
71.788406
71.690483
70.951576
71.147438
71.619255
70.141464
69.78537
70.524269
71.284317
71.695648
71.3022
70.264961
70.980301
71.31115
70.595802
71.35585
71.364799
72.008614
71.516808
71.981781
72.616661
72.652428
72.15168
72.875977
71.999664
70.935593
70.166603
72.250046
71.123375
70.864059
72.285805
73.73439
75.576393
74.726929
75.37075
75.782066
75.47805
74.700111
73.770149
74.431839
69.85363
70.631561
69.889397
70.944534
71.4095
71.35585
71.454231
71.185951
71.990738
71.722466
71.88343
71.641998
71.999664
72.223213
72.410995
73.05481
73.47506
73.662834
73.779091
74.297729
73.546608
71.588341
71.445282
71.489983
70.881943
70.774651
70.613693
69.263474
68.691193
67.82383
67.707588
67.484047
67.899887
69.183578
69.879662
70.774635
71.579185
71.461678
71.461678
71.470711
71.344139
71.145264
71.87751
71.416466
71.280861
72.772484
73.92057
73.784966
73.694557
73.52282
73.812088
73.794014
74.698006
74.137527
73.549919
77.066505
78.494835
79.597725
79.371727
78.793175
78.431557
78.205566
78.069962
78.865471
77.988602
78.404434
78.341164
77.916275
78.8022
78.811234
79.181877
79.552521
79.190926
79.733322
79.362694
80.194359
79.462128
78.476761
78.268837
77.825867
78.02475
78.097061
78.015717
77.581787
77.979553
76.876671
77.292503
76.451775
76.768181
77.699318
76.759148
77.563721
77.310577
78.898804
78.36026
79.227379
78.72538
78.351135
77.255821
77.228439
77.410988
77.027626
75.339027
76.416092
76.808571
77.529663
78.195961
77.922142
77.712204
77.301468
77.584412
77.940407
78.36026
78.497177
78.351135
78.889664
78.305496
78.515419
79.081337
78.478928
77.584412
78.214218
77.210197
76.242661
75.914063
75.868446
74.499313
74.900909
75.402931
76.370453
75.485077
75.713264
75.156471
75.558098
76.489105
76.297424
76.653419
75.658485
74.919167
74.900909
74.773125
74.800507
75.09259
74.435394
75.083466
75.165604
74.818756
76.370453
75.558098
75.384659
74.827888
75.083466
75.695
75.485077
75.430313
75.695
76.146729
76.97641
76.321884
76.202049
76.349548
75.787201
75.519852
75.169548
74.17392
74.026421
74.736259
74.77314
74.450478
75.270958
74.229233
74.155487
74.985161
74.57032
75.160316
74.892975
75.307823
74.754707
75.584373
74.478134
74.312202
76.755165
75.990005
76.109848
75.833298
75.704231
75.105019
75.510635
75.482971
75.593605
75.824074
75.630478
75.907036
77.022522
77.603294
78.313126
78.22094
79.345634
79.594528
78.663437
78.755638
77.796883
76.211258
73.685333
73.316574
75.261734
77.45578
77.206879
76.875008
75.095795
75.842499
75.888596
74.708595
75.934692
74.487358
73.095329
72.486893
72.560646
72.247208
72.9925
72.657112
72.116776
72.34037
71.343529
71.576439
71.529861
73.36515
72.265831
72.228569
73.476944
74.147713
74.473785
75.85257
75.228394
75.694199
76.057533
75.638306
75.927109
75.591721
74.97686
75.759415
76.076172
76.914612
77.482918
77.445648
80.855377
79.485893
80.464104
79.914452
80.110077
79.811966
79.616325
81.749733
81.647255
81.36776
80.622475
78.926926
78.200256
78.563591
78.843079
78.395905
77.9394
78.796494
79.048035
79.998283
80.259148
81.09761
81.423668
80.799492
80.445465
80.184616
80.035561
81.311882
79.961037
78.964195
79.29026
80.52932
80.091454
79.560425
79.579048
79.020088
79.3741
79.933083
80.926186
80.634384
79.843651
80.888535
81.933411
82.178162
81.839272
81.971062
82.837082
81.914574
81.378014
80.380211
82.027534
81.34037
79.316513
78.205727
78.779953
79.128242
77.923332
79.034111
74.478073
74.835777
73.630875
74.48748
76.831398
76.42662
78.704643
78.30928
79.834236
81.142677
81.726303
81.1521
81.679245
81.161522
79.128242
76.9067
77.377365
77.029068
76.727844
78.2528
79.071762
79.711868
80.973244
80.446098
81.66983
81.283875
81.236824
81.651001
80.756744
81.425087
82.592331
83.22303
82.733536
82.131096
81.208572
80.464943
80.220169
80.013092
80.747337
80.013092
80.295486
80.86145
81.784119
82.202644
81.727036
81.803131
81.479729
81.403641
81.50827
82.231178
82.687767
82.278748
82.858978
82.773361
81.945824
82.74482
82.535568
83.753098
83.239449
83.401161
83.610428
82.906532
83.020676
83.306038
83.791145
83.325058
81.698517
83.467743
82.92556
83.28701
83.458221
82.887505
82.640182
83.258469
82.078995
83.619934
83.648476
84.028938
85.103798
86.159637
85.722084
86.045494
85.465256
85.940849
85.722084
86.07402
85.160873
85.531837
85.950363
86.834991
86.635239
86.378403
86.368896
86.378403
86.368896
87.320107
88.233246
88.499588
89.431755
89.403221
89.812241
89.536385
89.888336
89.089333
90.227249
90.889847
90.65937
90.65937
91.581238
91.456398
92.263031
92.608727
93.319336
95.067032
96.344193
97.400482
97.160423
98.485596
97.871017
97.47731
98.139893
96.545845
96.171349
95.835251
95.518356
96.132927
95.441528
95.700813
94.577293
94.366028
94.942192
93.453773
92.896812
92.253426
92.733566
93.175285
93.857086
93.012039
92.29184
93.021645
92.397469
92.090179
92.013367
92.349449
92.44548
92.685547
92.387863
91.03389
90.822617
90.553749
89.660683
89.98719
89.98719
91.005074
90.736191
89.555061
90.006393
90.44812
91.005074
90.98587
92.24382
94.135551
94.922981
93.780273
89.603073
90.198441
88.220276
88.612976
88.680847
87.62397
89.010521
88.787506
90.600685
91.948448
92.287811
92.704742
92.093895
91.502426
91.153358
91.347282
90.581284
88.099075
86.353767
86.140457
85.616867
86.004715
86.295601
88.67115
89.029907
89.233528
89.194748
89.029907
88.923248
88.758423
92.035706
92.249023
91.085487
89.71833
88.021515
88.448151
88.225128
87.207039
85.229027
85.006012
85.141762
86.334389
87.071289
83.124962
80.380959
79.75071
79.498604
80.2743
82.504402
82.523796
82.417145
81.980827
82.824371
81.602676
82.194122
81.786888
82.640152
80.923935
79.052582
79.391953
80.730019
80.904549
82.165047
82.417145
82.969818
84.21093
85.287209
84.503044
84.189377
84.003136
85.532249
85.836113
85.404823
85.404823
85.512642
85.796898
85.051949
85.287209
85.051949
