Adjusted
33.138168
32.722828
32.749336
32.643295
32.69632
32.784687
32.820038
32.722828
33.023285
33.270721
33.420937
33.747902
34.092545
33.959991
34.172073
34.37532
34.569736
34.490204
34.216259
34.366486
34.216259
34.596241
34.01302
34.074871
34.286957
34.446018
34.472527
34.216259
34.481358
33.102818
33.005611
32.625626
32.263309
31.524807
31.462523
31.133303
30.635023
30.812981
31.631567
31.827324
31.898508
32.156548
32.20993
32.156548
32.245529
31.738342
31.711657
31.444715
31.773937
31.791733
31.097704
30.181234
29.549494
29.932104
29.923208
30.288008
29.932104
30.047773
29.923208
30.519358
30.216829
30.448172
29.923208
29.451614
29.852024
30.021078
30.190134
30.323606
30.359186
30.368093
29.513906
29.638477
29.567291
29.602886
29.709656
29.505009
29.834229
29.647375
30.795181
30.661722
30.98204
30.706202
30.190134
30.608328
31.444715
31.186684
31.622679
31.684969
31.337952
31.248972
30.955347
31.320158
31.186684
31.106606
31.142191
31.426926
30.083363
29.617228
29.572411
29.473812
29.581373
29.671015
30.038544
29.671015
29.276596
29.007675
28.864252
28.891148
29.321419
29.106283
28.98975
29.330385
30.406069
30.334351
30.208864
30.755667
30.316427
29.975794
29.966833
29.778582
31.275578
31.17697
30.73774
30.73774
31.060448
31.266624
31.239719
31.544504
31.472795
31.517618
31.705854
32.297485
32.324383
32.306442
32.494694
32.539509
32.862217
32.835323
32.727749
32.916
33.095284
33.086323
33.4897
33.211819
33.158031
33.193886
33.803452
33.794491
33.776554
33.480732
33.167004
33.104244
32.727749
32.530544
32.799477
33.086323
32.889111
32.736717
32.171986
32.414017
32.883385
33.767986
33.731884
33.831177
33.009766
32.468178
32.558441
32.576488
32.477196
32.386932
32.441093
32.368889
32.883385
33.569401
33.767986
33.560379
33.786037
33.704803
33.957535
33.984623
34.029747
33.470104
33.758957
31.177393
29.516523
29.724129
29.678995
29.46236
29.408205
29.182549
29.209623
29.272812
29.056173
28.631931
28.523609
28.758301
29.110331
28.974934
28.848564
29.029095
29.688023
29.552631
30.220581
30.85244
30.554571
31.312786
31.258631
31.493315
31.565533
31.502352
31.276682
31.448189
31.773144
31.944645
32.7841
32.188358
32.738979
32.585522
32.19738
32.341805
32.594543
32.495255
32.19738
32.143227
32.497742
32.615913
32.83408
32.9977
32.688633
32.897724
32.824997
32.797722
32.588642
32.315933
31.806881
32.125038
32.361393
32.443192
32.161407
32.125038
32.715908
33.152248
33.22496
33.73402
34.588501
35.315727
35.58844
35.852043
35.942959
36.261112
36.488365
36.515648
36.188393
36.224758
35.661156
35.897511
35.815693
36.324749
37.497398
37.651936
37.742832
37.797371
37.751911
37.597385
37.115608
37.342869
36.951977
35.58844
35.788418
36.897442
35.942959
36.397469
35.624794
35.224823
35.497536
35.106647
36.479279
36.279301
36.642906
36.615646
36.72472
36.579281
37.051968
36.142948
35.841068
35.777035
36.060619
36.30761
36.664371
36.792442
37.002838
36.280155
35.237316
36.243572
35.932545
35.850208
36.133801
35.685551
35.447708
35.950832
35.228165
35.145832
35.511742
36.234425
36.014877
36.582047
36.572891
36.591187
34.779915
34.432312
34.139572
34.066399
34.633556
35.127541
34.798222
35.182426
34.670155
34.468895
34.761627
34.834808
34.231056
33.87429
33.371162
33.13332
33.426052
34.139572
34.057247
34.185314
34.231056
34.917141
34.816521
35.328789
36.170387
35.959991
35.365383
35.502598
35.594074
35.722141
35.914246
35.841068
35.795334
36.362495
35.996586
35.64896
35.255611
34.981174
35.530041
35.841068
36.448704
36.568378
36.844574
36.503937
36.384251
36.586803
36.85379
36.844574
36.973469
36.909023
37.001099
37.056335
37.332527
36.991886
36.964264
35.979164
35.831852
35.371532
35.647728
35.55566
35.730587
36.006786
36.282982
35.196609
35.012474
34.975662
34.929619
34.662632
34.542942
34.579773
34.865166
34.662632
34.165478
34.036591
33.539429
33.88007
33.962933
33.705147
33.824833
33.189583
33.622292
33.373714
33.474983
33.603874
34.257545
33.769592
33.603874
33.447369
33.659115
33.346096
33.548641
33.428951
33.134346
33.36451
33.43816
33.557846
33.93531
34.018173
34.082623
34.515327
34.377228
34.855968
34.800724
34.976826
35.004616
35.134369
35.032421
35.227047
35.106571
34.541222
35.106571
35.17144
35.412399
36.22797
36.450405
36.255775
35.847992
36.024078
36.40406
36.31139
36.524544
36.60796
36.802574
37.173298
37.738628
37.386459
37.544006
38.109344
37.497662
37.877651
37.44207
37.228897
36.274311
35.755318
36.682098
36.60796
34.606106
34.911938
33.058372
32.910084
31.399429
32.10379
31.890629
32.15012
32.363281
33.29007
35.217781
34.995354
35.060226
35.699703
35.523624
36.22797
36.496742
37.136215
37.210365
37.136215
37.043545
37.062077
37.599613
37.44207
37.35865
37.655224
37.469864
37.905449
38.461525
38.470791
39.175144
38.774258
38.783577
38.755615
39.147182
39.398895
39.268379
41.170261
39.520092
39.939629
40.116756
40.629532
41.599117
41.086349
40.993122
40.368488
40.582916
40.042183
40.265926
40.200668
41.589798
41.48724
41.75761
41.822872
42.233078
42.31699
42.680584
42.839073
42.40089
42.261047
42.522095
42.31699
42.727196
42.885689
43.519653
43.165379
43.156059
42.848396
42.40089
42.111881
42.382252
42.307663
42.540745
43.118767
43.239964
43.594231
42.997562
42.102558
41.841518
40.983799
40.56427
40.732079
40.517654
40.741402
40.396454
39.762497
40.601559
41.086349
41.366039
40.536297
40.359161
41.137463
40.97805
40.574841
40.809265
40.874908
41.156219
41.043694
41.249992
42.375248
41.906391
41.812626
42.63781
41.634453
42.187702
41.325008
41.109333
42.469017
42.506527
43.416111
42.82534
43.809944
43.772442
43.959976
43.191055
42.562786
41.634453
41.653206
44.185032
44.747658
44.860188
44.52261
44.982082
44.785164
45.675999
45.582226
45.488453
45.319664
44.850807
44.53199
44.08189
44.325687
44.08189
43.594273
43.688046
43.716175
43.406727
43.491131
42.966011
42.590923
41.634453
41.231232
41.756355
41.568813
40.696743
40.743626
41.709465
43.284828
43.350464
42.947254
42.919121
44.419453
44.916447
44.925823
45.347797
44.791672
44.678566
44.631428
44.254402
44.857655
44.442913
43.669998
44.094158
44.329807
45.074448
44.669136
44.537174
44.320374
44.490047
44.301521
45.083878
44.697407
44.518322
44.725685
44.848228
45.82851
46.111286
47.053879
46.639141
46.97847
47.166988
47.694836
46.139568
46.55431
46.780529
46.997322
46.526031
47.317799
46.120724
46.375214
47.675983
48.854218
49.202972
48.863644
49.212402
49.108707
49.155842
48.976757
49.363205
48.835365
48.184975
47.930477
48.392349
49.108707
48.901337
50.230385
49.221825
48.891918
49.608284
49.099285
49.13699
49.410343
49.193542
48.222687
49.118149
49.429192
49.853359
49.76852
49.57893
47.332237
45.862881
44.061729
44.876987
46.308418
47.152122
46.92461
46.668655
45.294094
46.867729
46.829815
46.384258
48.043221
47.901009
48.081135
48.706802
48.706802
49.237663
50.119267
49.996033
49.360893
49.939159
47.19952
48.820557
48.232811
48.062168
46.109348
45.720684
47.114204
46.934078
47.171078
47.758827
46.602295
46.687614
47.038364
46.791893
47.739864
47.275356
45.843918
47.976856
48.44136
49.161823
48.981709
48.782631
49.654766
50.792339
50.725975
51.038807
50.517422
51.266319
51.266319
50.763897
50.223553
50.05291
50.147713
50.583782
49.834877
50.365742
50.081348
49.455688
48.87743
48.128532
47.616623
47.959946
49.152031
49.190182
49.008984
48.055313
48.62751
48.484463
48.188828
49.075733
48.808712
47.025349
48.341412
48.322334
47.835972
47.979019
48.598904
48.341412
48.436783
49.743305
49.781452
48.122066
49.98172
51.440838
51.755539
51.574348
51.612492
51.679245
52.585232
52.489876
51.955811
51.688786
51.192883
51.040295
49.96265
49.638405
51.440838
52.146549
49.953117
49.533497
47.521259
46.796474
46.071686
47.2733
47.2733
46.538986
47.511723
45.823727
44.688866
45.900028
46.701107
42.991337
43.28698
43.401413
41.04586
39.977749
40.979099
41.398716
41.188904
42.018593
42.93412
44.086193
43.529354
44.537422
45.823917
46.179134
46.111931
46.572765
46.40955
46.044724
47.004795
46.236744
46.13113
46.054333
45.171074
44.508625
44.614231
44.451023
45.996723
46.198341
45.996723
46.879986
47.014397
47.648037
47.792046
46.803177
46.140736
46.966389
47.062397
47.657639
50.278614
50.66264
50.64344
50.912262
49.443356
49.913792
49.136139
49.097736
48.771313
49.184139
49.616173
49.510563
48.982529
48.809719
48.579296
48.041668
47.216003
46.572765
47.273621
47.168003
47.513626
46.764774
47.091198
47.552029
47.513626
47.1968
46.457558
47.254417
47.753643
48.377686
48.272072
49.01133
47.947968
48.324982
48.266972
48.653656
47.899635
48.363647
48.247643
49.136997
48.309616
46.323887
47.307018
46.469898
46.771648
47.044201
46.479633
45.817719
46.236282
46.411491
46.752178
45.895596
45.399158
45.282356
46.002666
46.207077
46.538036
47.209679
47.35569
47.560101
48.046799
44.435501
42.478977
42.566582
43.286896
43.024078
43.666519
42.586048
42.031212
42.654186
43.335564
44.416035
45.467297
45.408897
45.087673
44.114281
44.406296
43.929337
44.795658
44.114281
44.717785
45.077942
44.941662
45.087673
45.26289
45.477036
45.467297
44.055874
44.416035
44.931931
45.798256
45.243416
43.85146
44.231083
44.698315
44.815125
44.922195
45.340759
45.739853
45.525703
45.389427
45.661976
46.51857
46.371479
46.273418
46.185165
46.263615
46.489151
46.871571
47.754097
45.488956
44.979061
44.420128
43.988682
43.508194
44.341686
44.743725
45.332069
45.56741
45.351677
45.008476
45.292843
44.930027
45.930218
46.34206
45.56741
47.410889
47.832535
47.322636
47.871761
48.175743
48.234577
47.822735
47.881569
46.822544
46.587208
45.940025
45.792938
45.881191
45.253624
45.214397
45.616436
45.714493
46.283226
45.802742
46.087109
46.008667
46.2342
45.62624
47.508945
48.146324
47.47953
47.332443
47.381474
47.106915
48.03846
48.852341
48.401276
48.950397
48.852341
49.79369
49.980003
49.950584
50.49971
50.49971
50.264366
51.113464
51.636742
51.883572
51.399788
52.545078
50.75803
49.247433
49.760838
50.975239
51.913193
52.485836
52.248875
52.663555
51.468899
51.488644
51.745346
52.288372
50.846886
50.66917
51.824333
52.416721
51.745346
52.357483
51.972431
51.528137
51.330677
51.399788
