Adjusted
22.001583
21.972988
22.163645
22.144577
22.325697
22.344765
22.249435
22.144577
21.582142
21.467752
21.687008
21.429619
21.238966
21.401022
21.401022
20.82906
20.781393
20.895786
21.33429
21.753736
21.544014
21.953924
22.096914
21.782333
22.192238
22.382896
22.344765
22.516354
22.878599
22.591421
22.878599
23.261501
22.945606
22.92646
22.916889
22.840309
22.802017
22.936033
22.974323
22.71586
22.706287
22.696716
22.754154
23.213638
23.00304
23.194496
23.577396
22.955177
23.165777
23.194496
23.357229
24.075174
23.969877
24.084747
23.596546
23.634834
23.414663
23.443384
23.213638
23.510389
24.008171
23.931587
24.027311
24.352785
24.419792
24.228338
24.285774
24.113466
23.797573
23.701843
23.146633
22.888174
22.974323
23.146633
22.869028
22.859451
22.849878
22.438259
21.978769
22.19894
22.112787
22.285095
23.108341
22.696716
23.060478
23.117914
22.840309
23.204067
22.878599
22.974323
23.349216
23.080063
23.406897
23.551085
23.320381
23.858694
24.00288
24.348938
24.464293
24.57003
24.233587
24.050945
24.272036
23.945208
23.96443
23.993269
23.887529
23.877914
23.887529
24.070171
23.935591
24.320103
24.512352
24.25281
24.031715
24.137457
24.502741
23.810627
24.32971
24.608486
24.214361
23.839466
23.839466
23.801012
23.378057
23.07045
23.185801
23.531862
23.378057
23.195415
23.416508
23.666439
23.791403
23.935591
24.031715
24.070171
24.137457
24.464293
24.166296
24.608486
24.502741
24.147074
24.137457
24.070171
24.502741
24.646931
24.579641
24.493126
24.781507
25.079502
25.041052
25.069998
25.378794
25.320896
24.944553
25.041054
24.905956
25.156849
25.234047
25.311243
25.552486
25.021751
25.378794
25.919178
25.813028
25.899878
25.977077
25.764782
25.832331
25.890226
25.899878
26.006027
26.237617
26.652557
26.778002
27.328037
27.057848
27.096443
27.019247
26.556059
26.575361
26.932398
27.260492
26.932398
27.086796
27.202593
27.279789
27.202593
27.067493
26.420965
26.575361
25.986725
26.353415
26.478863
26.199018
26.063923
25.803379
25.706882
26.034975
26.343765
26.295517
26.585007
26.826248
27.125391
26.932398
26.98065
25.784079
26.092875
25.52354
25.234047
25.031401
25.253344
25.089302
25.660833
25.253981
25.215233
25.447718
25.825512
25.815823
25.864262
26.338923
25.99988
25.215233
25.37991
25.554276
25.457407
25.72864
25.438034
24.537144
23.800932
22.309134
22.376944
23.432823
23.713747
23.917175
24.043104
22.948479
23.374702
23.733124
23.335957
23.859055
23.636251
23.674999
23.558758
23.645941
24.246532
24.101231
23.287519
23.006598
23.151901
22.861296
22.60943
22.512564
22.870981
21.921656
22.493187
23.113155
22.764423
22.677242
22.977535
22.628805
22.706301
22.783798
22.725676
22.822546
22.725676
22.19289
22.783798
22.493187
22.502876
22.657867
22.444752
22.154146
23.461885
22.861296
22.793488
23.423143
23.355333
23.539381
23.68469
23.752773
23.85977
23.937582
25.026979
25.163157
25.289604
25.377144
24.81299
24.832445
24.97835
24.900534
25.484142
25.406324
25.309059
25.036709
25.416052
25.542498
25.668947
25.90239
25.775946
25.912115
25.746759
26.379002
25.785667
25.6884
25.386871
25.581408
24.910259
25.017254
25.81485
26.174738
25.756489
25.192333
25.318785
25.532774
25.795395
25.873211
25.6884
25.892664
25.581408
25.474413
25.095068
24.97835
24.589279
23.918127
23.169168
23.246981
23.246981
22.58556
22.274305
21.710152
21.622612
21.009827
20.747202
20.212231
19.249279
19.73562
20.630482
21.145998
20.669388
20.212231
19.752859
19.596479
19.772408
19.401005
18.765707
19.107788
18.433397
17.729683
18.462717
18.922089
19.205526
18.67774
18.8048
19.352131
18.93186
18.57023
18.746157
19.293491
18.795027
19.811502
20.485893
20.95504
21.433954
21.043005
20.4468
20.231775
20.534765
21.41441
21.590338
21.688074
21.121197
21.238478
21.580559
21.502373
21.433954
21.199383
21.101646
20.906168
20.720467
20.769337
20.476124
20.867073
21.023455
20.290422
20.8573
20.319742
20.397934
20.564087
21.023455
22.0888
22.303822
22.039928
22.206085
22.577492
22.831608
22.997765
23.085728
22.851156
23.017309
23.085728
22.714325
22.333145
22.657383
22.116985
21.606066
21.72397
21.704319
21.46851
21.969606
21.812399
21.380081
21.026367
21.330954
21.439032
22.72616
22.500175
22.578781
22.568953
22.844065
23.276382
22.94232
23.178131
23.138828
23.187956
23.413939
22.735987
23.060223
23.070051
23.050398
22.480526
22.067858
21.694494
20.937937
20.987064
20.5744
20.731604
20.937937
21.173748
20.996891
21.733797
19.601683
18.118046
18.638794
19.17919
19.631159
19.306921
18.570015
18.658443
19.080936
19.503429
19.768717
20.083128
20.201033
20.623524
20.613699
20.613699
20.662827
20.947763
21.301479
21.419384
21.645367
22.097334
22.185762
22.058035
21.940126
21.93025
21.782072
22.18709
22.335268
23.105791
23.165062
23.204576
22.967491
23.115669
22.987249
23.253969
23.105791
23.155184
23.105791
23.293482
23.214455
23.244089
23.204576
23.352753
23.826921
24.162788
24.429508
24.469025
24.222061
24.380117
24.004734
24.271452
24.617201
24.508535
24.765377
24.320847
24.103518
24.182547
23.807163
23.896072
23.876312
24.014612
23.945463
24.113396
23.668865
24.014612
24.113396
23.757771
24.409752
24.30109
24.686348
25.259302
25.377846
25.190153
25.229668
24.656713
24.943192
24.222061
24.488781
24.28133
24.548052
24.992582
25.239544
25.654442
26.029825
26.138489
26.543509
26.543509
26.029825
26.138987
26.63517
25.900818
26.069519
26.20845
27.141277
26.744331
27.984791
29.374107
29.6222
30.644337
30.703882
30.495483
31.487852
31.726019
31.686327
31.676403
32.15274
32.21228
31.53747
32.142815
33.254265
34.11763
33.889385
33.889385
34.435184
34.792442
35.26878
35.239002
34.742817
34.534424
34.365723
35.129845
35.050457
35.100071
35.804657
35.745113
35.725262
36.05275
36.181751
35.725262
35.010761
35.358089
