Adjusted
25.306532
25.492064
25.668324
25.6544
25.937338
25.863127
25.858484
25.928059
26.048656
26.085766
26.016191
26.31768
26.438274
26.34087
26.387249
26.470745
26.507853
26.526403
26.71657
26.77223
26.804699
27.129383
27.087635
27.412315
27.709167
27.365934
27.890066
27.658148
27.820482
27.783209
27.624763
27.904371
28.160669
28.002228
28.076792
28.635994
28.477554
28.668617
28.859676
28.873659
28.603373
28.654638
28.682598
28.458916
28.407656
28.407656
28.440273
28.472891
28.538136
28.524151
28.505512
28.505512
28.724539
29.199863
29.050739
29.647224
29.34432
29.721786
29.600626
30.117884
30.047989
30.075951
29.80567
29.698488
29.47946
29.474804
29.418882
29.526066
29.791687
29.777708
29.321022
29.707808
29.213839
28.88764
29.1486
29.544704
29.796349
29.204521
29.512083
29.502764
29.787027
29.77305
29.311703
29.870909
29.754404
29.325684
29.456165
29.633245
29.502186
29.811113
29.722179
30.054508
30.25577
29.918764
30.017057
29.488152
29.389854
29.020081
29.258795
29.324322
29.488152
28.814133
28.912428
28.463083
28.374151
28.224371
27.854595
28.247772
28.594141
28.608183
28.495848
28.537975
28.669033
28.739244
28.982635
28.931152
28.360104
27.859278
28.088633
27.952892
27.901403
28.121393
28.575417
28.88434
28.795412
28.795412
28.781366
28.893705
28.991991
29.22135
29.272839
29.651972
30.045147
29.960892
29.768984
29.768984
29.783028
29.886002
29.914085
30.0077
29.670689
29.988977
30.082592
29.965569
29.946856
29.815792
30.443001
29.389854
29.427299
29.37113
28.931152
28.89353
28.84651
28.808895
28.808895
28.634926
28.371614
28.39983
28.583204
28.686646
28.611412
28.710154
28.790089
28.620815
28.404528
28.131815
28.06599
27.906124
27.821486
27.102083
26.636589
26.716526
27.271355
27.722746
27.859102
27.873203
28.122414
28.381018
29.006378
29.274389
29.373135
29.02989
29.048698
29.217966
28.681942
28.681942
28.526777
28.235252
28.507971
28.456249
28.230556
28.192938
28.05658
27.863804
28.061287
28.545589
28.837111
28.870026
28.526777
29.091017
29.316706
29.537697
29.368427
30.0126
30.116043
30.2477
30.299419
30.318228
30.534519
30.60034
30.633259
30.576832
30.652065
30.708488
30.90682
30.36849
30.311827
30.231544
30.675434
31.048491
31.072102
31.138208
30.987103
30.614046
30.708488
30.987103
30.86904
31.005989
31.095709
31.029596
30.812376
30.817099
31.213762
31.180706
31.024876
31.596266
31.591537
31.190149
31.227926
30.92099
31.053211
31.034315
30.902102
31.369598
31.048491
31.393206
31.275156
31.341261
31.303486
31.445148
31.468765
31.298759
30.930429
30.935158
31.024876
31.133484
30.864321
30.939877
31.062653
30.817099
31.138208
31.119318
31.171268
30.944599
30.954044
30.939877
30.972929
30.717936
30.557379
30.784048
30.052099
30.45821
30.495991
29.305994
30.104044
29.773493
29.910435
30.19849
30.547932
30.680155
30.429884
30.548504
30.985048
31.06097
31.108419
31.445313
31.388376
32.000488
31.943552
31.995739
32.147583
32.25671
32.323154
32.574642
32.375332
32.394329
32.465488
32.498707
32.45126
32.337379
32.228249
32.446514
32.622082
32.541416
32.25671
32.2757
32.090641
32.223495
32.380077
32.427536
32.346867
32.318401
32.773926
32.531925
32.536667
32.574642
32.247234
32.418049
32.588875
32.769176
32.370602
32.228249
32.422783
32.474991
32.778667
32.826115
32.88306
32.517689
32.470238
32.465488
32.6031
33.006432
32.764442
32.745449
32.299416
32.522438
32.337379
32.133343
32.285187
32.285187
32.461559
32.342384
32.342384
32.146954
32.218452
32.289951
32.313789
32.347153
32.537823
32.44249
32.566429
32.471085
32.499687
32.838123
33.000198
32.819057
32.714195
33.01926
33.143204
33.10984
33.362473
33.143204
33.152733
33.028801
32.957294
33.186089
33.095531
33.228996
33.553135
33.395836
33.119362
33.057392
33.176571
33.081234
33.124126
33.343399
33.453037
32.919159
32.485394
32.328083
32.227982
32.499687
32.432957
32.280418
32.17078
32.471085
32.342384
32.142178
32.309013
32.237518
31.798973
31.775146
31.756081
31.546335
31.522503
31.517738
31.222198
30.592991
31.293701
31.255569
31.436699
31.684576
31.522503
31.78591
32.202576
32.092419
32.11158
32.293568
32.226517
32.442024
32.566555
32.566555
32.662327
32.446827
32.619232
32.556969
32.600075
32.556969
32.681492
32.901794
32.82996
33.165199
33.141251
33.059834
33.064621
33.438179
33.433395
33.203514
33.323238
33.543545
33.682438
33.581856
33.586647
33.811741
33.433395
33.845264
33.54834
33.744694
33.869217
33.601021
33.366341
33.260979
33.428612
33.174782
33.2514
33.749481
33.222672
33.098148
32.638393
32.700645
32.556969
32.556969
32.748539
33.328026
33.912312
33.787796
33.730324
34.108673
34.443909
34.563644
34.645065
34.635479
34.678589
34.534908
35.22456
35.076092
35.128998
35.239609
35.340622
35.633991
35.754234
35.715755
35.364655
35.537807
35.70134
36.095715
35.888908
35.840813
35.835999
35.903324
36.033184
36.8941
36.55262
36.42757
36.393902
36.706528
36.956623
37.245201
37.139389
36.922955
36.937389
36.55262
36.518959
36.47086
37.072056
37.697292
37.730961
37.841583
38.73135
38.553402
38.563019
38.52454
38.303303
37.904106
38.038776
37.615536
37.30291
37.721348
38.466835
38.341782
38.231155
38.31773
38.558205
38.870823
39.601879
39.674023
39.577839
40.106888
39.433537
39.799076
39.447975
39.250778
39.76059
38.918926
39.476837
39.770218
40.207886
40.02993
39.578415
39.510811
40.027519
40.201366
40.254478
40.578018
40.718063
40.935364
40.669773
41.225105
41.481045
41.596947
41.302372
41.263741
41.11404
41.307201
41.283058
40.993317
41.171989
40.452465
40.887074
40.375206
40.582848
41.007805
40.737377
41.287888
41.051266
41.200954
41.210621
41.596947
41.616257
41.292713
41.041599
40.660118
41.031948
41.495529
41.249252
41.239597
41.41827
41.645229
41.312027
41.519676
41.495529
41.481045
41.345829
41.804585
41.398952
41.408607
41.075401
40.708405
40.597336
40.44281
40.481441
40.539391
40.322086
40.331738
39.892307
39.196926
39.563934
39.747433
39.433544
39.491497
39.911625
40.191704
40.326912
40.259304
39.984058
40.466492
40.544071
40.801048
41.058022
41.150146
41.033775
40.941654
40.781654
40.898014
40.985291
40.713776
40.990143
40.679829
40.907719
40.38892
40.054363
40.049511
40.282246
40.53437
40.689529
40.403461
39.918602
40.146488
40.335583
40.519825
40.529526
40.645885
40.379219
40.068905
40.151329
40.156185
39.293137
39.336765
40.117393
39.81678
39.666473
40.510136
40.524673
40.330727
40.781654
41.150146
41.1259
41.116203
41.605915
41.198639
41.552578
41.077412
41.266518
41.10651
40.965897
41.028927
41.460457
41.853195
42.076237
41.858044
42.371994
42.672607
43.390202
43.322327
43.334484
43.402626
43.037609
43.358826
43.441559
43.631371
43.957455
44.079121
43.680038
43.144688
42.195644
41.358547
40.370571
41.363415
42.117779
42.268646
41.991238
40.842663
41.295277
41.869564
41.334213
42.103184
41.480221
41.363415
40.925396
40.604183
40.998398
41.11034
41.290413
40.82806
41.270947
40.876728
40.930264
41.25634
41.674896
41.095734
41.139534
40.832924
40.784256
41.431549
42.044773
41.64082
42.098309
42.36599
42.643394
42.97435
42.794266
42.322186
42.594727
43.008415
42.930542
42.877007
42.735863
43.144688
42.735863
42.434124
42.137249
42.580128
42.08371
41.898769
41.562954
40.935131
40.813457
40.39978
40.016178
39.737648
40.675861
40.778484
40.358238
40.328918
40.837124
40.788265
41.462605
41.853527
41.892628
42.171158
42.332417
42.483902
42.566975
41.91217
42.444813
41.907284
41.64341
42.386169
42.547428
42.464363
42.00013
41.506588
40.973953
41.042362
41.30135
41.799778
41.653183
40.666096
41.110771
41.697166
42.415489
42.239574
41.706936
42.156498
42.088089
41.477268
40.807812
40.460865
40.270287
39.620369
40.099251
40.372902
40.91531
38.432926
38.227695
38.569752
38.584415
38.3694
38.706573
39.615482
38.823856
39.244099
39.341831
39.869583
41.047245
41.570114
41.917061
42.547428
42.386169
42.464363
42.635387
43.241318
43.207115
42.498154
43.459789
43.979855
44.097599
43.916069
43.867012
44.239887
44.607857
44.951294
45.240761
44.990543
44.529354
44.637295
44.818829
45.015079
45.029797
44.475388
44.612762
44.239887
44.303665
44.637295
44.450855
44.897327
45.088673
45.132828
45.005264
45.13773
44.882614
44.926762
44.867886
45.127926
45.280014
45.196609
45.226051
45.971798
45.402676
46.08955
46.325054
46.079739
46.172958
45.849144
45.991425
45.863861
45.643078
46.074833
45.765736
46.246552
45.755924
44.794296
45.152451
45.373241
45.167171
45.280014
45.52042
45.481171
45.868767
45.947273
46.065018
46.668499
47.512367
47.630127
48.047153
47.458401
47.948376
47.544579
47.500259
47.071842
47.756329
48.795361
47.510113
48.140427
48.204445
47.938526
48.352173
48.342323
48.494984
48.7215
48.864307
48.691948
48.558994
48.815063
48.687027
49.159767
49.184383
48.819988
49.090828
48.701797
48.948021
48.539299
48.869228
49.080975
49.36166
49.494617
48.347244
48.623009
49.233635
49.204082
50.666615
50.381004
50.88821
49.888569
49.568489
49.883644
50.075695
49.031734
49.233635
49.223782
49.386284
49.164688
49.59803
49.056355
48.948021
49.386284
49.420753
48.672253
48.135502
48.509754
48.376789
48.849529
48.342323
48.07148
49.824554
49.499542
49.277946
49.711292
49.937813
49.5746
49.653667
49.431293
49.065613
49.035961
49.381874
49.124912
49.337399
49.273159
48.996429
49.263275
48.971718
49.416466
49.134796
49.129852
49.292927
49.386818
49.722855
48.556622
47.933975
46.836926
46.98518
46.411949
46.263699
46.5602
46.253815
46.392178
46.866577
47.291561
48.230473
47.578175
47.429924
47.390392
47.765961
47.004948
47.360744
46.451481
45.700352
45.720112
45.868366
46.37241
46.461361
46.421833
47.281677
47.222374
47.360744
47.716545
47.637478
47.182846
46.935764
46.955524
46.77763
47.548523
47.271793
47.172962
47.67701
47.696774
47.034592
46.698563
43.605091
43.269058
43.911476
45.305016
45.008522
42.88361
43.199875
43.584915
44.229958
44.269653
44.091026
44.44828
44.47805
44.517746
44.319271
44.716221
44.517746
44.497898
43.45591
42.443691
43.078804
43.823086
44.408585
44.537594
43.45591
43.981865
44.130722
43.991791
44.408585
44.50782
44.616982
44.289501
44.398663
44.229958
44.170414
44.378815
44.686447
43.813164
44.47805
43.852856
