Adjusted
47.850616
48.008144
48.566273
47.747093
47.855106
47.769588
48.336716
48.201694
48.579781
48.494259
48.534771
49.034386
49.065895
49.09758
49.256012
49.690586
49.862602
49.862602
50.206642
50.179489
48.604156
49.722275
49.219803
49.550247
49.708683
49.880714
49.111149
49.020618
48.911983
48.844078
49.038723
49.803753
50.659325
50.749847
51.193485
51.591835
51.609951
51.564686
51.813656
51.800068
51.65522
51.985668
52.379498
52.216534
52.243702
52.393082
52.34782
52.085262
52.012836
51.532986
50.736279
50.81776
50.944515
51.877022
51.47414
51.791019
51.786488
53.108307
52.836704
53.429718
53.284851
53.823551
53.103794
52.999668
52.836704
53.289383
53.07663
53.538353
53.796387
53.58363
52.90461
54.0182
53.348228
53.674156
54.507347
54.821499
55.285885
53.678711
54.370754
54.17498
54.347992
54.366196
54.243279
54.967186
55.158405
54.72588
54.785065
54.871571
54.721333
54.962635
55.049137
56.160038
56.706406
56.802006
56.492413
56.046234
56.073544
55.918736
55.518089
55.700207
56.119076
54.252388
54.29792
52.667976
53.360008
53.605869
52.722607
52.85009
53.815308
53.560333
53.378223
52.959354
53.232529
53.560333
54.307022
54.361652
52.81366
50.874123
51.730068
51.129097
51.192833
51.903084
52.258202
52.167149
52.768131
52.558704
52.649765
52.686188
53.341801
53.706032
53.378223
53.678711
53.851727
53.560333
53.250736
53.141472
53.542133
53.9268
53.716145
53.49633
53.551285
54.604546
55.181545
55.025848
55.17239
54.833515
55.465466
55.437988
55.85014
55.859299
55.813496
55.786018
55.575375
55.831818
55.94173
55.566216
54.778561
54.467163
54.174084
54.119133
53.587925
53.53297
54.064182
53.322311
52.791111
52.45224
52.433914
52.910172
52.617096
52.937649
52.690357
53.120819
53.642872
53.661186
54.265675
54.293144
54.430531
54.970894
54.769398
56.042465
55.840981
55.35556
55.135754
54.833515
54.348103
55.309765
54.888474
54.311462
55.035007
54.430531
54.238197
54.338943
54.229034
54.000065
54.796879
55.676117
56.28059
56.353867
56.079109
57.040779
58.075714
57.836311
57.329853
58.444046
58.444046
58.048084
58.563744
59.631897
60.718452
60.055454
59.604271
60.21199
60.525082
60.184376
60.782906
59.66872
59.696354
59.502975
59.595058
59.935757
60.405373
60.571129
60.018631
60.110714
60.092304
60.755287
61.013115
60.72765
60.782906
60.617161
60.59874
60.110714
60.193588
59.889713
59.42931
60.460613
60.488255
59.567429
59.797638
58.904446
58.913651
58.968903
58.54533
59.521385
59.153065
59.613476
59.512177
59.585846
59.696354
60.193588
60.248833
60.046246
59.208317
59.097813
59.060986
59.11623
58.508503
59.8713
59.926552
59.567429
59.714764
59.650303
59.834469
59.57663
59.613476
59.252457
58.724823
57.752865
57.493679
58.197186
57.012321
56.919758
56.679081
55.697865
55.864491
55.929279
56.095909
56.336582
56.947521
57.762123
57.317795
57.67881
58.021301
57.752865
56.956779
57.262253
56.984554
57.34557
57.456642
57.34557
57.502937
58.160164
57.595501
58.326782
57.965767
58.336048
58.437859
58.363808
58.585964
58.521183
58.53043
59.085838
59.613476
59.557926
58.678547
58.863678
58.743328
58.604488
59.030296
59.493134
59.29874
59.335773
60.048534
59.446857
59.520912
59.502388
59.446857
60.094814
60.75206
60.84462
61.039013
60.455833
60.964951
61.437057
62.186852
62.298531
62.205452
61.758743
61.302727
61.823895
61.647068
63.154739
62.391594
62.633583
62.36367
62.447433
62.261307
62.084476
62.56842
62.447433
62.959301
62.531197
62.59634
62.317142
61.805267
62.279919
62.103092
61.944881
62.177547
61.991421
62.103092
62.084476
61.535397
62.279919
63.657299
63.480469
62.577724
63.015144
63.247807
63.303642
63.694523
63.927181
63.862053
63.136108
63.154739
63.368801
63.182663
63.964428
64.615875
63.638687
63.126812
63.238483
63.238483
63.191952
63.685211
63.452541
63.73175
63.722427
64.048164
64.085419
64.681015
64.820633
64.606575
64.699646
64.950928
64.829941
64.970245
64.175095
64.45575
64.32476
64.165718
63.772804
63.716682
63.230232
62.987007
62.079575
61.845695
59.310497
59.82502
59.647274
59.656635
60.620193
60.292767
60.975685
60.863426
60.264702
60.227283
60.068249
59.993408
60.451813
60.115028
60.498581
60.629543
60.405029
60.685688
60.61084
60.648254
60.348904
60.55471
60.264702
60.264702
60.161804
60.676327
59.535007
59.338558
59.871799
60.264702
60.320835
60.348904
60.938255
61.031811
61.097298
61.069233
61.452789
61.181499
61.957958
61.256329
61.462132
61.396652
61.013107
60.704388
60.601486
61.237621
61.059872
60.713737
61.574402
60.994389
61.078587
60.049541
60.255356
59.766148
59.37104
59.954311
60.716328
61.544178
61.450111
61.196114
61.478329
62.193302
61.892262
61.948711
62.475533
62.917675
63.41629
64.018372
64.112442
64.074814
64.018372
64.488754
64.413483
64.62986
64.244156
63.557407
63.896072
63.943115
64.244156
64.027779
64.291199
63.924282
64.281776
64.620461
65.467117
65.288391
65.72113
64.968529
65.335426
65.26017
65.326012
65.222534
64.789795
65.175491
64.507561
63.924282
63.510361
64.592224
65.363655
65.83403
66.09745
66.793587
66.295006
66.680702
66.304405
65.890472
65.090836
64.94973
64.469917
63.792583
64.300598
65.175491
64.535782
64.215935
64.658073
64.394669
64.272377
65.071999
64.874451
64.638031
65.555351
63.493744
62.689903
62.094128
61.583458
65.281097
63.853107
65.243279
65.432411
65.441872
65.999832
65.536446
65.318924
65.668839
65.69722
66.05658
66.274071
66.378113
66.709106
66.397018
66.425392
66.841499
67.153587
67.153587
67.248138
66.973892
67.153587
66.841499
66.841499
67.579132
65.489143
65.810699
64.685318
64.203018
64.808258
64.742081
65.271645
64.694763
64.619118
64.581284
65.782318
66.359184
65.545891
65.14872
65.006844
65.016312
65.526985
65.574249
65.337837
65.564812
66.151131
65.924164
66.103859
66.160591
65.829613
65.545891
65.848503
66.084946
66.274071
65.517532
64.742081
65.626465
65.883217
65.826164
65.77861
65.597946
65.398232
65.150986
63.981277
64.361671
64.532837
64.076385
64.466278
64.551865
64.856163
64.504311
64.551865
64.285583
65.265091
65.265091
65.246078
65.750092
65.512352
65.445778
65.141464
63.857658
64.228531
64.028824
63.515297
63.619919
63.458244
63.306107
62.687965
62.269547
62.136395
62.792576
63.781582
63.287079
63.039822
62.136395
62.745029
63.15395
63.876682
63.619919
63.943241
63.724537
63.230015
63.201481
63.239529
62.193462
62.202972
62.916206
62.916206
62.725998
64.009804
63.191967
62.925709
63.372662
64.133438
63.971779
63.629429
64.304619
64.190498
64.475784
64.016747
64.074127
64.112389
64.074127
64.361038
65.403427
65.919846
65.049583
65.049583
65.432129
65.4608
66.063301
65.652084
65.499062
65.738152
65.279106
65.030472
64.705315
64.829636
64.705315
64.734009
63.825481
63.108231
62.142349
59.244656
57.733658
59.512436
60.334881
60.583519
60.067108
58.594357
59.464619
60.172298
58.776058
60.660034
59.665451
59.225536
59.215973
59.397675
59.703701
60.315754
60.507015
59.952347
60.34444
59.445492
59.388111
59.531563
60.38269
59.445492
60.315754
60.688717
60.93737
61.472912
62.496181
61.960644
62.496181
63.022167
63.442951
63.356884
63.089108
62.878716
63.662914
64.188881
64.313217
64.131508
64.275772
66.016594
66.30513
66.093544
66.314758
66.199333
66.584053
63.814125
64.910545
65.401062
64.900932
65.016342
63.304375
63.25629
63.842957
63.910294
62.775394
62.092537
63.063927
62.823494
63.535202
63.842957
63.573685
64.333496
64.266151
63.89106
64.016098
63.169735
63.313999
63.169735
63.073555
63.804497
63.804497
63.650623
63.554447
63.602539
62.71769
63.333233
64.20845
65.718452
64.756676
63.063927
63.45826
64.035339
64.59317
64.429665
64.333496
65.064438
64.94902
64.073807
62.236797
62.51572
61.688587
60.601772
60.159355
60.40942
60.957638
60.5056
61.101902
60.92878
61.832851
60.063183
61.592094
62.521061
61.863041
62.250111
62.221081
62.917786
65.346649
64.059647
63.246803
63.895142
63.856438
64.04998
63.933849
63.75
63.682266
62.356556
63.575809
63.682266
64.891838
65.046661
65.278923
65.424057
65.027306
64.175766
65.240196
64.137062
63.517757
65.153122
64.911201
65.424057
65.956276
65.385353
65.346649
65.782104
66.024033
66.159492
66.033684
66.372383
66.459465
67.601326
68.201271
68.152885
67.31102
67.543259
67.649704
67.649704
68.230301
68.43351
68.365776
68.89798
68.859291
68.839935
69.101212
68.356094
68.772194
68.6464
68.927025
68.53997
68.510925
68.946365
69.014107
69.343117
68.409073
67.115036
67.192871
67.543129
67.095566
67.436096
69.236092
69.002579
70.413383
69.907433
69.93663
69.537712
69.87825
69.81987
70.247971
70.033928
70.685806
69.732292
70.072838
68.934471
68.23394
68.525833
68.126915
68.185287
68.953941
68.759338
68.584198
68.681496
68.506371
69.275017
69.489067
69.664185
69.897713
69.654457
70.053375
70.384178
70.170143
69.732292
70.140953
69.780952
70.053375
69.50853
69.703125
69.858788
70.296623
70.705261
68.671783
68.097717
69.206902
69.917168
71.22094
70.977692
71.298775
71.298775
71.415535
72.242554
72.476059
71.950653
72.456612
72.690109
72.699837
72.485786
72.544167
72.49527
72.250748
72.974525
72.602859
72.358337
71.673668
71.644341
72.79847
73.463562
73.228828
72.456139
73.140793
72.945183
72.79847
73.140793
73.199478
73.24839
73.32663
73.072327
72.69088
72.945183
72.954956
72.857155
72.866936
72.906059
72.729996
72.994087
72.837601
73.170143
72.866936
72.710442
72.641983
73.24839
73.620056
72.143166
71.39003
69.306725
71.184639
70.265236
70.275024
70.519547
70.382607
70.607567
70.89122
71.399811
71.918198
71.644341
71.507416
71.849731
71.986656
71.683456
72.514824
72.006233
71.204208
71.370468
71.673668
71.448723
71.018364
70.61734
70.842308
70.578232
70.724937
70.499985
70.353271
70.128311
69.744774
69.744774
69.852951
70.128311
70.079147
69.400566
69.990631
70.177483
69.813614
70.000473
69.400566
68.417145
69.371071
70.403664
69.203888
66.086411
66.302773
65.476692
65.486519
65.634041
64.896461
64.768623
65.122658
65.230835
64.896461
65.427521
65.329178
65.427521
64.149071
64.001549
63.647518
63.559002
63.952377
64.837471
64.611275
65.191498
65.643875
65.781555
64.817802
65.1325
65.1325
64.965309
65.289841
64.955475
65.270172
65.171829
64.916138
64.522774
64.798134
64.355591
