Adjusted
21.334883
21.395077
21.584265
21.326284
21.291885
21.334883
21.455273
21.403677
21.429476
21.446669
21.300489
21.420877
21.575663
21.833643
21.653055
21.73905
21.696051
21.721851
21.971233
22.065823
22.10022
22.212006
22.151819
22.246408
22.294176
22.276806
22.285492
22.294176
22.441818
22.45919
22.363655
22.381023
22.658943
22.624205
22.684999
22.928173
22.693682
22.737106
22.910803
23.110559
22.971598
23.345047
23.449268
23.353733
23.318998
23.518751
23.605598
23.423216
23.544804
23.753242
23.831404
23.622971
23.527431
23.683764
23.562176
23.735872
23.631653
23.753242
23.840094
24.265652
24.144062
24.187487
24.135374
24.439354
24.500145
24.673843
24.534885
24.72595
24.708582
24.951761
24.569624
24.917021
24.778061
24.890966
25.264416
25.238359
25.186253
25.342579
25.394691
25.559708
25.837624
26.002636
25.796785
25.691675
25.744225
25.376331
25.647879
25.38509
24.850758
24.894556
24.841997
25.060989
25.358814
25.104786
25.490202
25.367567
25.236176
24.81572
24.482857
24.11496
24.106195
23.729538
23.817133
23.606907
23.633184
23.326599
23.072573
23.589386
23.685741
23.782097
23.615667
23.230247
23.825893
24.001083
24.001083
24.149998
23.51931
22.730949
23.125134
23.300323
23.650703
24.027365
24.106195
23.799616
23.326599
23.379156
23.30908
23.387918
23.790854
24.044886
24.123714
24.333946
24.456577
24.728127
24.631767
24.623011
24.929598
24.947115
24.841997
24.868275
24.509132
24.710604
24.701847
24.771923
24.938356
24.739485
25.154903
25.20793
24.872059
24.651094
24.765999
24.942772
24.712961
24.659937
24.394773
24.182642
23.793743
23.74955
23.643486
23.864452
23.546259
23.643486
23.811422
23.572777
23.510906
23.581615
23.457874
23.449036
23.122005
22.980589
22.856842
22.962904
22.927551
23.07781
22.971746
22.901033
23.148518
23.086649
23.07781
23.793743
23.705359
23.502071
23.820259
23.687675
23.307611
23.289938
23.166195
23.26342
23.316452
23.378328
22.971746
23.007097
22.892197
22.945229
23.086649
23.449036
23.917484
23.811422
23.652327
23.75839
24.103098
24.147293
24.218002
24.412451
24.491999
24.606897
24.774837
24.792515
24.712961
24.476583
24.494427
24.637146
24.646065
24.485504
24.583622
24.414145
24.333864
24.405226
24.003826
24.030584
24.351702
24.628227
24.672829
24.592545
24.324944
24.360628
24.360628
24.084103
23.736221
23.691624
23.673784
23.602419
23.647018
23.700544
23.432941
23.629181
23.629181
23.308062
23.165339
23.316978
23.379423
23.539978
23.593504
23.896784
23.789743
24.012743
23.914623
23.896784
23.780821
23.807583
23.834341
23.878944
23.4597
23.450779
23.299137
23.4597
23.406183
23.664862
24.182224
23.843262
23.789743
23.566742
23.74514
23.575663
23.834341
24.021666
24.003826
23.673784
23.673784
24.048418
23.887861
24.289267
24.788786
24.458746
24.324944
24.198812
24.270893
24.532156
24.838472
25.171812
25.198837
25.406054
25.70336
25.6493
25.568218
25.775431
25.65831
25.532181
25.766426
25.559214
25.451097
25.613266
25.460112
25.70336
25.397043
25.22587
25.207851
25.090729
24.991625
25.379023
25.757414
25.946606
26.09976
26.054718
25.6493
25.559214
25.748404
25.784439
25.784439
25.748404
26.000664
25.973639
26.379049
26.252922
26.261929
26.315987
26.469141
26.424099
26.604286
26.496172
26.469141
26.532209
26.631308
27.009697
27.207905
26.829514
26.73041
26.757441
26.721401
26.982668
27.379076
27.252949
27.099791
27.554333
27.472511
26.881609
27.072515
27.027063
27.508879
27.163425
26.736155
26.399797
26.463432
26.590702
26.572521
26.608889
26.254339
26.317978
26.245256
26.563431
26.636156
26.572521
26.845245
26.781605
27.045246
27.017971
27.072515
27.072515
27.381607
27.381607
27.11797
26.954334
26.699791
26.736155
26.87252
27.11797
27.008877
27.690691
27.927057
27.836151
27.736149
27.75433
27.990694
27.999781
28.099783
28.317966
28.063417
27.354332
27.036152
27.281605
27.472511
27.336147
27.62706
27.454336
27.199789
27.463423
27.463423
27.336147
27.636148
27.645241
27.690691
27.717968
27.790695
27.472511
27.799782
27.490694
26.977024
26.536734
26.610113
26.481695
26.041405
25.84878
26.142303
26.720184
26.775223
26.784391
26.931164
27.096272
27.160479
27.06875
27.417311
27.463181
27.573248
27.463181
27.637463
27.243034
27.509041
27.875948
28.013542
27.738361
27.949331
27.820915
28.27038
28.013542
27.729187
27.564079
27.720016
27.178822
27.151306
27.389795
27.307241
26.995371
27.169653
26.931164
27.151306
27.132961
27.114614
27.06875
27.077921
27.206343
27.343933
27.316412
27.509041
27.53656
27.490694
28.169477
27.67415
27.986027
28.086927
28.499697
28.160309
28.059406
28.022717
28.774881
28.94916
29.105095
29.288549
29.435318
29.453661
29.65546
29.490358
30.059063
29.967335
30.260864
30.086576
30.715504
29.938597
30.438036
30.706253
30.761747
30.040337
29.88311
29.735125
30.20682
30.308556
30.225315
30.068079
30.308556
30.132828
30.151323
30.243814
30.613764
30.752501
30.983723
31.122456
31.103958
30.974474
31.29818
31.455418
30.937483
31.159449
31.029966
30.807995
30.761747
31.381422
31.954849
31.899366
32.176823
32.260071
33.009228
33.379177
33.684395
32.602272
32.139832
32.500542
32.232319
32.287811
32.814995
32.99073
32.630016
32.528278
33.009228
33.268192
33.462421
33.887871
34.017353
34.424301
34.267071
34.729511
34.646275
34.674019
34.442799
35.330692
34.895992
34.932995
34.99773
34.429195
34.78336
33.264153
32.965908
33.739494
33.152309
33.115028
32.294849
32.49057
33.534447
33.049789
33.161633
33.525124
33.609009
33.09639
32.9193
32.742218
32.015232
31.912714
31.959316
32.276207
30.896805
30.868834
30.831556
30.598553
31.474659
31.213688
31.968632
32.052521
33.087067
32.742218
33.254833
33.282795
32.649017
32.145721
31.791552
31.949995
32.285515
32.537178
32.807457
32.89135
33.152309
32.518532
32.49057
32.10844
32.471931
32.285515
32.425327
32.416012
32.173679
32.155041
32.66766
32.54649
32.686291
32.630367
32.77018
32.499886
32.621059
32.416012
31.623785
31.922029
32.024559
31.316206
31.175192
31.184589
31.645262
31.457232
31.222198
30.799131
31.353817
31.758076
31.946106
32.105938
32.096531
32.162338
32.134136
31.880297
31.974312
32.077728
32.096531
32.068329
31.325617
30.695717
30.545298
29.87779
29.802578
29.887194
30.197437
30.648706
30.357265
30.018812
30.047014
30.413671
30.836735
30.554697
30.498285
30.056416
29.736769
29.511133
29.905996
29.699165
29.9342
30.26325
30.78973
30.949553
31.946106
31.739275
31.504238
31.701675
31.795683
31.739275
31.814487
32.275162
31.635868
31.363218
31.081181
31.128181
30.742723
30.996565
31.288008
31.523045
31.645262
31.889704
32.209351
32.284557
31.899101
31.965473
32.230991
32.439606
32.458569
32.913727
33.349926
33.368889
33.473198
33.738705
33.880943
33.966286
33.805092
33.719738
32.401672
31.036196
31.462906
32.012882
31.737902
31.083605
30.438795
30.571552
30.808619
30.552589
30.95085
30.562069
30.581036
30.979298
30.988783
31.197399
31.510317
32.04134
31.937029
32.107716
31.832722
32.012882
32.449093
32.790459
32.705112
32.714596
33.492161
33.122341
33.767155
33.890427
33.824047
33.568024
34.051624
33.776638
34.032661
33.899906
33.757671
34.364555
34.506783
34.696438
34.886086
34.772297
35.246418
34.838673
34.914532
34.639534
34.374035
33.899906
34.203346
34.089558
34.364555
34.221165
34.249844
32.729961
32.882912
33.446896
33.781452
33.284386
33.093208
33.991749
33.466003
33.781452
33.877041
34.068222
33.714539
33.475563
33.27483
33.61895
33.475563
33.829247
33.255711
32.729961
33.437328
33.934395
33.819691
33.704983
33.332176
33.322624
33.485115
33.666744
34.632202
34.603519
34.039547
34.020428
34.116016
34.507935
34.421902
34.804264
34.957203
35.062355
34.488819
34.039547
34.307194
34.354988
34.565285
34.507935
34.488819
34.326313
34.536613
35.091034
34.593964
35.243977
34.374107
34.374107
34.938087
34.775585
35.253536
35.72192
36.199879
37.165329
37.461658
37.719753
37.999153
37.825733
38.423088
38.384548
38.413448
38.037701
37.835369
37.758293
37.748661
37.575233
38.230389
37.960625
38.230389
38.47126
38.731396
39.107143
38.056969
38.114777
37.999153
38.008793
38.240021
38.914452
39.078239
39.386555
39.405823
39.511799
39.492538
39.463631
39.569614
39.877918
40.253674
39.800846
39.810478
39.588882
40.070618
40.157326
40.138058
40.687233
40.677601
40.889561
41.1497
41.130424
40.244041
40.321114
40.051342
40.18623
40.089882
40.195869
39.820114
39.781578
40.032078
40.128426
40.263309
38.856644
37.941353
38.201488
38.143684
38.028061
38.58688
38.895187
39.193859
39.598515
39.482895
40.143051
40.007137
39.910057
40.181885
40.424583
40.434296
40.86145
40.706123
40.609043
39.725597
39.143116
39.638229
39.657642
39.41494
40.007137
39.73531
40.220715
40.376045
40.599335
40.793499
40.783787
41.570145
41.385689
41.337151
41.579853
42.123501
42.045845
42.045845
42.560371
42.15263
42.434166
42.540955
42.288544
42.434166
42.375919
42.317669
43.065193
43.628262
43.667099
43.531189
44.521412
44.298126
44.734993
44.822357
43.938923
44.181625
44.055424
43.278778
43.715637
43.453518
43.511768
43.618557
43.686512
43.531189
43.793301
44.210751
44.239876
43.686512
43.375854
43.676807
43.861259
43.832134
43.715637
43.138889
43.324619
42.708771
42.571911
42.66967
42.767426
42.738098
42.87495
42.044041
41.349987
42.063591
42.591465
42.092922
42.210224
41.858307
41.897411
41.995159
41.007851
41.379314
40.851444
41.027401
40.910091
41.35976
41.838757
41.877857
41.965836
40.382221
40.919872
40.4702
40.743912
40.939423
41.379314
41.848534
41.741005
42.620789
42.777195
42.884727
43.031357
42.288422
42.034264
41.35976
41.066498
40.4702
39.551308
39.47311
39.541534
39.355804
39.697945
39.209171
39.502434
39.932552
39.785923
40.118282
40.48975
40.431099
40.421322
40.235592
40.450649
40.675484
40.714588
40.431099
40.372448
41.203358
40.597282
40.252567
40.538185
40.163925
41.079876
41.345795
39.730576
38.893417
39.149487
38.893417
39.385864
39.316917
39.169186
39.119942
39.57299
39.917706
39.119942
39.986645
40.892746
41.207912
39.612389
39.090393
39.336617
39.316917
39.316917
39.9571
39.996498
40.498791
41.089725
40.902596
40.20332
40.282116
40.873051
41.257156
41.079876
40.932144
40.961693
41.070026
41.060181
40.676071
41.138973
40.991234
