Adjusted
31.115894
32.164471
32.20837
31.701145
31.408522
31.652376
31.193928
29.643009
28.492014
30.735483
29.818588
30.003916
28.677341
28.287174
27.926271
27.223972
27.389791
27.838486
28.209143
27.721434
26.85331
26.765524
26.014448
26.78503
26.68749
26.414371
26.34609
27.331264
28.765135
28.862675
29.116282
29.360956
28.558428
27.902699
27.462282
26.884851
27.100164
27.491646
28.401834
28.147373
28.529064
27.814615
28.206093
27.325266
26.229122
27.256756
25.935514
26.238909
25.553822
25.338507
26.209551
26.238909
25.896366
25.612541
25.289574
24.115133
22.402411
21.864126
21.864126
24.23258
25.201488
24.770863
24.829584
25.289574
25.573397
26.121464
25.641901
25.201488
25.974661
26.033384
25.39723
25.260212
25.250423
25.56361
25.269999
25.641901
24.9666
24.790438
24.134708
24.477253
24.624058
24.535975
24.134708
24.271725
23.987904
24.0662
23.674721
23.655146
23.841101
25.309149
25.994236
26.610819
26.326992
26.788696
26.405581
25.924229
25.983173
25.295527
25.226761
25.72776
25.688465
26.022465
26.464523
26.700289
26.670815
26.651167
26.01264
26.130524
26.189465
26.533287
26.022465
26.110876
26.120701
25.501818
25.570581
24.882938
25.079409
24.715939
25.354464
25.757233
25.678642
24.735586
23.802353
23.841646
23.998823
23.713942
23.989
24.146175
24.568584
24.431059
24.990997
25.187464
23.743412
24.44088
24.332821
24.686466
25.216936
24.873116
24.49
24.342646
24.077412
23.37994
23.932381
23.527916
23.291157
22.8571
22.728857
22.363852
22.580881
23.379942
24.040895
24.277655
23.11359
21.850874
22.048174
22.363852
23.11359
23.172779
22.866964
23.301023
23.448999
23.685757
24.060625
24.859688
24.741306
24.553871
24.179003
24.761038
24.593332
24.820227
24.790628
25.214825
25.560097
26.240778
26.497267
26.645243
26.556458
26.211184
25.50091
25.747534
25.50091
25.885641
25.491043
25.471312
25.9251
26.14213
25.589693
25.786991
25.037252
24.83009
24.869549
25.155636
25.076714
25.708071
25.412121
25.451582
25.421989
25.204115
25.293247
25.144693
25.837931
26.144936
25.867641
26.362812
26.511362
25.946869
26.521265
26.065708
26.095419
25.65967
25.441795
25.946869
25.699284
26.669815
26.867882
26.857981
26.491554
26.610394
26.828268
26.798557
26.640106
26.729235
26.669815
26.352905
26.362812
25.976576
26.154839
25.798317
25.689381
25.679476
25.936964
25.639862
25.877544
26.075613
25.946869
25.95677
25.867641
25.313051
25.055563
24.372231
24.708944
24.847593
25.085272
25.313051
25.560637
25.521023
26.085514
26.194452
27.12537
29.660639
30.126097
31.641315
31.116436
31.136242
31.770061
31.364019
31.007498
31.443247
31.423441
31.62151
31.522472
32.136486
31.700731
31.54228
31.522472
31.750254
31.888901
31.720539
32.294937
32.384071
31.344212
31.354116
31.116436
31.185759
31.373922
32.017643
31.958221
31.690832
31.562088
31.581894
31.710638
31.383827
31.731543
31.632195
