Adjusted
39.43948
39.617939
40.003033
39.918503
40.031212
40.125137
40.096958
39.993645
39.683685
39.749435
39.37373
39.646114
39.833965
40.125137
39.890324
39.815182
39.927891
39.843361
40.096958
39.843361
39.693077
39.871536
39.514622
40.115746
39.918503
40.322384
40.266026
40.604156
40.84837
40.745049
41.017437
41.9473
41.853378
41.524632
41.130146
41.543419
40.463276
40.726269
41.177109
41.233467
41.139534
41.036217
41.28043
41.130146
41.355564
41.656128
41.712486
41.487057
41.862766
41.787628
42.003654
42.717495
43.14016
41.214676
40.566586
40.754444
40.45388
40.735653
40.885941
41.44949
41.27103
41.383747
41.346172
41.383747
41.195892
41.562202
41.609165
42.454502
42.81142
43.093193
41.693699
42.313614
41.49646
41.543419
42.078796
42.050621
41.937908
42.153938
42.247864
41.928513
42.069405
42.144543
41.534027
41.928513
42.501465
42.369968
42.52964
42.492069
42.144543
42.369968
42.16333
42.398144
42.81142
42.651745
43.102589
43.111984
43.102589
42.595387
42.116367
42.247864
42.426319
42.003654
42.736279
42.877167
42.933521
42.642353
42.125759
42.482674
43.018055
43.027454
42.642353
42.332397
43.130764
42.802025
43.111984
43.412548
42.867771
42.473289
42.388752
42.369968
42.651745
42.679924
43.149551
42.773849
42.895954
42.867771
43.083805
43.628574
43.957314
44.351807
44.379982
44.774471
45.084427
44.97171
44.201523
44.351807
44.793255
44.680542
44.924751
44.924751
44.661758
44.398766
44.417553
44.060635
44.370594
44.624184
45.168957
45.103207
45.206528
45.093819
45.713726
45.92976
46.098827
46.108212
46.29607
46.29607
45.986115
45.788868
45.19714
45.563446
45.384991
45.694946
45.760689
45.723122
44.95293
45.084427
45.262878
44.859001
45.075035
45.18774
45.375599
45.657372
46.418175
46.72813
46.746914
46.681168
46.681168
47.132011
47.423183
47.930374
47.798882
48.146404
47.967949
47.958557
47.657997
47.78949
48.108841
48.090054
48.597256
47.939774
47.319862
47.479534
46.925369
46.906586
46.962944
47.798882
48.606647
48.728748
48.503323
49.188984
49.761932
49.921612
50.109459
50.14703
50.21278
50.363056
50.635445
50.635445
50.701195
50.334881
50.503952
50.710583
50.86087
50.842079
50.96595
50.279922
50.937363
50.889721
50.984997
51.251793
51.709141
51.81395
51.728195
51.737724
51.671028
52.204601
52.604786
52.37611
52.519028
52.823933
52.8811
52.633366
52.195076
51.775837
51.299431
52.242718
52.223663
52.604786
52.118855
52.37611
52.795345
52.461864
52.947796
53.633823
53.814854
56.501789
56.263584
56.473202
56.606598
56.692352
56.673294
56.778103
56.273117
56.549431
56.254055
56.549431
56.396976
56.568481
56.473202
55.720486
56.206417
56.530376
56.511318
56.339813
57.016308
56.768578
55.691898
54.462769
54.300793
54.367489
54.281734
54.929649
54.377018
52.995434
53.281277
53.719578
53.805332
55.387001
54.958229
55.358414
55.730011
56.073021
56.387455
56.711407
56.14925
56.501789
58.750423
56.711407
57.130646
57.378376
57.483189
57.797615
57.197342
58.045341
57.692802
58.083454
58.47411
57.978645
57.521297
57.340263
56.806686
56.58754
56.844803
57.387901
56.778103
57.730915
56.892441
56.358868
56.616123
55.949158
55.939625
56.206417
56.797161
57.368851
56.844803
56.301697
55.491806
55.015404
55.272655
55.482281
54.081642
53.814854
53.652878
53.681465
54.272205
54.910591
54.681915
55.072571
55.11068
55.32983
54.834366
55.167854
55.377468
56.14925
55.968212
56.254055
56.273117
56.206417
56.892441
56.73999
56.978195
57.521297
57.74044
57.540356
57.330734
57.683281
58.283546
57.759499
58.226379
58.636089
58.72184
58.826653
58.969574
59.169666
59.188721
59.284004
59.245888
59.245888
59.788994
60.151066
60.665581
60.617939
60.313042
60.065308
60.132004
60.112949
60.436905
60.513126
60.846615
61.075287
60.1987
59.579369
59.998615
59.69371
60.046249
60.541714
61.008591
60.884727
61.33255
60.875195
60.503601
60.617939
60.179642
59.607956
60.255871
59.88427
61.465946
60.455963
61.01812
60.76086
61.342072
61.008591
61.08482
60.522655
60.560768
60.141533
60.408321
59.646072
59.646072
60.970482
60.560768
60.017666
60.132004
61.361134
61.932819
62.190075
62.418758
62.409225
62.294888
62.72366
62.780823
62.847519
62.799881
62.62838
62.942799
62.904686
62.72366
62.771297
63.019024
63.485905
63.228642
63.419205
63.514496
63.190536
63.219112
63.285812
63.314396
63.209587
63.714581
63.705051
63.762222
64.048065
63.990898
63.924198
63.295345
63.743164
62.876099
63.142887
62.837986
67.259041
65.410591
65.067574
67.020836
66.601608
65.477287
67.630638
66.182358
65.324829
64.257683
64.543526
64.848427
65.200966
66.020386
65.791718
67.811668
67.030365
67.687813
67.859314
67.906952
68.421471
68.421471
69.259956
69.783989
69.117027
68.049873
68.723358
69.387062
69.299217
69.406586
69.39682
69.601784
69.455391
70.041016
70.089813
70.255745
70.070297
70.20694
70.197174
71.114655
71.309868
71.280586
71.39772
70.080055
70.646156
71.378197
71.075623
71.300117
71.251305
71.651489
70.148376
71.056107
69.328499
69.816521
69.816521
71.095139
72.705612
77.332077
77.732254
77.732254
77.946976
77.907936
77.663925
77.12709
76.560997
76.570755
75.175003
75.028603
74.638191
75.868004
75.272614
74.794342
75.653275
75.71183
75.799675
77.039253
76.902611
77.546791
77.917702
77.868889
78.054344
77.966492
76.473145
77.966492
76.814766
78.112907
78.757103
78.093391
78.571648
78.122665
77.761528
78.649734
79.001114
80.240685
79.684341
79.899063
79.93811
80.025955
80.494461
80.70919
81.177689
81.694992
81.997574
81.480263
82.485588
82.192772
81.763313
80.953201
80.309006
81.831635
79.820984
79.713615
80.875114
80.582298
83.324989
83.217621
84.096069
81.948761
80.572548
81.821877
81.724274
79.742905
79.186554
80.406616
80.757988
79.674576
79.752663
80.70919
79.860023
80.025955
80.162598
79.684341
80.357811
79.372002
79.723381
80.260208
80.162598
79.430565
79.781944
80.07476
80.084526
80.338287
80.162598
79.664825
79.537926
78.757103
78.034821
79.323204
79.567207
79.059669
78.796135
79.176796
80.435898
81.4217
80.494461
82.134209
83.080986
83.403069
84.252235
84.154625
84.242462
84.174149
83.949661
83.754448
84.096069
84.213188
84.02774
84.281509
83.89109
84.144859
83.28595
83.412827
83.1493
83.461632
84.310791
84.369362
83.988701
82.339188
83.256668
83.520195
84.398636
84.720734
85.443008
85.345406
84.486473
83.78373
83.364037
82.231812
82.563667
83.28595
83.168823
83.061455
82.710075
81.734032
82.143974
83.012657
83.959412
84.213188
84.017982
84.70121
83.500679
84.037498
83.1493
84.857384
83.686127
82.231812
81.763313
82.788162
83.227379
83.217621
83.451874
84.06678
84.867134
85.51133
85.130669
85.33564
86.223839
85.813896
85.745575
85.979828
86.370247
87.004677
86.731384
85.540611
84.52552
82.836967
79.576973
79.284164
81.997574
83.451874
83.324989
82.954086
81.07032
82.592957
83.051689
81.743797
84.301033
83.002899
83.168823
83.70565
83.276184
84.457199
84.261993
84.56456
84.349838
85.228271
83.949661
84.506004
84.086311
86.28241
83.695885
82.768646
83.695885
83.442116
84.242462
85.501564
83.686127
85.247787
87.131561
87.668388
88.859169
89.269104
88.507782
90.860054
90.332993
90.450119
90.547722
89.15197
90.157303
91.260231
91.28952
90.440369
90.752693
90.128021
90.860054
91.162628
90.254906
90.324013
89.652679
89.721786
89.593452
90.146309
90.403
89.030716
88.369255
88.310013
88.42849
90.205551
89.603325
90.146309
90.995346
90.501724
90.807777
90.837395
90.422737
91.952988
90.867012
89.010971
91.488976
90.837395
91.331024
90.067337
90.373383
88.75428
88.76416
89.188667
90.077202
89.366379
87.372124
88.073074
89.968605
90.35363
90.373383
90.84726
91.63707
91.064461
89.889626
87.164803
87.303017
86.908112
85.772766
83.551445
84.222778
85.743149
83.729149
84.449844
82.959091
82.435844
81.290627
79.306244
81.389359
80.80687
81.804001
81.705276
82.080429
84.825005
85.012581
84.153671
83.669914
84.084564
82.258141
81.586807
82.425972
82.218651
81.073433
81.952095
82.909729
82.534569
82.021202
82.317375
83.561317
82.889984
83.136795
83.699532
83.778511
82.919601
84.864494
84.973091
85.614807
85.891243
86.809387
86.532959
86.128181
86.621811
87.93486
88.359383
88.477852
88.685173
88.862885
89.336761
89.030716
89.198547
85.180412
86.40461
87.52021
88.507469
88.586449
88.665428
88.922112
87.776901
87.214157
87.816383
87.796646
88.181671
87.97435
88.685173
89.435486
89.109695
88.862885
89.15905
89.317017
89.010971
88.023712
88.556824
88.319885
88.685173
88.823387
88.142181
88.635811
88.813515
88.467979
88.695045
88.793777
89.840263
90.294403
90.728798
90.274658
90.521469
90.35363
90.570831
90.106819
89.978477
90.254906
90.876884
91.14344
92.890877
92.624321
92.752663
93.878136
93.591835
93.601707
94.253296
93.779411
93.976868
93.710304
93.937378
94.322403
93.315399
92.910629
92.930367
92.841522
93.374641
92.82177
93.048843
93.295654
93.394379
94.470497
92.140572
90.462234
92.101082
94.431
96.879395
97.659325
98.231934
98.034485
97.501366
98.360275
96.82016
96.257423
96.247551
96.662201
96.356148
96.405518
96.178444
105.488266
105.932533
106.574242
106.840805
107.008636
106.584114
106.801315
105.902908
106.04113
104.994637
104.965019
105.201958
105.527756
105.192093
105.458649
106.011505
106.139854
105.981888
106.050995
111.550011
114.176117
112.438545
112.339821
112.576759
113.070389
112.991402
114.561142
114.235352
114.896805
115.548401
116.012413
116.199982
117.325455
117.631508
116.792343
115.696487
112.359558
113.267845
111.500656
111.698105
112.635994
111.875809
111.875809
112.408928
113.248093
113.633125
112.705109
111.747467
111.984406
114.689484
109.940788
111.164986
110.987274
110.059258
109.506393
110.335693
109.052254
109.368179
107.926788
108.351303
107.936661
107.857681
106.870422
107.018509
106.702591
105.21183
105.093361
105.606735
105.369797
105.25132
104.323303
104.579987
105.310555
103.029999
102.57
102.989998
103.059998
104.809998
105.629997
107.489998
107.980003
108.720001
109.040001
109.139999
108.989998
110.400002
111.709999
112.790001
114.839996
115.32
116.489998
116.129997
115.580002
114.599998
115.889999
116.650002
118.050003
118.400002
120.370003
120.550003
120.709999
120.379997
120.550003
119.529999
120.010002
119.690002
120.150002
119.779999
119.510002
120.089996
116.360001
116.550003
115.599998
116.32
115.559998
