Adjusted
92.669823
92.275284
92.762146
92.132545
91.721199
91.956268
92.736961
93.794731
94.734917
95.23024
95.675148
96.321548
96.741264
97.303741
96.548203
96.959557
97.54718
97.412865
98.395042
97.757034
96.665749
97.799042
96.70771
97.21978
97.303741
96.55658
97.077065
97.077065
97.799042
97.739807
97.89209
97.257591
98.069763
97.282967
97.282967
98.103577
96.056244
97.257591
98.687317
99.110344
98.898834
99.397972
99.770233
100.227089
100.303215
100.311676
100.447037
100.040955
100.134018
101.521477
101.250748
100.785454
101.064644
101.817589
101.809128
102.519768
101.673767
102.350578
101.68222
100.523186
101.191536
100.675453
99.643318
99.888672
99.423355
99.668716
100.370895
101.216904
102.325188
101.470718
98.619659
98.991913
97.130669
97.790573
98.052818
98.619659
99.389519
100.066345
100.260925
101.555328
102.638222
103.221962
101.749908
103.247345
104.47406
104.271019
104.093361
104.364075
104.600975
104.254112
103.932602
105.751541
104.907242
104.694031
105.256905
106.416756
107.406059
106.544685
106.945511
106.988159
107.823929
107.022263
106.698181
104.685486
105.828293
104.864609
103.679153
102.843376
103.790024
104.634338
103.576813
102.314621
103.755905
102.578995
103.380676
103.636505
102.766617
100.591888
101.427658
99.628174
100.165474
100.762451
101.240051
100.924492
101.555588
101.615273
101.555588
102.775154
103.397728
105.128975
104.813423
105.555397
105.802711
106.331467
105.853889
106.050026
107.005211
108.233307
108.335632
108.531776
107.772766
108.958214
108.787628
107.602188
107.269585
107.363388
107.832458
106.561729
105.742996
105.018105
105.180145
104.958405
104.47229
103.875305
104.47229
104.088531
103.40062
103.082451
102.033394
101.715248
101.207909
101.715248
102.781487
102.188187
102.162384
104.742027
103.503799
103.555389
103.658577
103.925148
104.363686
104.226074
105.094574
105.773888
106.556358
106.530571
106.745537
106.693962
106.917519
108.190132
107.863388
107.416245
107.932182
107.046501
106.685341
106.186615
105.455734
104.475456
104.320679
103.899338
101.680847
101.577675
101.354111
100.37384
99.857895
100.072876
101.182121
101.964615
101.594864
102.463333
102.772896
102.884689
103.030869
103.735962
103.297409
103.667168
103.692963
103.968124
104.475456
103.443604
103.151245
101.474495
101.551888
101.852829
104.165916
103.108253
104.2089
104.114319
103.185654
103.263023
103.67057
104.104103
104.537659
105.838326
105.786285
107.052254
107.546494
107.295044
106.462624
106.150475
106.167809
106.0811
106.237175
105.586845
105.005905
106.037743
106.948196
107.225685
105.873016
104.910515
103.965378
104.242867
102.959549
105.439445
106.844162
106.462624
106.479973
107.095604
108.222839
108.587021
107.719925
108.309563
107.641891
107.823967
107.537842
108.44828
106.904839
106.904839
104.927872
103.401764
103.67923
103.341064
103.03759
103.436447
104.36425
104.424934
102.656044
100.835152
100.956551
101.312057
100.583702
100.973885
96.794441
96.369583
96.100769
94.964867
96.482292
97.15863
96.846481
98.485321
98.004158
98.424072
99.272629
98.59903
99.377609
100.252411
98.572792
99.858749
100.57608
101.048485
101.205948
100.891006
100.462364
100.882263
100.103683
100.4711
100.672302
101.337158
100.173668
101.170959
100.12117
99.815002
100.663551
101.68708
100.777275
101.048485
101.15345
101.345917
102.430664
102.973022
102.938057
103.664139
104.022804
104.10154
104.407707
104.136536
103.926582
102.649361
103.051796
104.189011
102.08075
102.378166
103.839088
105.23877
106.577255
108.195602
108.685509
108.475555
109.079178
108.737991
108.466805
109.98896
110.198921
109.805237
109.297859
109.105415
109.665283
109.324104
110.426369
109.429077
109.37661
109.560318
110.093948
110.592575
109.233887
108.678055
108.475136
108.078094
109.542679
109.075073
108.845688
108.378067
108.095757
107.919296
108.333946
107.822258
108.122215
107.945755
108.97802
109.569145
109.727959
110.583748
110.442589
111.2631
112.277702
113.407005
113.662872
114.942177
116.450859
116.759659
117.324287
116.256767
115.780312
115.506828
115.012756
115.180374
115.171555
114.898041
115.745026
115.109802
114.606895
115.921494
114.915703
113.345268
114.042244
114.042244
115.480347
114.765717
115.039215
115.83326
116.971359
118.11834
118.974144
117.844833
117.553688
116.830223
116.927284
114.024605
112.842354
113.080582
110.248489
110.927841
110.857254
112.807076
112.674728
112.127724
112.57769
112.013031
112.199883
112.377846
113.561234
113.436661
113.828156
113.098564
113.748085
114.112885
114.459892
114.557762
115.180611
113.481148
113.765877
112.822723
113.356598
112.29776
111.381294
110.580505
110.180107
109.139076
110.544899
111.185547
110.972008
110.45594
111.043182
109.877586
109.49498
108.90773
107.377342
108.080254
107.261673
106.167252
104.681328
104.200836
104.734726
105.072823
103.230995
104.948273
101.887459
101.335793
99.680832
97.678856
97.225067
98.817757
99.476181
99.200356
102.403503
101.43367
103.382271
103.133141
102.341232
104.218651
104.227539
104.28093
106.727806
103.907234
102.652657
104.147469
105.464333
105.704582
104.92157
105.384254
104.681328
103.613609
104.457748
103.945869
103.694435
104.592453
105.346779
106.487282
105.598236
104.305084
103.37114
97.767509
100.335838
102.392281
102.113914
100.82975
99.56353
95.9086
96.097183
94.166428
94.211334
91.939331
90.574341
91.328697
95.208122
97.911194
101.41346
100.605232
102.329437
101.898399
101.700821
101.76368
101.575104
100.739952
101.099159
97.05806
97.013153
96.932335
99.150452
97.174797
95.082405
93.57373
93.304329
92.199768
94.39994
95.612236
97.129898
97.812393
95.953491
97.776474
97.219704
93.133713
92.496109
92.074043
95.244049
98.360176
97.300507
98.162621
98.432037
99.168396
98.943909
98.764297
100.532646
102.273781
101.929184
100.151772
98.25647
98.48317
97.812103
97.902794
98.46505
97.086639
96.742035
96.034706
95.363647
95.363647
94.973709
93.903618
94.26635
93.323235
93.894562
92.878883
92.153412
93.522743
93.559021
96.76017
94.991844
97.059425
96.052834
94.493065
95.826126
95.445251
94.56562
96.941536
95.200401
95.028099
95.47245
96.959679
98.428757
96.723907
96.986885
96.9506
96.578812
98.700813
100.124557
99.89785
98.945671
100.015732
99.507912
99.299332
99.725555
99.634872
99.480705
100.768425
101.321594
100.714005
98.882172
98.229263
97.939064
97.89373
97.549133
98.528519
97.358696
97.54007
97.667023
98.347145
98.942467
97.678558
96.185669
96.396332
96.616127
96.066605
94.601189
94.43634
94.555405
94.335587
93.996712
93.950928
93.575424
92.861031
93.044197
91.972626
91.972626
93.264015
92.613747
91.468895
90.937691
91.624588
91.368156
91.816917
91.102539
91.853561
91.670372
90.919357
90.067589
90.305725
88.556404
88.354897
88.006859
87.805382
86.797905
87.255844
85.689697
85.891182
86.468185
86.642204
87.512299
86.3125
86.53231
85.314178
85.121849
86.001099
85.643898
85.121849
82.978691
81.641495
84.627266
85.405777
85.204269
81.037033
78.3993
78.042099
76.961357
78.023781
76.70491
78.664894
78.564156
79.489182
78.62825
78.756485
77.18914
77.383896
75.037537
73.488739
70.261314
66.885521
64.937927
67.78511
72.004868
74.592361
75.111725
72.514946
72.394386
72.579872
71.10527
71.262932
69.4823
70.168571
70.289146
70.270592
71.568962
73.284706
73.6464
72.09761
72.422211
71.643173
70.5952
71.309303
72.060509
70.270592
70.715752
73.154861
72.65406
75.631081
77.931084
80.676247
81.724236
83.384315
83.068985
82.299232
81.965355
83.245186
84.135521
84.664162
83.495598
83.458511
82.846405
84.970207
84.617775
82.327057
81.334709
83.273026
83.365768
84.283905
88.06778
91.016968
89.746407
87.687546
87.205276
85.619392
86.463341
85.498825
83.337936
82.243584
85.848373
85.454094
86.561813
85.266342
83.557831
84.496582
85.754486
85.303894
84.834518
85.726326
86.815277
84.721878
83.407623
84.214943
81.9338
81.145241
82.234184
83.830063
81.145241
83.858223
87.078125
87.716476
84.99411
84.308815
83.773735
84.740654
88.063805
86.411629
84.825142
85.660622
84.571663
84.449638
83.407623
84.121071
80.797913
77.934731
77.099243
75.822548
77.118019
76.348244
80.234657
78.544914
76.517235
74.142204
76.085403
78.422874
75.935204
78.967361
78.188194
80.657097
81.173409
80.065689
76.263763
79.436729
79.596321
77.803314
80.722809
77.840851
77.953514
77.906563
80.197113
80.624916
83.952194
82.450165
82.231514
84.437035
80.719963
81.06221
81.090736
80.187607
79.322525
81.879776
82.839935
83.210678
83.590942
86.19574
84.360977
88.239632
89.30439
89.912788
89.608589
89.61808
90.692329
92.108795
92.869324
91.681015
90.787392
88.971642
90.169464
90.007858
90.616272
90.549728
90.692329
89.608589
88.819534
88.097038
90.159958
90.112427
91.576431
90.540215
92.698212
92.783768
93.14502
92.43203
93.829475
95.540657
96.671936
96.396248
96.976151
96.500824
97.242325
98.725349
97.346901
97.137756
98.21199
96.32019
95.626221
96.415268
96.833549
95.398064
96.272667
96.149078
97.080711
95.768814
97.242325
96.790802
96.127914
95.926163
95.86853
95.47464
96.2528
97.770714
97.511322
98.01088
97.030975
97.155861
96.579445
96.704338
97.19429
99.259796
99.038849
98.769836
97.972466
98.087753
97.299965
96.675514
97.098221
97.578575
98.577705
99.182945
98.270279
100.335793
97.895607
96.41613
97.636215
99.355881
100.710472
100.05719
99.499985
100.470284
99.000412
100.652824
101.248459
102.583839
102.458946
102.506981
102.824005
101.920952
101.872917
101.440598
101.248459
101.507851
99.01963
98.644958
98.241463
97.789925
98.452812
95.215248
95.676384
96.656296
96.444946
96.560234
97.223122
97.338402
96.204758
97.415253
98.145393
98.731415
98.587318
99.237762
100.528969
99.334846
98.965935
98.713516
99.218346
98.917389
98.364021
99.072731
98.732925
97.645607
97.286407
97.985405
99.441643
99.878502
101.082336
98.315475
99.266891
96.52916
95.54863
96.597115
94.98555
95.17971
94.849632
96.723328
97.063118
96.325294
95.898125
96.092293
99.169815
98.315475
99.917336
99.461052
98.315475
99.247475
99.198936
99.286308
100.946419
100.033836
99.169815
97.84948
98.131027
98.402863
98.820305
99.286308
98.897972
98.344604
97.723282
97.830055
98.237823
97.004868
100.791084
101.693954
103.373482
102.315277
102.315277
101.723083
103.732681
104.159851
104.499641
104.645264
103.528809
103.48027
105.781128
106.241982
106.016457
107.075439
108.036377
108.467819
108.840424
108.840424
108.350159
107.212715
109.389526
111.085869
110.801514
111.046646
110.566185
112.213501
112.929291
113.556847
114.870773
115.135521
113.703926
114.77272
115.782684
115.361046
115.655205
115.61599
116.459251
116.116058
115.91996
115.61599
115.52774
115.410072
