Adjusted
81.959999
83.629997
83.779999
83.599998
85.019997
84.800003
86.400002
85.830002
86.410004
87.459999
87.010002
88.300003
89.199997
90.639999
89.449997
90.349998
91.900002
90.529999
91.540001
91.489998
91.220001
91.379997
90.459999
90.669998
92.080002
91.82
96.150002
96.519997
96.160004
93.959999
96.449997
96.440002
97.790001
94.669998
92.849998
94.75
90.209999
89.07
89.5
89.959999
88.389999
88.220001
88.889999
87.93
90.919998
92.5
91.360001
91.480003
94.089996
96.82
96.190002
96.379997
93.010002
94.699997
93.449997
94.93
97.160004
98.690002
98.360001
97.43
97.349998
94.019997
91.07
89.68
89.230003
91.849998
92.139999
91.010002
90.110001
86.5
80.5
83.480003
81.160004
82.389999
82.699997
85.209999
84.389999
86.720001
86.440002
85.080002
86.160004
86.129997
83.739998
80.139999
83.290001
82.57
83.470001
84.330002
82.809998
81.480003
81.449997
82.510002
81.040001
81
83.199997
84.160004
82.699997
81.949997
81.330002
80.519997
83.160004
83.389999
84.18
83.660004
84.419998
86.269997
88.029999
87.93
89.400002
88.5
85.949997
85.540001
86.949997
86.309998
87.349998
87.809998
87.419998
84.589996
85.18
84.419998
85.589996
85.970001
84.800003
83.720001
83.949997
84.599998
85.989998
87.07
86.459999
88.339996
88.300003
88.139999
87.260002
87.029999
86.300003
86.260002
87.5
89.480003
90.93
90.809998
88.129997
88.010002
87.07
88.059998
88.900002
89.690002
95.120003
94.540001
94.389999
95.010002
94
97.849998
98.5
95.849998
94.419998
93.510002
93.559998
94.32
92.410004
92.839996
91.919998
95
96.160004
96.889999
95.879997
98.029999
96.410004
96.510002
96.940002
97.300003
99.489998
99.839996
100.980003
100.800003
103.139999
103.779999
103.129997
103.059998
104.010002
105.879997
105.419998
103.989998
105.139999
106.690002
107.5
109.290001
107.93
108.809998
113.650002
114.040001
113.989998
115.239998
111.800003
109.139999
107.449997
109.660004
110.290001
110.410004
111.410004
117.029999
119.129997
120.720001
117.980003
113.129997
109.040001
112.019997
112.540001
110
112.919998
112
110.610001
107.769997
112.169998
111.260002
106.879997
105.800003
110.199997
112.540001
107.230003
110.379997
111.139999
110.900002
107.089996
105.540001
104.239998
106.889999
106.089996
104.669998
107.43
104.169998
103.93
102.82
103.660004
105.040001
103.900002
99.599998
98.989998
100.019997
98.120003
99.779999
100.139999
100.720001
101.68
103.269997
104.959999
106.470001
106.5
106.57
106.279999
108.260002
106.459999
108
103.139999
102.620003
100.400002
101.099998
100.610001
98.709999
98.900002
95.629997
99.260002
99.639999
100.800003
99.599998
99.389999
101.940002
99.510002
96.889999
96
97.82
95.779999
96.910004
97.790001
96.410004
99.830002
100.339996
104.629997
108.139999
108.449997
108.459999
110.220001
110.690002
111.989998
115.849998
114.830002
116.269997
114.699997
118.550003
119
117.82
119.900002
121.129997
122.449997
122.800003
120.849998
121.809998
121.599998
120.519997
117.620003
116.690002
116.129997
118.370003
118.07
119.220001
117.050003
116.660004
120.220001
119.480003
119.639999
118.330002
122.190002
124.349998
122.5
124.309998
125.610001
125.849998
124.919998
121.349998
124.970001
126.879997
123.730003
125.32
127.230003
129.710007
131.970001
133.199997
133.389999
131.039993
132.720001
133.600006
128.699997
127.900002
130.669998
130.449997
130.029999
131.649994
131.619995
131.220001
134.600006
133.610001
134.479996
129.940002
131.990005
132.490005
130.740005
130.100006
130.570007
131.009995
132.580002
132.25
130.75
131.559998
129.979996
133.25
131.800003
131.190002
132.389999
133.770004
133.360001
134.830002
133.809998
133.880005
137.460007
138.770004
141.830002
140.089996
137.830002
139.300003
140.460007
143.259995
143.199997
136.389999
140.289993
139.179993
142.039993
144.5
142.720001
140.380005
142.330002
142.429993
144.5
147.880005
147.759995
146.559998
148
141.860001
145.529999
142.779999
144.990005
145.380005
146.309998
147.210007
147.449997
146.369995
145.039993
145.899994
144.520004
140.800003
136.559998
141.199997
135.710007
136.220001
130.919998
133.330002
133.869995
130.910004
131.460007
127.949997
129.5
129.279999
128.210007
130.300003
133.089996
132.289993
138.279999
137.720001
137.5
139
142.039993
139.160004
140.220001
135.059998
135.720001
130.449997
129.350006
131.960007
132.899994
130.460007
131.509995
133.649994
134.279999
132.360001
131.710007
126.629997
125.830002
127.699997
126.230003
127.449997
130.070007
125.389999
121.440002
120.360001
116.919998
116.599998
115.139999
114.5
109.459999
105.559998
97.919998
97.18
101.739998
104.660004
104.839996
105.18
110.599998
106.25
110.919998
108.989998
105.459999
107.470001
108.970001
106.760002
109.029999
106.440002
102.720001
106.489998
112.199997
117.879997
115.580002
116.43
115.529999
114.970001
117.839996
114.129997
114.980003
115.160004
117.830002
121
118.419998
115.389999
112.150002
95.25
92.43
93.279999
96.860001
96.879997
95.440002
86.989998
90.720001
86.709999
85.949997
85.360001
83.010002
83.550003
91.589996
93.970001
98.980003
97.18
99.900002
99.860001
100.629997
100.410004
99.389999
99.75
101.010002
96.110001
94.18
91.989998
96.400002
99.419998
95.080002
96.980003
100.660004
100.510002
105
105.669998
108.489998
106.400002
106.720001
110.660004
112.57
106.459999
106.459999
110.849998
116.019997
115.720001
109.809998
113.040001
114.480003
112.040001
110.25
110.980003
115.599998
117.110001
118.160004
118.260002
118.370003
117.220001
117.07
113.349998
116.779999
112.970001
108.919998
113.919998
114.779999
114.160004
113.459999
111.110001
110.489998
106.589996
107.82
106.760002
105.489998
108.279999
105.839996
107.400002
106.199997
108.18
105.730003
106.239998
108.449997
111.769997
112.839996
114.989998
115.919998
118.129997
119.349998
121.160004
121
119.75
122.199997
120.910004
119.440002
122.260002
125.040001
125.57
124.75
125.480003
123.269997
123.599998
126.480003
125.839996
125.040001
126.010002
128.309998
126.660004
124.599998
126.739998
121.040001
120.099998
117.120003
118.300003
115.349998
119.589996
118.07
114.150002
115.839996
118.660004
116.610001
118.900002
122.029999
121.489998
119.449997
118.519997
117.309998
120.300003
120.260002
122.25
119.589996
118.040001
118.160004
120.230003
122.550003
125.669998
124.400002
123.949997
124.089996
125
124.169998
123.919998
123.699997
125.480003
124.739998
120.900002
117.07
112.589996
111.970001
113.860001
111.610001
112.370003
107.389999
109.489998
106.849998
109.730003
108.440002
110.169998
111.25
108.099998
107.510002
105.040001
102.650002
104.18
105.410004
105.620003
103.010002
99.190002
102.190002
106.779999
108.449997
106.559998
104.5
105.150002
105.949997
108.959999
107.32
111.760002
111.93
114.089996
109.970001
110.129997
109.779999
110.57
105.589996
104.150002
100.769997
95.379997
92.529999
95.089996
102.989998
105.830002
108.160004
103.160004
105.57
106.419998
104.470001
106.919998
101.580002
102.010002
98.620003
96.269997
98.099998
104.93
105.269997
102.669998
104.379997
103
100.980003
101.730003
100.959999
95.139999
96.599998
98.300003
98.209999
102.620003
107.550003
107.559998
111.040001
116.43
115.900002
115.080002
115.599998
115.610001
116.199997
116.629997
111.730003
113.779999
111.760002
112.830002
112.599998
111.449997
110.779999
114.779999
116
115.910004
115.139999
117.830002
116.75
113.199997
111.43
111.529999
111.339996
107.18
104.809998
104.919998
107.760002
109.080002
112.059998
109.120003
108.709999
109.5
112.529999
111
108.300003
109.440002
111.910004
106
106.199997
105.839996
99.589996
100.190002
99.360001
103.699997
98.989998
102.43
108.57
102.150002
95.470001
91.970001
86.669998
88.410004
96.540001
95.769997
90.5
92.720001
91.580002
92.860001
90.290001
91.050003
84.290001
82.419998
84.419998
82.169998
80.519997
78.400002
80.949997
77.07
75.980003
72.519997
81.389999
85.870003
80.68
88.150002
87.940002
91.080002
95.129997
92.010002
88.919998
91.300003
90
87.269997
87.150002
85.580002
85.970001
84.900002
87.150002
88.139999
95.510002
93.959999
92.290001
94.970001
90.870003
91.540001
88.779999
91.93
90.239998
91.239998
96.739998
97.230003
98.160004
101.150002
95.449997
96.68
96.839996
102.059998
102.190002
102.5
105.370003
104.959999
104.900002
104.330002
103.360001
101.540001
103.610001
101.849998
103.489998
101.949997
101.040001
101.129997
97.900002
97.480003
101.900002
103.129997
105.199997
104.709999
107.089996
107.279999
107.800003
104.650002
107.339996
110.029999
111.989998
112.010002
114.260002
113.199997
118.959999
121.510002
119.029999
116.169998
117.059998
112.830002
111.550003
116.910004
114.660004
113.529999
117.089996
116.529999
117.529999
115.830002
118.160004
118.830002
116.839996
116.889999
117.769997
117.639999
117.68
120.25
122.400002
122.190002
121.339996
121.300003
120.980003
119.349998
120.510002
126.260002
126.290001
124.470001
119.779999
119.669998
122.459999
122.160004
117.839996
120.809998
122.449997
125.550003
125.739998
129.949997
121.059998
115.480003
118.809998
120.5
119.269997
119.029999
116.559998
118.330002
115.830002
118.389999
118.279999
122.349998
121.040001
123.300003
122.980003
122.150002
121.480003
121.559998
121.160004
122.839996
118.470001
120.739998
119.610001
119.660004
124.199997
118.089996
121.290001
126.010002
125.900002
128.919998
129.880005
129.460007
128.5
132.130005
133.729996
136.440002
131.779999
132.789993
135.440002
134
133.240005
134.020004
132.380005
132.029999
132.839996
132.970001
132.270004
129.199997
130.5
131.490005
132.529999
133.610001
134.169998
130.470001
130.779999
124.519997
123.449997
125.349998
125.389999
124.019997
122.769997
128.309998
127.669998
125.029999
126.510002
122.889999
130.039993
133.660004
137.350006
137.660004
137.199997
140.800003
140.860001
139.570007
141.860001
140.080002
138.690002
138.289993
136.699997
136.929993
136.550003
139.470001
139.490005
138
135.75
133.070007
134.039993
133.649994
129.130005
126.940002
128.600006
128.389999
129.039993
126.68
131.100006
134.059998
132.679993
131.25
126.889999
128.410004
133.589996
131.5
130.440002
130.050003
136.960007
138.539993
138.389999
134.259995
129.5
127.330002
143.020004
141.789993
142.600006
142.720001
143.25
142.5
142.779999
142.360001
140.839996
142
137.710007
139.220001
138.25
138.570007
136.839996
136.600006
136.490005
136.330002
136.979996
135.039993
134.139999
132.600006
