Adjusted
44.778484
44.829258
45.303104
44.558495
44.313103
44.169254
44.186188
44.363869
44.330021
44.448483
44.338486
44.346939
44.778484
45.091568
45.150795
45.514645
45.590797
45.480801
45.99696
46.132339
45.785416
45.836178
45.751568
45.954647
45.988487
45.954647
45.954647
45.971569
46.225414
46.27618
46.090034
46.470795
47.03772
47.291561
47.130798
47.706184
47.139259
47.252949
47.705994
47.868404
48.227406
48.218861
48.304337
48.261597
47.757275
47.757275
48.12484
47.885494
48.159035
48.167583
48.54369
48.235962
48.500942
48.894154
48.654804
48.526596
48.603519
49.227528
49.176235
49.73185
49.740398
50.107964
50.219082
50.851627
50.971291
51.347401
51.159351
51.432884
51.279022
51.390137
50.66357
51.133705
50.714855
51.116619
52.202194
52.108177
52.150906
52.244938
51.928665
52.150906
52.321869
52.723629
52.262043
52.236389
52.06543
51.68932
52.082523
51.714973
50.817432
51.073872
51.022579
51.680771
51.851738
51.612396
52.28767
51.928665
51.87738
50.655022
50.390034
49.253159
49.347195
48.783031
48.800117
48.338535
47.483746
47.577774
47.114056
47.753059
48.046669
48.176193
47.778973
47.770336
48.702946
48.392075
48.987907
49.221066
48.133022
46.837727
47.502644
47.66671
48.245274
48.607952
48.772022
49.065628
48.564781
48.685673
48.651134
48.573418
49.117439
49.51466
49.557835
50.568161
50.775406
51.569855
51.328064
51.36261
51.949802
51.535313
51.630306
51.69075
50.818592
51.258987
51.397148
51.258987
51.293526
51.215816
51.328064
51.319431
51.466232
51.224445
51.699387
52.062065
52.096603
51.872093
52.027523
50.827229
50.006863
49.601009
49.549206
49.980965
49.471489
49.877338
50.827229
50.378181
50.524982
50.723606
50.542255
50.386822
49.894619
50.246033
50.150116
50.167557
50.594849
50.934937
51.109344
52.129616
53.437645
53.289406
53.847504
55.277615
55.120655
54.300957
54.6236
54.45792
54.431755
54.771843
54.440472
54.48407
54.510235
54.361988
54.030624
54.257351
53.760296
53.725414
53.638218
54.580002
54.893929
54.597439
53.891098
55.08577
55.678753
55.53051
55.478184
56.114761
56.01012
55.949081
56.385094
56.106037
56.419964
55.835716
55.591545
55.888035
55.800835
56.306606
57.579765
56.978069
57.039116
57.448959
57.248405
57.841373
58.477951
58.879082
59.123253
59.053474
58.10297
58.198898
58.094261
57.858814
57.466393
56.725182
56.603104
56.07988
56.498451
56.41312
55.814953
56.668228
56.070053
55.858932
55.639023
55.858932
55.92931
56.175617
56.193218
56.984905
56.738605
56.782585
56.404331
56.870564
56.677029
56.659439
56.641838
56.90575
55.92931
55.867725
55.876522
56.90575
56.967312
58.339596
59.623909
59.087326
59.034534
58.612301
58.480354
58.31321
58.832207
59.043339
58.409969
57.996529
58.42757
58.286827
58.304409
58.981758
59.738277
59.043339
57.926151
57.794201
57.996529
58.876194
60.248482
60.820267
61.013794
62.183754
62.553219
62.333286
62.139774
62.896275
62.799507
62.711544
62.685169
61.886742
61.727062
61.567375
60.848789
61.469772
60.786682
60.298763
60.715721
60.635876
60.369732
61.194763
61.656078
62.002064
62.631927
62.543205
61.948845
61.895607
62.152878
61.895607
62.161751
62.419022
62.942425
63.066635
62.977913
62.454498
62.348042
61.895607
61.762539
61.381065
62.525486
62.365807
61.727062
61.585106
62.303699
62.605324
63.456993
62.694038
62.747272
62.871464
63.040024
63.44809
64.166687
64.530411
64.282013
64.352982
64.299759
62.862587
63.128738
62.667419
64.060226
63.057755
61.975449
61.505276
61.922226
62.605324
62.170635
62.392406
61.247997
61.141537
61.177017
61.93996
61.496403
61.585106
61.164513
61.31665
61.710384
62.283104
62.524731
62.685806
62.846889
62.506828
61.755138
61.415073
60.591793
60.878162
61.24506
61.298744
61.280865
62.596321
63.535934
62.98111
62.676853
62.945309
62.426289
63.652256
63.374863
64.001259
63.679111
62.318909
61.441929
61.620903
61.880409
61.925152
62.623161
62.193638
61.656693
62.211514
62.435242
61.871468
62.784237
62.658943
62.587376
62.828972
62.945309
62.515778
63.428551
62.578407
61.719345
60.529152
60.484398
59.983288
59.07053
58.086166
58.846806
60.717079
60.448608
60.394924
60.645485
61.110828
61.656693
61.459812
62.274162
62.327854
62.363647
62.202572
62.721581
62.130985
62.717724
63.051712
63.385696
62.708702
62.880207
63.430828
64.351555
63.954361
63.069763
62.762852
63.114883
61.905315
61.977539
62.591343
62.329571
61.851147
62.212215
61.652569
61.652569
61.481064
61.047779
61.408848
61.815056
62.365681
62.519138
62.57328
63.223213
63.25029
63.358627
65.100784
63.575253
63.746773
63.178085
61.544231
59.874298
61.363712
62.040714
62.708702
63.196125
63.214191
63.27737
63.83704
63.512081
63.828003
63.340565
64.613342
64.36058
65.497955
64.829979
66.960274
65.967354
66.698509
67.122765
66.71656
65.633354
65.22715
64.604317
65.136894
65.172989
65.407684
65.597244
66.120796
65.940269
66.104088
66.013069
66.031273
65.78553
66.295204
66.058586
66.204201
65.667229
65.849243
65.994865
65.421471
66.777603
66.186005
65.512505
65.339569
67.323692
68.561493
68.625191
69.635468
69.99041
71.337433
72.156578
73.02121
71.264633
69.99041
70.527412
69.671875
69.316917
69.59906
70.418198
69.626366
69.626366
69.571754
69.580849
70.23616
70.773155
71.328346
72.147476
71.646896
71.983658
71.83802
71.883537
70.855072
72.029144
69.981316
70.736748
71.519478
70.654823
71.619598
68.907333
68.470482
69.771996
67.460228
67.096146
66.358925
66.604668
67.960785
67.159874
67.341881
67.259979
67.405602
66.76104
66.063225
66.191757
64.566582
65.163399
64.832863
65.356224
63.887138
63.877945
63.593307
63.12505
64.107491
63.317856
64.25441
64.26358
66.035675
65.741844
66.283562
66.292763
65.613319
64.915482
64.603302
64.630852
65.319496
65.071587
65.659218
65.723495
66.76104
66.063225
65.879578
65.530663
66.017319
65.273575
65.769394
66.494766
65.925499
65.62249
66.797768
66.191757
66.586594
67.210945
67.523125
66.6325
66.788582
66.38459
65.815323
65.833672
65.888763
65.025673
64.924675
65.126671
65.916321
65.200127
65.273575
65.099129
65.741844
66.283562
66.347862
66.283562
66.008125
66.127487
66.081581
65.659218
65.629578
65.7593
65.342331
65.323807
64.480598
63.405781
62.89616
62.210487
62.015926
61.923248
61.941784
62.330944
61.895462
62.173431
62.423603
63.007351
63.794949
63.053688
63.248264
62.599651
62.683048
62.117832
62.330944
62.349476
61.960323
62.145634
62.914703
62.868366
64.239708
64.332359
63.609627
63.896866
64.017311
64.119247
64.415749
65.027283
64.536209
64.202644
63.72081
63.683758
63.220459
63.554035
64.063652
64.980965
65.462791
65.833427
66.435699
66.454231
65.092155
65.935349
66.09285
67.028702
67.037964
67.34375
69.020836
69.428543
69.836235
70.623833
70.50338
70.549698
70.160538
69.864037
67.047234
65.073624
66.044365
66.596138
66.427803
65.230728
63.407078
63.678288
63.678288
62.874016
64.267471
63.668938
62.911427
63.369682
63.696995
63.668938
64.295532
64.959526
64.529327
64.828598
64.604149
64.735085
64.922112
65.520645
64.931465
64.800545
65.819923
64.678963
64.856651
65.763809
65.258789
65.258789
66.128532
66.418449
67.334953
67.241447
67.419121
68.08313
68.401085
68.616196
68.915451
69.130547
69.663612
68.344978
68.120522
67.671631
66.88604
66.287514
66.80188
66.147247
66.128532
65.997612
65.68898
63.45385
63.341621
63.407078
63.884037
63.509956
63.781155
64.772476
63.874687
64.043022
64.361
64.529327
63.800503
63.7061
63.460636
63.602257
63.602257
63.640018
62.441036
61.525288
62.875313
62.441036
62.223907
62.488243
61.553608
61.260948
61.742428
62.450481
63.791073
63.762741
63.158535
62.837543
63.385109
64.272545
63.97987
64.06485
64.801224
64.838982
63.857162
63.696659
64.244232
64.640739
64.678497
65.632019
65.528168
65.046684
65.159973
65.773628
65.027809
65.990761
64.886192
64.659607
65.858589
65.669777
65.820824
65.811378
66.972595
68.133804
66.255089
65.981316
66.019081
66.491112
67.085876
65.603691
66.491112
66.35894
65.33934
65.08445
65.282707
65.868034
65.849152
65.575363
66.783768
66.915947
67.236938
67.81282
66.104042
66.009636
66.037964
65.580215
66.743637
67.344421
67.916588
68.393394
68.755753
68.269424
68.870209
68.984642
69.604492
70.148048
71.092133
70.052681
70.214798
69.575874
70.100365
70.014534
69.757072
71.177948
71.282852
71.635696
71.893158
71.120735
69.661705
69.375618
69.585419
69.652176
69.490051
69.823822
69.423302
69.327934
69.661705
69.490051
69.442375
67.783081
66.285896
66.810394
66.943893
66.657814
67.468384
67.735397
68.154991
68.755753
68.603195
69.404228
68.650879
67.964264
68.164528
68.202667
68.393394
68.927422
68.746231
68.870209
67.783081
66.381256
67.592354
67.687721
66.886681
67.497002
67.649574
68.250343
68.28849
68.898811
69.023994
68.841034
70.26619
70.073593
69.813614
70.246933
71.007668
70.632111
70.670631
70.940247
70.949883
71.152107
71.373589
71.604691
71.595055
71.055817
71.209885
71.421722
72.172821
73.607613
73.578728
75.042412
74.974998
75.543137
75.99572
74.599457
75.29277
75.25425
74.541679
74.888329
74.281677
74.657219
74.936478
74.946114
74.435753
74.724625
75.600914
75.697212
74.657219
73.684654
74.089088
75.129066
74.705376
74.503159
73.906128
73.588356
72.577263
72.211349
71.960983
72.230606
72.606155
73.145393
72.22097
71.912834
73.80983
74.012054
72.991333
73.453537
73.020226
73.299469
73.415024
71.970612
72.885414
72.172821
72.085342
71.988144
72.658836
73.387856
73.28093
73.397583
70.471786
71.978424
71.463249
71.7257
72.367233
72.960167
73.776672
73.514221
74.60289
74.884773
74.855614
74.457085
73.660027
73.718346
72.658836
72.192268
71.229965
70.131577
69.869133
69.898293
69.499763
70.199615
69.684448
70.141296
71.259125
70.74395
70.792549
71.317444
71.161919
71.06472
70.802261
71.074448
71.346603
71.76458
71.249413
71.43409
73.096245
72.376953
72.027016
72.270027
71.7257
72.629677
73.387856
71.171646
69.140106
68.780464
68.032005
69.247032
69.062347
69.0429
69.159554
70.228783
71.142479
70.831436
71.881218
73.067093
73.980789
71.90097
71.371208
72.381683
72.087379
71.331963
72.106987
72.106987
73.117477
74.029846
74.510559
72.715248
73.156715
74.432083
75.059952
75.059952
74.795059
75.177673
75.295395
75.216911
74.883354
75.530846
75.138428
