Adjusted
28.425463
28.511469
28.924303
28.889898
28.468464
28.812494
29.104921
29.122122
29.483349
29.319933
28.950108
29.079111
29.070513
29.199528
29.31134
29.61237
29.741371
29.603764
29.870373
29.767178
27.694395
28.029827
27.63419
27.789005
27.978216
27.694395
27.88361
27.935217
28.176039
28.382458
27.943819
27.659992
27.694395
27.212753
26.524694
26.989134
26.352678
26.567698
27.358963
27.281559
27.358963
27.453571
27.694395
28.133034
27.952423
28.184639
28.373856
28.588877
28.563066
28.958702
29.079111
28.614674
28.54587
28.760885
27.935217
28.193237
27.771799
27.797861
27.606756
27.658871
27.250591
26.885744
26.929178
27.30271
26.842312
26.651201
27.311399
27.650183
27.676245
27.58069
26.216858
26.295042
26.3211
26.216858
26.538271
26.920494
27.502508
27.945534
29.509171
29.031391
29.4223
29.45705
28.796848
28.770786
29.500477
29.543917
30.004314
29.978258
30.334414
29.93482
29.839264
30.343102
30.699266
30.490778
31.116228
30.933811
31.081482
30.50815
30.490778
30.473408
30.438662
30.351791
30.230177
29.93482
29.830585
30.073814
29.239872
29.439665
29.839264
29.821894
29.535227
29.352812
30.099873
29.543917
29.656843
30.073814
29.622099
28.831598
28.345133
28.101904
28.232201
28.249752
28.381346
28.223427
28.512945
28.460308
28.451538
28.679636
29.030567
29.846476
29.644691
30.004398
29.934204
30.179859
29.802616
30.469378
30.337774
30.416729
30.346548
30.311455
30.153542
30.697477
30.443052
30.706244
30.758888
30.741343
31.057178
31.776581
32.004688
31.636215
31.837996
32.381927
33.373314
32.882011
33.232941
33.118881
32.592491
32.36438
32.136292
32.41703
32.58371
32.627583
33.987434
33.908474
32.95219
32.855686
32.917099
32.811817
32.846912
33.145203
33.697922
33.829517
34.048851
35.07531
34.96125
34.092712
34.978809
34.917397
34.838436
35.847343
35.628021
34.829662
34.426094
34.312035
34.970032
35.368023
34.510132
33.9618
33.882195
34.227123
34.289028
35.368023
34.801991
34.067917
34.421692
35.730633
36.3232
36.102093
35.757175
36.376263
36.606216
36.535454
36.579674
36.747719
36.296658
35.925217
34.952343
34.589729
34.899277
34.722389
34.908127
34.448223
33.9618
34.244804
34.722389
34.200584
35.085003
35.076164
34.793148
35.02309
35.465305
35.580276
35.261887
35.111542
34.722389
35.049625
35.076164
34.501289
34.306717
34.580883
34.545517
35.359177
34.244804
34.395164
34.147518
34.731236
36.084404
36.951134
36.305504
36.04903
36.721184
36.791931
37.322598
38.481182
38.826115
38.719967
38.808422
39.286003
39.675159
39.728596
39.728596
39.550442
39.078335
38.900173
38.828918
38.401344
38.445896
37.947044
38.045036
37.314602
37.991592
38.3479
38.38353
38.365715
40.91333
40.690639
39.835499
38.668571
38.392441
38.356808
39.844406
40.361057
40.539215
39.808765
40.049278
39.95129
40.610466
40.619377
40.833164
41.723942
41.305271
41.24292
41.608139
41.670494
41.367634
41.991169
41.830826
41.821922
42.062435
42.605808
43.211533
43.389687
43.149174
44.057777
44.458618
44.342823
44.102306
44.387363
43.879616
43.674736
43.416412
43.336246
43.648018
44.244831
44.191391
44.752579
44.725853
44.681313
45.108887
44.031044
43.070724
43.259205
43.609226
44.61441
44.784939
44.479794
43.698975
43.016876
43.142536
43.950272
42.810455
42.137344
42.630959
42.693779
43.528446
43.725903
43.752819
43.923355
44.309273
44.1926
43.528446
42.442482
43.707954
44.784939
43.716923
43.698975
44.300304
44.075924
44.443893
44.165672
44.219528
44.982399
44.919571
45.054192
43.627178
43.959248
44.282341
44.641342
44.820839
44.677238
45.484985
45.709358
46.463253
47.091499
46.777378
47.127403
47.217152
47.100475
47.226128
47.683846
47.558201
47.701797
47.441525
46.669689
47.028679
46.938931
46.669689
47.136379
46.732506
47.091499
47.468445
46.956879
47.217152
47.108692
46.647732
46.512138
46.584457
46.566383
47.045418
46.304264
46.087337
46.277149
46.204834
46.638691
46.548309
46.584457
47.063492
46.68388
46.720028
46.873692
47.271381
48.708504
48.663319
48.545811
48.536774
48.310802
47.434074
46.159645
46.06926
46.710991
46.186756
46.539268
46.385612
47.253307
46.819447
46.819447
47.452148
47.117725
47.018307
47.795612
47.976387
48.175236
47.967354
48.003498
48.02158
47.994457
48.482544
48.482544
48.401188
48.401188
48.717541
49.070038
49.53101
49.08812
48.319851
48.229465
47.795612
47.605804
47.940228
48.337929
48.943512
48.437351
48.346973
47.777538
47.714268
48.374077
48.02158
48.758827
48.622303
47.73032
45.919044
45.891731
46.073772
45.964546
45.054356
45.509457
43.898415
43.297691
40.858383
39.984604
40.130238
40.740063
41.914204
42.332897
43.880211
43.334099
43.397816
43.880211
42.314693
43.670876
43.12476
43.91663
44.963341
44.717594
43.306805
44.744896
45.336517
45.054356
45.036156
45.072567
45.418438
45.473045
46.75642
46.528866
47.393551
46.856533
46.856533
48.094391
47.566475
46.774616
47.111393
44.298904
43.798298
44.426327
44.981544
45.300117
45.655087
44.03495
43.852913
42.178154
41.877796
39.456692
39.547722
38.874172
40.548927
41.395401
41.723068
41.659359
41.850494
41.877796
42.305588
42.250481
42.314774
41.892269
41.873898
40.578827
39.926704
39.862415
40.85437
40.790085
40.551277
40.055294
39.889961
39.779747
41.139107
40.532906
41.093189
41.662647
40.937042
40.927856
40.569645
39.52256
41.341167
41.478951
41.534058
43.067932
42.452549
43.903759
44.454845
44.32626
44.546703
44.160938
45.143719
45.410072
45.52948
45.382523
45.63052
45.492741
45.456009
45.74992
45.786659
45.235565
45.226387
45.327415
45.235565
45.52948
44.904915
44.032345
44.023163
43.270004
42.966896
43.591473
43.214893
43.196518
42.829128
43.664951
42.920979
43.435329
43.380222
43.361851
43.012825
43.040379
44.263741
45.116405
44.467644
44.393497
44.708614
45.116405
44.968113
44.829098
45.172009
44.84763
44.736416
45.255417
46.441715
46.10807
46.024662
46.423183
46.015396
46.358311
47.266563
47.377781
47.70216
48.026543
47.831913
47.266563
47.906055
47.868984
47.590942
47.155346
46.932919
48.054344
48.100677
47.220226
47.016335
47.489002
47.739231
47.266563
47.016335
47.303635
47.618752
47.535339
46.914387
47.451927
47.794842
48.258236
48.434322
48.79578
49.129421
49.1665
48.258236
47.637287
47.748501
48.184093
48.341648
48.045074
48.063606
48.740173
49.444538
49.666965
49.379658
49.527943
49.64843
49.212837
49.324051
49.20261
47.446377
47.801357
48.006866
47.997536
47.240856
47.493084
46.259983
46.951263
48.025555
48.520668
49.548248
48.670132
48.79158
47.801357
47.194153
46.801804
46.708385
44.615841
42.943687
42.626072
43.578922
44.307571
44.298233
43.961933
43.401432
43.616287
44.027325
43.532207
42.504623
43.569576
42.308453
42.691467
42.009518
41.94413
42.476604
41.804001
41.224815
40.795101
39.814228
37.693657
36.796867
38.347576
40.729713
41.103378
40.879177
38.917423
39.599361
40.010406
39.30978
41.187447
40.907207
40.879177
40.897861
40.243942
40.739056
42.018864
41.308895
40.458801
41.122055
40.729713
39.776859
39.692787
39.53397
37.760136
38.269646
40.005745
40.552994
41.939983
43.69495
44.421471
44.808315
45.091381
44.421471
43.968575
43.883656
44.449776
44.893238
44.930981
44.713963
44.997021
44.798882
47.101097
47.478516
47.601173
47.827621
48.469219
48.025768
48.752277
48.676804
49.044773
48.478653
48.695667
48.912678
48.78059
48.79002
48.78059
47.582306
48.252213
48.73341
48.73341
50.158138
50.309105
50.309105
50.007175
50.365723
48.988167
49.073086
49.186314
50.403461
49.337265
48.931553
50.299671
49.091953
48.025768
53.753002
51.809326
50.356281
48.393738
47.714397
47.855927
47.412464
46.827477
48.091812
48.591877
49.563717
49.356144
49.280659
50.25161
49.175949
49.004601
47.529133
47.167404
46.129814
44.397331
44.054642
43.216957
42.636288
41.532066
42.11274
40.894279
40.047081
39.333141
39.980442
41.141781
40.151791
40.418327
39.418816
39.552078
39.980442
40.532555
42.864746
44.492527
45.111271
44.444927
44.00705
44.359249
43.940414
42.645809
43.797626
44.578194
45.682419
45.282619
44.816177
45.587223
44.720989
44.920883
45.787125
46.396351
46.272606
47.662403
47.234035
47.215
47.871822
47.36731
46.482029
46.700966
46.767601
48.185951
47.862309
47.77663
48.224033
48.928452
49.175949
49.061714
48.785664
48.719028
48.852295
49.080753
49.099964
49.445736
48.850239
49.119175
49.051937
48.734985
48.917473
48.446831
48.763794
48.754189
49.580204
50.146893
50.29097
50.300564
50.463856
50.953701
49.887558
49.925976
50.53109
50.463856
51.549198
51.481968
51.309074
50.53109
50.569504
49.724281
49.359295
48.84063
49.138386
48.831028
49.503368
49.224823
49.503368
48.552486
49.560993
49.474556
48.802216
48.763794
49.330479
50.194916
50.732784
50.77121
49.935585
50.11808
49.330479
49.54179
50.175709
51.059353
51.51078
51.578014
51.558807
51.472359
51.27066
50.607922
50.070053
49.810719
50.127682
50.83844
50.972908
51.165005
51.116982
51.558807
49.532185
47.995407
47.016304
47.888775
48.189285
48.02449
47.268345
46.647926
46.725483
47.888775
48.325008
49.391357
49.614319
50.215351
50.467396
50.990879
50.758221
51.330173
50.89394
51.494972
51.640385
51.902122
51.989372
52.028145
52.028145
52.008755
51.504665
51.79549
51.853653
51.999065
51.960289
51.756714
51.814877
51.999065
50.729141
51.175068
50.758221
51.029652
51.601608
51.785793
51.863342
52.134781
51.969982
52.367435
51.989372
52.474075
52.33836
51.999065
52.154167
52.522541
52.251114
52.251114
52.629181
51.7761
51.291397
50.448009
50.777611
51.233227
51.107204
51.388332
50.961796
51.126602
50.952103
50.641891
50.535259
50.961796
51.176952
50.590172
50.687965
51.264961
50.717308
51.538799
52.409187
51.822407
52.360287
52.340733
52.03756
51.744171
52.203815
51.832188
52.506985
52.741695
52.634117
52.907948
53.044865
52.917732
52.575439
53.357815
52.731915
52.62434
52.595001
52.418961
52.086456
51.95932
52.467865
52.252712
52.683014
52.956848
52.467865
52.282051
51.99844
52.008217
52.184254
52.057117
52.81015
53.132885
52.878609
52.986187
53.123104
52.800377
54.492256
54.873657
54.19886
54.82476
54.981239
55.646255
56.164577
56.438404
56.986069
56.86871
56.389507
57.064301
57.122982
57.484829
57.504387
57.778221
57.45549
57.593487
57.58363
57.071075
56.597942
56.40081
