Adjusted
48.990208
49.858704
50.969994
50.988667
50.62447
49.82135
50.316292
50.671158
50.260258
50.120178
50.297615
50.559093
50.689831
51.352875
50.699177
50.699177
51.343533
50.951317
53.192577
53.930328
53.407368
54.182465
53.398022
54.247833
54.257172
55.564579
56.423717
55.751354
55.59259
57.413612
56.64785
55.331112
56.563808
52.828381
51.250149
51.343533
50.428349
50.176212
50.559093
50.671158
50.316292
49.989441
50.503056
50.727177
52.099968
52.520195
52.258717
52.165333
52.193451
54.058498
54.414642
54.330296
53.664875
53.524292
53.336853
53.711735
53.439945
53.618011
53.55241
52.877613
52.034122
51.499905
50.468975
50.037849
50.609547
51.021931
51.762325
52.296543
52.990086
51.593636
49.766064
50.63768
49.484898
49.766064
48.210289
48.453964
49.606735
50.075348
50.112835
50.244049
51.331219
51.603004
51.771698
53.083805
54.498997
54.733292
54.470886
54.761417
54.723927
55.464317
55.454956
55.717373
55.070698
54.573971
55.098812
56.101639
56.39217
55.436211
54.630207
54.208466
54.573971
54.976974
54.723927
53.280617
53.936661
53.655502
53.083805
52.324661
53.280617
52.690174
51.790447
51.319965
51.790451
51.112953
51.752808
52.035103
50.93417
49.598007
50.275501
48.958153
49.936752
49.861477
49.268673
48.817017
49.193398
49.917938
50.34137
51.338787
51.583435
52.326786
52.00687
52.665535
52.364433
52.787865
52.872543
52.853725
53.427727
54.472179
53.907608
54.011108
53.013695
53.164249
52.543217
51.508163
51.6493
51.762215
53.004292
52.656132
52.693768
52.505573
53.333626
55.206135
55.046169
54.472179
54.15226
54.528637
54.594505
53.992287
53.107788
53.192474
52.769043
53.945244
54.698009
54.641548
53.597088
54.105217
53.418301
53.719418
53.851143
54.105217
55.262589
54.933262
55.535473
55.23436
55.848282
55.631054
55.149361
54.884899
55.593269
56.499985
56.36776
56.235535
56.273304
56.414982
56.19775
56.169415
55.451584
54.554317
55.347691
55.054905
54.752666
55.649944
55.121017
54.969902
55.06435
56.934456
57.425606
57.557831
57.586166
59.021805
59.475163
59.701836
61.694752
61.883636
60.54245
60.920246
60.958031
60.476334
60.948582
59.890743
59.711296
60.126873
60.882469
60.24966
57.992302
56.443321
56.773895
57.340595
56.509441
57.236702
57.444492
57.123363
56.471661
59.286266
59.267372
59.125706
59.09737
58.181198
57.869518
57.208366
57.255585
57.180031
58.039524
57.435055
57.954521
57.123363
57.331154
57.444492
56.468117
56.325939
56.136349
57.254913
56.543957
56.250103
57.586681
57.766785
57.643551
58.070122
57.937416
58.47773
58.582005
58.648354
57.975327
57.8521
57.112713
58.278671
58.117519
57.61512
57.378128
56.098431
56.667194
56.126865
56.278534
55.937279
56.572399
57.264385
56.989483
56.420731
55.614975
56.202705
55.937279
56.562912
56.136349
54.837685
56.231144
56.003639
57.302299
57.842617
57.634075
58.335545
57.994293
59.027527
58.818989
59.634209
60.904442
61.198296
60.35463
61.018177
60.582138
60.411507
60.961311
61.065582
60.458904
61.274117
61.112972
61.160366
61.738609
61.169846
60.240879
60.003078
59.53698
59.679661
59.736732
60.393078
60.36454
60.202835
60.963802
60.792595
60.840149
60.878197
61.534546
62.580894
63.665283
64.378693
64.578468
65.168213
64.692604
64.255058
64.540398
65.04454
65.263329
64.255058
64.483322
65.329918
66.45237
67.251381
67.061142
67.184799
67.831627
68.402359
66.966034
66.851875
67.04213
66.585533
66.480896
66.851875
66.918457
66.766266
69.496269
67.527245
67.279915
67.574806
68.896996
68.250175
67.289429
67.222832
67.803078
69.011169
69.95285
69.163353
69.106262
69.562866
69.857735
70.285805
70.295296
70.095543
71.056274
71.217987
71.141899
71.027725
70.818459
71.284569
72.925919
73.479408
74.471848
74.653168
74.54821
74.54821
74.901268
75.340248
75.263893
74.023331
75.826927
75.006241
75.865089
75.769669
75.464302
74.987167
75.588364
74.700905
74.567284
75.769669
74.529106
73.603462
74.25238
73.002281
74.328712
72.277023
73.488945
73.593918
74.576828
74.910812
75.416595
74.758133
74.261917
73.861122
73.775223
72.047989
71.656723
73.298088
71.179588
70.979195
70.110794
70.979195
70.807426
69.671837
69.309204
69.337852
69.98674
70.177605
70.883774
70.473412
71.47541
70.75972
71.284561
71.15097
70.883774
71.217758
71.971649
70.692917
70.78833
69.00383
69.414185
67.963684
67.515167
67.668365
67.630066
66.978943
67.285362
68.798248
68.530151
68.520561
67.955635
67.007675
66.940674
67.103432
65.782036
66.337425
66.624672
65.284134
64.221268
63.732941
62.660515
62.066845
60.908237
61.233795
58.696362
56.896202
54.157673
52.903313
52.797989
54.138523
55.699287
55.517361
57.509026
56.149334
57.46114
57.365391
54.894978
57.049408
57.193039
55.823772
57.451569
56.053577
53.640614
59.002754
59.902836
62.267929
61.482754
61.817886
61.348698
60.592251
61.454025
61.138039
61.750866
62.076427
63.92445
64.345741
63.474419
62.028538
61.300816
56.465317
57.394119
57.346245
58.332493
56.991955
57.35582
54.195972
54.7705
52.376209
51.770428
50.972328
50.635788
52.020428
56.222454
57.972488
58.953285
57.876339
59.107136
57.895565
58.491745
58.799435
58.712894
58.857132
58.616737
56.443611
55.289738
55.549355
57.520557
58.087872
56.857082
56.626305
56.251293
55.635902
58.366737
57.347477
59.232136
58.895592
57.847485
59.347527
59.712917
56.18399
56.462845
57.95327
60.424473
61.607193
61.539879
62.501442
62.761055
62.241833
61.712959
62.11681
63.251461
63.914928
64.088028
61.491802
61.934116
61.366806
61.491802
62.347595
62.934143
60.145622
59.222519
58.520576
58.895592
59.482143
58.491745
56.905159
55.808979
54.799339
55.851883
55.204903
55.716694
56.730591
56.054657
58.169384
56.257431
56.643688
55.977406
55.851883
57.59
57.995567
57.116848
58.623226
58.236973
59.463326
60.399975
61.230415
61.153175
60.873135
62.707832
62.630573
62.360203
63.885899
64.648743
64.301117
63.654133
64.378357
63.03614
63.56723
64.02108
64.214218
64.272148
65.160515
66.579987
65.865425
66.251686
66.657234
64.359055
65.160515
64.185242
65.556427
64.175583
65.247429
63.683113
63.422398
63.596207
63.96315
62.553322
63.557583
65.189507
65.150864
64.011436
63.779671
63.132706
62.978203
62.253979
62.601612
61.71323
60.911766
61.60701
60.351696
59.98476
61.616669
61.00602
59.968906
59.736282
60.540775
59.745972
59.552124
59.096561
59.464878
59.542427
59.212872
58.524689
58.602226
57.012623
57.662037
55.956112
56.091812
54.938381
55.558716
53.843102
54.221115
54.133881
53.697716
54.41497
53.154919
52.69936
51.991795
50.237404
50.479729
49.568607
49.58799
47.882072
47.32959
48.453945
49.60738
49.054897
47.901455
46.874035
47.242359
45.507351
46.815876
44.98394
46.408775
45.8466
46.408775
44.596233
44.644703
44.98394
44.799789
43.28772
41.494564
39.827415
36.909908
35.504463
37.268543
39.526936
40.903316
41.349178
39.090771
39.468784
39.575405
38.906612
39.255547
38.470436
38.761223
37.873852
37.942112
38.195641
40.028877
39.794846
38.790466
39.326794
38.517433
37.201019
37.639824
37.513054
35.835842
35.523804
36.167377
36.810966
39.707092
41.852356
42.66172
42.768982
43.55883
44.114658
42.895748
42.632465
43.53933
44.533955
45.275047
44.153656
44.553459
42.807983
43.636841
43.841614
41.725601
40.175148
40.526196
40.019127
40.886982
42.057137
44.09515
45.333557
46.32819
45.704105
45.811367
46.571968
44.485199
43.939133
43.929371
45.343307
44.767986
45.899132
44.836243
44.124397
43.812366
45.392071
44.767986
43.753857
44.865501
45.333557
42.447186
40.077637
39.521812
35.53355
34.314651
34.441406
34.626682
32.938057
30.964722
31.288702
30.012411
28.451414
28.147068
28.30415
29.285908
32.594444
32.103561
31.111984
31.651957
30.434568
31.416328
31.730492
32.231194
29.658976
27.548193
27.980169
26.478073
25.250875
24.347654
25.486496
24.043306
23.051733
21.196205
23.738962
25.162514
22.354683
24.11203
24.043306
26.301357
27.391113
25.584673
24.239662
26.105005
26.075554
24.396742
23.248085
22.246689
21.235476
20.862406
21.294382
20.872223
19.959185
19.340681
18.309828
19.929731
18.565088
19.055969
19.203232
19.919918
19.321043
18.869429
21.127481
21.59873
22.88483
23.748781
21.078392
22.511763
22.069969
24.590551
24.600475
23.905828
26.019543
27.190521
27.329453
27.805782
27.79586
25.563059
26.267633
25.64245
25.890537
25.999699
27.230215
26.406563
25.850842
26.188244
27.349298
27.388992
28.550047
28.827906
30.723307
30.723307
31.110321
31.159941
31.755354
33.362968
34.484333
33.670601
34.930889
33.690441
34.355324
36.627819
35.833935
34.414864
34.295788
32.499622
31.070629
30.961472
31.159941
29.810341
31.298872
32.291229
32.45993
32.271378
33.531673
34.36525
33.859146
33.640835
33.988155
34.275936
34.226318
36.161407
35.625542
35.625542
35.814083
35.873631
36.528584
35.645386
37.272846
38.463669
37.292694
37.163689
34.851498
35.567219
35.338585
34.881321
34.593044
35.766033
37.098064
37.962891
37.714371
38.56926
35.636799
33.549294
35.775974
36.471809
36.034424
37.227291
35.935017
36.760086
36.591095
37.356518
37.44598
39.77206
38.76807
38.161697
38.062298
37.883366
37.525505
37.734257
37.108002
37.525505
35.86544
37.237228
35.915138
35.915138
38.052353
35.696449
35.905197
37.774021
38.38039
39.27504
39.960934
39.66272
39.334682
41.064335
41.422195
41.710468
42.217442
43.052444
44.493816
44.066372
43.837742
44.961021
44.245304
44.116077
44.165779
44.742329
44.17572
43.072323
43.440125
44.006733
43.94709
43.937149
45.010719
43.102146
42.933151
40.952236
39.996616
40.713329
40.802921
40.663559
40.474426
41.977531
41.688858
39.359539
39.45908
38.204834
41.390228
42.843563
43.90868
43.998272
43.08247
43.978363
43.281555
42.614613
44.187405
43.938541
44.356625
43.699642
42.883385
41.579361
41.708771
42.763927
42.744019
42.495159
41.529587
40.484379
40.016529
40.275337
39.001186
37.717068
37.517982
39.369492
40.325111
40.006569
41.629131
41.788399
43.420914
42.943104
41.658997
42.614613
44.794621
43.779278
42.674343
43.620003
44.695076
44.276993
44.834435
44.028133
42.455345
41.967583
48.109421
47.631611
47.631611
47.522118
47.094074
47.332981
47.522118
47.850609
47.900379
48.029945
46.863834
47.372135
47.222637
46.883766
46.505028
46.415325
46.744232
46.385426
46.684429
46.086422
45.79739
45.518314
