Adjusted
70.626297
70.407753
70.645317
70.21772
69.600105
69.714127
69.505104
69.18203
69.305557
69.486092
69.210533
69.666634
70.141716
70.464775
69.733131
69.524086
69.78064
69.030014
69.24855
68.640419
68.79248
70.189224
69.628609
70.6073
70.369743
69.78064
70.692795
70.369743
70.749817
70.949348
71.091881
71.462448
71.918533
71.08239
70.293739
70.977852
69.172523
72.061028
73.457794
72.735687
73.164551
73.688705
73.650597
74.022278
74.270065
74.4702
75.108734
75.718674
76.195198
76.204727
75.899734
75.080139
75.470886
75.651962
75.146851
75.73774
75.985535
75.175438
74.660812
76.414391
75.766327
76.433456
75.823509
76.099899
75.613853
76.280952
76.786095
78.444351
79.073341
78.358597
76.747963
78.072662
77.729576
77.510384
78.368126
79.12101
79.854851
79.378326
79.797684
79.044785
79.340187
80.645866
80.293243
80.312317
81.560791
81.341591
83.076096
82.790199
82.704414
82.723503
82.895035
83.838554
84.953583
84.019615
84.905945
83.943375
84.867805
83.323891
83.095177
83.047531
82.971275
81.999199
81.446434
80.502914
79.816734
80.550568
79.588028
80.140762
80.769768
80.636337
79.769073
80.293243
80.779305
80.301498
82.489868
82.881706
81.878265
80.263245
80.053017
80.205933
80.664627
82.117172
81.897385
81.410011
82.508972
82.308281
82.021614
82.661873
83.005913
84.534912
84.726044
85.911026
86.283714
86.742416
87.268013
87.573814
88.376556
89.255707
90.096695
90.564934
89.523308
89.389526
88.863922
88.013412
89.590195
88.051643
89.867332
89.465973
88.357422
89.351295
89.160164
88.92128
88.911682
88.672783
89.016815
88.902138
88.108971
87.640701
87.182014
86.579964
86.665962
87.478256
87.640701
88.338333
86.579964
86.799767
87.573814
87.296684
88.472115
89.571083
88.988136
88.615456
89.628426
91.157425
91.835922
91.740356
91.663727
92.774918
92.219315
94.83445
94.642868
94.001053
94.230972
94.221382
94.480026
94.949402
93.981895
94.604553
95.294266
95.323006
93.646622
95.160141
93.177246
92.832382
93.522087
94.6716
95.811523
96.472496
95.428375
97.554955
97.995598
99.154701
98.302132
99.873131
98.934364
100.505341
100.754417
98.915215
102.957649
101.884781
101.539902
101.242958
101.501595
100.888535
101.913506
100.217995
102.076355
101.530319
101.951797
101.817711
102.526588
103.082176
102.564896
102.09552
102.105095
102.900162
102.938484
101.999733
103.446167
102.459518
102.660706
101.300446
99.288788
99.058899
98.714035
101.242958
101.310036
100.62989
98.896049
98.512871
98.527298
98.066254
98.027832
99.968025
98.88266
100.121704
100.160118
100.784439
100.563522
100.342628
99.996834
100.150536
99.689476
99.814346
98.239136
99.24765
100.02565
100.851677
101.226257
99.026733
100.208145
99.526215
100.323402
100.035263
99.795128
99.593437
97.912575
95.424896
94.8582
95.905144
96.270119
96.84642
96.567886
94.157043
94.800568
95.242409
95.943558
96.174088
96.644707
97.403519
97.14418
98.258339
99.07476
99.007538
97.941376
97.845352
98.152687
98.34478
100.448265
101.264687
102.436478
103.493027
103.713943
105.32756
105.058624
105.519669
105.76519
106.092598
107.113281
106.516273
105.197075
104.600082
105.938507
106.246658
105.264481
105.957794
106.622192
105.76519
104.291962
103.078705
102.260239
102.289139
103.983833
104.628975
104.561569
105.004509
103.20388
101.807671
101.316597
103.223122
101.124001
99.852974
100.401833
101.509163
103.059441
103.791252
103.877914
103.300163
102.924644
102.15432
101.326225
100.941078
100.430717
100.758102
100.72924
100.623306
101.403252
100.440369
101.210678
100.623306
100.864037
101.672867
101.778778
102.260239
101.884712
101.961739
103.223122
102.712807
103.781624
103.415733
104.041618
104.657875
104.118645
104.648247
105.139313
104.994881
105.081535
105.900009
105.7267
106.246658
105.967422
105.977028
105.274117
104.320847
104.402916
104.016769
104.065041
104.67321
104.624947
104.914551
104.567001
103.466507
103.727165
103.543755
104.866264
107.482368
107.665802
106.796974
106.777679
106.459114
106.574966
106.449448
106.198456
105.793022
106.072968
106.410843
106.748718
106.169518
106.603905
105.599937
106.169518
106.188789
106.565292
106.748718
107.173454
106.024696
105.561333
104.769745
104.509087
105.532364
104.441521
105.088326
104.306389
105.329643
105.590286
106.208107
107.414803
108.090546
108.476715
109.471008
109.87645
109.750969
109.828186
109.721992
110.610123
110.890076
110.127457
110.426704
110.841812
110.677696
110.861115
110.909393
111.507912
111.633392
110.68737
110.774239
110.72596
111.73719
111.369461
112.366173
112.91774
113.730598
114.253128
113.5177
112.995148
113.827362
111.90168
112.791939
112.559708
111.117874
109.056725
109.637329
110.94368
109.753456
108.195488
109.830872
107.082695
105.747292
104.06353
103.521637
101.934654
101.98304
104.402214
106.395638
109.056725
108.776108
108.921249
109.07608
107.063316
107.034302
104.66349
104.847359
107.634254
106.540779
105.815025
106.889137
108.321304
108.843842
109.085762
109.143806
109.32769
109.298637
108.776108
108.563217
109.521225
109.559921
109.792145
110.856598
110.798538
109.830872
110.072784
105.427948
100.928291
102.795898
105.718254
105.989212
105.515045
100.492813
102.0411
100.841194
101.257286
99.335236
99.044022
98.578079
101.373779
102.208611
103.509384
103.703529
104.305382
104.043289
103.975334
103.616165
102.189186
101.461143
101.257286
98.995483
96.034737
97.442307
99.616753
98.364502
97.81118
98.937241
98.364502
97.733513
99.21875
99.558495
100.956367
103.256996
102.781342
103.887962
103.363785
100.548653
101.325241
100.733086
100.461273
102.975479
101.383484
103.266708
103.55793
104.10154
105.159637
106.110962
107.528221
108.353371
108.401894
108.295113
108.49897
109.236725
108.149498
109.692963
112.265419
112.750763
112.15863
112.566338
112.789604
112.7799
113.352631
111.64904
112.80748
111.843735
111.464066
112.739357
111.434883
112.11631
111.279114
112.632263
111.960556
112.213669
111.249901
110.568474
110.802109
111.230438
111.210976
111.746391
111.347252
110.529533
110.364037
111.600372
111.532219
112.281799
112.788017
113.27475
112.369415
113.070343
113.917259
113.732292
112.145515
113.070343
112.80748
112.972984
112.778282
112.525169
113.011925
109.974648
111.376457
109.010895
110.928658
110.948135
109.380814
109.517105
110.276428
111.746391
110.568474
110.441917
110.987083
112.914566
113.041122
112.778282
112.661469
112.505707
112.963249
112.203926
110.802109
111.415405
111.756119
111.610107
112.009232
112.603065
113.27475
110.996811
110.987083
110.587944
110.646339
112.544655
112.641998
111.548576
111.177589
111.73407
112.310066
114.438339
114.389511
114.936234
114.438339
113.501114
113.208229
112.983696
110.25013
110.38681
110.513725
110.13298
109.244583
109.517929
107.994957
107.985191
109.615562
111.031158
111.978127
111.880508
111.978127
110.103699
110.093925
109.898682
109.195755
108.600235
106.930809
105.817871
111.07019
112.583427
113.34491
113.061783
112.544373
112.583427
113.979485
113.549919
111.646202
113.823288
113.17894
112.310066
112.544373
113.715889
113.588974
113.149658
112.134338
109.947495
107.292038
102.850006
102.049469
103.962952
107.311569
107.838753
106.550064
102.918343
105.417603
106.247421
104.01178
106.013115
107.897316
107.819221
107.701714
106.653976
107.917145
111.23661
111.177864
110.208473
110.38472
108.553627
107.750679
108.240288
108.161942
105.087265
106.105629
107.437332
109.993042
111.824135
113.332092
114.75193
115.809456
118.022438
118.032234
118.0616
117.660149
118.815575
119.050598
119.559784
116.896362
116.945328
115.447159
118.042023
117.493683
117.092209
116.064049
117.101997
117.434929
117.846176
115.535286
117.542633
115.045677
115.192574
114.957558
113.547508
113.929398
115.0261
112.754379
114.007736
114.27211
114.321091
115.858421
115.456963
115.672363
117.033455
117.229301
116.543854
116.43615
116.680946
117.180328
116.171768
115.437363
116.749481
115.897583
113.948997
114.516907
113.547508
110.384949
111.612656
113.017151
115.786842
113.24305
110.610855
111.200157
112.378746
114.421638
113.714485
113.410011
114.313591
113.370728
112.339455
110.483177
110.885864
106.142029
103.391975
102.488388
102.753578
103.833954
101.290169
102.950005
100.749969
100.543716
100.612473
100.032997
103.116966
101.417839
102.272308
100.946411
102.144638
105.945595
105.503624
103.058052
105.366119
107.222404
104.275925
101.771416
105.287537
104.315208
101.457123
104.727715
106.71167
107.998314
106.819717
105.847382
106.161674
98.3535
100.307999
101.830345
104.383957
100.720505
103.971458
102.812508
103.362511
104.433067
104.069672
102.41964
102.360718
103.382156
104.81105
101.539391
102.534691
104.328178
106.269493
106.565117
107.392899
108.949875
108.398018
108.920319
108.989296
109.836777
110.782784
109.895897
110.782784
110.447754
109.679108
110.723656
109.117409
110.004288
109.846626
110.95031
112.467896
113.788368
113.335075
113.502594
114.350067
113.886917
113.610992
114.54715
114.044586
114.271233
114.95118
113.62085
113.305504
112.605843
111.935745
113.630707
113.364632
115.345367
113.788368
115.404488
114.872345
115.424202
114.33036
116.439201
115.325645
114.320511
114.468323
115.020164
115.14827
116.833374
116.793953
116.478607
116.61657
115.532593
116.793953
117.138863
117.06002
118.380501
119.050598
119.779831
119.030899
118.498756
117.602005
117.61187
116.87278
117.582291
117.216606
117.750313
118.036934
118.046822
119.52932
115.012627
113.134789
113.905678
115.427719
117.216606
117.463699
116.218384
116.425957
116.218384
117.809608
117.710785
118.896797
119.153755
119.855469
119.5392
118.936317
118.738647
118.629936
118.244484
118.620041
118.392738
118.353195
117.819496
117.740425
116.999168
117.285797
121.377502
119.993835
120.804283
121.288559
120.824043
121.367622
121.426926
121.713531
121.021706
121.249023
120.814156
120.833923
120.962402
121.337975
120.833923
121.239143
120.290344
121.367622
121.496109
122.444908
122.533867
121.614708
121.664124
122.60305
122.257126
121.308327
120.952515
117.295685
118.659584
116.178864
116.159096
116.702682
116.306168
116.593643
116.286339
117.456039
118.100372
118.001251
117.892204
118.873566
120.241524
119.676506
120.657867
120.053185
119.111473
118.962784
119.488152
117.981407
118.030983
116.137657
116.117836
115.98896
115.741142
115.324806
115.582535
115.800621
115.414024
114.769691
115.691574
114.938202
114.343445
113.956848
114.095619
113.173744
111.161453
111.012764
110.209831
109.704285
111.885086
112.608711
113.758598
115.136467
114.660652
112.985405
113.144005
113.778412
113.827988
113.282784
113.917198
115.344635
115.770889
115.622192
115.324806
115.394196
115.711411
117.456039
115.87001
117.525429
115.87001
117.773254
118.566277
119.448502
120.410042
121.153503
119.993706
120.975067
119.583061
119.881348
119.732201
118.68821
117.912651
118.081688
118.529114
117.326035
117.037682
116.550484
