Adjusted
57.65818
58.811153
59.245884
58.593796
59.293133
59.056866
60.294899
60.606762
60.701283
60.805229
60.455574
60.701283
59.397079
59.359287
58.971817
59.104122
59.775116
59.67115
60.219296
59.415981
57.582581
59.274227
57.695976
61.154896
59.850723
59.67115
59.302586
58.38588
59.226974
59.822372
60.049183
59.642803
60.105885
60.209843
59.5672
59.831821
58.38588
59.077782
60.594296
60.75544
61.106136
61.504208
62.41412
62.480457
62.461517
62.271938
62.319332
62.395176
61.627434
61.627434
60.035088
59.182053
59.001961
60.423695
59.75074
60.556393
59.978214
60.651173
60.224651
60.689087
60.338394
61.873867
61.494736
61.162998
59.873955
61.030293
61.115612
62.072895
64.034882
64.679436
63.883263
64.347687
63.229256
63.703159
66.034813
65.958977
66.707748
65.229149
65.333412
65.286011
65.323929
65.731499
65.200729
66.916275
67.51342
66.34758
66.641418
66.357071
65.655663
67.342804
67.314362
68.053673
67.892532
67.086891
67.153214
67.7314
67.409142
66.480278
66.66037
67.248024
67.342804
65.765411
66.117004
64.406593
64.140511
64.112015
63.171288
62.686676
64.729683
64.235565
64.37809
64.064499
64.663155
65.005234
66.706139
66.250038
64.976723
62.249573
62.515636
61.517883
61.517883
62.373112
63.161804
62.49662
63.608395
64.093002
63.902962
64.549118
64.539619
63.275822
63.693916
64.672646
65.05275
64.083504
63.45636
63.028763
63.418362
64.207039
63.351833
61.717426
61.48938
62.040524
62.905228
62.715179
62.335094
62.382595
63.465858
63.560894
63.931465
64.074013
63.323338
62.715179
63.275822
63.266338
63.142788
61.888477
64.007484
63.902962
63.427853
63.532375
63.019257
63.92197
64.758179
63.92197
62.373112
62.296875
62.287346
62.277828
63.135376
64.135864
64.193039
64.393135
66.213051
65.717583
66.403625
67.013451
67.461281
67.75666
67.966278
68.766685
69.014412
68.366478
67.423157
68.137794
67.785255
67.404106
67.099182
66.603729
67.175438
67.089668
66.165428
66.679955
66.022491
65.469856
65.527008
67.299309
67.661385
68.271194
67.175438
67.642326
68.328362
68.652336
67.718544
68.537987
67.909103
68.023453
68.137794
68.185448
69.376488
68.013916
67.613724
66.641846
66.832397
67.413628
67.890076
67.003922
67.613724
67.556549
67.346931
69.586121
69.976784
70.195938
69.424133
69.138283
69.843391
70.51992
71.472763
70.815269
71.722939
71.894905
71.617844
71.541397
71.168793
69.840775
69.487259
70.423569
70.595535
70.318474
70.528671
69.812111
69.401268
69.898087
69.506378
70.700638
70.614655
71.035034
71.42675
71.292992
71.312096
71.130577
71.69426
71.961777
70.423569
70.366249
70.777077
70.595535
69.821655
70.165604
70.748413
70.547775
70.45224
69.621017
68.971352
69.334389
68.961784
68.914009
67.328026
65.722931
65.503189
66.73568
65.48407
65.875793
65.675156
65.235672
66.10511
62.445858
63.821667
63.535034
63.429932
63.802544
63.898094
64.528671
64.949036
65.044594
64.385368
64.834396
64.633766
64.872589
64.471336
65.14212
64.777992
65.966209
65.697899
66.819061
66.378273
66.15786
67.096947
67.269447
67.183189
67.269447
66.866959
66.407005
67.029877
67.192795
66.780724
66.234528
65.515831
64.490501
64.557587
64.423439
64.423439
63.944305
64.088036
65.410439
65.247513
65.362511
64.183868
64.490501
66.627403
66.799911
66.042877
65.333771
66.292015
67.844398
69.080528
69.138039
68.898476
69.090134
68.67807
69.080528
69.185959
68.898476
69.885483
69.540512
69.176369
72.463181
70.968292
70.479599
70.613739
70.259193
70.182526
70.556252
70.843727
70.604164
70.019623
70.105881
70.929985
70.795799
71.025787
71.782822
71.773247
72.424858
72.684273
73.510551
73.616249
73.741135
73.683502
73.462509
73.597015
73.760345
73.500946
73.424072
73.558578
73.6931
73.491333
72.934082
72.299942
73.145447
73.520172
72.780342
71.896408
71.598557
72.059746
71.675423
71.78112
71.348763
71.319923
71.060524
72.030907
71.877197
71.156601
71.742676
71.761894
71.579338
72.42485
72.761116
72.194252
71.569748
73.097412
72.46328
73.251129
72.962898
72.934082
72.703484
71.992493
71.473656
71.35836
70.580109
70.974045
71.310326
71.050896
71.348763
70.330299
71.291107
72.540146
72.415245
72.203873
72.924477
73.174278
73.779572
73.635452
73.577805
73.279953
73.299179
74.163879
74.211914
74.183037
73.845886
74.009659
74.019272
73.431671
73.83625
73.961479
72.815155
71.67849
72.150482
71.996368
71.745918
71.697746
71.98674
71.948196
72.20829
72.661026
72.487633
71.697746
72.362411
71.283531
71.861488
71.967476
71.977097
71.524345
70.994537
71.389496
71.331696
71.418381
71.996368
70.907837
69.983086
68.412918
69.250984
68.971611
69.145027
69.530327
70.426193
71.919296
71.707375
71.505089
71.620674
71.784439
72.314255
71.977097
72.189026
72.420204
73.17157
69.356941
68.586304
69.193192
69.915642
70.156471
70.031242
69.954185
69.886757
68.711555
68.509254
69.385826
70.137199
70.175743
70.35878
70.08905
70.80426
70.75592
71.654739
71.26815
71.770721
72.108994
71.867371
72.157318
71.74173
72.137978
70.987877
71.529091
70.581947
69.808777
70.543282
71.519447
73.239769
73.694016
73.549042
75.153397
74.795792
74.853775
74.805458
74.583176
73.645691
73.056122
72.176636
71.509773
71.838379
72.872505
72.389275
71.770721
72.022011
71.635422
71.239159
71.732056
72.031677
71.500122
72.592224
71.229485
70.417656
69.344864
68.040115
69.557472
68.223747
69.422173
70.398308
70.118042
75.77195
76.883392
76.796402
77.327972
77.666237
78.197815
79.724838
79.038635
78.768028
78.362099
79.057961
79.386566
79.028976
79.368217
79.755966
80.133995
80.841621
80.366653
79.707504
80.667137
79.707504
80.337563
78.776955
78.030586
78.728493
78.059654
78.660637
78.340767
79.232529
79.164673
80.967621
80.337563
80.802841
81.151802
79.833519
80.347252
81.491051
80.608963
80.608963
81.520134
82.363449
81.403809
81.58799
81.89817
80.880371
80.647743
82.043564
81.723694
81.345657
80.279396
80.007988
80.192162
79.891663
79.920753
79.736588
80.618652
80.405411
79.911049
78.796333
80.230942
80.977325
84.234245
84.738297
85.620377
85.707611
85.222954
84.903069
84.854614
86.647858
86.221344
86.434608
86.822342
86.347374
86.609085
87.4524
85.765785
86.280914
85.979614
84.978485
85.270081
84.813263
84.910446
84.939598
85.007637
85.075684
85.483902
85.872681
85.231201
84.550819
84.02597
85.367279
85.44503
85.862968
85.843521
85.853256
85.250641
85.027092
84.317558
85.532509
83.637184
84.23008
85.211754
85.065964
84.492508
85.765778
83.782974
83.802422
84.968765
86.67942
86.698868
86.912689
86.805779
86.193436
86.047646
86.73774
86.815498
86.650261
85.92128
84.434189
85.551949
87.107086
87.019615
86.611382
87.000175
87.661102
88.458115
87.515297
87.93325
87.369514
87.748581
86.348946
87.291756
86.329514
80.47831
81.469711
81.080917
79.875687
77.591599
74.413284
73.60656
76.201691
78.063835
78.336815
77.771347
75.294991
76.767151
77.28389
75.41198
75.704483
74.544281
74.10556
74.50528
74.466293
75.460732
76.152946
76.88414
75.694717
76.542923
75.41198
76.386925
76.572166
77.771347
75.255989
76.757423
78.658546
78.921783
79.194778
80.998421
80.998421
80.900925
81.807632
82.334091
82.412071
80.96917
81.047173
82.236603
82.646072
81.700378
81.641884
81.2519
82.470573
82.100098
81.788124
81.573639
81.164169
80.179459
78.444061
84.790955
84.654472
83.747772
84.556969
83.523521
82.529083
83.250542
83.67952
82.236603
80.588943
80.96917
80.003983
81.651627
82.451088
82.285347
83.270042
83.426033
83.553223
83.445602
82.300896
83.191216
81.978027
82.017166
83.582573
85.099045
85.196884
84.375046
84.981644
82.672676
83.699974
85.588234
87.32975
87.280815
85.51976
86.302452
86.732941
87.427582
86.8797
86.742722
87.466713
87.104713
86.155693
85.324074
86.106781
83.249916
81.527985
81.029007
81.0877
82.408516
81.302948
82.457443
80.569183
82.066078
81.136635
81.498642
83.836952
81.664955
81.782356
80.618088
81.880196
83.406471
83.611916
83.181442
84.590294
85.128403
89.022324
87.691742
88.48423
86.556824
84.864235
86.400291
86.703598
88.122215
89.276711
89.648491
89.736557
89.736557
90.030067
90.972374
90.09877
89.647247
90.697525
90.157654
90.501213
90.844765
89.941711
90.049683
90.501213
90.079124
91.394447
92.101181
92.071732
91.394447
92.218971
92.444733
92.395653
91.463158
91.659477
91.551498
91.87542
92.434906
92.680305
92.572334
93.88765
93.740402
93.347778
93.917091
92.798103
93.455757
93.495026
92.984604
92.778465
92.964958
93.200539
94.015251
95.163689
94.790703
92.16008
92.218971
92.974777
93.92691
94.398064
95.330574
94.103592
95.34037
91.571129
91.433708
91.56131
92.258232
92.01284
93.779678
93.180916
92.866806
90.952736
91.080345
90.324524
88.832542
89.333145
88.812904
89.058296
90.442314
90.34417
90.048729
90.600204
90.383553
91.575142
91.781944
91.653931
91.644081
91.703171
91.466812
90.875946
90.157059
89.901009
90.058571
89.625267
90.314629
90.541115
91.663773
91.683464
92.166008
93.505318
88.364746
85.912621
86.848175
88.345055
89.635117
90.422951
89.93055
89.644966
90.157059
91.594841
91.860725
91.870583
91.880432
92.599319
92.963699
92.540237
92.067543
92.077377
91.447121
91.811493
91.752403
91.634232
91.003975
90.708534
91.486519
92.008453
91.850876
92.412201
92.254639
92.156174
91.870583
91.919823
91.496368
91.122147
91.683464
91.781944
91.013809
91.604683
93.653038
90.33432
89.989632
90.17675
89.123024
89.841927
89.526802
89.773804
88.795639
88.163292
87.886627
88.54863
88.400421
87.155479
87.036911
86.50338
87.708778
86.789902
86.463852
86.809669
86.671341
86.335396
86.256363
87.195
87.679138
87.096207
87.26416
88.321373
87.392609
85.831505
87.501289
87.017151
86.384811
86.898582
87.25428
86.780029
86.483604
86.236603
87.125847
87.096207
86.286003
86.493492
86.621933
86.552765
85.268318
85.475807
85.594368
85.14975
84.734772
84.89286
85.377007
86.088387
85.268318
80.624504
78.618767
78.07534
79.596931
79.349922
79.42897
77.275024
77.423233
76.672318
76.820526
76.089378
77.176224
76.484596
76.889687
76.800774
76.850166
77.70977
77.838776
78.007469
77.104439
75.328171
75.258698
76.568588
76.866287
77.729614
78.682259
79.099037
77.630379
78.126549
77.36245
76.985367
75.546471
75.695328
77.034981
77.521233
78.17617
77.779228
77.630379
76.62812
76.677742
75.903717
