Adjusted
47.326694
47.552067
47.734097
47.413376
46.988651
47.413376
47.794762
47.708088
47.950783
47.682076
47.300705
47.976788
48.444859
49.250977
49.294308
49.641022
49.814392
49.658367
49.814392
49.589016
49.623695
50.343124
49.831715
49.328979
49.78838
49.814392
49.840382
50.039757
50.343124
50.718502
50.989109
50.884357
51.120049
50.412956
49.749523
49.993942
48.684513
48.990047
49.98521
49.496361
48.9464
48.48373
49.103539
49.199558
49.304314
50.01141
50.186001
49.60112
49.059887
50.212185
50.273289
49.69714
49.714603
49.854271
49.295586
49.574928
48.7369
48.440083
48.326611
48.771812
48.021069
47.916321
47.951233
48.955139
48.649597
48.876564
49.347961
49.828083
49.452713
48.7369
46.781494
47.462387
46.772758
46.545784
46.685463
46.956074
47.698086
48.256775
48.352802
47.523487
48.282955
48.457546
47.401272
48.710705
49.60112
50.02013
49.374157
49.906647
50.378044
50.596283
50.474083
51.504147
51.425037
51.011868
52.181023
52.128281
51.671173
50.888805
50.229515
50.053699
50.686611
50.343788
50.818485
50.510815
50.765739
50.238316
49.18343
49.508682
50.660259
50.537182
49.605377
49.130692
49.886681
49.350452
49.719666
50.405323
49.587795
47.80331
48.137348
47.469257
48.198883
48.620831
48.691154
47.943954
48.655998
48.708736
48.515339
49.605377
49.86031
50.642673
50.194347
50.871231
50.299831
50.431694
50.291042
50.396538
50.75695
51.688747
52.972183
52.945805
52.743626
52.523857
52.567818
52.550232
53.174374
53.947929
54.985229
54.985229
54.800629
54.844578
54.185284
54.774254
54.413841
54.941277
54.862156
54.924099
53.871105
54.216202
54.083473
54.47282
53.871105
54.888699
54.826759
54.640938
53.605644
53.526009
53.632195
53.419819
53.711823
54.269295
54.57016
54.393173
55.304596
56.331055
56.269108
56.286804
56.667305
57.100887
57.419434
58.127342
58.844086
57.445984
57.481384
57.481384
57.392895
57.888416
57.428295
57.251312
57.578728
57.012402
56.392994
56.605358
56.38414
55.729336
55.906307
57.499088
57.826481
58.047703
57.313255
57.286713
57.702606
58.083103
58.348564
58.755608
58.817543
58.870632
59.481209
59.392723
59.631622
59.198055
59.259975
59.313072
59.61393
59.153797
59.649334
58.4459
59.259975
59.242275
58.667122
59.539951
59.860592
60.537487
60.199028
59.99419
59.753704
60.314819
60.564205
59.673557
59.887314
60.136696
59.664646
59.459805
59.406361
59.1926
59.183689
59.833874
60.243565
60.154507
59.139164
59.326206
58.961018
59.575581
59.1926
60.519669
61.152035
61.757679
61.784401
62.131748
62.434563
62.532539
62.577072
62.505821
61.722057
61.784401
61.321266
61.365791
61.054066
60.804672
61.054066
60.608746
61.641899
62.149563
62.300953
61.561741
61.944717
61.419224
59.985283
58.123825
58.355396
59.085709
58.488987
59.299484
58.729465
57.224262
57.055042
56.787849
56.948158
58.061478
57.883339
57.847725
58.376705
57.865654
57.838757
57.202179
56.726986
56.987
56.861469
57.668404
57.874619
58.484299
58.502224
58.511192
57.695293
58.385681
58.331879
58.32291
58.816036
58.215313
57.749107
57.381496
56.502842
56.090408
57.076653
57.264938
57.049755
57.013893
58.591885
58.62775
59.488464
58.941555
59.353981
59.856071
59.891933
60.35817
60.824383
60.914043
60.313335
59.60503
59.766422
60.160904
59.219498
58.636707
58.609818
59.667789
60.618164
61.362335
61.496822
61.595448
62.223057
62.312717
61.362335
61.165092
61.01268
61.129223
60.95887
60.546432
60.627151
59.676758
60.250557
60.259537
60.178852
61.165092
61.218876
60.72263
60.127144
60.045944
60.20834
58.981266
59.161713
59.666973
60.000824
60.316612
60.136154
60.271496
60.20834
60.605331
60.39782
60.217358
60.803841
61.047447
61.444454
60.903103
60.677517
59.94669
59.973759
59.847439
60.668499
61.417389
61.002335
61.570755
61.182785
60.51511
60.469997
60.20834
60.379772
59.874508
60.045944
60.127144
60.785805
61.038433
61.200832
61.083534
60.632408
60.542183
60.686546
60.903103
61.3452
60.433907
60.803841
60.776764
60.830914
60.469997
60.497074
60.839935
60.524139
59.639912
58.836895
57.429356
57.203789
57.736122
56.698521
55.805271
55.751141
56.662422
56.463924
56.545128
57.281013
57.190174
57.208347
57.980568
58.080505
58.580181
58.652851
58.689198
58.825474
58.452984
58.5075
58.380306
58.162266
58.425728
58.407562
58.72554
59.125282
59.034431
59.152531
59.06168
58.743713
58.589264
58.416653
58.516586
58.625599
58.816383
59.052597
58.371216
57.689846
58.334881
56.699581
57.271931
56.935783
56.854027
55.78199
56.454281
56.70866
56.745007
55.418591
56.163559
54.201195
53.992249
53.301777
53.756039
53.919559
54.937092
55.618465
55.627544
57.199257
55.373177
56.372513
56.681412
56.572392
57.58083
57.508137
57.617161
58.198601
58.607433
58.316719
58.516586
58.752789
58.925407
59.152531
58.652851
58.616253
58.131218
58.222729
58.332546
58.607098
58.707767
58.762672
60.025593
60.190323
60.126266
59.833412
58.341702
57.481445
58.149517
59.009777
59.082989
59.375835
58.213581
58.23188
56.236824
56.117851
53.473026
53.216785
54.186859
54.671886
56.74017
57.042175
57.289261
57.499756
57.408234
57.453995
57.298412
57.078773
56.493073
56.547977
55.385723
55.294201
55.175236
56.621193
55.733486
55.065407
54.983051
54.562073
54.342438
55.230141
55.349117
55.806698
54.735962
53.189327
54.388199
52.438896
51.459675
52.054527
52.109432
53.96722
54.397339
52.466351
52.30162
52.191795
52.48465
53.116112
53.22683
54.066433
54.140244
53.789642
54.297085
54.149464
54.131012
54.195606
54.020306
53.789642
53.457485
53.439037
53.817322
53.863449
53.309872
53.586662
52.184258
52.682476
51.750614
51.215485
51.713711
50.984833
51.879787
51.381557
52.38723
51.916691
52.304199
52.525627
52.414913
52.221157
52.101215
52.165806
52.211937
52.239609
51.56609
51.243168
52.580994
52.101215
52.350334
52.331879
52.451817
53.881908
53.817322
54.583103
54.352448
53.909592
54.158691
53.715828
53.651249
53.7066
53.189926
53.937256
54.121792
54.51852
54.278641
54.73996
54.887573
53.881908
53.715828
53.605106
54.241734
54.712276
55.524193
56.110023
56.286701
55.970539
55.979847
55.700871
55.914753
57.393284
57.449085
56.565678
56.677261
56.742363
56.08213
56.01704
56.07283
56.110023
54.789574
55.059235
54.975552
55.031349
55.579987
55.924049
55.449799
54.585007
54.501305
54.259525
54.631493
54.036358
54.175842
53.822479
53.45982
52.650803
52.613613
51.665115
51.544235
51.562828
51.944088
51.386147
51.190865
50.195873
49.991299
50.056396
50.49345
50.400459
49.73093
49.628639
48.90332
49.042805
48.484867
48.131504
47.908337
47.127216
46.922634
48.168697
48.549957
48.336086
48.122211
47.731659
46.160122
46.411198
46.253117
45.741669
46.513489
45.499901
46.082024
46.391869
46.570263
47.265057
47.049107
46.692318
46.072639
45.030437
43.528168
42.40147
43.575119
44.729984
45.114944
44.805096
43.443668
43.931904
43.593895
43.02116
43.988239
43.678398
43.53756
43.227722
42.739483
43.49062
44.185417
43.988239
42.354527
42.363918
41.922626
41.002483
40.993099
41.105762
40.410973
40.805317
41.471943
40.166851
41.490719
43.208939
43.377949
43.518784
44.617317
44.26992
44.082138
43.650234
43.443668
43.960068
42.504745
42.70192
43.30283
43.462448
44.861431
45.236996
45.077385
44.025795
44.514038
44.298084
44.345028
45.39661
46.607819
46.645374
46.147755
46.222862
45.368454
45.316292
45.486977
44.804241
45.22147
46.321426
46.160233
47.421379
47.544655
47.563618
47.430866
47.478279
47.639481
47.686893
47.411903
47.051567
46.378323
46.065403
46.624863
45.999023
44.832691
44.69994
44.538738
43.125866
42.661232
42.879326
43.713772
42.670712
42.281937
43.505165
44.424953
45.828346
45.761963
45.761963
45.980064
46.01799
45.354229
44.851658
44.557705
44.045654
42.300903
41.817295
41.532822
41.931091
41.020775
41.561275
40.859581
40.906986
40.432869
40.717339
40.935429
40.100986
40.869057
41.134563
42.291416
43.599979
43.144829
43.467228
43.704288
44.443916
44.481846
44.624088
44.481846
43.844814
43.519119
44.084305
44.659061
45.75111
46.306717
46.038494
47.207172
46.421669
46.325874
46.584518
47.302971
46.776104
47.868156
48.28965
48.653667
49.103893
49.726555
48.596188
47.954372
48.423763
49.103893
49.08474
48.653667
49.285908
52.437519
52.341728
52.677006
52.993118
52.303406
52.102242
52.044765
52.159721
52.265095
52.092663
52.447098
51.834023
51.259254
50.981457
50.646179
51.575375
51.517895
52.236355
53.136818
52.753639
52.993118
52.897331
53.309246
52.753639
52.849426
53.136818
52.983547
53.749897
53.922325
52.705746
52.332146
52.887745
52.370464
50.559963
50.751549
51.067669
50.406685
51.249676
51.090202
51.138527
50.075356
51.041878
50.597275
49.099174
48.461273
48.954197
48.992855
49.456783
50.345982
50.278328
50.452301
50.278328
50.413639
50.490959
50.54895
51.689445
51.73777
52.018059
51.795761
50.964554
49.901382
50.278328
50.220337
50.374977
50.684261
51.573463
51.370491
50.829239
51.873081
49.12817
47.581738
48.064995
48.963856
50.413639
50.452301
49.340801
49.940041
50.616608
51.65078
52.085712
53.187542
53.380848
54.173401
54.34737
54.308708
54.45369
54.299046
53.632149
53.941437
53.748131
54.299046
54.163731
53.960766
54.028423
53.912437
51.254509
51.138527
51.254509
51.989067
52.491653
52.51099
52.106339
52.681618
52.623116
53.344646
53.208141
53.529907
53.305645
51.657822
51.599316
52.632866
52.545113
52.74012
52.389103
52.389103
52.135597
51.365307
51.345806
51.589569
51.248306
51.472565
51.501816
49.590729
50.790035
49.931992
50.009998
50.292763
49.814987
49.912491
49.941746
50.47802
51.482315
50.624275
50.146507
50.526772
51.375053
51.696823
53.149639
52.457359
52.018585
52.350098
52.057587
51.384808
50.47802
49.522476
48.947201
48.947201
48.635185
48.449928
48.635185
48.664436
48.898449
48.859447
49.054455
48.859447
49.18121
48.596184
48.839943
49.415218
49.727234
48.791195
48.596184
48.176918
49.132458
50.530338
52.558247
54.881481
54.635372
54.645218
54.911011
54.113632
53.847839
53.355625
53.660793
53.503288
54.202229
54.379425
53.582043
53.552509
55.560726
55.88559
55.47213
56.043095
55.688702
57.352375
56.702656
56.594372
56.200603
55.88559
55.393379
55.304779
54.86179
55.432755
56.417175
56.033249
55.806835
55.915119
56.279354
55.422909
55.324471
54.881481
