Adjusted
42.178341
42.355911
42.341114
42.659245
42.814617
42.910793
43.184532
43.021774
43.221531
43.458271
43.339905
43.258514
43.214127
43.288116
43.199329
42.888596
42.977379
43.021774
42.725838
42.22274
40.979801
40.491508
40.291756
40.069809
40.861439
40.558102
41.016804
41.771439
42.533478
42.651852
42.58527
42.548275
42.600063
42.496483
42.252335
42.326321
41.43111
41.43111
41.423714
40.720867
40.942814
41.172169
41.534687
41.697456
40.868835
40.639484
40.558102
40.683872
41.031597
41.71965
41.497696
41.127777
40.728264
40.922028
40.534496
40.735722
40.95929
41.279755
41.033817
41.033817
41.398991
41.38409
41.68219
42.867149
43.135441
43.232323
43.455902
43.485714
43.985031
44.037201
43.150345
43.619854
42.978928
43.105629
43.202522
42.926773
43.023655
42.993847
42.628662
42.188965
42.636116
43.269588
42.40509
42.203869
41.749264
41.950481
42.64357
42.874599
42.658482
43.008751
43.768906
44.13409
44.089363
44.424736
44.409828
44.849529
45.27433
44.067013
44.849529
44.938957
44.275681
43.627312
42.792625
42.144245
42.658482
42.583946
42.278393
42.233677
42.248585
41.764164
41.078533
40.802788
42.062267
41.987747
42.039902
42.188965
40.989101
39.72039
41.086693
41.732311
42.340385
42.978497
43.856834
43.586578
43.151169
43.421417
43.12114
43.061077
43.05357
43.51902
43.473969
44.35231
44.014496
43.999474
44.097073
44.104572
44.359821
44.097073
44.179646
44.104572
43.12114
43.338833
43.609104
43.376377
43.286293
42.040108
41.784859
41.251854
41.20681
41.094208
40.726353
40.733856
40.69632
40.140789
39.532711
39.465141
38.879589
38.03878
37.873627
38.526752
38.496723
38.924625
39.420109
39.72039
39.727901
39.112309
39.112309
38.954659
38.481697
39.037239
38.842056
39.817986
40.681309
40.838959
41.221821
41.079189
40.981586
41.146748
40.951561
42.407959
42.574287
42.41552
41.719929
41.047028
41.251167
41.334328
41.243607
40.502655
41.062153
40.888256
39.965847
39.791962
40.071701
39.451725
39.48196
40.479973
40.616066
40.548027
40.540459
41.40995
42.037487
41.742619
41.621639
41.939198
41.999683
40.691677
41.515793
41.107517
40.714359
40.185116
39.587811
39.99609
40.35144
39.739025
39.814636
39.655869
39.08881
39.051006
38.778816
38.975403
39.368553
38.846874
38.725891
38.597366
38.287376
38.431034
38.431034
38.257133
38.476391
39.323193
38.967838
39.058567
39.323193
40.018768
39.784397
40.192673
40.434612
40.82777
40.177547
39.655869
39.474403
39.247581
39.028316
39.693661
39.345875
39.285385
39.202221
39.439568
39.630989
39.692245
39.860687
39.715221
39.807102
40.143986
40.457916
40.526825
40.894352
40.917309
41.016853
40.748875
40.955601
41.177647
41.261871
41.223583
41.667675
41.330776
41.169991
41.116394
40.856064
41.238892
41.307804
42.218948
42.402718
41.958626
42.402718
42.708988
43.244946
43.543552
44.102493
44.431732
44.569557
44.638458
44.852859
45.174435
44.783939
44.967697
44.952393
44.82988
45.013641
44.845192
44.684402
44.768627
44.806911
45.480698
44.983009
44.684402
44.600178
44.202042
44.462357
44.891132
44.332199
44.462357
44.692059
44.722687
43.857483
44.197338
44.174164
43.942444
44.668514
44.127827
44.174164
44.328651
44.792099
45.23238
45.742165
45.294163
45.695816
46.120644
46.383266
46.367813
45.703545
44.59127
44.861618
44.807541
45.131962
44.41362
44.98521
44.900234
44.683956
45.216927
45.309616
45.958443
45.819405
45.912098
46.027954
46.506859
46.954845
47.055256
47.534161
47.673195
47.727261
48.121189
47.665462
47.580502
47.480095
47.773598
47.603676
47.433743
47.147949
46.838985
47.101604
47.441463
47.263809
47.565056
47.734978
47.97443
48.043953
47.989872
48.800911
48.391541
47.673195
47.178852
47.325607
47.310162
47.704082
47.356503
47.364231
47.742714
48.233295
48.342316
48.248867
48.505844
49.066517
49.02758
49.471443
49.058723
49.300133
49.409138
49.20668
49.20668
49.455875
49.518169
49.68169
49.985397
50.047688
50.328022
50.522701
50.226791
50.460411
50.38253
50.764111
50.865334
51.270267
50.49155
51.122307
50.927624
51.698551
50.343605
49.938667
50.701801
50.117771
50.234585
50.257942
50.631729
50.740749
50.53828
51.332565
51.215759
51.145672
52.01004
52.025616
52.243656
52.251434
51.729706
51.605114
51.566174
51.542812
51.542812
51.760853
51.628468
51.807575
51.706341
52.376034
52.679733
52.290363
50.304668
50.374748
48.778393
48.350098
48.677158
48.505844
48.199688
48.623596
48.725647
48.741344
47.775784
47.728683
48.199688
48.309593
48.340996
48.694252
48.843399
49.149559
49.487106
49.149559
49.903168
50.319221
51.112083
51.465328
52.37595
52.619312
52.03054
51.732246
52.744911
52.996113
52.996113
53.435722
53.176655
53.255161
52.956852
53.184505
53.35722
54.605377
55.19413
54.880142
54.997883
54.550423
54.393429
55.31189
54.919388
54.409134
54.935085
54.369888
54.715286
55.092087
54.346329
54.605377
55.19413
54.997883
54.982185
55.7672
55.610195
55.453194
55.806454
55.712242
55.963455
55.178444
56.183254
56.70137
56.889774
56.740616
55.798607
55.225533
55.249092
56.732761
57.282272
57.588417
58.522587
58.261784
57.866619
58.159039
58.277588
57.605816
56.775997
58.016792
58.530491
58.862427
59.73177
60.403534
60.854004
61.557381
60.925137
61.707542
62.063187
62.742859
61.62851
61.430935
62.679638
63.066879
63.303978
63.414608
62.932522
62.703335
61.336094
60.933029
61.636414
62.387222
63.438324
61.739155
61.541573
61.407223
61.620613
63.114296
62.237049
62.442539
63.217033
61.312386
62.158012
63.185429
61.62851
61.407223
60.727554
60.877708
61.312386
61.059486
60.727554
61.114807
59.297092
59.91354
60.024178
59.87402
60.956753
60.869812
62.355598
62.134315
63.548973
63.447117
65.038658
64.823799
64.322456
62.714993
62.468311
62.428513
62.786617
61.959019
61.720284
62.317097
62.929852
61.831684
62.102261
60.375423
60.176487
59.937737
60.558445
59.929787
60.295834
59.937737
59.897949
60.295834
60.677814
60.868801
60.916553
61.027966
60.900627
60.017319
58.775917
59.500069
59.842255
58.115425
57.661827
59.03056
59.555775
58.38599
58.736118
58.409859
59.635353
59.826332
59.52393
59.380699
59.555775
59.317039
59.380699
58.847527
59.746765
59.595562
59.141972
59.699005
58.720211
57.224159
57.208241
56.889915
56.611408
56.293091
56.412472
56.969501
56.937679
56.913799
57.813026
58.624714
59.500069
58.94302
58.059711
57.144569
57.219151
56.657799
57.098862
56.232758
56.272854
57.451725
58.213577
58.494247
59.408482
59.408482
59.496696
59.889652
59.689159
59.993908
59.953812
60.202419
59.929752
60.370819
59.961826
60.426949
59.76936
59.80946
60.186378
60.05806
59.7052
59.576889
59.993908
60.56329
59.801437
59.7453
59.961826
60.306656
60.370819
61.244949
61.629875
61.589783
61.86245
62.175213
62.319557
61.325142
60.916149
59.657082
56.553535
55.294476
57.17104
58.638615
58.494247
57.138954
55.719505
56.264843
56.489384
55.462891
56.320976
55.607235
55.751583
56.85828
56.601654
57.596073
58.029125
58.678047
58.273987
59.106354
58.605316
58.880081
58.403282
58.888161
57.64365
59.437695
60.706455
60.827667
61.482254
61.757011
61.150917
61.999447
62.50856
62.6217
63.138908
62.387352
61.732765
63.219723
63.631874
64.755165
64.24604
64.205627
64.423828
64.221794
65.409737
64.359177
63.769238
63.146992
62.484322
64.739006
64.213715
63.955116
63.971275
62.144905
61.579231
62.686356
63.349022
62.791409
62.460094
63.268208
63.559139
63.623787
63.947025
64.359177
64.480392
63.938953
64.536972
65.1754
64.504646
65.563278
64.593529
62.734848
64.375351
63.930874
63.559139
62.686356
62.395435
62.670193
63.187405
64.100578
65.320862
65.11882
64.569298
64.714752
64.674347
65.718391
65.807899
66.068298
66.703026
66.637917
66.393791
65.01857
66.320564
65.69397
65.490532
64.139717
64.920914
65.051109
64.42453
63.936272
63.944424
64.432655
62.170441
62.202995
63.244587
63.635185
64.888374
63.692146
61.674057
62.731934
62.43898
61.519444
61.584541
62.064655
59.883801
58.777107
58.052864
58.402782
57.548347
58.012184
58.736416
58.947994
59.379288
59.501347
60.380188
60.062824
59.59087
60.624313
60.665005
60.616177
62.55801
63.834335
64.700417
65.156235
65.329468
64.700417
65.347687
64.782463
66.459915
66.177292
66.268463
66.879272
67.872986
67.699768
66.569305
66.774933
66.591347
66.545441
67.656212
69.042389
68.711906
68.877151
69.005669
68.546669
67.949966
68.473228
67.839821
67.848999
66.352661
66.426102
64.773712
63.681301
65.076653
65.407127
65.866127
64.388153
64.094398
64.865524
65.416313
64.74617
63.112141
63.286572
62.487904
63.479343
63.552784
64.663567
64.929779
65.342865
65.985466
66.416924
64.131126
64.149475
63.525238
64.030128
62.57053
62.148247
61.340416
61.937111
62.001369
62.405289
63.194759
63.102959
63.084606
63.53442
60.927319
61.046654
59.642124
58.402828
58.898544
59.008705
59.173939
59.137222
58.971985
59.256565
60.165382
60.817154
60.413235
60.440773
60.587658
60.927319
61.134518
60.58876
61.023518
62.707054
62.910561
63.715321
63.826324
64.547844
64.029831
64.103836
65.21386
65.463615
65.694862
65.593117
65.167595
64.353592
64.584846
65.408104
64.834587
64.705093
65.047348
64.899353
64.584846
61.014267
61.837532
62.892052
63.23431
62.22604
61.06052
61.384274
62.189041
63.17881
63.493317
62.216797
61.365772
61.384274
61.550781
61.042015
61.291775
60.718266
60.477753
60.44075
60.172504
59.950493
60.69051
59.709995
60.135498
59.830246
60.006004
59.580494
59.74699
60.126251
60.792267
59.580494
58.091206
59.025482
58.026459
58.840473
59.534233
59.589737
60.246498
60.320503
61.06052
62.871643
62.949799
62.998638
63.086563
63.995052
62.940025
62.842339
61.631016
61.064426
59.989864
59.941021
59.393967
59.433048
59.10091
59.735882
59.735882
59.980095
59.921486
59.667496
59.823795
59.618652
59.618652
59.306057
58.973915
59.735882
58.465939
58.788311
60.322002
59.413509
59.462357
59.882408
60.165703
60.185242
61.123035
59.862873
58.59293
58.661316
59.589348
57.928658
58.544094
57.625832
57.616058
57.449989
58.671085
57.84074
58.055656
58.59293
59.091145
58.622238
58.319412
59.10091
59.677265
60.36108
61.181652
61.445408
61.416103
61.562634
61.689632
61.337952
61.543095
62.568817
62.656734
62.920494
61.992458
62.006245
61.986549
62.222878
61.957008
62.705379
63.374969
