Adjusted
34.192318
34.003422
34.037758
33.668537
33.488213
33.591248
33.754398
33.651352
33.522556
33.471039
33.204842
33.230606
33.668537
34.218075
34.149391
34.269604
34.621662
34.561554
34.887848
35.196972
34.973721
35.360115
35.196972
35.145451
35.274254
35.282829
35.300014
35.308601
35.334354
35.282829
34.999466
35.154045
35.557606
35.334354
35.111103
35.574783
35.222736
35.360115
35.756062
35.963993
36.21524
36.648445
36.891029
36.847713
36.665775
36.570461
36.743752
36.50116
36.648445
36.839046
36.960346
36.72641
36.72641
37.012337
36.8997
36.951687
36.85638
37.098965
37.159622
37.653458
37.506176
37.679451
37.44553
37.644806
37.878719
37.974022
37.84407
38.277264
38.493862
38.693127
37.974022
38.537182
38.034683
38.29459
38.935722
38.545856
38.814426
38.927059
38.849083
38.866417
39.039684
39.273617
38.961716
39.22163
39.126331
38.641148
38.970371
38.571838
37.740101
37.930706
37.696777
38.069328
38.563179
38.216618
38.528519
38.493862
38.632492
38.069328
37.714104
37.116291
36.839046
36.469376
36.740288
36.416935
36.574245
36.303326
35.997444
36.425674
37.037437
36.766518
36.285851
35.945015
36.644161
36.818951
36.827694
37.194744
36.084843
34.616631
35.280819
35.079815
35.42939
36.058628
36.478119
36.722813
36.049889
35.945015
36.163498
35.945015
36.495594
36.871376
36.99374
37.701626
37.823978
38.540607
38.357082
38.39204
38.995052
39.178581
39.047493
39.257233
38.601788
38.776569
38.654217
38.488171
38.951359
38.811523
39.370842
39.056229
38.680435
38.156078
38.593048
38.636738
38.252209
38.007507
37.63171
37.238445
36.591724
36.093578
36.02367
36.329544
35.840137
36.041153
36.451893
36.119804
36.084843
35.97123
35.805183
35.805183
35.254601
35.403164
35.184692
35.175945
35.53426
35.796452
35.569218
35.355793
35.532177
35.629192
35.735016
36.943233
36.775677
36.325897
36.713943
36.634571
36.458187
36.546379
36.546379
36.378815
36.484642
36.572834
36.184799
36.175976
35.876129
36.175976
36.334721
36.996155
37.181358
36.802132
36.264175
36.625748
37.295998
37.340096
37.243092
37.569389
37.842793
37.81633
38.283749
38.204369
38.327839
38.027985
37.825146
37.481205
37.63113
37.44593
37.878059
37.393013
37.27837
37.366547
36.996155
37.19017
37.710503
37.860424
37.789871
37.410652
37.075527
37.198994
37.198994
36.925602
36.352364
36.317081
36.228897
36.123062
36.123062
36.264175
36.078964
36.669846
36.458187
36.202431
36.449818
36.814674
37.010445
37.14394
36.939255
37.384205
37.26852
37.473186
37.517685
37.597778
37.588879
37.553284
37.713463
37.722359
37.126137
36.948162
36.974857
37.304111
37.14394
37.304111
37.953735
37.668972
37.633369
37.410896
37.579979
37.900341
38.309689
38.56776
38.380878
37.757961
38.096111
38.229595
38.096111
38.701237
38.9771
38.665646
38.692337
38.363083
38.149502
38.532154
38.968208
39.386452
39.502136
39.769112
40.018276
39.964878
39.546631
39.751305
39.733509
39.519936
39.528839
39.359756
39.533039
39.910156
39.461212
39.667721
39.290623
39.057175
39.281643
39.057175
38.931469
39.452244
40.05381
40.30521
40.475803
40.610481
39.874233
39.550995
39.883209
40.179508
40.19746
40.017895
40.359081
40.359081
40.852909
40.502739
40.287254
40.377041
40.484791
40.493755
40.870865
40.90678
40.754143
40.799038
41.005543
41.589161
41.786682
41.238991
41.041454
41.131245
41.391624
41.696903
42.172764
42.478046
42.298477
42.433155
42.343365
41.283882
41.858513
41.660988
42.199711
41.723839
41.095325
40.538658
40.709248
40.978607
40.825974
41.283882
40.637413
40.574574
40.6464
40.843925
40.610481
40.601513
40.875946
40.785362
41.120491
41.066147
41.057091
41.002743
41.30164
41.192959
40.91217
40.903111
40.450237
40.82159
41.08427
41.446556
41.283527
42.388523
42.379467
42.07151
41.908482
42.143978
42.225487
42.361351
42.442875
42.81422
42.279839
41.790733
41.374096
41.419392
41.636768
41.491844
41.700165
41.419392
40.91217
41.120491
41.183891
40.803486
41.247299
41.165783
41.256355
41.08427
41.202011
41.066147
41.754509
41.365047
40.694794
39.761883
39.662251
39.118809
38.620651
38.077221
38.457623
39.381477
39.200329
39.191269
39.354305
39.879627
40.006435
40.015495
40.522709
40.839714
40.92123
40.903111
41.075203
40.712914
41.066147
41.283527
41.564304
41.156723
41.446556
41.537125
42.180202
41.971886
41.509953
41.183891
41.46072
40.72068
40.766361
41.625179
41.679996
41.351086
41.524673
41.031311
40.830311
40.674995
40.446587
40.565361
40.483131
40.473995
41.013039
41.159222
41.616039
41.616039
41.853584
42.639309
42.118538
42.447456
42.730671
43.45245
43.45245
42.885994
43.105267
43.9184
43.680847
43.9184
44.229031
44.393486
44.265579
44.567081
44.174217
45.087852
45.087852
45.297993
45.234028
46.440029
45.224899
46.321259
46.348675
46.175076
45.215767
45.014759
44.585358
45.170078
45.480713
45.626896
45.645172
46.01062
45.690849
45.234028
45.352806
46.266441
46.312119
46.778069
46.796341
47.106983
46.896847
47.46331
47.728252
47.189213
47.57864
47.081497
46.704033
46.924984
47.725941
48.674206
48.517696
48.849125
49.48436
50.653572
51.251987
51.693893
50.331348
49.272621
49.475163
49.033249
49.060867
49.778969
49.861828
49.23579
49.097687
49.419914
49.852627
50.718025
51.14151
50.966595
51.334846
51.150723
51.408504
51.371674
51.380882
51.242786
51.924057
51.16914
51.693893
51.592625
51.196751
51.813583
49.44754
48.931984
50.340565
49.079285
48.149437
46.97102
47.164352
48.370392
48.333569
48.370392
48.517696
49.106903
48.434837
48.108173
48.024654
46.632626
46.957439
46.326389
46.911041
45.249893
45.342697
45.574696
45.305573
46.094383
45.593262
46.177906
45.96447
47.170883
47.078083
47.337921
47.764809
47.152321
46.511986
46.317108
46.511986
46.994553
46.883194
47.078083
46.994553
47.375042
46.688313
46.753281
46.36351
46.864635
46.103668
46.614071
46.623348
46.725433
46.447033
46.864635
46.038708
45.899506
46.047985
46.66975
46.233585
46.762554
46.409908
45.249893
45.370537
45.806705
44.748768
44.340443
44.470364
44.971489
45.017887
45.203491
44.488918
45.045734
45.630379
45.880943
45.769585
45.908791
45.871666
45.741745
45.472618
45.648582
46.097858
46.097858
46.041702
45.386505
44.628349
44.403706
43.701714
43.36475
43.36475
43.224354
43.673641
43.149471
43.074593
43.69236
43.945072
44.263313
43.748516
43.580036
42.91547
42.653393
42.59724
43.046513
42.587879
42.503639
42.653393
43.533234
43.346031
44.347553
44.113552
43.739151
43.888908
44.029316
44.272671
44.665791
45.208664
44.852985
44.534752
44.478588
44.768753
44.319469
44.188431
44.806187
45.040184
45.199306
45.648582
46.537788
46.659454
45.957462
46.088505
46.35994
46.612663
46.818584
47.183617
47.651623
47.539303
47.904335
48.30682
48.175781
48.372334
48.316177
47.773296
45.788982
44.225872
45.002747
45.480106
45.199306
44.216515
43.121395
43.196274
43.486431
42.812511
43.505154
42.934193
42.97953
43.536854
43.687984
44.11306
44.122505
45.019886
44.604252
44.878189
44.840405
45.076561
45.501633
46.181747
46.370667
46.569035
47.815907
47.154686
47.712009
48.269321
47.834805
47.626991
48.240986
47.825359
48.344891
48.127632
48.411018
48.958885
49.346169
49.100578
49.308395
49.176144
49.780693
48.854977
49.166698
49.053349
48.14653
47.948154
48.118183
48.137081
48.599937
48.732178
48.64716
46.304546
46.616261
47.579758
48.240986
47.447517
47.041336
48.14653
46.899647
47.797024
48.212643
48.590488
48.297665
47.844254
47.57032
47.730892
48.127632
47.957611
46.975212
46.587925
47.825359
48.344891
48.27877
48.023727
46.536022
46.583641
46.850323
47.355114
48.717098
49.259987
48.050396
47.688465
48.278976
49.183792
49.279041
49.374283
49.431427
49.383804
48.6409
48.459938
48.907585
49.012352
48.707573
48.402802
48.60281
48.68853
48.859966
49.393333
48.945683
50.088608
48.717098
48.17421
49.126648
49.183792
49.669537
49.831451
50.564827
51.241051
51.97443
52.460175
53.069733
52.317303
52.060143
51.517262
52.088722
52.326832
51.336304
50.964848
51.298199
50.993423
51.869663
52.069672
52.707806
53.184025
53.555473
53.965019
52.164921
52.140907
52.073696
52.179317
52.45779
53.331608
53.878944
54.435879
54.608727
54.253433
54.301449
54.483894
54.493496
55.108047
55.540154
54.916
55.069637
55.194469
55.626572
55.530552
55.472939
56.202717
56.068279
56.020279
56.461979
56.260326
54.810375
54.62793
54.541504
54.781563
54.378262
54.416668
53.840534
53.869339
54.464687
54.848782
54.771965
53.427628
52.832283
53.197178
53.293198
53.158764
53.821327
53.830929
54.19582
54.80077
54.70475
55.223274
55.117649
54.887196
55.290489
55.252083
55.079239
55.338505
55.108047
55.098446
53.600471
52.611435
53.091545
52.726654
52.006481
52.496197
52.140907
53.055832
53.259148
53.481831
53.752914
53.588329
54.372547
54.043373
53.927189
54.53714
55.069637
54.875996
55.108356
55.466579
54.721092
54.972813
55.079315
55.011539
55.214859
54.885681
54.624271
55.398811
56.725204
56.473484
56.71553
57.993515
57.809559
58.332371
58.322693
57.461018
57.674015
57.441654
56.037807
56.454121
55.911942
56.028122
56.27985
56.241119
56.057171
56.16367
57.005974
56.996296
56.454121
55.873215
56.124939
56.628395
57.151199
56.628395
55.747353
55.786079
54.934093
54.963135
55.030907
55.127724
55.331036
55.427856
54.575863
53.704514
53.994961
54.73077
53.772285
53.859417
53.520557
53.578648
53.510872
52.397476
52.639523
52.029572
52.252247
51.884346
52.639523
53.210739
53.123604
53.259148
51.555168
52.581429
51.903709
51.990849
52.493622
52.893887
53.294155
53.137951
54.133743
54.494961
54.895222
55.002617
54.094692
53.92873
53.391777
52.893887
52.269081
51.361156
51.312344
51.468548
51.19519
51.507595
50.746113
51.331867
52.034779
51.917622
52.474091
52.845074
52.688873
52.835308
52.718163
52.845074
53.01104
53.020805
52.630295
52.913414
53.752998
52.796265
52.171448
52.112881
51.917622
53.001282
53.723709
51.966434
51.097565
50.716824
50.462994
51.185429
50.736347
50.960888
50.589912
50.960888
51.204956
50.51181
51.341629
52.561958
52.474091
50.394653
49.886997
50.453232
50.6973
50.775394
51.712608
52.034779
52.483852
53.001282
53.255104
52.236366
52.836781
53.712803
54.204945
54.391964
54.086834
54.569134
54.588818
54.510078
53.860447
54.69709
54.362434
