Adjusted
9.19
9.19
9.39
9.35
9.26
9.37
9.55
9.58
9.49
9.77
9.86
9.87
10.18
10.38
10.3
10.27
10.33
10.6
10.56
10.47
10.6
10.8
10.8
10.91
10.92
10.99
11.02
11.06
11.31
11.3
11.42
11.22
11.29
11.12
10.78
10.84
10.64
10.55
10.72
10.71
10.63
10.79
10.89
11
11.31
11.3
11.37
11.4
11.82
10.85
10.66
10.5
10.44
10.79
10.64
10.66
10.56
10.61
10.65
10.71
10.39
10.37
10.21
10.11
9.95
10.13
10.18
10.3
10.39
10.17
9.75
9.72
9.71
9.54
9.83
9.75
9.95
10.18
10.27
10.2
10.31
10.29
10.08
10.43
10.85
10.86
10.91
10.89
10.89
11.16
11.19
11.52
11.34
11.32
11.53
11.52
11.47
11.32
11.4
11.31
11.76
11.75
11.8
11.62
11.58
11.46
11.1
11.39
11.76
11.87
11.53
11.5
11.68
11.44
11.9
12.09
12.05
12.14
12.24
11.89
11.93
12.24
12.59
12.66
12.82
12.9
12.86
13.16
13.4
13.51
13.53
13.36
13.42
13.51
13.21
13.34
13.45
13.49
13.58
13.61
13.62
14.69
14.85
14.88
14.91
14.9
15.21
15.29
15.31
15.14
14.62
14.63
14.68
14.51
14.61
14.74
14.55
14.56
14.37
14.59
14.43
14.69
14.65
14.53
14.06
14.11
14.34
14.04
14.54
15.71
15.55
16.26
16.51
17.1
17.02
17
17.110001
17.07
17.48
16.98
16.860001
16.709999
16.469999
16.66
16.790001
16.799999
16.76
16.5
16.799999
16.68
16.870001
17.129999
16.76
16.190001
16.26
16.75
17
16.92
16.879999
17.35
17.32
17.49
17.43
17.440001
17.34
16.809999
17.309999
17.209999
17.35
17.049999
16.91
17.129999
17.219999
17.25
17.27
16.870001
17.76
17.93
17.629999
17.93
17.68
17.639999
17.629999
17.379999
17.42
17.6
17.75
17.690001
17.9
17.889999
17.92
18.1
18.110001
18.049999
18.030001
18.280001
18.209999
18.690001
18.469999
18.4
18.530001
18.65
18.65
19.139999
19.33
19.34
19.48
19.41
19.459999
19.450001
19.370001
19.639999
19.809999
20.299999
20.27
20.690001
20.709999
20.940001
20.91
20.549999
20.950001
21.190001
21.290001
21.02
21.33
21.51
21.040001
20.969999
20.07
20.370001
19.9
20.35
20.02
19.040001
19.389999
19.23
19.76
20.27
20.629999
21.040001
21.299999
21.790001
21.809999
22.530001
22.5
22.73
22.370001
22.709999
22.549999
22.33
22.299999
22.469999
21.969999
23.16
23.24
23.4
23.5
23.48
23.27
23.57
23.26
23.49
23.76
24.43
24.67
25.139999
24.860001
24.200001
24.02
23.530001
22.799999
22.59
23.02
23.76
23.700001
22.17
20.43
19.969999
19.98
21.18
20.280001
19.790001
19.92
20.360001
20.84
21.040001
21.01
21.65
21.5
22.67
22.4
21.809999
22
22.450001
22.66
22.67
22.450001
21.57
21.690001
21.23
21.1
21.77
21.459999
20.73
19.76
20.059999
20.07
19.77
20.25
20.440001
20.32
20.27
20.190001
20.42
20.370001
20.459999
19.66
19.700001
19.870001
20.74
21.15
20.83
20.48
20.02
20.17
20.42
22
21.870001
21.280001
21.24
20.969999
20.85
20.950001
20.959999
21.209999
21.26
21.66
22.139999
22.77
22.450001
21.790001
21.51
21.43
21.67
21.42
21.299999
21.120001
20.68
21.4
21.35
21.09
21.27
20.73
20.379999
20.5
20.98
21.690001
21.02
20.75
20.940001
20.709999
21.01
20.57
21.299999
21.51
21.280001
21.34
21.49
21.35
21.639999
21.76
21.799999
22.16
22.4
22.68
22.57
22.280001
22.16
22.26
22.290001
21.85
21.93
21.91
22.4
22.17
22.73
22.709999
23.139999
22.99
23.360001
23.870001
24.129999
23.73
23.52
23.35
23.49
22.700001
22.84
22.639999
22.59
22.030001
22.15
22.76
22.41
21.51
21.299999
20.360001
19.549999
19.09
19.209999
19.360001
19.879999
20.120001
20.440001
20.940001
20.700001
20.950001
21.17
21.09
21.43
21.799999
21.700001
22.299999
22.440001
22.440001
22.67
22.83
22.280001
22.889999
23.110001
22.83
23.15
23.190001
22.93
22.91
22.67
22.83
23.030001
23.17
22.879999
22.9
22.809999
22.059999
22.67
23.040001
23.09
23.860001
23.68
23.639999
23.360001
23.52
22.58
22.559999
22.219999
23.26
23.940001
24.17
24.23
24.27
24.450001
24.299999
24.32
24.1
24.26
24.01
23.23
22.59
22.950001
23.58
23.09
22.719999
22.99
22.49
21.77
22.17
22.5
22.02
22.65
24.559999
24.190001
23.860001
23.219999
23.65
23.049999
23.65
24.82
25.299999
25.110001
25.459999
25.09
25.620001
25.629999
25.91
25.65
25.860001
25.540001
25.639999
26.15
26.040001
26.43
26.360001
26.08
26.040001
26.49
26.48
26.52
26.969999
27.85
27.93
27.549999
27.719999
27.98
27.98
28.280001
28.379999
27.860001
27.32
27.860001
27.91
27.59
27.049999
27.450001
27.85
28.24
28.559999
28.469999
28.469999
28.07
27.75
28.209999
28.4
28.26
28.15
27.82
27.940001
28.25
27.559999
27.620001
27.530001
28.610001
28.190001
28.17
27.84
28.52
29.200001
28.790001
29.1
29.32
29.01
28.459999
28.860001
29.16
29.85
29.389999
29.459999
29.59
29.01
29.84
29.629999
29.68
29.84
29.51
29.780001
30.01
29.84
29.459999
29.49
30.530001
30.35
30.110001
30.67
30.530001
30.77
30.84
30.889999
30.74
30.620001
30.85
30.290001
30.41
29.93
30.98
31.15
30.799999
30.75
30.719999
29.34
29.950001
30.15
29.92
29.33
29.040001
27.950001
28.48
29.040001
29.49
29.610001
29.51
30.360001
30.18
30.209999
30.120001
30.190001
29.42
28.52
27.360001
27.969999
28.469999
28.639999
28.42
28.360001
29.27
29.280001
29.67
29.110001
29.700001
28.76
28.27
28.309999
28.530001
28.629999
28.18
27.49
26.459999
25.540001
24.120001
24.139999
25.26
26.59
26.530001
26.290001
25
25.389999
25.610001
25.370001
27.27
26.969999
27.209999
27.110001
26.719999
27.67
27.75
26.98
26.059999
26.620001
26.110001
26.23
25.780001
26.469999
25.27
25.540001
26.33
26.209999
25.75
26.59
25.75
26.440001
26.540001
26.15
26.309999
26.02
25.469999
26.290001
26.6
26.51
26.85
26.290001
27.07
28.309999
28.09
27.610001
28.799999
28.59
28.51
28.85
28.82
28.870001
28.98
30.42
30.24
30.040001
29.9
29.01
28.860001
29.18
29.27
29.700001
30.110001
30.25
29.959999
30.059999
30.25
30.290001
30.43
30.719999
30.5
29.9
30.73
30.120001
29.969999
29.620001
29.85
28.870001
29.01
30.24
30.52
29.950001
28.82
28.639999
29.219999
29.67
29.709999
29.57
29.9
29.9
29.639999
28.780001
28.58
27.98
26.889999
26.709999
26.66
26.98
25.49
25.99
25.059999
24.809999
24.33
24.299999
24.059999
23.43
23.68
23.469999
23.26
23.559999
23.67
22.629999
22.58
23.16
22.67
21.17
20.83
20.690001
20.23
21.15
21.860001
22.280001
22
22.49
22.799999
22.67
22.57
23.23
24.24
23.459999
24.879999
24.99
25.24
25.32
25.42
24.360001
24.450001
24.370001
25.41
24.84
24.82
24.42
25
25.16
25.219999
25.209999
24.799999
24.66
24.43
24.42
24.66
24.49
24.969999
24.68
23.93
24.09
22.950001
23.200001
23.469999
23.82
24.870001
24.77
24.52
24.68
24.49
24.99
25.34
26.139999
25.959999
26.26
26.16
25.42
25.18
25.719999
25.290001
24.860001
24.950001
24.93
24.91
25.65
25.32
25.309999
24.889999
25.209999
25.18
26.65
26.389999
26.690001
26.57
27.360001
27.59
27.370001
27.82
27.889999
27.940001
28.129999
26.690001
27.200001
26.85
26.9
26.48
25.809999
25.469999
24.860001
24.969999
24.879999
24.77
25.23
25.07
25.25
26.190001
23.110001
21.83
22.24
23.049999
23.49
23.059999
22.33
22.57
23.049999
23.59
23.639999
24.549999
24.459999
24.85
24.9
24.860001
24.92
25.459999
25.219999
25.809999
24.99
25.24
25.24
25.129999
25.08
24.9
24.52
24.99
25.1
25.93
25.950001
25.790001
25.440001
25.530001
25.219999
25.469999
25.389999
25.23
25.049999
25.23
25.040001
25.209999
25.17
25.51
26.049999
26.139999
26.440001
26.379999
26.16
26.48
25.959999
26.110001
26.49
26.549999
27.200001
26.74
27.24
28.32
28.129999
28.49
28.190001
28.5
28.5
28.4
27.889999
28.1
28.4
28.42
29.120001
28.98
29.1
29.65
29.65
29.559999
29.41
28.93
28.709999
28.120001
28.51
28.129999
28.42
28.48
28.200001
29.5
28.860001
28.09
28.379999
28.52
28.309999
28.16
28.1
27.51
27.58
27.629999
28.530001
28.65
30.01
31.58
32.450001
33.080002
33.560001
33.27
34.110001
34.060001
33.790001
34.200001
34.57
34.669998
33.889999
34.07
34.509998
35.299999
34.93
35.209999
35.52
35.5
35.439999
35.639999
34.93
34.919998
34.919998
35.279999
34.560001
34.790001
35.18
35.07
34.900002
35.43
35.580002
34.84
34.59
34.650002
