Adjusted
49.010262
48.940796
49.270714
48.402512
47.768719
48.419876
48.558792
48.402512
48.037872
48.263603
47.838169
48.984203
49.201263
49.470402
49.105759
49.756924
49.939243
49.704819
49.9566
49.444363
49.444363
49.939243
49.123123
51.545422
51.788509
51.120003
51.154724
51.805882
52.274715
52.995327
53.168964
52.847729
53.386021
52.734871
51.614883
51.87534
51.458595
51.710384
53.559669
53.802761
54.401821
53.932991
53.959026
54.367088
54.209755
55.372276
55.40723
54.926498
55.433445
55.214939
54.690495
54.043686
53.659088
54.786652
54.734203
55.302349
54.174797
53.458065
53.090954
53.536732
53.475536
53.257023
51.788589
52.033325
51.849777
52.732578
52.85495
53.423103
53.921314
52.70636
50.014229
51.61377
50.127857
48.773052
49.786976
49.725784
50.835846
51.237926
51.299107
51.264149
52.688877
53.676582
51.806068
52.334259
54.270924
54.640663
55.864288
56.832626
56.991074
57.158329
56.542122
57.299183
57.818573
57.836174
58.857334
59.922489
60.468288
60.635555
60.072163
60.063366
60.450684
59.191845
59.658405
58.153084
58.293938
57.739334
56.41008
56.691772
57.765751
57.783356
56.832626
55.917103
57.070301
56.850235
56.991074
57.959415
56.955864
55.961117
56.304436
54.746292
55.591396
56.286835
57.413624
57.933002
58.522816
58.135479
58.293938
59.614407
59.825665
59.95771
59.323887
60.045742
60.160179
60.028141
58.540417
58.910141
59.543964
60.107368
59.966522
60.697174
59.931309
59.878483
59.887276
59.526367
60.124981
60.697174
61.937141
58.50948
58.748627
58.013496
57.172073
57.880634
58.119778
58.872627
59.288906
59.156055
57.783207
57.96035
57.420074
57.676933
57.986923
59.342037
59.244614
58.438629
56.72036
56.516659
56.676079
56.082657
55.870094
57.561787
57.96035
58.12862
59.120613
60.121468
60.227737
59.492615
59.634323
60.697174
60.422596
61.768864
62.698853
62.503994
61.547447
62.379997
62.353443
62.450851
61.72459
60.971752
61.104603
61.343731
60.431454
61.157734
59.528042
58.367779
58.146347
60.156891
61.379158
61.069172
59.288906
59.156055
59.634323
60.874313
60.564308
61.131168
60.024044
60.670601
63.451706
62.48629
63.159401
63.141701
62.865517
62.963516
62.918976
62.420044
62.553684
61.404343
62.90115
63.248623
64.059387
64.549416
64.415787
64.415787
64.210838
63.515915
63.159523
64.629593
65.039436
64.834503
64.88797
64.905792
64.736519
64.050468
63.400089
62.633854
63.542637
64.522675
64.415787
64.228668
63.221893
62.874428
63.230816
64.923615
65.440353
66.821342
66.358055
67.462822
67.213348
67.471733
68.229034
68.380508
67.721199
67.819199
67.257904
67.453903
67.159912
67.30246
67.070786
67.311356
67.997383
65.992744
67.444992
68.104309
68.193398
68.469597
69.200172
68.772514
67.658829
65.155243
64.852333
65.529472
65.467087
65.850204
65.119637
62.607143
61.163795
61.564732
61.538002
62.918976
61.956753
62.375488
63.346638
63.747551
64.789986
64.567238
64.264305
65.012711
65.484901
66.80352
67.14209
67.516273
67.222267
66.562965
65.458168
65.823479
66.286766
67.569275
68.295731
67.147743
66.842827
66.188118
65.067047
63.91906
64.932503
65.766586
64.627579
65.264343
65.156723
65.18364
66.30471
65.452682
65.73967
66.573761
67.371971
67.95491
68.762077
69.075981
67.775536
65.820396
65.81144
67.075996
65.327126
63.60516
63.703812
64.475113
65.425774
66.206039
66.30471
66.75312
66.708282
67.228477
66.322655
66.81591
64.708305
65.147743
66.041679
65.788849
65.761765
65.346405
65.463783
64.940071
64.669197
65.951378
66.09584
65.680496
65.364471
65.201927
65.590195
65.093582
65.861084
66.186142
66.565392
67.052971
66.80014
66.845299
66.538307
66.457039
66.402863
66.258377
66.420906
67.621849
68.226799
67.856598
67.955925
67.657959
67.865631
68.461578
68.768585
69.156845
69.373558
70.032715
71.549652
69.942413
69.518021
69.499969
69.761841
69.689583
69.852104
70.068832
70.691864
70.836342
69.915321
70.339706
70.123001
70.267471
71.378098
70.989838
71.730263
70.655746
70.944679
70.357773
70.718948
70.457092
69.870186
69.951454
69.301331
63.666916
63.116119
61.76123
61.088333
61.542999
61.379322
60.706413
60.670052
61.570263
61.770332
61.797596
62.461414
62.352299
61.93399
62.743294
62.925163
64.016357
63.698097
63.479847
63.916325
63.652622
63.443474
63.261608
63.479847
63.898144
63.479847
63.079742
62.897888
62.606899
62.043129
61.924908
61.633919
61.006485
60.924648
60.660938
60.342693
60.524548
60.35178
59.169651
59.233311
59.678879
58.605869
59.387897
58.824123
57.623806
56.996372
56.414413
57.423752
57.660175
56.096146
57.11459
54.122913
53.57732
52.986256
53.695534
53.622791
54.486645
55.868809
55.55965
57.196438
55.55965
57.050941
57.341919
56.87817
58.905956
59.942585
60.7155
62.18861
62.224983
61.752132
62.124962
62.797848
62.897888
63.08884
62.234074
61.950157
60.906048
61.30904
61.437275
61.739502
61.217453
61.693714
62.637051
63.259869
63.626213
63.388088
62.124176
61.538017
62.737812
64.303963
63.63538
63.57127
62.2066
62.737812
61.189964
61.208286
59.27578
58.982708
59.687935
59.422329
61.776134
63.342289
63.259869
63.552948
63.470512
63.589581
63.507133
62.9851
62.243244
62.215755
59.642143
58.973541
59.147564
61.263233
60.503063
59.971851
59.953529
58.836163
58.680466
59.156712
59.349052
60.283257
61.986794
61.373142
61.199135
59.550541
58.259155
58.790375
57.782902
58.982708
63.919315
62.719501
63.397247
64.15744
64.239853
64.789368
64.413879
65.622849
66.447121
66.062454
66.208984
66.053299
66.410492
65.613693
65.686951
65.53125
65.751068
65.036674
65.027504
64.514618
63.791073
64.021858
62.932526
63.237171
62.000134
61.455444
62.083202
61.520073
62.581726
62.480179
63.25563
62.387848
63.2187
62.830975
62.655582
61.677006
61.547775
61.57547
62.609417
62.720192
62.387848
62.480179
63.643372
63.292561
62.914066
63.28334
63.412582
63.089458
63.384884
64.381905
64.095703
63.800301
64.446526
64.021858
63.957241
63.791065
63.311031
64.049561
63.338703
64.197273
63.955326
65.620972
65.881523
66.44915
66.58873
66.300262
67.091217
67.249405
66.942337
67.751892
68.393959
68.226463
68.356743
67.742599
67.714668
68.300911
68.012436
67.007462
67.910095
67.723969
66.616638
66.607346
67.323853
67.807732
67.035378
66.765533
66.681786
66.52359
67.500641
67.528564
66.886497
65.965279
65.546539
65.490692
66.114174
65.323219
65.323219
65.41626
64.755585
63.77853
63.536583
62.280373
62.801476
62.941055
62.727036
62.103573
62.261768
60.865974
60.847363
61.200954
61.796501
61.815109
61.173042
61.396378
60.586807
60.717087
59.563229
59.070045
58.614082
56.901913
56.362206
57.218296
57.50676
57.347145
56.877705
56.577267
55.93882
55.976372
56.314373
56.192318
57.638203
56.436432
56.614811
56.276814
56.295597
56.64299
56.164154
55.065659
54.568043
53.225437
51.000278
49.48867
51.235001
53.169109
53.563431
53.57283
51.54483
52.173885
51.910995
51.685665
53.216042
52.568218
52.446163
52.314716
51.338276
52.3335
53.08461
51.685665
49.695229
50.005062
49.760952
49.160065
49.00045
48.746952
46.991241
47.563961
48.164845
47.488846
48.258736
49.535614
49.366619
50.803112
51.920387
51.469719
50.831284
50.230392
49.526226
48.915943
48.02401
48.136677
49.169449
49.310287
51.028442
50.990891
50.493282
49.526226
50.774948
50.990891
52.493107
53.253605
53.272385
53.272385
54.144615
54.248901
53.433552
53.31031
52.637173
51.376228
51.300388
52.532883
52.561321
53.926559
53.822269
54.599686
54.248901
54.694492
54.940994
55.083206
55.140091
55.415035
54.163574
52.731983
53.139652
51.869228
50.248016
49.93515
49.432674
48.228611
47.764057
47.953678
49.290466
47.527042
47.157295
48.076923
49.119816
50.513477
50.485043
49.859306
50.323868
49.859306
49.337868
49.508518
49.157726
48.27602
47.147808
46.61689
46.597931
47.356388
45.915314
45.81102
45.374908
45.592968
45.043079
45.299061
45.991154
44.815548
46.474678
46.872875
47.583927
47.887314
47.612366
46.455715
49.755016
51.537399
51.821827
52.248463
51.651173
50.911671
50.342827
51.385712
51.973515
53.10173
53.28186
53.10173
54.685017
53.613693
53.850708
54.305775
54.296303
53.765381
55.045288
54.940994
55.371872
55.486763
56.511284
55.410164
56.070843
56.884712
57.574104
57.928375
57.880501
58.196472
60.427433
60.772133
60.973206
60.724255
59.824219
59.718887
59.81464
59.718887
60.082733
59.900814
60.954056
59.986988
57.823055
57.018757
56.951733
57.363453
58.043278
58.924171
60.360409
59.919964
60.159336
60.015713
60.101891
59.517815
59.50824
60.312542
59.613564
60.561489
61.116833
60.504028
60.580635
60.762562
60.599781
58.908939
58.918602
59.227787
58.609421
60.00074
59.904121
59.971756
58.812325
59.855812
59.247108
58.068348
57.527283
57.778488
58.020042
58.358212
59.527306
59.440346
59.546627
59.546627
59.565956
59.662571
59.372719
60.551476
60.41621
61.005589
60.648094
59.536968
58.580437
58.396858
58.599762
58.735027
59.536968
60.184319
59.759193
59.672234
60.696404
56.068325
53.691486
54.937878
56.126297
57.710861
58.232605
56.734997
57.440323
58.078011
59.82682
60.290604
61.797863
61.710903
61.643272
61.672264
61.343758
60.918629
61.353416
61.073215
61.237473
61.324432
62.387241
62.232655
61.846176
61.266457
61.778542
61.846176
62.626076
62.879547
63.815426
64.176132
64.185883
65.034019
65.638443
65.521461
65.930908
65.579956
65.921165
66.018654
65.960159
65.999146
65.979652
65.609207
65.696938
65.6287
66.008904
65.462967
64.868294
65.238747
65.84317
64.946289
65.063271
64.419846
61.972908
63.357235
61.621956
61.397732
61.504967
60.783558
61.66095
61.163765
62.128891
62.479839
61.719448
61.319744
61.816929
62.947784
62.548088
64.059151
64.215126
62.704067
63.893417
63.85442
62.860054
62.528587
61.534214
62.64558
61.563461
61.709694
61.534214
61.602455
62.080147
62.197132
62.109394
61.777931
61.592709
62.596832
60.725071
60.812805
62.167889
59.175011
59.350494
58.769878
59.793331
61.436768
61.9977
65.26487
67.60701
66.23912
65.993103
64.802353
64.497284
63.759216
63.129402
64.497284
64.536652
65.432175
65.747078
64.930283
64.644905
65.451851
66.573715
66.681969
66.927994
67.360985
67.803833
67.882561
68.423805
68.748558
67.754623
66.593399
66.809898
66.977188
66.741013
67.360985
66.741013
66.98703
67.174011
67.400345
66.622925
66.534355
66.022629
