Adjusted
52.369419
52.118687
52.110596
51.229023
50.824615
50.735645
51.253281
51.010643
51.123863
51.237106
51.010643
51.172394
51.657677
52.062077
51.690022
51.633415
52.240002
52.12677
52.612049
52.240002
52.248096
52.442196
51.843697
52.555439
52.474548
52.539261
52.142952
52.264271
52.378983
52.157761
50.633831
50.347065
50.617447
50.428997
50.404423
50.838657
50.453583
50.420807
50.814083
51.010712
50.896015
51.576038
52.09222
52.149574
52.043064
51.969322
52.043064
52.002087
52.174152
52.141373
53.444088
52.813213
52.452717
52.411743
51.551468
51.109039
50.527321
51.363014
51.567856
51.813652
51.936554
52.460903
53.25565
54.501007
55.123692
55.598904
55.42683
55.926624
56.573883
57.106445
56.246159
56.967152
56.696774
57.58984
57.114639
57.09824
56.942577
57.450546
56.221573
56.623043
58.056843
58.360004
58.491089
58.638557
58.253475
56.639423
57.02919
56.432106
55.561367
55.967712
55.801857
56.456985
57.725773
57.775524
58.994572
58.546753
58.297977
57.277962
57.153584
57.170155
57.634552
56.87991
57.302845
57.120399
57.808704
56.589664
55.884789
56.398933
56.548206
57.692616
56.937977
56.150158
57.120399
56.780411
56.904797
57.360893
56.597969
55.038929
56.498451
56.481869
57.352604
58.28138
58.09066
57.783825
57.501862
57.510162
57.460426
56.440399
57.178459
57.336025
57.800419
59.135536
58.787243
59.376026
58.895054
58.579933
59.517002
59.63311
59.99799
59.9814
58.397484
58.123833
58.157001
58.488705
57.717476
55.976009
56.299416
56.548206
56.000881
56.135227
57.738834
58.06628
56.168804
55.530708
55.169685
55.606277
55.211658
54.22934
53.347775
53.725586
52.852409
53.179844
53.683609
52.953152
52.524963
52.315071
52.911175
53.087502
52.508171
52.18074
52.088379
52.827225
52.919575
53.121082
52.785236
52.298286
52.969955
53.540878
53.566071
55.136101
54.590366
53.423328
54.103401
53.717194
53.423328
53.414936
53.163067
53.053913
53.465321
53.759167
53.322582
53.297394
53.272205
53.356155
53.910297
54.665932
54.825459
54.456032
53.456913
54.590366
55.908531
55.707027
55.530708
56.697754
57.2015
57.176311
57.319054
57.184708
55.463547
54.959793
54.338486
54.691116
54.548393
54.437828
55.194736
54.769508
54.78651
53.765968
53.587368
53.400265
53.944565
54.148666
54.046616
53.81699
53.434292
53.476814
53.17915
53.170647
52.728409
52.515785
52.63485
52.966526
52.702896
52.864483
52.932518
53.587368
53.068588
52.133083
51.750381
52.065048
52.048038
52.63485
52.430744
52.907005
52.35421
53.14513
53.187653
53.349247
53.043068
53.434292
53.851013
53.808483
52.592327
51.903461
51.597294
52.090572
51.750381
51.469727
51.928978
51.554779
51.997013
52.01403
52.201122
52.396725
52.719902
52.345707
52.481773
52.116077
52.124584
51.98
52.337204
53.723446
53.604382
53.34074
53.128124
53.221672
54.216709
54.055119
54.089134
53.925419
54.76989
55.519566
55.571274
55.933186
55.545418
56.053829
55.536804
55.252441
55.243828
55.209354
54.942234
54.993938
54.52861
54.666477
54.313179
53.753075
53.908184
53.641056
53.69276
54.287331
55.510944
55.648834
56.183079
56.019363
55.640209
55.795315
56.898285
56.932766
56.949997
56.674244
57.389469
57.43256
57.604885
57.785843
57.828934
58.682014
59.517879
59.578186
60.482971
60.560535
60.405418
60.620842
61.137875
62.016819
62.0513
61.405006
61.249905
61.198196
61.198196
61.542885
61.904804
62.749268
62.80957
62.473522
62.869904
62.249477
63.016388
63.016388
64.765656
64.446831
64.291725
64.093529
63.971535
64.720947
64.738365
64.938812
63.744946
64.041229
64.180672
64.520531
64.537956
64.581528
65.025948
65.818962
65.723091
66.028091
66.420235
66.760101
68.502945
68.328651
68.572678
68.21537
67.465942
67.840668
68.14566
68.851517
68.424515
69.862366
70.402672
70.437515
70.184814
70.106377
70.733795
70.463661
70.742508
71.535522
70.847092
68.546532
67.073807
68.319931
68.380936
67.945236
68.581375
67.988815
67.274231
67.561813
67.927803
66.463799
67.291656
67.404938
66.228516
65.91481
66.533516
65.775375
66.533516
65.348373
64.625092
63.466091
63.605522
63.117523
62.847389
61.714523
62.368095
63.335388
63.222088
62.957634
63.398384
64.359253
64.191765
64.130058
65.196678
66.210419
65.954788
65.734406
66.624725
65.646248
66.536583
67.285881
68.237915
67.329933
67.999893
67.753059
68.237915
67.303505
67.109566
67.136017
67.929359
66.536583
66.950882
67.8853
67.453362
66.853928
67.717812
67.867661
67.444557
67.26825
66.994965
67.118385
67.647278
68.167397
68.793259
68.290794
68.599319
68.502357
68.590508
70.186058
68.326057
68.608139
69.357414
71.43779
69.595421
69.992111
69.930405
70.379974
70.521027
71.349632
71.65818
72.407448
72.38102
72.178253
72.336937
74.258636
74.06469
73.914848
72.698364
73.782616
72.248772
72.883469
74.165733
73.87188
72.678673
72.732094
72.52729
74.147911
74.7089
74.210243
73.221848
73.373222
72.545105
72.402626
73.168419
74.7089
74.646568
74.530807
74.326004
74.406143
73.658165
74.833557
74.780144
73.987633
75.59935
76.943939
76.90831
76.57885
77.754242
78.983063
79.276917
78.635788
78.422081
79.722145
80.514648
81.173592
80.078316
77.896721
78.101517
77.513824
77.371353
78.154953
78.617996
78.17276
77.504921
76.614464
77.602867
78.796066
78.956352
78.983063
79.855705
79.624184
79.784485
79.098831
78.751564
79.187881
80.051613
77.923439
78.493317
79.624184
77.88781
77.041878
73.382126
72.393723
73.626228
72.834541
72.555664
71.179214
70.945305
72.204796
71.754982
71.359146
72.222786
72.384727
71.413109
71.251175
71.530067
69.874733
69.703812
68.822174
69.289978
67.175835
67.20282
67.904533
67.193825
68.606255
67.157837
68.372345
68.34536
70.297569
70.117645
71.116249
70.612442
69.53289
69.218002
68.840164
68.984093
69.550873
69.712814
69.892738
69.874733
71.440109
70.270576
70.135643
69.280983
70.252594
69.523872
69.973701
70.000702
69.595863
69.53289
70.495491
70.225594
70.054672
70.684418
71.197205
70.297569
71.089241
70.531487
69.433929
69.442917
70.009689
67.967514
68.174438
68.795174
68.732208
68.453308
67.516479
67.088974
67.516479
68.198639
68.471512
69.317398
69.162773
69.235535
69.162773
68.653419
69.499313
69.626648
69.553886
69.653931
68.316887
67.152649
67.088974
65.597313
65.469971
64.487656
64.314827
64.960609
64.314827
64.533112
64.423973
64.751419
65.524544
65.097038
65.033386
64.378494
64.132919
63.186977
64.132919
63.623566
64.123817
64.9879
65.379013
65.915642
66.952553
66.670586
65.961128
65.933846
65.715538
65.75193
65.715538
66.37043
65.824692
65.742836
64.851471
64.578598
63.396179
62.950493
64.03286
63.65086
63.769093
63.996479
64.596779
64.760513
62.377464
61.740772
63.159691
63.905529
62.677624
63.469379
64.454483
64.25193
64.537323
65.052895
65.016075
65.246231
64.960831
63.883667
60.670612
58.553127
59.188374
60.587749
60.670612
60.145847
58.055977
57.779781
57.991528
56.647385
57.439137
56.978825
57.107708
57.706131
57.844231
58.212486
58.875355
59.308052
59.151546
58.856945
58.958214
58.497883
58.543922
59.464561
58.97662
59.225193
59.934097
59.298851
60.661415
61.655708
60.863945
61.480774
62.300156
62.198887
62.861755
62.69603
62.530323
63.598274
63.800812
63.874451
64.509712
63.911293
64.500504
63.2024
63.055084
63.027462
62.383018
62.14365
62.75127
63.110332
63.791611
63.717957
62.65921
60.440453
60.757576
60.487083
61.615673
61.373173
60.766899
62.333885
61.037395
61.251911
61.410477
62.436481
62.184643
62.007427
61.6903
61.718281
62.147339
62.856205
60.916138
60.030056
61.494423
62.203293
62.082043
63.462479
61.289227
61.242596
61.037395
60.832195
62.613693
62.706974
61.802231
61.727612
63.12669
64.162025
64.068748
64.227303
64.544426
64.591072
63.760944
63.966148
64.311249
63.900852
62.996117
62.977459
63.005436
63.798264
63.611694
64.451157
63.509113
64.236633
62.082043
62.193977
64.106056
63.033417
64.078072
64.87088
65.812935
65.831581
66.782959
66.913551
68.415222
67.435875
67.361252
66.643059
66.775208
67.435982
66.586418
66.492027
66.803535
67.030083
69.323875
68.889679
69.861946
69.371071
69.333321
70.088486
67.71917
68.162819
68.153381
69.116219
69.04071
70.031845
69.795853
70.390556
71.032448
71.721535
71.664879
72.25013
72.325645
73.647194
74.515625
73.562241
74.005882
73.345116
73.76046
74.421227
73.78878
75.148079
74.789368
74.836563
75.4879
74.515625
72.76931
72.882591
72.863716
72.646606
72.514442
72.26902
72.259575
71.589371
71.853676
71.976395
72.146309
70.447182
69.389961
70.182884
70.126244
70.428307
70.522705
70.258392
70.966362
71.32505
72.231255
72.674911
72.542763
71.891441
72.25013
72.546043
73.10923
73.567429
73.118774
72.94696
72.374229
70.035576
70.942398
70.923309
70.341026
70.71331
71.056946
72.145134
72.211952
72.469681
73.147415
73.395599
74.684242
74.770157
74.856064
75.03743
75.104248
75.075615
74.789246
75.41925
74.531525
74.884705
75.075615
74.560158
74.407425
74.340607
74.731972
74.44561
75.323799
75.552887
75.256981
77.652908
77.901093
78.01564
78.302002
76.841545
77.204262
77.328362
77.376083
77.242447
76.163811
76.631538
76.726997
76.736542
76.32608
76.583817
77.93927
77.757912
77.204262
76.507446
76.860626
77.691093
77.576546
76.707893
76.67926
76.37381
75.972885
76.125626
76.087036
76.029137
76.482613
76.723824
75.459885
74.610832
75.430946
76.492264
75.24762
76.173866
76.135284
76.058083
76.299294
74.543297
75.575668
74.97747
75.450233
74.919579
76.193161
76.772064
77.447449
77.939514
74.832741
75.845818
74.186302
74.234543
74.900276
75.710747
76.357185
76.463318
78.122841
78.856117
78.566658
78.132492
76.80101
76.14492
74.610832
74.031929
73.096039
71.417221
70.770775
71.214607
70.558517
71.291794
70.712898
71.455811
72.246979
71.552299
72.015419
72.295227
72.25663
71.889992
71.561943
71.465469
69.931374
69.738403
69.35247
69.81559
71.08918
69.400711
68.908646
68.879707
68.32975
68.995476
70.060112
67.247147
66.289978
65.840675
66.446243
67.032272
66.534149
66.592751
66.2509
66.827156
66.817398
66.534149
67.911316
68.936882
69.737793
67.129951
67.276459
67.667137
67.764809
67.647614
68.80014
68.770836
69.112686
69.894058
71.036827
70.001495
70.704742
71.466583
71.476349
71.525185
71.202866
71.476349
71.1931
71.31031
70.314049
71.788902
71.759598
