Adjusted
75.2994
76.347305
76.946106
75.598801
75.598801
75.149704
75.2994
76.197601
77.754494
78.053894
78.083832
78.982033
78.562874
79.940117
82.005989
80.838326
80.568863
80.239517
81.257484
84.670662
85.2994
85.359283
82.185631
83.802399
84.19162
83.592812
80.359283
80.359283
80.359283
79.281441
79.221558
78.083832
77.934135
78.473053
80.50898
84.431137
87.664673
87.934135
86.556885
86.676643
87.485031
86.377243
85.269463
84.19162
86.526947
87.485031
87.90419
87.39521
87.125748
86.826347
86.79641
86.077843
87.335327
87.365273
86.916168
86.976051
86.946106
87.814369
87.485031
86.826347
85.359283
84.910179
84.910179
84.850296
84.041916
85.628746
86.077843
86.706589
82.934135
84.371254
86.497009
87.425148
86.946106
86.646706
89.820358
88.682632
88.323357
87.634727
89.550896
90.778442
92.784431
96.556885
95.658684
93.592812
94.131737
97.125748
99.730537
97.245506
100.538925
102.065865
103.353294
104.431137
104.041916
103.622757
103.892212
104.101799
106.347305
102.514969
101.526947
105.658684
105.658684
105.119759
102.514969
100.2994
97.455093
98.323357
100.479042
102.035927
103.023949
101.826347
99.610779
99.101799
99.101799
97.634727
98.443115
98.652695
98.083832
98.982033
94.520958
91.047905
92.005989
99.101799
98.802399
98.952095
97.005989
100.868263
101.227547
101.736526
101.736526
99.850296
99.401199
98.862274
100.359283
98.952095
100.179642
100.359283
100.778442
100.80838
102.634727
100.838326
101.826347
101.437126
101.497009
100.628746
99.550896
96.856285
98.293411
101.317368
102.09581
102.994011
102.60479
101.377243
99.041916
99.071854
99.311378
99.610779
99.640717
101.287422
106.257484
104.041916
104.730537
101.227547
98.802399
97.844315
99.341316
97.305389
94.850296
94.940117
94.431137
94.041916
94.041916
94.670662
97.275452
96.736526
97.994011
101.946106
100.80838
101.616768
101.167664
100.50898
103.233536
101.167664
103.173653
103.023949
101.706589
99.940117
102.60479
100.868263
100.928146
100.628746
104.49102
103.083832
101.107788
100.718559
102.425148
103.053894
103.772453
105.149704
104.49102
103.233536
101.497009
102.874252
103.143715
105.119759
105.778442
107.425148
107.574852
106.916168
107.485031
107.634727
107.844315
108.353294
109.19162
108.532936
109.670662
110.988022
111.88623
112.844315
107.634727
106.826347
107.514969
107.39521
107.634727
108.053894
107.694611
106.137726
103.832336
103.622757
102.544907
102.425148
101.766464
105.419159
102.065865
104.640717
103.682632
104.041916
103.832336
103.233536
103.922157
104.431137
106.347305
108.443115
107.035927
104.49102
104.49102
105.898201
105.239517
107.634727
105.748505
106.257484
106.107788
106.976051
107.60479
107.185631
107.634727
108.263474
107.784431
108.20359
108.233536
108.293411
108.233536
109.281441
108.323357
109.461075
109.221558
108.41317
105.658684
106.287422
107.275452
107.035927
106.167664
106.287422
105.598801
102.754494
104.640717
107.035927
109.281441
109.371254
107.964073
107.155685
102.455093
103.473053
104.401199
104.221558
103.832336
103.443115
103.742516
104.071854
103.20359
101.676643
102.425148
100.688622
100.389221
100.419159
98.502991
97.754494
98.473053
100.898201
101.287422
104.071854
103.772453
104.640717
104.820358
104.041916
104.550896
104.610779
103.682632
104.640717
105.449104
104.341316
100.359283
100.898201
97.275452
95.598801
94.580841
95.50898
97.155685
97.994011
97.724548
102.185631
102.694611
104.790421
104.820358
104.940117
105.958084
106.257484
105.868263
105.688622
104.7006
104.820358
105.868263
106.58683
105.149704
105.778442
103.862274
105.628746
104.101799
103.592812
101.826347
101.88623
102.305389
104.880241
106.467064
105.868263
106.556885
105.958084
105.239517
104.7006
103.862274
103.502991
101.526947
102.694611
107.784431
111.377243
109.970062
110.449104
111.167664
107.185631
104.131737
105.419159
104.760483
104.19162
104.49102
103.532936
106.167664
106.077843
104.131737
104.281441
102.934135
103.622757
105.419159
103.952095
107.155685
104.431137
102.874252
104.49102
108.712578
108.652695
108.383232
110.359283
110.239517
110.598801
110.718559
112.035927
111.526947
112.844315
112.425148
109.640717
108.742516
108.383232
112.305389
110.80838
107.245506
107.784431
107.514969
109.341316
110.658684
109.071854
110.568863
112.215569
113.083832
114.311378
115.568863
115.838326
115.748505
113.802399
113.323357
114.550896
115.538925
114.820358
114.730537
115.958084
116.766464
116.526947
117.125748
117.694611
118.173653
117.724548
117.874252
119.341316
119.251495
118.173653
117.814369
118.083832
117.365273
118.353294
118.502991
116.736526
117.964073
116.077843
113.652695
110.059883
110.119759
108.622757
107.155685
109.251495
108.443115
108.083832
107.634727
109.041916
108.622757
108.652695
109.520958
111.526947
112.784431
111.976051
111.946106
111.377243
112.125748
111.58683
110.628746
111.58683
110.80838
111.616768
111.526947
111.287422
110.119759
109.401199
110.538925
110.868263
110.748505
112.035927
113.862274
114.730537
115.50898
116.79641
116.047905
114.670662
113.502991
119.610779
120.089821
117.844315
118.20359
118.832336
118.952095
118.41317
117.994011
115.538925
115.538925
116.706589
119.670662
120.119759
120.50898
121.467064
121.407188
120.80838
120.359283
119.670662
121.347305
119.550896
118.233536
119.371254
121.047905
121.58683
134.131729
135.538925
134.880234
134.311371
132.514969
132.035934
132.874252
131.197601
131.61676
131.407181
131.676651
132.574844
133.742508
132.934128
130.209579
126.227547
122.245506
120.80838
123.053894
123.802399
125.538925
122.664673
119.550896
122.784431
123.233536
121.556885
124.520958
125.119759
123.443115
122.455093
126.766464
127.09581
126.976051
129.760483
127.275452
125.838326
124.131737
125.359283
121.077843
117.275452
108.982033
107.754494
110.149704
107.90419
107.784431
109.520958
105.988022
107.455093
106.766464
107.425148
107.874252
105.958084
104.640717
105.568863
106.916168
107.784431
111.197601
109.251495
76.047905
82.544907
80.80838
80.868263
82.574852
84.161674
84.431137
84.101799
83.233536
84.820358
87.245506
90.538925
90.179642
89.281441
83.41317
82.60479
82.994011
82.634727
81.407188
82.335327
76.856285
78.772453
81.766464
83.652695
84.19162
84.610779
82.335327
83.532936
81.317368
79.071854
79.371254
77.844315
77.874252
77.425148
77.60479
75.688622
72.005989
72.035927
71.916168
71.287422
70.179642
70.359283
73.862274
75.389221
75.688622
75.598801
76.616768
77.784431
77.754494
77.305389
80.718559
81.856285
79.071854
79.011978
74.670662
71.976051
64.970062
66.407188
68.772453
66.467064
67.39521
68.682632
70.179642
69.311378
70.598801
69.970062
64.131737
66.167664
66.107788
65.538925
63.203594
63.473053
60.419163
56.826347
56.856289
58.862274
56.796406
57.365269
59.520958
63.143711
62.724552
62.964073
65.598801
67.245506
65.838326
65.958084
67.574852
65.838326
67.335327
68.712578
70.50898
69.610779
70.838326
65.838326
64.730537
61.826347
64.670662
62.694611
59.940121
60.508984
60.2994
64.041916
62.75449
62.215569
59.101795
60.1497
59.431137
60.808384
61.287426
61.077843
59.431137
58.173653
57.185627
60.1497
62.065868
63.323353
61.646706
61.976048
63.802395
66.347305
66.317368
66.107788
65.80838
68.502991
67.784431
68.622757
67.425148
69.311378
69.011978
68.293411
67.754494
67.724548
68.41317
66.077843
65.2994
71.047905
70.598801
71.556885
71.077843
69.161674
69.520958
68.353294
68.473053
67.724548
68.293411
69.640717
70.269463
72.275452
73.293411
72.005989
73.023949
74.281441
74.49102
75.568863
74.281441
75.748505
76.467064
76.826347
83.233536
82.784431
81.377243
82.455093
82.365273
77.275452
77.964073
79.49102
79.520958
79.580841
79.880241
77.814369
75.209579
75.748505
75.898201
75.958084
74.730537
72.814369
75.119759
74.970062
76.946106
77.844315
78.562874
79.161674
77.90419
77.275452
78.023949
77.185631
77.994011
77.335327
77.994011
76.197601
76.227547
74.461075
72.964073
73.622757
70.628746
70.479042
70.80838
68.742516
69.550896
66.946106
66.197601
65.838326
65.868263
65.389221
65.089821
63.233532
61.766468
65
63.712574
62.814373
63.413174
61.976048
62.155689
62.574852
64.071854
63.922157
64.251495
64.221558
66.407188
65.598801
66.826347
68.802399
67.724548
68.922157
66.736526
65.089821
64.850296
65
64.670662
62.065868
63.353294
64.970062
64.221558
63.922157
64.910179
65.988022
65.568863
66.676643
65.898201
65.179642
66.556885
65.958084
65.688622
66.976051
65.568863
63.143711
65.2994
64.670662
63.592815
65.359283
66.167664
66.736526
65.119759
64.730537
64.640717
61.197605
58.083832
57.634731
59.221558
59.670658
64.580841
62.305389
64.041916
66.616768
67.155685
58.862274
59.281437
60.209579
63.173653
65.119759
66.556885
68.143715
67.245506
67.60479
64.880241
65.628746
66.227547
64.730537
67.335327
68.023949
67.60479
69.910004
71.75
71.699997
69.190002
70.209999
71.68
69.75
68.589996
66
65.860001
65.849998
65.300003
65.110001
65.639999
64.959999
65.339996
65.779999
64.610001
64.309998
63.290001
