Adjusted
60.839737
60.435741
62.003624
61.955536
62.282574
61.262974
60.378025
60.224129
60.483837
61.099442
60.301075
60.464596
59.868221
59.62775
60.224129
60.964779
63.956264
64.119789
64.033203
63.157909
62.763519
64.706528
62.676949
64.927795
63.196369
62.907806
63.148285
62.330677
63.052082
62.975147
62.686581
62.119057
61.965145
60.705067
61.330303
62.032471
59.772038
60.426117
61.734291
61.46497
61.311066
61.965145
63.39838
62.474957
61.993042
62.378567
62.629166
62.619537
63.371315
63.949593
63.824299
62.108704
60.383453
60.990665
59.689507
60.66296
60.12323
59.843716
58.69677
57.848602
58.311245
59.63168
58.600388
58.966644
59.390717
60.065395
60.171413
62.021961
62.658077
62.099072
59.236507
60.846092
59.535297
58.311245
59.438911
61.048492
61.877377
61.858112
62.619537
56.441429
54.031868
53.819832
53.106598
54.716179
56.865505
56.181202
55.005329
55.111351
53.945122
56.740215
57.279945
58.561836
58.532917
55.805309
55.99807
55.901688
55.911316
55.593258
56.104084
56.90406
56.962025
55.503437
55.532413
55.551723
55.551723
54.218723
53.088554
53.706776
53.938595
54.807953
53.938595
54.450546
56.169941
56.034702
57.11657
58.575153
58.430256
57.667164
56.826782
55.049438
55.175007
55.938118
57.879669
58.101845
59.995094
59.589397
59.579731
60.738876
60.275227
60.874104
61.067299
60.932064
61.579254
62.149158
62.303711
62.883286
63.288986
62.236095
61.772446
61.608234
61.608234
62.786682
45.5928
44.462635
45.872925
45.525185
45.5928
46.529774
47.998009
49.234425
49.070213
49.166809
48.954296
47.978687
47.698574
47.128654
46.143387
45.776333
45.245052
45.979172
44.143871
44.887661
47.176956
45.733261
45.500717
45.539474
45.626671
45.306923
45.801083
47.390125
46.682808
48.136185
49.066364
50.229069
50.471306
49.589577
49.599266
50.791046
50.636009
51.808414
51.469292
51.178619
50.248447
50.568188
49.986843
50.403473
50.587566
50.200005
51.217377
51.798729
50.529442
50.064354
50.161243
49.056671
48.436562
49.793049
50.122486
47.002544
46.40181
46.411503
46.711868
46.925037
46.692493
47.390125
47.671104
48.930706
48.882259
48.378422
49.105118
48.407486
57.137501
58.242088
58.368038
57.728546
57.951397
57.079369
58.019226
59.346657
60.092724
59.802059
59.143181
59.288513
59.152866
58.958607
59.35685
60.79438
60.269878
59.628807
60.541855
61.484013
61.86282
60.813816
60.765247
61.037209
61.755985
61.658844
61.678276
61.386879
60.522419
60.745815
60.930359
63.990002
64.485352
65.612083
64.883614
65.670364
66.709679
66.534821
67.049629
66.787376
66.865074
67.66156
67.224464
67.214745
66.981636
69.400192
68.292892
67.554718
67.603294
65.922905
67.341026
67.428436
66.515404
68.662025
65.72863
65.136154
64.592209
64.397949
63.582039
65.029297
63.591763
63.640324
63.115822
61.45488
62.1348
62.095943
63.271225
72.31414
72.187859
72.644386
73.683685
74.489861
74.917252
75.781715
77.335823
77.423225
77.69519
76.986137
77.16098
76.26738
76.364525
76.277084
74.49958
74.829842
73.557404
72.710701
73.177864
73.216797
72.739899
74.462532
73.450378
73.74234
74.705841
74.871292
73.275177
73.197311
72.214348
70.355461
70.14135
69.255707
69.907768
70.277596
70.559845
73.868858
73.975914
71.464943
68.1754
66.715546
68.146202
69.888298
66.764206
66.94912
68.331108
69.022118
70.501434
70.520905
70.277596
71.571999
70.540375
70.170563
67.552544
66.735016
68.700958
69.09024
71.893181
69.245949
69.849365
68.623085
67.153488
66.60849
66.812866
68.905342
69.207031
68.671753
67.912636
68.068352
68.769081
68.301926
68.944252
69.119446
69.479546
71.591469
71.318398
71.74752
71.484207
72.381401
71.396431
71.454933
72.166855
73.229858
72.703239
73.229858
74.097809
72.147354
72.420403
72.732483
75.697189
78.35955
75.950737
76.379837
75.901985
74.370865
75.394867
75.10228
76.99424
76.808945
78.7789
78.27179
80.17347
78.847168
76.857704
78.184013
77.36483
77.754929
78.144997
78.603348
77.413574
75.482643
76.838188
76.691917
78.262032
78.876411
77.920685
77.696396
78.213272
78.681389
79.656601
77.452576
82.367744
82.933372
82.26046
81.772842
81.451012
80.505051
81.860603
82.367744
82.913872
82.826096
83.255196
83.9086
84.201164
84.015869
84.835068
85.078865
85.802025
85.440437
84.531609
84.433884
83.945274
86.280869
86.388382
85.938843
85.860672
85.762947
83.974579
85.059326
85.186363
84.58049
83.222099
84.248215
83.407776
83.955048
83.222099
81.609642
82.020096
83.984367
82.753029
83.945274
84.609795
85.626129
82.850746
81.472847
83.525063
84.600021
82.801895
83.437119
81.922363
79.156754
74.602814
73.048981
72.41378
73.371483
72.8731
75.492104
78.482475
77.212059
78.023163
79.674706
78.550873
78.765877
77.729988
78.892914
83.03643
83.974579
81.981003
81.160118
82.147148
83.183022
84.042992
84.492516
85.127731
84.521843
85.938843
84.961594
86.538223
85.235794
84.2957
82.934502
83.884399
84.031296
83.815857
85.304344
84.697189
85.705833
86.753662
87.693771
89.456467
88.438011
88.819923
85.960464
85.509979
85.715637
85.519775
84.256523
85.059532
85.970253
86.23465
87.47834
87.076836
87.164963
87.458733
86.37175
84.187981
83.590622
83.982323
82.454674
82.425278
82.425278
86.068192
85.735245
83.404541
83.257675
83.619987
80.81929
81.749596
82.200066
82.337158
83.933365
85.62751
85.480614
84.883263
84.090057
84.775551
84.148804
84.432793
85.999619
86.048599
86.175911
76.255875
76.579033
76.569252
76.598633
87.713356
87.635017
86.851608
87.311859
89.407494
90.386757
92.78598
92.227791
92.648872
91.31707
89.848152
90.269249
89.133301
88.007126
89.485825
88.553688
88.848061
87.670609
87.27813
89.672264
89.633018
91.222572
90.594604
92.272453
92.900436
94.107315
93.606903
93.675591
92.184151
91.016518
91.91922
92.419647
92.360764
92.400002
96.138412
96.727127
96.619202
96.795822
95.9814
97.335457
96.90374
96.24633
96.118774
95.343628
94.293732
95.569305
96.462189
97.600403
97.06073
97.041115
96.962608
95.961784
94.450745
92.458893
99.778664
99.00351
96.913544
97.237343
99.072205
100.82856
101.858826
101.279922
100.073021
102.182617
101.466339
101.505585
101.770508
103.517059
103.899727
110.876083
108.73365
109.018661
107.357773
105.411896
105.598625
105.77552
104.773094
103.819801
104.566719
102.984444
103.21048
106.306221
106.011375
105.83448
105.372589
106.090004
106.031036
107.790199
106.807426
107.613289
107.937622
107.102257
107.38726
108.80246
105.107224
107.465881
105.343094
105.225166
104.674828
105.21534
103.06308
102.748589
106.109657
109.205391
105.411896
105.598625
108.153816
108.881065
107.672249
108.193123
108.753311
107.632935
103.878769
103.112213
105.323441
105.02861
105.755867
119.347565
120.477753
122.413818
124.605385
119.504807
118.954468
119.396698
119.042908
118.698929
118.581009
119.553947
120.890518
121.195183
121.01828
116.654778
112.536972
106.473274
106.788467
113.505844
115.682579
114.756737
113.259613
108.709137
111.67382
111.1912
109.556183
112.737572
111.644279
114.195305
114.855217
114.008163
117.041824
122.803787
126.891327
124.586548
124.428963
123.000771
120.30201
118.686691
118.243454
114.96357
112.294357
115.909119
118.11541
120.774788
122.084763
120.380814
121.080132
121.030869
123.45385
125.108574
126.172325
120.016373
123.296265
125.463158
128.486954
127.09816
127.196678
125.660149
123.522804
126.457962
125.19722
123.906929
125.147972
134.248947
133.37233
134.33757
132.15097
135.243729
131.313782
127.531548
127.068619
126.802689
126.014732
123.315956
120.686127
119.304497
123.65667
126.410072
124.594208
123.281647
119.67952
121.998703
122.00856
121.495392
123.400078
121.495392
120.666397
124.268532
123.400078
123.98233
123.380333
123.962601
121.594078
122.669777
128.531876
129.439804
126.982468
123.715881
123.932991
125.847542
124.62381
124.811333
124.446175
126.025192
124.613937
122.669777
119.215683
118.357094
117.47876
113.304245
109.948845
109.741585
110.432419
104.97493
106.257881
101.412292
103.938721
104.886116
105.004547
105.715096
103.830147
103.553833
98.224655
97.395668
99.714844
100.81028
97.415398
95.03701
98.58979
92.31321
90.329567
91.425011
93.112587
102.01429
100.908966
104.057137
109.425781
106.060509
107.244766
105.55719
102.793922
103.030777
103.751198
104.067009
102.744576
106.771065
105.330223
107.086868
107.106598
104.007797
103.720932
104.541924
108.191833
113.681549
115.125694
115.006996
113.058395
110.269035
108.993042
109.675537
107.736832
107.806076
106.52021
105.442039
106.075081
106.628998
106.648781
107.024651
103.997894
102.919746
104.591377
102.444954
101.851471
100.852432
103.43409
105.75856
107.637924
107.974228
109.823921
106.391617
107.113678
107.163139
106.342155
105.27388
105.481606
106.599327
105.827797
114.512421
115.25428
114.710251
112.870461
111.327408
111.930771
111.376862
113.770569
111.426323
111.713173
110.704247
110.704247
110.407524
109.566734
107.380745
109.28978
109.00293
112.18499
112.026382
110.846733
111.312653
110.271797
109.637352
110.133003
109.032661
108.804672
109.696838
109.072319
108.160324
105.870438
103.421928
104.086098
103.431839
103.441757
103.233589
106.257034
106.435478
107.040161
108.943451
100.874306
97.583199
100.309258
103.273232
105.374779
106.772507
105.008011
105.27565
106.633728
108.477539
110.31144
112.412987
113.265511
114.127937
113.622368
114.524452
115.119225
116.170006
115.565315
116.179909
116.586342
116.616089
116.179909
118.231903
115.634705
116.348442
112.561691
111.580299
112.522034
112.244476
113.096992
112.78968
113.384453
113.800804
115.069672
115.88253
115.267921
114.415405
114.435234
113.999062
112.997849
112.868683
111.169693
111.527382
110.643112
109.093155
108.387718
108.417534
112.401718
111.328674
113.176697
112.918373
113.335663
110.384773
112.838882
110.84182
110.59343
111.179626
107.135834
105.436852
106.956993
107.324608
108.089661
109.202446
108.387718
112.37191
115.243309
117.637794
115.968605
116.26667
118.353157
118.373024
117.766953
117.011841
118.005409
116.962166
118.025284
117.925934
120.022346
120.996025
122.039276
123.887299
123.857491
126.75869
126.867989
127.166046
124.731827
125.606163
130.792557
128.398071
125.178925
122.208183
124.483429
124.403946
125.675713
126.192368
123.946907
122.834122
120.419762
118.392899
123.013107
124.666023
126.040146
125.134026
125.920654
127.025917
125.831039
126.73716
125.38295
124.566452
123.520935
121.489632
120.48394
123.162468
123.242126
123.023064
122.47541
123.530884
119.737137
119.518082
115.8936
116.461166
116.16246
115.724335
116.590614
114.370125
113.912086
113.37439
113.14537
112.986053
113.483925
112.796867
