Adjusted
29.320292
29.186718
29.472954
29.472954
29.787817
30.102674
29.816441
30.074053
29.577906
29.577906
29.453869
29.740108
30.236256
30.322124
30.484327
30.608366
30.894606
30.799189
31.209465
30.856434
31.238096
31.581572
30.942308
30.875523
31.295328
31.724693
32.068172
32.010929
33.012756
33.031837
32.650192
32.46891
32.344875
31.066349
31.886894
32.564316
31.581572
32.344875
32.965057
32.965057
32.793316
33.318081
33.842846
34.386711
34.20541
34.367622
34.20541
33.957348
34.310371
34.663403
34.682487
34.596607
34.701565
35.941925
34.625233
34.997345
35.407612
35.04504
35.054588
35.712944
34.567986
34.043213
32.993675
32.678818
32.850548
33.537529
33.480282
33.928722
34.520283
35.016438
32.869648
33.852379
33.194046
33.45166
34.78743
34.634777
35.025967
34.577534
34.97826
35.073669
34.777889
34.72065
34.596607
35.712944
37.897888
38.289074
38.804302
38.603947
38.670731
38.861546
39.424484
40.607605
41.523567
40.827053
41.542648
41.351826
41.428154
40.970173
40.731632
40.798424
41.27549
40.347847
40.759068
40.433914
39.907932
38.607307
37.220612
37.278004
38.310856
37.325825
36.93372
36.723328
37.775303
38.349098
39.468018
40.080067
39.592342
36.981537
36.168655
35.288826
36.359924
36.407738
37.268448
37.048481
37.55534
37.086735
37.536209
37.83268
37.55534
37.995258
38.081322
40.080067
40.443481
39.764477
39.324562
39.257629
39.267189
39.630589
40.558243
40.539112
39.831429
39.601894
39.831429
39.171558
39.305435
39.506275
40.05138
40.644314
39.927055
38.253475
37.105865
36.914589
36.579876
36.245167
35.671356
35.39402
36.197342
36.321671
35.833935
36.742462
37.124989
37.058052
36.235603
36.560757
35.429314
35.448486
35.918316
35.323841
35.275898
35.208782
35.563553
36.282692
38.1716
39.207169
39.063339
39.207169
39.149639
39.696182
39.907124
41.450859
40.415306
39.504406
39.092106
39.216755
39.207169
39.216755
39.887947
39.916718
40.89473
40.981026
40.712551
40.779667
39.58112
37.989433
37.634655
38.353798
39.063339
38.392159
36.925106
36.675816
36.85799
37.423706
37.260715
39.053741
38.689396
40.942677
41.623451
41.287857
41.690571
41.709747
41.307037
40.741314
41.057732
40.357777
40.127651
39.389343
39.149639
38.929096
38.90992
39.667404
40.539959
40.501602
40.003006
40.166008
40.156422
41.470028
40.942677
40.933086
42.047951
42.355507
41.90379
40.769699
40.510204
40.125763
40.164207
40.69281
40.990753
41.269455
40.721649
40.808132
40.856186
41.038799
40.462143
41.817291
41.586628
42.345901
43.239719
43.499207
43.470379
43.162827
43.758705
43.922092
43.662586
43.806763
43.201271
43.576107
43.777924
44.066261
44.969688
44.537201
45.796234
45.969231
45.306072
44.748638
45.315681
45.892345
45.738567
43.864426
43.56649
44.585247
43.874035
41.528965
43.306988
40.798527
41.452076
41.673126
42.7015
43.230095
42.345901
43.076328
43.749096
43.403099
44.095089
44.066261
43.835587
43.758705
43.230095
42.989826
43.066719
44.839882
45.369907
45.042259
44.300228
45.138626
45.128983
45.302448
44.888069
44.011124
43.529278
43.066715
41.197186
41.707932
42.14159
42.66198
42.555969
41.592293
40.792446
39.510742
40.532249
39.289108
38.739811
40.272057
40.551521
40.985176
40.936989
40.551521
40.561157
39.14455
39.578201
40.47443
39.45293
38.980732
38.826534
38.787994
39.375832
38.971088
39.289108
39.896221
39.790207
40.47443
38.874722
38.026688
38.653076
38.402515
38.123055
39.337284
38.836174
37.83395
37.544849
37.573761
38.103786
39.000008
38.441063
37.332836
36.47517
36.947372
37.544849
37.332836
37.593033
38.441063
38.913269
39.212013
38.574097
38.767403
38.641754
38.661095
38.632095
38.342129
38.603096
38.970383
39.38599
39.279671
39.173344
38.864056
38.467777
38.313141
37.926537
38.226143
39.173344
38.187492
37.984524
38.071507
38.351791
37.781548
38.226143
38.59343
39.047699
38.661095
39.482635
38.535431
37.926537
37.849209
36.747368
36.254429
36.67971
36.186779
36.302761
36.312428
36.737705
36.892345
37.781548
37.694561
37.346611
36.911678
35.539215
35.954811
35.993477
36.525063
36.554054
37.162975
37.945858
38.332474
38.506451
39.72427
39.956242
39.598625
39.704945
40.352512
40.342846
41.280376
41.386692
41.792641
41.763641
41.821636
41.840965
42.063267
41.869427
41.714359
41.879112
42.286182
42.111729
42.48003
42.606018
42.664169
42.257107
42.286182
42.489712
41.801579
41.510826
41.530209
42.169876
41.578674
41.307281
40.551311
40.493168
40.570702
39.727497
40.357471
39.766258
39.843803
39.019974
39.301044
39.485203
39.407665
38.641983
39.05875
38.196163
37.31419
36.577591
36.596981
37.042816
37.740635
38.932751
38.89399
39.74688
39.533657
40.279942
40.561001
40.696701
41.249142
41.035915
40.59977
41.917885
41.937263
41.132828
40.648235
41.316986
41.481747
41.316986
41.58836
41.491447
41.220055
41.452667
40.793617
41.636814
41.520512
42.489712
43.245693
44.360264
43.854958
43.757782
43.65089
43.145588
43.816093
44.321404
44.350555
44.301971
43.796661
44.554623
43.048412
43.330212
42.756886
42.339035
42.620842
43.748074
44.253384
43.806377
43.806377
43.456551
43.378807
43.514851
43.961857
43.777222
43.991013
43.52457
42.941509
41.969772
42.572258
43.952133
44.486595
44.544895
44.253384
44.369987
42.455643
43.641178
42.980392
43.087276
43.573151
43.582863
44.16592
44.059029
43.922977
44.097897
43.52457
44.583771
45.80817
45.895626
42.688862
42.076664
41.824013
43.048412
43.213608
44.272816
45.264
45.662415
45.769302
46.430096
46.643875
46.517548
46.595291
46.37114
45.708412
45.143147
46.059269
45.347809
45.191872
45.123657
43.817696
44.178295
43.866436
44.227036
44.256271
43.749481
43.944397
43.096508
43.82745
43.93465
44.987213
44.714321
44.987213
43.807949
43.223194
43.164719
45.815609
46.273678
45.513496
45.688919
45.601212
45.104164
45.201622
44.821533
44.96772
44.7533
44.938484
44.724068
43.983379
43.720245
44.538898
45.074924
45.445274
45.230862
45.571964
44.460934
44.597374
44.685089
43.466843
43.330402
43.613037
43.496086
42.950314
43.369385
43.457104
43.379128
42.960056
43.78846
44.080837
44.071102
44.168556
44.918987
44.7728
44.938484
44.987213
45.230862
45.406818
45.514351
44.83007
45.113564
45.680531
45.33839
44.771408
45.162434
44.869167
44.595455
45.064682
45.20153
45.211311
44.654114
44.751862
44.654114
44.996246
45.015797
45.700077
45.504574
44.663883
44.918045
45.592552
44.253323
44.790962
44.937603
44.986481
44.155563
44.468376
43.813423
43.725449
44.028488
44.849617
45.133106
44.233768
43.823208
43.295326
43.559265
43.129143
43.187801
46.012894
45.543671
44.624783
45.602329
46.599419
46.912231
46.67762
46.384361
46.667847
46.501667
46.306156
47.127293
47.879993
48.574047
48.740231
49.24855
49.756882
50.265198
50.881054
51.32095
49.512501
48.564274
46.00312
45.279736
46.426933
47.47607
47.397625
46.917179
45.505257
47.436848
47.985935
47.838852
49.760651
49.692009
49.897915
50.770561
50.94706
51.015686
50.878418
50.986279
50.358753
50.064598
49.388058
49.11351
48.387936
48.348717
47.142693
45.838627
46.544586
47.083862
47.289772
47.946709
47.69178
48.652676
49.309616
49.633179
49.848896
47.887882
46.711269
47.721195
47.887882
47.642754
48.18203
48.309498
51.015686
50.770561
51.025497
50.241096
50.839203
51.00589
51.309841
52.260929
51.486336
51.251019
51.82951
50.95686
50.986279
51.290234
51.780487
51.192181
50.505833
51.2216
51.6138
53.074757
53.476765
53.545395
54.23175
54.349709
54.654434
54.664272
54.035152
54.910011
55.44083
54.084301
54.978821
54.703583
54.742908
53.278244
54.202255
54.359535
54.693752
54.526646
55.116444
54.359535
52.845722
53.681274
54.339874
55.35236
55.332706
55.50964
55.401516
55.293385
54.556141
53.946678
53.288074
51.489197
48.835117
49.582188
48.992397
49.041542
46.367798
47.390114
46.387463
46.702019
46.859299
46.869133
47.7145
46.731514
47.016579
46.318653
45.984432
47.763657
47.311478
45.758347
45.59124
45.846813
44.706543
44.519772
44.834335
45.217697
44.500114
46.063076
46.937939
48.687664
48.766304
48.73682
49.405251
50.260456
50.359062
50.221012
50.457672
49.520897
50.664753
50.694336
50.684475
51.38459
50.625309
50.092823
50.20129
50.16185
50.654884
51.098625
52.153732
53.356747
53.406052
54.234356
53.849789
53.830067
53.889229
53.800484
54.234356
55.190853
55.02322
55.25988
55.683891
54.88517
54.658371
55.851524
55.397926
56.07832
56.216377
56.719276
58.020901
57.508144
57.764523
58.366028
57.557442
58.237839
57.143291
56.314983
56.571362
56.581226
56.137489
55.447227
54.638649
55.605
54.618927
54.323105
54.826004
55.358486
55.950138
56.38401
55.042942
55.200718
54.638649
55.644451
55.072517
55.782501
55.890968
56.877048
56.512199
57.981457
58.060558
57.803474
58.2682
58.011116
58.070446
58.011116
57.714485
57.002575
57.76392
58.109997
57.902355
56.369759
55.707287
55.341438
55.301888
55.776497
55.855606
56.992683
56.923473
56.518078
56.201672
55.114025
54.4911
55.519421
56.073128
57.318981
57.447517
57.111336
57.932018
58.119881
59.533825
60.413826
60.374279
60.690685
60.641251
60.6017
60.61158
60.453381
60.898323
59.454723
59.77113
60.117199
60.92799
61.066414
63.123058
62.55946
62.88575
62.480358
62.727554
62.747326
63.034069
63.241711
63.152721
63.231827
63.320812
63.172493
63.162613
62.252937
61.748672
61.867321
61.995865
62.124405
63.014297
62.548401
62.964733
62.845779
63.272022
63.103512
63.004383
63.272022
63.232372
62.449276
61.973476
61.388634
58.206696
58.484241
57.691235
56.99736
57.324471
55.609596
55.956535
55.926796
56.531464
57.691235
58.157127
58.167046
58.474335
58.028267
57.40377
57.592106
56.521553
56.650421
55.986275
57.03701
55.213093
55.609596
54.301128
55.044579
54.648075
54.558865
55.123878
54.330875
53.418911
53.6469
53.815418
54.885971
51.852726
52.695297
53.547775
53.260311
54.152447
52.873722
52.675468
52.378094
52.397919
54.073147
53.914543
54.221832
55.252743
54.757114
55.589771
56.610767
55.669071
56.898235
57.086571
57.562374
56.409336
56.737358
57.015675
55.842758
55.862637
54.818943
53.496922
53.477043
54.640022
54.818943
55.335815
56.101196
56.031616
54.938221
55.09726
55.683716
54.27224
54.928276
54.818943
54.570442
55.057499
54.649963
54.649963
54.888523
53.854763
53.725544
53.139088
