Adjusted
40.639999
40.334999
40.349998
40.605
40.799999
41.419998
41.599998
41.490002
41.450001
40.235001
40.235001
40.540001
40.619999
40.865002
40.615002
40.200001
40.424999
40.389999
40.470001
40.459999
40.154999
40.674999
40.044998
40.404999
40.16
39.98
40.240002
40.419998
40.27
40.275002
40.080002
40.435001
40.509998
40.345001
39.75
40.119999
39.794998
40.380001
40.669998
41.119999
40.75
41.41
42.294998
41.98
42.035
42.355
42.345001
42.349998
42.435001
42.645
42.724998
42.509998
42.540001
42.880001
42.654999
43.044998
42.855
43.259998
43.16
43.93
43.505001
43.525002
42.915001
43.119999
42.419998
42.830002
43.115002
44.174999
44.195
43.915001
42.855
43.740002
43.369999
43
43.66
43.834999
44.134998
44.665001
45.084999
45.064999
45.419998
45.555
43.465
43.150002
43.400002
43.259998
44
44.365002
44.494999
44.759998
44.695
44.900002
45.130001
44.474998
45.294998
45.099998
45
44.674999
44.400002
44.044998
44.695
43.895
44.25
43.580002
43.605
43.154999
42.605
42.740002
43.259998
43.209999
43.330002
42.965
43.945
43.490002
43.945
44.32
44.080002
43.014999
43.25
42.724998
43.209999
43.369999
44.029999
43.705002
43.645
43.424999
43.959999
44.48
44.724998
44.735001
45.145
45.57
45.529999
45.619999
45.514999
45.48
45.805
45.889999
46.075001
45.939999
46.005001
46.355
46.395
46.200001
46.255001
48.119999
48.439999
49.09
50.174999
50.395
50.48
50.575001
50.560001
50.735001
50.77
50.5
49.615002
49.674999
49.41
49.584999
49.150002
49.555
49.735001
49.404999
48.25
48.110001
48.18
48.134998
48.27
48.849998
48.849998
49.285
49.759998
49.990002
50.525002
50.075001
50.185001
50.619999
50.955002
51.474998
50.970001
50.919998
50.450001
50.904999
50.709999
50.470001
50.544998
50.525002
51.27
50.895
50.16
50.5
49.709999
49.27
49.18
50.209999
50.865002
51.185001
50.970001
51.855
52.115002
52.310001
52.685001
53.115002
52.68
52.799999
53.150002
53.330002
53.32
52.595001
52.365002
52.424999
52.549999
52.345001
52.654999
51.93
52.810001
52.689999
52.814999
53.595001
53.599998
54.305
54.744999
54.52
54.150002
54.990002
55.055
54.75
55.130001
55.375
54.945
55.5
55.049999
54.555
54.139999
55.580002
55.560001
55.564999
55.195
55.990002
55.919998
56.689999
56.610001
57.470001
57.27
57.830002
58.389999
58.369999
58.880001
58.610001
58.720001
59.049999
58.200001
58.040001
58.110001
58.400002
58.709999
58.610001
58.299999
57.389999
57.98
57.799999
57.389999
57.25
57.119999
58.389999
57.75
56.400002
55.900002
56.779999
56.209999
56.779999
56.049999
54.400002
55.52
55.73
54.849998
55.23
54.779999
55.549999
55.860001
56.09
56.119999
57.009998
56.970001
57.18
57.369999
57.560001
57.5
57.639999
57.990002
58.049999
57.630001
59.18
58.279999
58.66
58.779999
58.650002
58.630001
58.619999
57.459999
57.240002
58.169998
58.43
58.110001
58.439999
57.75
56.580002
56.32
55.689999
55.41
55.889999
56.689999
57.290001
57.68
57.759998
57.299999
56.43
56.759998
57.040001
55.799999
55.049999
55.529999
56.209999
57.119999
57.580002
57.18
57.080002
56.610001
56.669998
55.889999
56.790001
57.5
60.779999
60.91
61.580002
61.740002
61.529999
61.689999
61.529999
61
61.599998
61.27
60.490002
59.689999
59.48
59.880001
59.23
59.299999
59.290001
59.830002
60.189999
59.889999
60.290001
60.110001
60.43
60.950001
60.779999
61.07
61.200001
61.240002
60.84
60.450001
59.540001
59.91
59.52
59.669998
60.18
60.200001
60.41
60.310001
59.959999
60.610001
60.619999
60.380001
60.32
61.209999
60.700001
61.080002
60.84
60.860001
60.959999
60.91
61.220001
61.509998
61.900002
62.040001
61.950001
62.869999
62.650002
62.66
62.380001
62.779999
62.669998
62.349998
62.360001
62.549999
61.669998
61.439999
61.41
60.849998
61.27
60.82
61.389999
61.669998
61.52
62
62.369999
62.720001
63.52
63.919998
64.300003
64.220001
64.230003
64.529999
64.440002
64.169998
64.349998
64.470001
64.650002
65.050003
65.239998
65.620003
65.489998
64.989998
65.290001
65.279999
64.940002
65.019997
65.18
65.150002
65.540001
65.699997
64.93
64.480003
65.480003
64.010002
64.349998
64.529999
64.639999
64.32
64.349998
65.139999
64.5
63.189999
64.800003
63.669998
62.919998
62.360001
62.970001
61.73
61.709999
62.77
62.91
64.550003
64.18
65.089996
66.040001
66.120003
67.260002
67.690002
68.57
69.480003
69.669998
69.150002
69.879997
69.980003
69.459999
70.07
69.839996
69.849998
70.370003
70.089996
70.309998
70.5
70.410004
70.43
70.059998
70.629997
70.489998
70.900002
71.489998
71.209999
71.260002
71.470001
70.900002
71.370003
70.790001
70.470001
69.440002
69.93
68.349998
68.970001
68.760002
70.050003
71.690002
71.32
72.370003
73.029999
72.650002
72.550003
72.339996
71.989998
70.970001
70.620003
69.82
69.889999
70.839996
72.279999
72.07
71.970001
72.220001
71.790001
71.720001
73.040001
73.150002
72.419998
73.629997
74.059998
74.309998
73.239998
72.839996
73.870003
72.529999
73.440002
74.489998
75.800003
77.120003
76.980003
76.470001
77.5
77.690002
78.449997
78.699997
78.739998
79.050003
79.050003
79.050003
78.809998
79.040001
78.900002
78.639999
78.07
78.870003
78.5
77.980003
77.959999
77.529999
78.139999
76.730003
76.949997
78.239998
77.400002
78.669998
78.57
79.839996
80.18
80.290001
80.239998
79.599998
77.830002
78.43
78.400002
79.730003
79.400002
79.580002
79.629997
79.830002
79.32
80.300003
80.010002
79.059998
78.949997
78.610001
78.879997
78.650002
77.43
78.160004
78.550003
78.93
79.75
79.269997
79.110001
79.519997
78.82
77.599998
78.660004
78.620003
77.480003
78.889999
79.199997
80.139999
80.209999
79.980003
80.190002
80.879997
80.980003
81.459999
81.010002
81.110001
80.900002
80.57
79.760002
80.779999
80.790001
80.150002
80.559998
80.470001
81.379997
80.199997
80.220001
79.589996
79.239998
80.419998
80.980003
80.32
79.559998
80.629997
80.93
82.690002
85.269997
86.040001
85.699997
85
84.879997
85.010002
82.830002
82.830002
84.110001
83.849998
84.309998
84.959999
83.410004
84.449997
86.349998
87.089996
87.400002
87.190002
88.230003
88.040001
88.139999
87.349998
87.970001
86.669998
85.989998
85.059998
85.639999
87.809998
87.580002
86.860001
87.32
87.75
88.540001
87.050003
87.510002
88.839996
88.050003
88.529999
89.160004
89.580002
90.110001
90.279999
89.800003
88.419998
84.870003
81.410004
80.07
84.629997
86.559998
86.779999
85.269997
82.870003
85.18
85.730003
84.110001
86.57
85.110001
85.919998
86.07
85.209999
86.699997
87.300003
87.599998
86.529999
87.809998
86.279999
87.379997
87.639999
87.779999
84.529999
84.760002
86.610001
87.510002
88.220001
89.360001
88.410004
89.550003
91.339996
92.18
92.440002
91.57
90.93
91.029999
91.949997
92.760002
92.870003
92.589996
94.510002
95.75
95.540001
95.43
96.589996
96.709999
96.510002
96.769997
95.639999
95.739998
95.940002
95.900002
95.309998
96.389999
96.470001
95.440002
94.379997
95.559998
95.57
96.019997
96.660004
96.790001
96.260002
95.230003
95.419998
95.739998
96.239998
97.199997
95.870003
93.769997
95.449997
94.599998
94.669998
93.18
93.629997
91.739998
93.43
93.93
93.639999
92.910004
91.459999
92.379997
92.940002
93.449997
93.059998
93.139999
94.18
92.959999
91.459999
89.5
89.910004
89.230003
88.209999
87.529999
87.940002
89.309998
86.830002
89.029999
87.339996
89.040001
88.949997
89.639999
91.489998
90.160004
91.400002
90.449997
91.019997
94.559998
94.370003
93.040001
94.800003
96.529999
94.589996
91.809998
92.089996
92.709999
91.68
93.07
94.349998
95.860001
96.32
96.650002
97.919998
97.190002
98.290001
99.470001
97.980003
95.629997
98.339996
97.279999
97.290001
97.160004
96.57
95.830002
96.459999
96.43
98.139999
98.410004
98.809998
99.919998
100.629997
101.580002
100.419998
99.919998
100.309998
99.769997
99.510002
101.690002
102.080002
102.580002
103.370003
102.419998
100.970001
101.760002
100.300003
100.459999
99.75
100.209999
100.290001
99.669998
99.779999
100.830002
100.739998
99.559998
98.410004
98.040001
98.879997
98.900002
99.199997
98.339996
97.720001
99.099998
98.690002
98.959999
99.25
102.639999
103.620003
105.550003
105.360001
105.239998
103.849998
104.25
103.150002
102.459999
101.779999
102.440002
101.860001
104.370003
103.989998
104.260002
105.129997
105.330002
105.910004
106.650002
106.059998
106.629997
106.510002
107.400002
107.339996
106.379997
105.610001
105.75
105.760002
106.279999
104.43
105.360001
105.440002
104.440002
105.629997
103.25
102.449997
104.779999
106.440002
108.730003
108.910004
109.43
108.709999
108.43
109.690002
110.300003
110.190002
110.57
110.550003
110.339996
110.260002
110.389999
110.910004
109.93
110.480003
110.349998
110.919998
110
110.709999
110.360001
110.349998
109.410004
104.449997
105.580002
105.190002
103.989998
104.190002
104.190002
103.389999
103.360001
102.970001
101.540001
102.779999
102.510002
102.540001
102.839996
104.120003
102.720001
103.019997
103.470001
103.279999
102.940002
103.050003
103.800003
104.339996
103.699997
103.129997
102.269997
100.279999
101.160004
99.330002
98.379997
99.93
99.209999
99.300003
99.339996
101.5
102.330002
101.190002
100.25
100.610001
100.230003
99.720001
99.470001
99.75
98.889999
99.690002
100.809998
99.980003
100.540001
99.129997
100.089996
99.730003
100.059998
99.849998
100.059998
99.809998
99.650002
99.160004
100.510002
99.720001
99.989998
96.75
98.330002
98.480003
98.559998
98.660004
98.110001
97.93
99.559998
100.169998
100.510002
99.800003
100.540001
100.120003
101.540001
103.209999
105.059998
104.290001
105.440002
106.309998
107.599998
107.230003
106.610001
106.540001
104.620003
103.32
103.370003
103.629997
103.25
104.82
104.709999
104.790001
104.82
106.099998
106.029999
107.269997
107.029999
107.349998
109.07
108.57
107.610001
108
108.139999
107.199997
107.279999
106.279999
