Adjusted
22.030483
22.406113
22.180738
22.086828
21.917797
21.99292
21.880234
21.711201
21.673641
22.133781
21.964754
22.039873
22.387329
22.631487
22.406113
22.65966
22.716005
22.706612
22.800522
22.781738
22.321598
22.180738
21.889627
22.377937
22.237078
24.443884
24.885242
24.866467
25.063669
25.354776
25.156914
25.194601
25.411308
25.119228
24.440838
24.911942
24.459677
24.648125
24.921364
24.8083
24.69523
24.563324
24.8083
24.845985
25.119228
25.364201
24.968475
24.911942
24.770613
24.67639
24.497368
24.403151
24.478527
24.535057
24.403151
24.318352
24.13933
24.280659
24.252394
24.506796
24.308926
24.252394
24.242973
24.403151
24.101641
24.158175
24.195864
24.497368
24.506796
24.13933
23.347878
23.206545
22.650648
22.358562
22.170122
22.575266
22.735441
22.77313
23.046373
22.377403
22.754286
22.905039
22.707174
22.801397
23.036951
23.055796
23.281923
23.281923
23.24423
23.404409
23.131174
23.24423
23.357304
23.385672
23.489691
23.41404
23.177624
22.941219
22.922306
22.837196
23.328932
23.168167
23.177624
23.035778
22.704807
22.799374
22.657528
22.827745
23.07361
23.035778
22.780457
22.421118
22.827745
23.111433
23.593712
25.049995
24.82304
24.189465
24.331308
24.075985
24.340765
24.747393
25.333693
25.503902
25.8727
25.768684
25.976725
26.392805
26.93182
27.215515
27.319527
27.537029
27.603226
27.763981
27.461376
27.565395
27.461376
27.395182
27.499201
27.423548
27.508661
30.175362
30.676554
30.156448
30.364494
30.704922
31.035896
31.915342
31.357412
31.243933
31.092636
30.875139
31.196661
31.376322
31.395241
31.120998
30.523613
30.5331
30.305521
30.428793
30.54258
31.234789
30.637402
30.675331
29.708138
29.878815
30.12536
29.660725
29.69865
30.258108
30.267593
30.0495
30.362413
30.713263
30.637402
30.229664
30.201218
30.239147
30.210697
30.258108
30.485685
29.954678
29.556421
29.945189
29.565901
29.850368
29.69865
29.774515
30.021051
30.058983
30.684813
30.732224
30.457235
30.144323
30.021051
30.5331
30.978767
31.452885
27.109982
26.901373
27.489269
27.906494
27.403929
27.527197
27.29014
27.176355
27.062572
26.71172
27.109982
27.053083
27.005671
26.910845
27.005671
27.100494
26.891886
26.759129
27.555643
27.754778
27.536678
27.991835
28.067923
28.086948
27.953785
27.744539
27.658936
28.153528
28.286684
28.267664
28.400818
28.31522
28.220104
27.915743
28.124992
27.972815
27.620892
27.944279
27.563824
27.620892
27.192881
27.373598
27.297506
27.069231
27.316528
27.36409
27.268972
27.716005
28.124992
28.039391
28.220104
28.305708
28.296194
28.629097
27.687473
27.601871
27.582848
30.255527
31.292265
30.911808
30.721581
30.873764
30.930832
31.615648
31.615648
31.80588
32.214859
32.500206
32.338512
31.073498
30.902302
31.092522
30.60745
31.168613
30.16993
29.247326
29.656317
29.447065
30.616957
29.209284
28.99052
29.608759
29.589741
29.437559
29.475721
29.981455
29.752447
30.678038
31.288729
31.489117
31.317358
31.784922
31.670418
32.576927
32.653267
33.111286
33.397552
33.607475
33.569313
33.531139
33.302128
33.273502
32.71051
32.567383
32.767769
33.025406
32.815479
33.063576
33.569313
33.578854
33.588387
33.407097
33.178082
33.636097
34.351772
35.04834
35.115139
35.305981
34.886124
33.836483
33.302128
33.884201
32.891815
32.681885
32.968159
33.49297
33.712444
34.065502
34.704826
35.525444
35.162849
35.487278
33.445259
32.386074
32.309738
32.481506
32.977699
33.426178
33.197163
32.815479
32.19524
32.338367
32.586468
32.929981
32.576927
32.109364
31.928057
31.985477
32.282181
32.052471
32.349167
32.665005
32.904274
33.26796
33.449814
33.440235
33.411526
33.325386
33.325386
33.401958
33.803925
34.225037
34.579163
34.406879
34.320747
34.10062
34.225037
34.091045
34.349461
34.215469
33.995346
33.899628
33.775223
33.210541
33.038261
32.904274
32.932991
33.23925
33.497662
33.430672
33.631649
33.497662
32.818146
32.693714
32.444881
32.234318
32.119473
32.167324
31.87063
31.133684
32.081192
32.186466
32.751148
32.645878
33.11483
33.143551
33.095695
32.818146
32.9617
31.85149
31.564369
31.899343
31.908915
32.157745
32.014194
32.282181
32.291752
32.109901
32.521446
32.320457
32.205269
32.627628
32.627628
32.637234
32.51244
32.214867
32.560436
32.627628
32.426056
32.31086
32.43565
32.397255
32.43565
32.272461
32.099678
32.09008
31.984486
32.282066
32.24366
32.099678
31.830896
31.821302
32.080482
32.176476
31.706114
31.322144
30.890182
31.024567
30.458214
30.400623
30.400623
30.083849
29.383106
29.517496
29.431105
29.363911
28.52878
28.61517
28.010426
27.48247
27.223291
27.626455
28.154411
28.029623
27.885633
28.029623
28.605576
28.336796
28.903149
30.755793
30.76539
31.206947
31.264545
31.619711
32.186069
32.416454
32.474052
32.685226
32.944405
32.426056
31.878889
31.667715
31.658119
31.139753
30.966436
30.976067
30.783489
30.639057
30.330935
30.340563
30.456114
30.648687
30.600544
30.552399
29.820602
29.897635
30.176872
30.38871
30.667944
30.273163
31.505653
30.947182
31.178278
30.754601
30.571655
30.340563
31.168644
31.852293
32.179676
32.218189
32.150795
32.102646
32.083389
31.813776
31.630825
31.110874
30.995321
30.311676
29.512482
29.753199
30.090212
29.772461
29.310274
29.117697
29.021414
28.694027
28.896233
29.031036
29.185099
29.753199
29.714687
29.916893
30.147984
29.406563
29.387306
29.079184
29.262133
30.04207
30.03244
30.619799
32.709263
32.352989
32.044868
31.524912
32.006359
31.784887
31.293819
31.090929
30.781757
31.032959
31.013638
31.061947
31.168215
31.090929
31.18754
31.709269
31.622316
30.714125
30.868711
30.598186
30.79142
30.211721
30.066801
30.443602
30.144093
31.18754
30.859051
30.443602
30.211721
30.743109
30.810741
30.32766
29.834921
29.912214
30.076462
30.501572
30.221388
30.105446
29.921877
30.086123
30.124771
29.863909
30.221388
30.144093
29.5644
29.786615
30.182741
29.603045
29.071657
29.197258
29.197258
29.419476
29.863909
29.496769
29.844582
30.095785
29.941202
29.844582
30.202063
30.453264
30.202063
29.950861
30.221388
30.482246
30.462925
30.540218
30.723787
30.839727
30.646494
30.84939
30.781757
30.830231
30.675114
30.636333
30.054626
30.122494
30.025543
29.618353
29.598961
29.560181
30.07402
29.647436
29.783167
29.744389
29.928595
30.393955
30.36487
30.200054
30.01585
29.99646
30.112801
30.490906
30.442429
30.297003
30.112801
29.928595
30.297003
30.587854
30.258226
29.880119
30.122494
29.909204
29.947983
30.09341
29.453535
29.162683
29.637741
30.141884
30.083714
29.783167
29.705606
29.279026
29.240246
28.823357
28.959089
28.959089
29.831644
29.327501
29.385672
29.676523
29.889812
29.851032
29.783167
29.511703
29.812252
29.812252
30.122494
31.014437
30.355177
29.754084
29.511703
29.608656
29.637741
29.44384
29.220045
28.801641
27.974567
26.758282
26.330151
26.884775
27.848078
27.799423
27.857805
27.264259
27.526976
27.614544
27.147495
28.188631
27.886995
27.809155
27.643738
27.449131
27.799423
27.984299
27.886995
27.595087
27.546434
27.059919
27.011272
26.719362
26.836124
26.369074
26.709631
27.235067
26.816662
27.439402
27.848078
27.653471
27.799423
27.994028
27.896729
27.770231
27.468594
27.28372
27.507513
27.069653
26.904236
26.952888
26.709631
26.952888
26.923697
26.719362
26.27177
25.30847
25.756063
25.950668
26.777744
26.660976
26.583138
26.6026
26.836124
25.989588
25.999321
26.057703
25.512806
25.327932
27.945375
28.315128
28.949999
29.155109
29.194176
29.213711
29.467659
29.506725
29.565332
29.848581
29.848581
29.692307
29.233246
29.721607
29.174643
29.008598
28.803488
28.66675
28.490938
27.865839
28.344431
28.559309
27.787703
27.32864
27.54352
27.963509
28.305361
28.002579
27.787703
28.002579
27.680262
27.416544
28.080715
29.604399
29.74114
29.321152
29.575098
30.43461
30.376009
30.551821
31.001112
30.532286
29.516495
29.477427
29.125805
29.711838
29.467659
28.823023
28.217455
27.826769
28.559309
28.66675
27.914671
27.826769
28.012344
27.699793
26.957485
28.090483
27.865839
27.953741
28.617912
29.555563
30.281212
29.879162
30.232183
30.575396
30.545977
30.634232
30.418497
30.447918
30.359661
31.301046
31.183374
31.673679
31.732515
31.801161
30.957832
31.379498
30.771519
31.448137
31.330465
31.134344
31.399107
31.771744
31.830576
32.713123
33.056335
32.722927
32.467972
32.644482
32.487579
33.124981
32.311081
32.340492
31.997282
31.771744
32.056118
31.497168
31.438334
31.761932
31.850189
32.281654
32.183598
32.04631
32.193405
32.330685
32.360107
32.144367
32.664097
33.262264
30.702875
30.232183
30.153734
29.624205
29.967419
30.555784
29.82033
29.888971
29.790909
29.977226
30.094896
30.016449
29.76149
29.643818
29.888971
29.006422
29.104881
29.28211
29.479033
29.547955
30.158407
30.109177
30.168255
30.414404
30.670401
30.503019
30.74917
30.621172
30.759016
31.083937
31.044552
30.926399
30.493172
30.867325
30.74917
30.640865
30.768864
30.089487
30.286407
30.42425
30.680248
31.064243
29.370726
28.632273
29.232882
29.705492
30.473482
30.571939
30.483328
30.857477
30.955936
31.310394
31.527008
32.107925
31.605774
31.576237
31.536852
32.068539
32.127617
32.354076
32.344227
32.718376
31.773157
32.235924
31.940538
32.393459
32.078384
31.763313
31.379318
31.113474
31.162704
31.310394
30.936245
31.054398
31.103628
30.877169
30.443943
30.503019
30.079639
30.287222
30.05987
30.524458
30.326763
30.267454
30.939621
30.791351
30.712271
30.87043
30.484921
30.475033
30.50469
30.692501
30.741928
30.692501
30.662848
30.346533
30.732042
30.475033
30.109293
30.603539
30.643078
30.969278
30.781466
31.09778
31.147207
31.186743
31.068127
31.414097
31.335018
30.949507
31.058241
31.226284
30.435497
30.484921
30.336647
30.020332
30.069757
29.526089
29.160347
28.903341
28.942883
28.646336
28.972534
28.962652
28.883572
28.63645
28.844032
29.031845
31.957767
32.036842
32.313618
32.54097
32.452011
32.343277
31.799604
31.56237
31.819376
31.957767
33.074753
33.806236
34.290592
35.061615
34.873798
34.953148
35.082088
34.794449
35.161442
35.062252
35.230869
35.349888
34.982903
34.96307
35.617695
35.300301
35.240788
35.419319
35.627613
36.044197
36.351673
36.470695
36.450855
36.381428
35.905334
36.222729
35.925171
35.865658
36.06403
35.895412
35.77639
36.272324
36.421101
35.98468
36.06403
35.895412
