Adjusted
57.317493
56.725521
56.87587
56.669151
56.35907
57.063793
58.849102
58.416866
58.322903
58.81152
58.961864
59.290726
59.488049
60.145786
59.845116
60.709579
62.072033
61.808933
61.996853
61.085426
60.916283
61.855923
61.179382
61.583431
61.310936
60.794132
59.863899
59.600807
59.732349
60.18338
60.671989
60.615608
62.278755
60.455868
59.694759
60.18338
57.740341
57.655769
58.755131
58.312382
57.002941
56.550751
58.058025
59.113117
59.734856
60.582695
60.252983
60.13052
60.083408
61.034885
60.742851
59.866741
59.819645
60.318928
59.942116
61.17617
60.57328
61.694302
61.468231
62.485607
61.647209
60.55444
58.321804
58.237007
58.434837
58.830502
59.047169
58.943542
59.273254
56.72974
52.094894
53.357235
52.066639
51.181114
51.020969
52.066639
51.228226
53.055782
53.347824
53.112312
53.178253
53.677528
52.895638
54.120285
56.334091
56.607285
56.92757
58.208752
58.095695
58.321804
57.068882
58.255852
58.679775
58.406582
60.827625
62.438519
62.165333
61.2327
61.166759
59.989212
60.535599
59.725445
60.33931
59.697094
59.59322
59.187119
58.157688
58.743237
59.366558
59.574329
58.148247
56.863827
57.742146
57.609928
58.847118
59.763218
58.771561
56.674938
56.82605
55.352753
55.853298
55.588852
56.410507
56.013851
55.739967
55.059978
55.031643
55.333858
54.540546
55.730511
55.994965
57.836594
58.072697
58.403244
57.770481
57.864922
58.809345
59.347664
59.508221
59.451565
58.828236
58.648792
58.176582
56.948822
57.354931
59.083233
61.425415
62.832592
62.993149
61.90707
61.585949
62.369831
62.31316
61.90707
62.152622
62.738152
62.28484
62.51149
61.444302
61.434853
61.623726
62.596493
62.407604
62.785374
61.132629
60.735973
60.499283
60.054295
60.15844
60.717037
61.540741
61.143093
62.383389
63.169209
63.576313
64.115967
63.633114
64.248528
64.418945
66.189423
67.647461
68.177673
67.145676
67.533852
68.073524
68.196602
67.268768
67.18354
68.101921
69.304344
68.064056
68.04512
67.495995
65.981148
65.89592
67.922035
69.096046
69.815598
68.878281
70.203789
71.529259
73.082001
72.61808
72.94944
72.400314
72.788483
72.248817
72.494987
72.788483
71.96479
70.270035
70.913857
71.775436
72.154144
72.580193
71.642876
73.773148
73.706871
73.35656
74.871414
75.127029
75.136513
73.886772
72.939972
72.163605
73.848885
74.445343
74.123459
74.672577
74.160278
73.818741
73.923096
73.296967
72.879532
72.253395
73.43927
72.917465
73.666946
71.712624
71.001099
70.953651
72.044685
71.911842
73.94207
74.786438
75.298737
74.966682
75.203865
75.877434
75.668716
75.782562
76.171555
74.824379
75.090027
74.530281
75.308205
75.222832
74.757973
74.852844
74.036964
75.403091
76.332825
76.31385
77.841255
78.685608
79.359184
76.930489
73.505684
72.78466
73.486687
72.215439
72.433632
72.06366
70.004959
71.352119
71.020065
72.130043
73.249512
73.429794
73.666946
75.801544
74.824379
75.583336
76.019745
76.133591
75.905899
75.12796
74.88131
73.771317
74.312073
74.150803
73.903465
73.17099
74.578873
74.331543
76.215042
75.805992
74.826195
73.475403
72.723885
71.335052
70.707245
71.344574
73.142464
71.715569
71.772644
72.88562
72.790489
73.522949
72.352905
72.029495
72.685852
73.941528
73.732239
73.874931
74.398125
73.874931
72.17218
72.390968
73.589539
72.238762
70.840408
71.182854
72.143623
73.551498
74.074707
73.713211
74.179337
73.798828
73.17099
72.038994
71.420677
71.19236
72.010452
71.858261
71.772644
70.659676
70.773819
71.810699
71.610931
71.439705
72.657318
72.961723
72.200714
70.593094
69.651321
70.117462
69.423027
70.488441
70.212563
70.497955
71.648979
71.667999
71.924835
71.619583
71.896225
71.447884
71.581451
73.699112
75.740486
75.654633
75.559235
74.834267
73.899429
74.061607
73.432014
74.233299
73.899429
73.784958
74.901047
74.319145
72.859673
72.935989
72.897827
73.336632
73.355721
74.595795
74.319145
75.34938
74.338234
73.956665
74.424095
74.004364
73.451096
74.233299
74.357315
74.15699
72.783363
73.222153
73.279396
73.832657
74.204674
73.86129
72.516266
72.211014
71.161705
71.581451
69.511452
69.873947
69.616379
68.90094
68.53846
67.84211
68.881866
69.63546
68.910484
69.73085
69.66407
68.920029
70.57029
70.274567
70.866013
70.694305
70.522583
71.5242
71.905769
71.581451
71.047249
70.683731
70.597641
70.09063
69.621902
70.454147
70.061935
68.923576
67.172989
67.670418
66.952965
66.723381
66.627716
66.627716
67.450394
67.22081
65.565887
65.211937
64.953651
63.834431
64.714508
64.446648
63.891815
63.030869
62.839558
63.136097
63.145664
61.15593
62.437775
61.088959
60.151489
59.051384
58.869637
58.974865
58.44873
59.548824
59.673183
61.15593
58.946156
61.806412
62.131657
62.370808
63.719627
62.686493
63.53788
63.461342
62.925648
61.002865
62.657791
62.820423
63.413517
63.097832
63.040447
63.088276
62.265579
61.892506
60.849815
63.078712
63.451771
64.657097
66.235512
65.365005
65.699806
63.824863
59.487343
57.817585
59.093891
60.370197
59.544914
59.871189
57.472118
58.067089
55.610443
55.994286
54.583645
54.382118
54.017456
55.610443
57.174644
57.481716
57.232212
58.115074
57.86557
58.086285
59.084297
58.508522
58.182243
58.239819
56.19582
55.658421
55.524078
57.251404
55.380135
53.911903
53.384109
51.829502
50.572395
51.848698
52.242142
53.50885
52.74115
52.117397
52.894695
51.97345
50.102177
50.898666
51.426468
53.345718
54.430107
52.155781
53.470474
52.856316
53.825535
53.403309
53.24976
54.084633
55.447308
55.245781
56.704422
57.040287
56.934731
56.666035
56.85796
56.790787
55.773579
55.86026
56.322552
56.245502
55.74469
55.95657
55.176456
55.735054
54.897152
55.012726
55.763954
54.598591
55.292027
55.05125
56.129925
54.675636
55.176456
55.74469
56.101036
55.349812
55.349812
54.666
55.754322
55.05125
54.675636
55.465385
56.727055
56.804108
56.736687
56.958202
56.948574
56.187721
56.842636
58.942215
57.902042
57.324181
57.555325
57.5457
57.959835
58.325825
57.892418
58.585854
58.35471
58.720695
57.92131
56.534439
56.553696
56.688538
56.727055
56.467018
57.459019
57.709427
57.093037
57.825001
57.728687
57.044888
56.78484
56.36108
56.601856
56.717422
55.831367
54.540802
54.868259
54.386703
54.348042
54.61871
55.179401
55.237408
53.913025
53.78735
53.352333
53.255669
53.826019
53.584347
53.226665
52.839977
53.332996
53.371666
53.884018
53.739017
54.096699
54.16436
53.729351
52.839977
52.743313
51.206253
51.244919
51.167587
51.148254
50.220222
50.780907
48.741158
48.857174
49.050503
49.746529
50.181549
48.934502
49.060165
48.596157
48.199806
48.1418
47.890465
47.059097
46.459736
46.237404
47.474781
48.712162
49.205181
45.193363
45.522038
45.000011
45.647713
46.459736
45.879719
47.213764
46.488739
47.233105
46.073063
46.43074
46.624077
46.00539
45.966724
44.323318
43.47263
41.916237
41.268547
41.877563
43.607967
44.129986
44.304798
42.799488
43.071415
43.265652
42.401306
43.780365
43.187958
43.595844
43.935753
43.819218
43.644402
44.159122
43.382187
42.041977
42.343033
41.604946
40.49781
40.876568
40.925129
39.759727
40.157898
41.12907
40.264725
41.177628
43.255928
44.236824
44.936062
46.004349
46.043194
45.732414
45.237122
45.373089
46.062614
43.372475
43.353046
44.052292
43.401611
44.042583
44.877789
44.217392
42.712074
45.858677
45.207985
46.431664
47.88842
48.733337
48.76247
49.014977
47.723316
47.703896
47.451393
47.762165
45.645012
45.363373
46.460796
45.664436
46.994942
47.461102
46.761864
46.664745
47.00465
46.460796
46.92696
47.404907
47.736546
47.12204
47.12204
46.907452
46.175896
44.761547
44.205566
44.371384
43.903187
43.844666
45.259007
45.951553
44.985893
44.615238
45.141956
45.971062
47.453686
47.512203
46.92696
47.151302
46.595322
46.058846
46.536797
45.629662
44.381138
43.386219
42.264503
40.801384
41.357368
40.645317
41.045246
40.918438
40.157612
40.099091
40.303928
41.835316
41.308598
42.908272
41.864578
42.479088
43.786137
43.513023
42.800972
42.3913
43.834904
43.73737
41.728024
42.098679
41.659748
40.7136
42.566883
43.883678
45.288269
45.317535
44.264091
45.844254
44.937122
45.005402
44.878593
45.658928
45.110233
46.795498
47.657726
47.902679
48.177025
50.714718
49.979866
49.196026
48.833496
50.381588
50.65593
50.117039
51.537754
53.683533
54.095043
53.801105
54.134243
53.066254
53.027061
52.791908
52.899685
53.262215
52.61554
52.429379
51.527958
50.998863
50.76371
50.009266
50.234615
50.352192
51.704323
52.086445
51.812107
51.547554
51.645535
52.517559
52.066853
52.635136
53.18383
52.311806
53.389587
54.398788
53.18383
53.556152
53.869694
53.879494
53.125046
53.575752
50.744114
50.146431
50.753914
50.548157
50.293411
49.029457
50.117039
49.578144
49.000057
48.382782
48.960869
49.156826
49.999462
51.714119
51.537754
51.645535
51.920982
51.330746
51.665215
51.557003
52.235771
52.560398
53.160473
52.491543
51.261883
50.081413
49.697765
49.83548
49.943691
50.071579
50.730675
50.494583
50.661816
52.117725
47.986084
45.38905
46.166195
47.759827
48.477943
48.438595
47.976242
48.694363
49.235413
50.730675
51.193024
52.324306
52.019356
52.334141
52.176746
52.127563
52.039028
52.570236
52.383331
51.684887
51.871796
52.658772
53.091614
52.826008
52.648933
52.176746
51.980003
52.02919
52.078369
51.09465
50.701164
51.143837
51.015957
51.173347
50.573277
51.173347
50.819206
51.045464
51.704559
51.694725
51.517654
52.432514
52.117725
52.019356
52.078369
52.216099
51.734074
51.259991
50.894554
51.497028
50.598251
50.943943
50.450104
48.790821
49.630337
48.968601
48.395752
48.721684
48.020435
48.859959
47.941425
48.751312
49.580956
48.573532
48.534027
48.64267
49.926636
50.064911
50.687145
49.857502
49.729107
50.697021
50.716774
50.045158
50.53899
49.383419
49.897011
49.699474
48.790821
49.146381
49.906883
49.452557
48.741436
48.909344
49.245148
49.156258
50.02541
50.045158
51.467403
51.348881
51.250114
50.855049
51.151352
44.247547
44.306808
44.030258
48.504395
49.778492
48.524151
50.874802
51.279743
50.173553
50.64764
50.706898
51.605679
52.148895
53.551384
54.143982
53.393353
52.119263
53.061295
52.942299
52.991879
53.130711
53.438107
54.211567
55.530415
56.660854
56.482365
56.194794
55.302341
54.548714
54.509056
53.715759
53.408363
53.705845
53.170372
53.061295
53.358784
52.565487
52.030018
52.079597
