Adjusted
56.432106
55.94775
56.156681
56.935452
57.372341
58.50248
58.74942
58.312546
58.227066
58.08461
57.771206
57.771206
57.562271
58.284054
57.818695
58.198566
58.758904
58.293549
58.682934
58.445511
58.379017
59.28125
58.996334
59.452198
58.739914
56.764519
56.812004
56.223171
55.20697
55.852783
56.042728
56.479588
56.337132
55.301945
54.570663
55.757809
54.618145
55.577366
56.650543
57.229874
56.887978
57.21088
57.685734
57.999142
57.828186
58.046627
58.303043
58.189083
58.075119
58.08461
56.982944
56.517582
56.28965
56.185181
54.314236
54.561169
53.801399
54.225025
53.844234
54.291668
53.444393
53.691917
53.349201
53.558628
52.787533
54.310703
54.405907
55.062775
55.87196
55.624447
53.682404
55.415009
55.034218
54.910458
55.100861
55.32933
56.34795
56.700188
57.756882
57.014351
57.756882
57.785458
55.567329
55.976681
56.709705
57.299931
57.737846
58.851669
58.566078
58.97543
57.785458
59.879818
59.965492
59.023026
60.308205
60.165417
59.860775
59.879818
60.451004
60.460526
61.383945
60.736607
60.841328
59.69894
59.051594
59.194386
58.270958
58.318558
59.851261
59.803658
59.708454
59.184864
60.041653
59.565666
60.784195
61.593391
61.041241
59.613255
59.57518
58.756477
58.756477
59.324139
59.524509
58.255592
58.780319
58.713535
58.866192
59.457718
58.41777
59.085636
59.448181
59.410015
59.266899
59.648529
58.751705
59.438633
60.2019
60.564442
60.344997
60.077869
60.631222
60.726635
60.526279
60.659855
62.491665
63.121346
63.7892
64.17083
63.302628
62.825584
62.234074
62.930534
62.663395
62.005093
63.083179
62.491665
62.014626
62.434422
62.005093
62.41534
62.501202
63.684258
63.512527
63.512527
63.884598
63.235847
63.684258
63.550697
63.693806
64.256699
64.247154
64.68602
65.477898
66.098061
67.109367
67.004433
66.947189
67.128464
67.347885
67.97757
68.530945
68.082535
67.853546
68.139755
68.197014
68.478989
68.364296
68.55545
68.20179
68.431198
67.723862
68.937813
68.077522
67.494431
67.303276
68.526779
69.052521
68.995171
68.584137
69.38707
70.161339
70.170906
69.960602
71.222359
70.868668
71.107658
71.059868
70.276031
70.017952
69.807655
69.549583
69.606918
69.635597
69.626038
69.817215
68.976059
70.180458
69.778976
69.367958
70.295166
70.581924
71.786324
70.591484
70.266487
69.44445
69.568703
69.70253
69.1959
69.425301
69.769424
69.645157
69.597374
69.205467
69.721642
69.903229
71.11721
71.547348
71.748093
70.916473
70.199562
70.075317
69.606918
69.82679
69.511345
69.798103
69.817215
70.209137
71.174568
72.073082
72.259811
72.058723
72.259811
71.36927
71.120293
70.660652
71.149025
71.263924
71.206467
71.072403
69.760498
70.938347
72.518372
72.518372
72.317261
72.575829
72.709877
70.995796
68.582672
68.649696
68.630539
68.620972
68.812492
67.634659
65.949295
66.571724
66.542984
68.525215
68.486908
68.467751
69.138046
68.774185
69.099777
69.83712
69.693481
69.57856
69.980759
69.616867
69.252983
69.588135
72.020416
73.016319
73.906891
73.600456
74.7687
74.462288
74.7687
74.567612
79.575806
77.698921
76.84668
76.741348
75.640114
76.396606
75.755013
74.625061
75.783752
75.55394
75.151756
74.931511
73.294006
74.023232
73.351578
73.457115
74.186333
75.164978
75.069023
73.620247
72.67997
73.399567
74.474174
72.468872
71.288719
71.893188
72.372925
73.696991
73.639435
73.677803
73.792946
73.812126
72.756714
72.536034
72.248207
73.073349
73.879311
73.610657
73.082924
73.044548
72.919823
70.319672
70.07019
69.974251
70.530739
69.897484
70.146957
69.360184
69.494514
70.358032
70.626686
71.442245
72.70874
72.670349
73.169296
73.389961
73.869705
73.457115
73.716187
73.226868
73.975243
75.078644
75.270531
74.896332
75.069023
74.82917
73.840912
74.119156
73.457115
72.727928
71.960365
71.845215
71.720482
68.218414
68.064903
67.757881
68.267464
68.094391
68.450157
68.267464
67.844391
68.632851
68.036713
67.152107
67.373268
66.479057
66.594444
66.180977
66.450211
66.575203
65.767532
66.479057
65.902138
66.152153
66.152153
65.844452
65.652145
65.805984
65.421379
64.440643
62.70993
62.959927
63.065674
62.315697
62.306091
61.709949
62.46954
62.402245
62.296474
62.200317
63.459904
63.498375
63.854134
63.786808
63.863739
63.402214
62.844536
63.007996
62.882999
63.190681
63.594528
63.594528
63.431057
63.171444
62.921455
63.075298
63.575287
61.54649
61.065727
61.142654
60.027294
60.940731
60.786892
58.940792
58.527332
58.286957
58.075428
57.719662
57.219685
55.979324
56.123928
55.381653
55.131001
54.282688
54.880371
54.91893
54.938206
53.000572
52.894527
51.564224
50.850853
49.74226
50.918343
52.354706
54.118805
54.456211
54.755054
56.837284
56.345646
56.085365
56.027523
54.745403
55.699764
55.400928
56.027523
55.285248
54.234489
53.77177
54.581524
55.179207
54.947849
54.745403
54.774326
54.71648
54.35981
54.581524
54.292332
54.745403
54.340523
53.954933
54.465847
54.687565
54.186291
53.685013
52.441463
51.814854
52.123341
53.058411
53.260849
54.909286
54.186291
54.311607
53.174095
53.810326
53.019855
53.010212
52.345055
53.983849
54.465847
54.909286
54.475491
55.834717
55.661209
55.487682
55.700314
55.622997
55.120407
55.06242
53.854271
54.202221
54.60815
55.961285
55.613331
57.217751
57.440044
56.947124
56.183582
56.338223
55.961285
56.425213
57.401386
55.980614
56.280228
56.434875
55.236393
55.188068
55.574677
55.893623
57.46904
56.908466
59.981987
59.65337
59.595375
59.498734
59.827354
61.122475
61.547741
62.272636
61.886021
61.596069
61.866695
61.605736
61.702381
62.108322
61.48975
61.286781
62.427269
61.857025
61.141804
60.24295
59.160446
59.257107
57.932964
58.203606
58.590202
58.232594
58.077946
57.36272
57.217751
56.976124
57.633354
57.807323
57.05344
56.019272
56.212574
55.267536
56.023567
55.490471
55.267536
54.967064
55.412922
55.50016
55.54863
55.597095
56.585739
56.905598
56.721439
57.836086
57.361149
56.236805
56.314346
56.168957
56.324039
56.798977
56.769901
57.041286
57.283611
58.088097
57.487156
58.378883
58.514572
57.516232
57.671314
57.622852
59.076759
58.815052
55.994488
57.06068
56.498505
56.566357
55.916946
55.577709
55.490471
56.013878
56.469425
55.946026
56.168957
56.139874
55.412922
54.860447
54.695667
55.771553
54.734444
54.346737
53.871803
53.435627
53.842724
53.813637
53.367783
53.2127
53.668251
53.920261
54.09473
53.251469
53.522861
53.319309
51.894497
51.574638
51.997578
50.33498
51.093357
50.354431
50.033573
48.905724
48.604321
47.369526
47.320908
48.147346
48.789051
49.489094
48.905724
48.876564
48.370964
48.089012
47.632034
47.476471
47.505646
46.494473
45.911098
46.902832
46.737537
47.029228
47.194511
47.11673
47.340355
47.155617
47.709816
46.056942
47.855663
46.970894
46.076385
45.191608
45.211063
46.397243
46.144447
45.658302
44.627697
43.402615
41.944191
39.144024
39.153751
41.137199
41.224712
41.137199
39.416267
40.553837
41.137199
40.330212
41.156654
40.184361
40.184361
40.44688
39.182919
39.144024
39.007908
37.714771
36.713318
36.460526
36.023006
35.342407
34.00066
33.504795
32.229866
32.171246
33.12867
33.089592
34.242405
34.994659
35.404984
36.469875
37.8083
37.593369
36.665257
35.512447
37.651989
37.173275
36.929039
36.59687
36.665257
35.571064
36.499176
36.635952
36.069313
35.453831
36.655487
38.853649
39.771988
40.231159
40.416779
40.553551
40.514477
40.065071
39.66452
39.234657
38.843872
38.834106
39.654751
40.524246
40.954105
42.038528
41.628208
40.94434
40.934574
41.66729
41.745445
41.217884
41.979916
41.002964
40.192078
40.954105
41.462124
40.45586
39.088116
39.557064
38.570328
37.134197
36.206089
37.016964
37.788757
36.675026
37.056042
37.358898
38.345627
39.840374
39.644981
39.009956
39.623089
38.936378
38.387012
37.258854
36.866451
35.336063
35.051579
34.992706
34.492397
34.874989
33.678158
34.688599
34.374672
34.149044
34.149044
34.443348
34.580692
33.01107
34.168663
34.050941
33.962654
35.041767
34.992706
33.874359
35.394932
36.886063
36.248409
34.286381
33.874359
33.560436
32.893345
34.374672
36.09145
37.141129
36.38575
35.267395
37.111702
35.944294
36.287647
36.670246
37.337334
36.925308
37.65126
37.278469
37.876892
39.71138
40.035122
37.974987
38.200623
38.465492
39.38765
39.30917
38.377201
39.41708
40.52562
40.113598
40.535439
40.937649
40.604099
39.780056
40.07436
40.443729
40.660427
39.76408
39.685287
38.611641
37.587257
37.301605
36.346169
36.917465
36.828812
37.429657
39.025341
38.926842
39.301144
39.527683
41.182476
42.157608
42.157608
42.305363
42.029564
42.620556
43.438099
42.866806
42.610706
42.965302
46.609776
46.72797
46.826473
47.279564
45.900578
46.432472
46.294571
46.284729
45.309582
46.294571
46.442329
44.954987
45.023937
45.802082
46.72797
46.619621
47.653866
47.131817
47.397762
46.777222
46.974216
47.289417
48.116806
48.924496
48.983601
49.692795
49.594292
48.914654
47.663712
47.417465
47.850864
48.264553
47.565216
47.890263
47.506115
47.998608
48.560051
44.442795
41.576469
43.272362
44.844639
45.793945
45.54673
44.201885
43.667904
44.30077
45.962044
45.902714
47.54422
47.751881
48.097977
48.315525
48.434189
47.880424
48.137535
47.455219
47.593658
47.415668
48.256191
47.682659
47.524445
47.010235
46.733356
46.130154
47.662884
47.850765
47.712326
47.910099
47.385998
47.346447
47.811207
47.119011
47.751881
47.000347
46.476254
47.020123
47.277229
47.049793
47.652992
46.486141
46.644356
46.041161
46.70369
46.871796
46.416924
46.179596
46.980568
46.189487
46.387257
46.861908
44.3601
45.596169
44.41943
45.981823
46.901463
47.25745
47.247559
46.812462
48.038651
48.35508
48.048534
47.494778
47.811207
48.163456
47.865784
47.965008
47.736786
46.853695
47.409351
47.677254
47.329975
47.468884
46.883461
46.645325
46.00037
46.198814
46.04998
46.853695
47.548264
47.716946
47.081913
47.478809
46.972767
46.804081
46.625481
46.784237
46.526257
46.833847
45.732464
50.53492
52.053043
53.174282
52.946064
53.829159
53.680321
51.983589
52.350719
53.5811
53.084976
53.382648
53.600948
54.037533
54.126835
54.861092
54.682487
54.712257
54.374889
55.68465
55.902946
56.091473
56.468525
56.200619
57.768368
58.542313
58.353786
58.314098
57.61953
56.835655
57.837822
57.034103
56.696743
56.577671
56.736431
56.537979
56.250233
56.875347
56.382763
56.482273
56.283253
