Adjusted
23.011217
22.748863
22.875807
22.69808
22.562674
22.850418
23.273579
23.214333
23.172018
23.273579
23.265112
23.662882
23.552862
23.468229
23.688269
23.459764
23.552862
23.789825
23.925234
23.992941
23.899845
24.21298
24.052183
24.221449
24.280685
23.612099
24.458412
24.314537
24.323002
24.280685
24.509192
24.83079
25.177776
24.720768
24.331463
24.568434
24.077572
24.280685
24.703842
24.771547
25.050831
25.262407
25.871754
25.677103
25.685564
26.244129
26.375666
26.155022
26.129562
26.299292
26.138054
25.951349
25.459141
25.781622
25.611895
25.942865
25.832541
25.959837
25.866489
26.104103
25.968325
26.56237
26.299292
26.036215
26.197456
26.791502
26.613289
26.647236
26.952744
26.884851
25.917404
26.70664
26.418102
25.925892
26.545395
26.910313
26.876366
26.418102
26.528425
26.477509
26.367186
26.409615
26.536913
27.122473
27.173389
27.22431
27.402521
27.139444
28.378456
28.344511
28.378456
28.556671
28.46332
27.996569
28.302078
28.149323
28.319052
28.276617
28.064461
28.217215
28.319052
27.979595
27.640144
27.360092
27.682573
27.682573
26.901829
27.105499
27.402521
27.22431
26.969715
26.401127
26.986689
26.655722
26.63026
26.910313
27.444956
26.71512
26.86788
26.63026
26.9188
27.45344
27.962626
27.852303
28.36824
28.185715
28.579582
29.127155
29.213619
29.011881
28.877386
28.896601
29.098341
28.963844
29.11755
29.11755
29.809225
29.559456
29.665125
29.626701
29.280863
29.252045
29.280863
28.810141
28.36824
28.810141
29.463387
30.299162
30.155064
30.059
30.568148
31.538408
31.509592
31.423132
31.259825
31.07729
30.693029
30.798704
30.299162
30.731459
30.299162
30.885164
30.981228
30.913984
30.404833
30.414438
30.270342
30.155064
30.53933
30.769886
30.750671
30.89477
31.024963
31.102118
31.352865
31.188915
31.487881
31.478235
31.439657
31.603611
31.651825
31.82542
31.565029
31.391438
31.497519
31.815779
32.085808
32.211185
32.731964
32.442638
31.989368
32.394421
31.854351
31.266068
31.034611
31.613253
31.970089
32.384785
32.16296
32.70303
33.011639
32.992355
33.03093
33.50349
33.281673
33.60957
33.407051
33.387756
33.349186
32.635525
32.809113
33.001999
32.809113
32.664455
32.558369
31.516811
32.413708
32.056881
31.75791
32.172611
32.587307
32.645164
32.230473
31.786846
31.651825
31.719337
31.786846
31.555389
31.497519
31.700047
31.854351
31.806135
31.58432
31.17927
30.822437
31.01532
30.947811
31.159983
30.610271
30.523472
30.938171
30.870659
30.812794
31.430019
32.037598
32.384785
32.712673
32.924847
33.175594
33.14666
33.214161
33.368473
33.792816
33.426338
33.050217
33.14666
32.596951
31.430019
31.671116
30.793507
30.697063
30.841728
30.687422
30.340235
30.128067
30.243795
29.925541
29.597645
29.462626
29.578354
29.134726
30.195574
30.128067
29.375826
29.935186
30.041269
30.44632
30.44632
30.320948
30.388456
30.67778
30.455965
30.697063
30.996033
30.75493
30.668133
30.986389
31.150333
31.082832
30.812794
30.976742
31.391438
30.947811
31.593964
31.854351
32.269051
31.960438
31.887833
31.248917
31.035946
30.445429
30.629358
30.784246
31.210199
30.977861
30.784246
30.813288
30.474468
30.629358
30.300219
29.980761
29.738747
30.125971
31.026262
31.481251
31.713583
31.161789
30.184053
30.63904
31.268278
30.532555
30.019485
30.096928
29.787148
30.31958
30.677765
30.687445
30.968182
30.881056
31.006903
30.764889
30.038847
30.290541
30.31958
30.677765
30.764889
30.977861
30.648724
30.397026
32.410583
32.381542
33.243122
32.981743
32.391228
32.197617
32.139534
32.216976
32.197617
32.642925
32.555798
32.952702
32.730053
33.068867
33.398003
33.359287
33.514168
33.310879
33.417374
33.97884
33.949795
34.230537
33.930443
33.901402
33.214081
33.291519
33.378643
33.291519
33.23344
33.107586
32.497715
32.458988
32.294418
32.991421
33.126953
33.243122
33.136627
33.23344
33.562576
34.017567
33.523853
33.01078
33.717464
33.514168
33.398003
33.320557
33.068867
31.529654
31.423166
31.713583
31.452211
31.674866
31.219875
31.529654
31.529654
31.219875
31.006903
30.948818
30.648724
30.852015
30.367985
30.038847
30.658401
32.023365
32.478352
32.604202
32.923656
33.146317
33.514168
33.610977
33.756187
33.620663
33.514168
33.543213
33.591621
33.446411
33.417374
33.717464
33.494808
33.33992
33.814274
34.153088
34.007881
33.988525
33.905941
33.672779
33.517334
33.284168
33.119015
32.953854
32.778984
32.652683
32.96357
33.157879
32.536106
32.254364
32.506954
31.836617
32.448666
32.302937
32.361233
31.924047
31.448002
32.089207
32.04063
31.758892
32.166931
31.282846
30.447344
29.835287
30.078165
29.990732
30.661076
30.738798
31.049681
31.613167
30.738798
31.45772
31.321709
31.72003
32.166931
32.166931
32.341801
32.22522
32.166931
31.078827
32.458382
32.96357
32.293228
32.341801
32.43895
32.244644
32.594398
32.749836
32.856705
32.808132
32.70126
32.837273
32.983002
33.468761
34.148827
33.867085
34.35284
34.702591
34.770596
34.654007
35.120338
35.479801
35.159203
34.741451
34.595718
34.731731
34.449989
34.158535
33.837936
34.780304
35.36322
36.004417
36.422173
36.247303
36.266727
36.257011
36.422173
36.121002
35.83926
35.479801
34.75116
34.2654
32.992714
33.148159
32.876133
32.846989
32.604111
32.351513
32.17664
32.633255
31.846325
31.72003
32.43895
32.293228
32.468098
32.05035
31.428572
31.642307
30.942816
31.535444
32.380665
32.47781
30.874809
31.642307
32.060059
32.312653
32.613827
32.370949
32.70126
33.031578
32.662399
32.885853
33.303604
33.420185
33.089863
32.992714
32.837273
33.070438
33.284168
33.643635
33.099586
33.060719
32.642975
32.838146
32.418522
32.36972
32.672245
32.184307
32.516109
32.184307
33.052834
32.76984
33.570053
33.814022
33.296806
32.45755
32.213585
31.950102
32.350204
32.086727
31.911066
32.438038
32.672245
32.486832
32.42828
32.633209
32.564896
32.36972
32.330688
32.379482
32.379482
31.832996
32.32093
32.330688
32.506351
32.838146
33.140667
32.994286
32.97477
32.965004
32.54538
32.838146
32.76984
32.398998
32.233101
31.559752
31.657335
31.725645
31.589024
31.862272
32.262383
32.818626
32.672245
33.355358
33.394394
33.599323
33.287045
32.98452
33.189461
32.95525
32.633209
32.652725
32.54538
32.760075
32.701523
32.311172
32.203823
31.930582
32.057442
32.028172
31.80372
31.481678
31.39385
31.706133
31.998894
31.930582
32.194073
32.262383
31.735407
31.823236
32.008652
31.110846
31.442646
31.676853
31.442646
31.462162
31.686615
31.032778
31.169403
31.754929
32.311172
32.32093
32.379482
32.662491
32.398998
32.34045
31.959858
32.155037
31.696369
32.037926
31.51096
31.930582
32.194073
32.262383
32.711277
32.564896
32.594177
30.40822
28.358883
29.647039
29.412827
29.01272
28.768751
28.924892
29.188379
29.422588
29.325001
29.09079
27.988056
27.246389
26.202206
26.250998
26.826763
27.256149
27.402529
26.992662
26.124136
26.514484
26.534
26.416246
27.112959
26.484938
26.514376
26.39662
26.170925
26.376995
26.56344
26.543814
25.935415
26.102236
26.082611
26.023731
25.729345
25.493837
24.934504
25.395708
26.56344
26.97558
27.770422
28.162937
27.917616
27.976494
28.359194
28.359194
28.30032
28.418072
28.192377
28.889091
29.104973
29.114786
29.271791
28.987219
29.526928
29.850752
30.007757
29.713373
29.840939
30.076447
30.302143
30.527842
30.910542
29.340481
29.320856
29.517115
29.144226
29.762436
29.772247
29.791874
29.458237
30.037195
29.860565
30.056822
29.752623
29.968506
29.811499
29.683931
29.752623
29.340481
29.389547
29.693745
29.389547
29.154037
29.43861
29.468048
28.947968
28.427885
28.506388
27.633043
27.476036
27.574165
27.966681
27.701733
27.309217
27.073709
27.083523
27.083523
27.024647
26.936329
27.083523
26.8382
26.720446
26.112049
26.102236
26.004107
25.434959
25.444773
25.513462
25.964855
25.327017
26.278868
25.680281
26.082611
25.268143
25.140575
25.915789
25.513462
26.455498
26.082611
25.739159
26.592878
26.602692
25.57234
26.004107
25.739159
24.571428
24.080784
23.756958
24.002279
24.247602
24.208351
25.150387
25.974669
25.925602
26.190552
26.798948
26.514376
26.818575
26.867638
26.691008
26.651754
27.505476
27.162025
27.476036
27.466223
27.752331
27.456358
27.703001
27.604343
27.811525
27.762196
27.742466
27.831255
27.831255
27.811525
27.66354
27.624075
27.61421
27.643806
27.61421
27.791792
27.821392
27.821392
28.729038
28.620516
28.413334
28.965816
28.433065
28.393604
28.294947
29.025009
29.478834
29.390045
29.439371
29.676149
29.636688
29.567627
29.686016
30.337154
30.514738
30.455544
30.366751
30.159571
29.715614
29.834002
29.291386
29.182861
29.41964
29.123669
29.00528
29.616957
29.192728
28.95595
28.847427
28.738903
28.442932
28.09763
27.870718
28.0779
28.058168
28.452799
28.807964
28.581051
28.867161
28.847427
29.301252
29.459105
29.202595
29.330849
29.281521
29.291386
29.015146
28.600784
28.689575
28.590918
28.581051
28.630383
28.314678
28.551456
28.206154
28.28508
28.590918
26.400724
25.907436
26.262604
26.706562
26.884146
27.140656
26.519112
26.75589
26.894012
27.624075
27.712868
27.703001
28.02857
28.235754
28.206154
28.196289
28.068035
27.42676
27.347834
27.397163
27.081459
27.032131
27.061729
26.706562
26.667101
26.775621
26.676964
27.051863
25.858107
26.08502
25.87784
25.82851
25.82851
26.282335
26.213274
25.946899
25.779181
25.838377
25.473345
25.463478
25.364819
25.108311
24.999788
24.763012
24.664352
24.713682
24.516367
24.516367
24.417709
24.417709
24.378246
24.230261
24.703817
23.796167
24.511843
24.054607
24.044666
24.173885
24.134127
24.144066
24.094366
24.154005
24.591362
24.342863
24.163944
24.651001
24.740459
24.472084
24.591362
25.018778
24.998898
24.859739
24.76034
24.531723
24.859739
24.68082
24.611242
24.611242
24.710642
24.641062
24.919378
25.167877
25.207638
25.754332
25.515774
25.555532
26.360668
26.08235
26.08235
26.231447
26.03265
25.595293
27.364599
26.529646
27.026642
26.917303
27.1658
26.996822
26.837784
27.1658
27.23538
27.324839
27.642916
27.523638
27.563396
27.970934
28.110094
28.090214
28.020634
28.189613
27.891415
27.911295
27.205561
27.364599
27.205561
27.782076
28.308891
27.752256
26.03265
26.738384
27.424238
27.225439
27.563396
27.463997
27.424238
27.573338
27.583277
27.533579
27.672737
27.493818
27.314899
27.086281
