Adjusted
43.5
43.110001
43.639999
43.689999
42.970001
43.700001
44.43
44.299999
44.119999
46
46.099998
45.560001
45.990002
46.759998
46.509998
46.52
46.799999
46.849998
47.110001
46.349998
47.349998
47.84
47.490002
48.110001
48.130001
48.009998
48.619999
48.330002
48.060001
50.459999
51.52
51.799999
53.049999
51.450001
50.959999
51.869999
50.5
50.93
51.98
51.91
51.5
50.799999
51.32
50.959999
50.84
51.549999
51.720001
51.639999
51.860001
52.400002
52.59
51.689999
51
52.5
51.950001
52.389999
52.57
53.59
54.080002
54.389999
53.91
53.82
51.959999
51.799999
51.68
52.779999
53.459999
55.27
55.049999
52.799999
49.450001
50
48.5
49.48
49.220001
50.560001
51.700001
53.310001
53.41
52.889999
53.119999
54.299999
53.759998
54.169998
55.41
55.68
56.630001
56.240002
56.279999
56
56.07
56.549999
56.360001
56.18
57.540001
58.73
58.450001
57.459999
57.009998
56.740002
57.509998
56.950001
57.02
55.66
56.57
55.650002
54.869999
55.689999
56.220001
55.860001
55.009998
54.560001
55.970001
55.619999
57.82
57.98
56.880001
54.66
55.009998
55.099998
55.759998
55.84
56.290001
55.68
55.82
56.41
55.849998
56.34
56.810001
58.16
58.009998
57.52
58.349998
57.77
56.619999
56.669998
57.18
57.82
57.369999
57.099998
56.110001
55.639999
54.549999
53.400002
53.470001
53.299999
54.919998
55.110001
54.639999
53.630001
53.57
53.93
53.93
54.07
54.360001
53.799999
53.220001
53.25
52.380001
52.970001
52.650002
54.720001
55.110001
54.740002
54.299999
54.73
53.790001
53.630001
54.290001
54.91
55.080002
54.709999
55.139999
55.110001
55.529999
55.16
54.400002
55.560001
56.220001
57.490002
57.150002
56.369999
55.52
55.169998
55.400002
55.290001
55.330002
55.419998
56.209999
56.990002
56.34
57.110001
56.529999
56.09
55.82
57.099998
57.349998
58.099998
57.849998
59.029999
58.25
59.34
58.029999
57.77
52.799999
51.889999
51.130001
51.810001
51.509998
50.900002
50.549999
50.41
50.57
50.07
50.259998
49.439999
49.75
49.740002
48.93
49.139999
49.57
49.540001
48.580002
48.540001
48.830002
49.450001
49.040001
48.200001
48
47.779999
48.099998
48.209999
48.5
49.290001
50.209999
50.720001
50.98
50.150002
50.560001
51.009998
51.560001
53.099998
53.16
52.759998
51.919998
52.299999
51.639999
52.209999
52.27
51.900002
51.540001
52.209999
51.25
51.900002
51.900002
51.299999
51.400002
51.48
52.310001
51.049999
51.91
51.200001
51.080002
51
51.299999
51.59
50.189999
49.400002
48.93
49.189999
48.900002
49.91
49.439999
48.939999
49.720001
49.400002
49.950001
48.369999
49.110001
50.27
50.66
51.360001
51.240002
50.950001
50.52
50.82
50.02
50.66
50.099998
50.200001
49.990002
50.240002
49.700001
50.150002
50.689999
52.57
53.27
52.900002
51.950001
51.330002
50.650002
51.349998
51.23
51.310001
51.209999
52.41
52.540001
52.060001
52.299999
51.970001
51.709999
52.41
52.290001
52.880001
54
53.98
54.689999
53.360001
53.529999
53.380001
53.07
52.16
52.450001
53.669998
54.630001
54.799999
55.32
55.419998
57.75
57.169998
56.799999
56.5
56.220001
56.700001
56.470001
56.560001
57.029999
57.279999
56.59
56.029999
55.959999
55.950001
56.509998
55.799999
55.529999
55.41
55.639999
55.52
56.080002
56.09
56.709999
57.610001
57.299999
57.900002
58.060001
57.91
58.299999
59.009998
58.91
58.860001
59.150002
59.130001
59
59.209999
58.849998
59
58.849998
59.669998
59.970001
61.5
61.889999
61.040001
61.540001
60.259998
60.25
61.07
60.110001
60.25
60.84
59.59
59.919998
60.490002
59.470001
59.169998
60.150002
60.279999
61.380001
60.509998
60.93
60.900002
61.299999
63.220001
62.619999
63.279999
63.52
62.5
62.169998
60.799999
59.950001
62
60.779999
61.189999
59.98
61.240002
61.080002
60.009998
60.299999
59.470001
59.959999
59.799999
60.450001
60.759998
60.779999
60.029999
60.59
61.209999
61.509998
61.59
61.84
60.380001
59.68
57.049999
57.549999
56.25
56.970001
57.400002
57.560001
56.689999
56.509998
56.07
55.889999
55.32
55.330002
54.549999
54.580002
55.169998
54.32
54.560001
54.209999
54.310001
53.25
52.5
52.41
52.43
52.34
53.580002
51.32
51.099998
49.68
49.049999
49.529999
50.810001
50.259998
50.869999
52.68
51.830002
54.41
54.509998
53.32
55.810001
55.220001
55.220001
56.040001
55.02
53.91
55.029999
55.91
56.990002
55.860001
55.98
55.790001
53.98
54.310001
54.59
54.650002
54.27
55.639999
57
55.48
53.349998
52.18
47.77
47.619999
47.759998
47.889999
47.799999
47.009998
44.860001
46.02
44
44.02
42.990002
42.75
43.220001
44.32
45.16
48.200001
47.639999
47.41
47.310001
47.639999
48.48
47.439999
46.84
46.52
44.700001
43.77
42.279999
43.43
42.169998
40.91
40.48
40.18
38.959999
40.119999
38.919998
39.779999
39.119999
38.099998
38.220001
38.16
36.169998
36.48
37.48
38.900002
39.48
38.68
39.150002
38.59
38.900002
38.919998
40.919998
39.790001
41.049999
43.029999
42.759998
41.66
40.970001
40.790001
41.25
40.950001
39.98
39.93
39.630001
39.619999
39.5
39.490002
38.84
39.18
38.040001
37.41
36.639999
36.66
36.990002
36.139999
37.029999
36.209999
36.790001
36.77
37.189999
37.610001
37.790001
37.450001
37.540001
37.009998
36.959999
37.150002
38.240002
38.07
38.09
39.299999
38.869999
38.189999
38.77
40.869999
39.900002
39.310001
39.5
37.73
40.560001
41.419998
40.009998
40.849998
41.029999
42.459999
44.099998
43.34
42.84
43.380001
43.23
42.139999
42.779999
41.560001
41.830002
41.450001
41.580002
41.5
41.619999
41.16
42.029999
42.900002
42.93
41.52
42.02
41.919998
41.790001
41.66
43.16
42.509998
42.220001
42.759998
42.220001
42.490002
43.25
42.880001
42.779999
42.25
42.43
42.610001
42.139999
41.720001
41.700001
42.23
42.310001
42.23
42
40.799999
41.490002
39.650002
39.790001
38.650002
38.669998
37.130001
37.43
37.450001
37.189999
37.549999
36.529999
36.93
36.41
36.290001
36.369999
32.759998
32.18
32.84
32.630001
33.380001
33.66
33.07
32.759998
32.650002
32.599998
33.209999
33.330002
32.509998
33.959999
33.279999
33.68
32.689999
32.82
32.869999
32.630001
31.610001
30.940001
30.01
28.99
28.73
30.73
32.52
34.279999
34.779999
33.240002
33.77
33.900002
33.200001
33.849998
32.869999
33.32
32.540001
33.02
33.799999
35.130001
34.599998
33.279999
33.18
33.009998
32.77
32.549999
32.830002
31.469999
31.549999
31
29.83
30.73
32.779999
33.490002
34.189999
34.77
34.450001
33.66
33.630001
33.959999
34.779999
34.09
33.849998
34.060001
32.759998
32.720001
33.27
32.23
31.799999
33.48
32.830002
33.830002
34.66
35.48
35.470001
35.02
35.110001
34.619999
34.459999
33.650002
32.48
32.27
33.439999
33.139999
34.32
33.41
33.110001
33.27
34.200001
33.91
33.380001
34.02
34.02
33.669998
33.189999
32.639999
30.92
30.709999
31.43
30.85
28.92
29.18
30.620001
30.370001
29.040001
28.35
28.700001
28.879999
29.620001
29.25
28.950001
29.200001
29.16
29.01
29.219999
28.809999
27.110001
26.83
26
25.440001
25.25
24.75
25.52
24.33
23.879999
23.58
23.780001
24.309999
23.379999
23.93
23.92
24.32
25.15
24.780001
23.629999
24.07
24.280001
23.809999
23.620001
22.98
23.16
22.77
23.120001
23.48
25.139999
24.83
25.17
25.32
24.200001
24.48
23.860001
24.530001
24.530001
25.4
25.77
26.450001
25.68
26.639999
24.34
25.27
25.360001
27.540001
27.17
26.780001
27.07
27.6
27.540001
27.82
27.450001
26.870001
26.98
26.84
26.85
27.09
27.360001
27.24
27.09
26.98
27.549999
26.799999
27.559999
27.23
28.08
28.709999
28.23
27.700001
28.77
29.52
29.290001
28.889999
29.530001
28.85
28.5
30.35
30.219999
30.49
29.959999
29.440001
28.530001
28.57
28.65
27.58
27.950001
28.120001
28.01
27.57
28.85
29.309999
28.65
27.299999
27.120001
27.049999
26.959999
27.290001
26.74
27
27.23
26.91
26.59
26.59
27.799999
28.35
29.059999
28.27
27.469999
26.93
26.73
26.66
26.110001
27.049999
27.43
27.59
27.6
28.110001
25.9
24.42
25.01
25.860001
26.67
27.25
26.139999
25.92
25.809999
26.360001
26.209999
27.110001
27.049999
27.34
27.32
27.700001
27.4
27.74
27.17
26.040001
25.24
25.370001
25.24
25.389999
25.379999
24.200001
24.610001
24.969999
24.98
25.75
26.02
26.280001
26
26.549999
26.77
27.07
27.18
27.549999
28.549999
28.83
28.290001
28.469999
28.200001
28.530001
28.059999
28.030001
28.25
28.200001
27.709999
27.84
28.440001
28.209999
28.860001
27.809999
28.309999
27.860001
27.610001
27.83
27.51
27.51
27.549999
27.93
27.99
27.450001
27.530001
27.43
28.530001
29.51
29.67
29.879999
29.950001
30.709999
30.950001
31.32
32.150002
31.299999
31.43
31.85
31.73
31.440001
31.15
31.49
32.860001
33.259998
32.41
32.419998
32.130001
32.5
32.490002
32.27
32.5
32.139999
32.639999
32.240002
32.959999
32.93
33.52
34.48
33.759998
34.23
35.400002
34.810001
34.919998
34.259998
35.130001
34.77
34.709999
33.98
33.310001
33
34.259998
34.700001
35.599998
36.310001
36.25
35.900002
35.900002
35.360001
36.080002
35.709999
34.990002
35.150002
34.900002
34.630001
34.68
34.959999
35.25
35.02
35.669998
35.189999
35.549999
35.529999
