Adjusted
48.359993
47.514187
47.504238
49.952091
50.867546
50.320259
50.370018
51.315327
50.977005
51.036713
51.295425
50.0914
49.991894
49.156044
48.738117
49.036633
48.67841
48.409744
47.971916
47.563938
47.265427
49.036633
49.782925
50.330215
49.80283
50.210804
50.200859
52.290485
52.449696
53.395004
53.285545
53.146236
52.897476
51.663593
51.006851
51.643696
51.185349
51.434448
51.683552
52.221611
52.420891
52.480675
52.440819
53.188122
52.540459
52.749702
52.141899
50.368294
51.025921
49.86013
49.840202
50.30851
50.079334
50.597466
50.069374
50.796749
51.45438
50.697109
51.035889
51.424488
51.534092
50.517757
50.717037
51.205273
50.627361
50.756893
50.517757
49.750526
49.770451
49.043072
48.813904
48.644512
49.282211
48.883652
48.91354
49.212467
48.52494
48.495052
48.375484
47.747749
47.598289
47.319294
50.029514
50.866497
50.30851
50.139122
50.796749
50.926285
51.603836
52.460751
53.267834
54.005177
53.208054
53.626541
53.925465
54.244308
54.304096
54.433632
54.632912
55.241493
55.670498
55.840103
55.460983
55.151703
54.862377
54.064232
54.353558
53.784882
53.874676
54.11412
53.55542
53.874676
53.8647
53.725021
54.124096
54.682796
54.702751
54.832447
54.922234
53.994396
53.964462
54.383492
54.333607
53.625256
53.884651
53.505535
