Adjusted
35.65588
35.673145
36.044212
35.897503
35.897503
35.862709
36.184532
35.332127
35.601757
35.506081
35.523479
35.793133
35.984486
36.088871
36.106262
36.271538
36.315025
36.30632
36.506378
36.567265
36.480286
36.64555
36.315025
36.64555
36.8456
36.941296
37.054363
37.11525
37.376202
37.384903
38.541759
38.785305
39.515961
39.550751
39.428978
39.724705
39.507256
40.020451
40.255302
40.229206
40.35099
40.403172
40.437965
40.385784
40.411877
40.298798
39.750809
40.246613
40.429268
40.377079
40.220516
40.298798
40.377079
41.412163
41.629616
41.881878
41.820984
42.299381
42.43856
42.890865
42.342869
42.455944
41.986252
42.638618
42.395058
42.64904
42.640274
42.938034
43.130692
43.218266
42.964302
43.664902
43.384663
43.664902
44.085262
44.181591
44.383018
43.209515
43.2533
43.507267
43.971416
44.155327
44.137814
44.181591
44.418049
43.428452
44.453079
43.734962
43.463486
43.708694
43.866329
44.339233
44.601955
44.199112
44.102779
43.025608
43.227039
42.938034
42.780392
42.894245
43.008087
42.193638
41.895889
41.23032
41.598133
41.922157
41.326641
41.510563
42.106064
42.211155
42.325008
42.438854
42.929276
43.165726
43.612362
43.708694
43.069397
42.219913
42.596497
42.316246
42.325008
42.123581
42.333759
42.500153
42.727852
43.060635
42.867966
42.938034
43.511719
43.714706
44.050095
45.038582
45.091553
45.206295
45.144505
45.135677
45.241596
45.612282
45.479881
45.418114
45.065071
45.391624
45.462231
45.744667
45.797619
45.894707
46.539005
46.203613
46.397785
46.433086
46.283043
46.486038
46.265392
46.327171
46.265392
45.938835
44.614952
43.582321
43.688236
43.599976
43.308712
43.511719
43.970654
43.582321
43.370495
43.017464
43.432278
43.529362
43.414623
43.335194
43.335194
43.414623
43.299889
42.990982
43.070415
43.141033
43.467587
43.891224
43.935352
44.261913
43.096901
42.946854
42.929195
43.114548
42.699738
42.823296
42.434948
42.293747
42.346691
42.373169
42.037788
42.320213
42.355522
42.177593
42.417789
43.102821
43.013847
43.004951
42.62241
43.387489
43.565422
43.761143
43.565422
44.170376
44.499535
44.40168
44.535122
45.104488
45.424759
45.051113
44.855392
44.76643
44.890976
45.104488
45.504829
44.837601
44.962151
44.882084
44.890976
45.264629
45.842888
45.647171
45.3269
44.819805
43.805634
43.965755
44.588497
44.374989
44.908768
44.953255
44.864292
44.713055
45.015526
45.113384
44.713055
45.816196
45.762817
45.131176
45.006634
44.099201
44.161476
44.40168
44.108093
44.241543
43.912373
43.859005
43.734451
43.841217
44.214859
44.339397
44.446156
44.40168
43.947964
43.823421
43.894588
44.348293
43.541477
43.926956
44.186935
43.756634
43.747673
43.389088
43.496655
43.281502
43.514591
43.720772
43.666988
43.281502
43.505619
43.891102
42.976707
43.541477
43.048428
42.008518
42.214714
42.456753
42.725693
43.07531
43.308399
43.864204
43.505619
44.09729
44.724812
44.536564
44.169006
44.626213
44.384167
44.688953
44.868252
44.518627
44.626213
44.850319
44.697926
45.48682
45.397167
45.424065
45.540607
45.226845
45.48682
46.033665
45.728863
44.617241
45.208912
45.459919
45.48682
45.764717
45.746792
45.468891
45.791618
45.809544
45.791618
45.988838
46.455006
46.419144
46.275707
46.822559
45.944012
46.481895
46.337322
46.328278
46.084309
46.219856
46.355385
46.310215
47.22287
47.069248
47.258999
47.159611
47.32225
47.376472
47.249973
48.045155
47.719852
47.909607
47.602379
47.665638
47.90057
47.76503
48.37949
48.496964
49.156593
49.030083
49.129486
48.885509
48.262016
48.623466
48.542133
48.325268
48.325268
48.560215
48.623466
49.01202
49.01202
49.427677
49.635513
49.617439
49.743938
50.204788
50.005989
50.069248
49.852383
49.843342
49.472855
48.975868
49.075275
48.984905
49.057194
49.409615
49.554188
49.373455
49.039124
48.524071
46.771053
47.015034
47.268044
47.475876
47.801174
47.90057
47.936718
48.271049
48.353004
48.498707
48.280167
48.179993
48.298374
48.198212
48.334801
48.061615
48.316586
48.134464
48.216419
48.170887
48.216419
48.088936
48.14357
47.81575
47.032639
45.666729
46.377003
46.704815
46.33147
47.096378
46.695709
47.324036
47.75201
47.788433
47.852177
48.061615
47.952347
48.252846
48.47139
48.644402
48.46228
47.997879
48.125359
48.243736
48.498707
48.434963
48.607983
48.589764
48.753677
48.699043
49.00864
48.726349
48.416752
48.47139
48.507809
48.070717
48.425858
48.425858
46.285942
46.641079
46.695709
46.213093
45.903488
45.939911
45.639412
45.785107
46.103825
45.939911
45.511925
45.657623
45.95813
46.067394
45.694057
46.042934
45.80423
45.730778
45.244175
45.464523
45.088104
44.858578
45.253361
45.83176
46.327549
46.456081
46.373447
46.850857
46.970211
47.172195
46.731514
47.236473
47.704704
48.347374
48.530994
48.815605
48.907413
47.153839
46.703968
46.79578
46.786598
46.823311
46.658054
47.144657
47.365002
47.667976
47.410904
47.603703
47.282368
47.420086
47.603703
48.43
48.319828
48.705433
48.696259
48.659527
48.769699
48.595261
47.998489
47.732235
48.182117
47.833233
47.254826
46.942669
47.915863
49.127758
49.403194
49.92651
49.954056
49.86224
49.92651
49.86224
49.898964
48.962505
48.760513
47.879139
47.759785
48.769699
49.565411
49.065781
48.714184
48.769699
48.964001
49.454388
49.417377
50.33337
50.037285
50.684952
50.481407
50.842255
50.990288
50.037285
49.620926
48.556892
49.102783
49.278587
49.241581
49.408119
49.186062
49.038025
49.250828
49.186062
48.973255
48.556892
48.427357
48.926994
49.454388
49.472885
49.491394
49.426624
49.537655
49.426624
49.76897
49.500645
49.48214
49.232319
49.297092
48.233059
48.575401
47.918476
47.835197
48.686424
48.251564
48.492123
48.159031
48.908485
48.612408
49.454388
49.722706
49.223068
49.722706
49.907753
50.879257
52.137589
52.368904
52.257877
52.322643
52.49844
51.887783
52.064964
52.344734
52.680458
52.6245
52.811012
52.643154
52.437984
52.30743
52.643154
52.326077
52.419334
52.493942
52.577873
52.27013
52.316746
51.822498
51.608009
51.943733
52.083611
51.878452
51.570705
51.878452
52.475296
52.288776
52.596531
52.428665
53.006859
53.286621
53.016178
53.025497
53.12809
52.988205
52.708439
52.204849
52.661804
52.456642
52.363384
52.493942
52.092945
51.943733
51.346893
50.75005
50.694099
50.778027
51.37487
51.393524
51.216331
50.731407
51.37487
51.524078
52.083611
52.344734
52.755062
52.745739
52.736408
52.680458
53.090786
52.279461
51.962383
53.239998
53.20269
52.773708
53.986046
53.51619
53.497398
53.816895
54.051823
53.798103
53.384632
53.591358
53.50679
53.403427
53.760513
54.15519
53.638351
53.487999
53.525585
54.080017
54.023636
54.7472
54.700214
55.376804
55.433189
55.818474
55.959423
55.545952
55.818474
55.574142
55.536552
55.339218
55.686909
55.715096
55.386204
55.000923
54.333736
52.820808
51.232708
51.505222
52.520107
53.525585
53.685341
53.337643
52.181812
53.394028
54.136395
53.177898
53.71352
52.426136
52.520107
53.065132
52.70805
53.318851
53.675938
54.014233
53.159103
53.365837
53.685341
53.94846
53.51619
53.967247
52.069042
52.210007
52.745632
52.614071
53.206081
53.769909
52.34156
52.777267
53.497131
53.620262
54.150684
53.601318
53.127728
53.421352
53.932831
53.686562
53.610786
53.970718
56.101894
55.249424
55.230484
55.145233
55.050518
55.107346
55.041042
54.917904
54.283295
54.264351
54.57692
53.591846
53.449768
53.667625
54.112797
53.231915
52.862511
54.093853
53.222443
54.150684
53.904415
53.752869
54.756886
54.90844
55.164177
55.325195
54.709526
55.183121
54.737942
54.245407
55.429386
55.486225
55.893505
55.486225
55.675659
55.03157
55.344143
55.457802
56.064003
54.207516
53.932831
54.378014
55.325195
55.808262
55.618832
55.486225
55.770378
55.467278
54.614811
54.425369
54.179104
53.733917
52.607513
52.779339
53.371181
53.810295
52.788879
52.836609
52.254311
52.903427
52.082485
51.662464
52.817516
52.311584
52.626602
52.445229
52.702969
53.943939
54.096664
53.266174
53.142082
52.617054
52.855698
53.189812
53.399815
53.543011
53.438004
54.306675
55.041718
55.499916
55.93903
56.053585
55.719471
56.14904
56.282681
57.4091
56.320866
56.177673
56.674065
56.826801
57.074993
57.466373
56.912712
57.227726
57.695477
57.781391
58.287327
58.125046
58.459148
58.602341
58.974628
58.984177
58.516422
58.029583
58.239594
58.573704
59.070095
60.081955
60.435154
60.473339
62.010227
62.392067
61.361107
61.227463
60.689034
60.862099
60.458275
61.01593
60.275593
59.717934
60.044838
60.12175
59.977531
59.266033
57.804569
58.227627
58.737213
58.371845
58.775677
58.900665
58.977589
59.823696
59.27565
59.362183
59.689087
59.717934
60.314053
61.275539
61.544758
62.227413
62.03511
62.083187
60.564037
59.987144
60.496731
60.044838
60.285206
59.996761
59.958298
60.448662
60.448662
60.362129
60.737103
60.794792
61.23708
61.131317
61.554363
61.938961
62.823532
62.890839
62.352398
62.535088
62.390865
63.246593
63.275429
63.342724
63.958076
63.842716
64.198456
63.59272
63.6408
63.227356
65.246483
68.573227
69.169342
69.332802
69.765457
69.70739
70.133263
69.504135
69.126648
69.629967
69.775139
69.70739
69.959045
70.307487
69.397675
68.923401
68.933083
69.387993
68.99115
68.284607
69.049225
69.581558
69.329918
68.691109
67.539322
68.226517
68.284607
68.36203
68.652397
68.778214
68.787903
68.884682
68.758865
68.236198
68.294273
68.981476
69.155693
69.262161
68.816933
68.720154
69.09761
68.594315
69.126648
68.245872
68.545929
67.858727
68.662071
68.623352
65.671288
65.303497
62.961205
64.151703
63.493542
63.377399
63.435471
63.09671
63.116066
62.62244
63.164463
62.970882
62.574051
61.848133
61.867489
62.02235
61.615841
61.828773
61.828773
61.025425
60.820606
60.879128
60.596287
60.898632
60.420731
60.596287
60.684063
60.254925
60.245174
60.381718
60.05011
59.494183
59.211338
59.386894
59.591709
59.338127
59.221096
60.13789
60.449989
60.108631
59.864803
59.611214
59.152821
60.303692
62.137283
61.191231
59.56245
59.533195
59.689247
59.786774
59.747757
59.845295
59.747757
60.108631
61.132706
59.962334
60.762089
60.547523
61.113201
59.435658
59.094303
59.435658
59.620972
59.523438
61.435059
60.937645
61.639874
62.293335
62.166546
61.318016
61.269249
61.932468
61.50333
59.933071
60.849865
60.91814
60.625546
60.664555
60.362209
60.820606
60.245174
