Adjusted
123.91127
123.23365
126.593475
126.358215
125.219421
126.414673
129.285217
129.059311
128.118164
127.609932
132.786224
132.710999
135.948456
137.360214
136.993149
136.428467
135.957886
135.666153
138.44252
138.489594
139.157761
141.077713
138.83783
141.595383
142.225922
141.416534
142.677673
143.279999
145.039932
145.425842
146.752853
145.86821
149.312729
146.046982
142.000031
145.021149
138.960144
139.762833
143.209702
141.424911
142.152039
143.71019
144.446793
145.551682
147.903091
144.465683
144.767868
143.398621
143.455246
145.447815
146.222153
143.492996
140.556091
141.774338
137.288681
138.440796
137.978043
138.384064
139.61174
138.960144
137.911911
138.516296
135.428345
135.031677
135.692734
135.815491
138.365204
141.141602
140.7733
140.820511
138.308548
136.07991
132.774704
130.886047
130.999329
131.754837
134.984467
135.919373
136.703156
136.089355
137.033691
137.940292
134.672821
135.673828
137.279221
140.187775
141.009384
141.897034
140.272751
140.801636
141.302124
145.920013
146.949295
145.872772
149.376282
150.056198
151.784348
150.47171
148.649155
149.88623
152.235596
154.29129
155.693344
153.542923
154.944962
153.163986
149.96199
151.269318
157.265884
158.667953
154.708115
153.334488
157.085938
154.338654
155.465973
155.503891
153.050278
147.224228
146.12532
142.838089
144.997971
143.671753
145.424286
143.28334
143.757004
142.970703
142.5065
145.168518
145.708481
148.67366
147.622116
149.403076
151.676651
154.414444
151.799805
152.993439
155.418564
155.70282
157.493271
157.502716
156.347
157.171158
156.555405
154.575485
153.874481
155.390167
158.667953
158.791107
159.454224
156.100693
154.840744
154.262863
153.590271
153.173462
155.087067
154.736542
152.282959
152.197693
150.274612
151.155624
148.834686
151.013535
150.293579
149.583038
145.159027
145.387146
146.01445
144.588806
147.088409
148.019867
148.428528
148.894226
151.583954
156.953888
156.877853
155.252594
155.870377
158.750214
159.120834
159.729141
159.462997
161.335358
157.058441
154.891418
154.26416
154.245163
151.926102
150.367432
151.118271
150.804581
149.074829
148.789673
146.603729
145.463196
146.784256
150.177307
152.068695
151.55542
149.816132
154.207123
150.471954
150.823624
151.850098
151.355865
149.9207
152.03064
154.055069
153.446777
154.074066
154.017044
152.886063
154.017044
155.072021
153.921997
155.414169
151.726501
155.081497
155.718307
154.815414
154.86293
155.110001
156.250549
157.467102
158.341492
156.820816
158.788177
159.767166
161.078735
159.710083
160.406204
161.092758
161.836533
160.24411
160.863892
157.869766
159.443146
159.881729
161.846069
159.815033
160.511063
160.568314
163.009384
162.570801
166.718719
166.651947
167.023849
168.27298
167.977402
168.253906
168.158585
167.567337
169.026276
168.673492
169.874954
171.038284
170.008484
170.151489
169.15979
170.103836
167.710373
168.396942
170.447067
167.033386
168.091812
165.154861
165.612564
162.81868
159.853149
157.040192
158.52771
156.28688
158.136749
156.496628
152.396408
154.246246
152.968506
154.236786
154.408371
153.521591
156.754105
155.905441
156.439453
156.115219
157.002029
155.67659
156.858978
156.858978
158.80426
155.886368
155.761978
158.230469
159.254227
157.618118
161.435623
164.468597
165.138351
166.726563
166.008972
162.545502
162.382813
159.493393
158.201752
159.627335
160.823334
160.909393
161.90448
159.732605
158.555771
156.192551
154.738266
155.274063
155.283661
156.766647
158.747086
160.038742
158.909729
156.182983
151.705307
149.791779
151.322601
149.236832
146.117783
148.050446
148.222656
150.423218
150.633759
150.978195
153.523148
153.51358
153.896301
151.399155
149.772629
151.399155
152.910828
153.437042
152.011475
149.590836
147.859116
148.796753
150.595459
150.404068
152.652512
153.350952
152.556808
149.868286
149.667404
150.85379
149.590836
152.461151
152.939545
153.23613
154.77652
154.747742
154.315704
153.422882
153.634109
155.333359
155.899765
156.082169
159.547897
159.365494
159.711105
158.818268
159.327103
159.259857
159.221512
161.496765
163.071198
162.946411
163.051987
163.43602
161.506378
161.650375
161.29512
160.114288
160.74794
160.143097
160.21994
162.687195
161.074326
158.319061
158.088654
156.888611
158.213455
160.325516
162.408813
163.656845
163.340012
164.616882
164.856857
168.024994
169.753067
169.215424
168.389801
168.917816
168.5242
168.735413
165.960907
163.445633
164.828064
162.648788
162.956009
162.341599
165.375305
165.567291
165.44249
165.480911
165.826508
165.029709
167.573776
167.00737
167.074524
168.149796
168.45697
170.761093
170.789871
171.23288
171.078781
172.484787
173.120361
172.956665
173.41893
173.10112
173.447784
170.838013
173.216644
174.304886
176.394608
177.174637
177.232407
177.983566
180.940002
179.312515
178.436157
178.243576
180.862976
177.280579
178.272461
177.030212
176.779816
174.015976
176.115356
181.113358
180.545181
177.001328
179.736237
174.564911
173.707794
172.157349
172.089935
170.683975
166.196335
170.36618
171.261765
173.515198
170.289108
173.399658
176.567963
177.107239
179.428085
179.196976
180.054047
182.962341
183.77124
183.231964
182.817886
183.934998
183.655716
184.705368
184.78241
183.145325
183.203094
182.952713
182.904526
182.625259
182.19191
182.731232
182.577118
183.039383
181.874146
181.546722
182.020096
181.817215
183.739716
184.473953
185.440033
188.821304
189.951645
190.212479
185.488342
186.976074
182.416168
179.247406
177.093063
178.754715
185.111557
186.724945
187.845596
188.869629
189.246384
188.821304
189.536224
189.07254
187.256271
187.816635
181.952469
178.271683
180.928421
183.817017
180.996063
178.793381
178.658112
174.117523
172.436539
171.219269
169.673538
171.141968
175.866119
174.368713
174.301071
170.504364
167.181046
170.021332
166.562744
169.5383
174.127182
172.71669
174.639206
177.208969
176.040024
178.300659
181.285873
183.343658
182.590088
183.5755
182.271286
182.696381
185.014969
183.855652
185.700882
185.217865
186.264481
183.928894
185.867142
185.36319
183.812607
184.209976
181.137848
182.126328
177.067566
178.492142
184.083954
183.492798
185.973724
184.684845
186.380783
184.103333
187.165771
186.031891
185.372879
181.564255
181.457657
182.252335
185.120911
182.165085
186.293579
185.634537
186.11911
186.448624
186.613358
188.871414
189.598236
189.5401
191.614014
194.889633
194.027145
191.255447
191.9823
190.7612
192.195496
193.154922
191.875671
190.45108
191.391113
192.428055
190.354172
191.429871
193.145218
191.197296
190.189407
191.294174
194.308151
195.500153
194.33725
195.209427
196.362686
196.701874
198.339691
199.056839
198.746735
198.620743
201.382706
200.006577
202.603821
202.67186
200.445648
202.020523
200.678955
202.487152
203.050995
204.586975
203.945374
203.196838
207.192322
207.979736
207.124268
205.860489
207.610352
206.997879
208.621368
207.250641
210.478149
212.315475
208.456085
206.890961
207.231201
201.86496
202.973221
204.091202
203.371796
202.244125
202.409378
198.374985
199.104111
201.417786
204.266174
206.249359
207.027039
205.296616
206.541
206.472931
205.607742
207.30899
205.170258
201.573364
199.308243
200.494263
201.077545
201.427521
199.356873
198.987457
199.454071
199.969315
199.376282
197.772263
200.231781
196.080765
195.526627
195.147476
196.391846
196.926514
195.575226
195.351639
191.268646
182.509674
174.460358
173.254883
179.262711
183.938736
183.14856
183.977737
177.656509
179.987961
180.524506
175.959183
181.324387
181.129257
181.353653
180.729355
179.431931
182.855896
184.016754
181.880432
176.505463
178.856415
175.315369
175.01297
172.574234
175.422638
168.779572
167.64801
169.501419
171.706039
172.671753
176.271347
175.900665
177.763855
176.632263
174.79834
175.812851
176.534714
175.110504
180.426941
180.641541
181.18782
180.963455
175.295837
179.061249
180.953705
182.426697
181.743851
186.631073
185.236115
182.904678
185.031235
186.016479
186.952957
187.313904
194.288681
191.937744
192.962006
192.552307
188.045532
185.723877
187.4505
185.89946
188.913712
188.299149
186.777405
184.553284
184.046021
184.514236
185.801895
185.99765
188.983109
186.232544
181.279678
185.968307
181.563553
179.047928
176.88475
178.255096
172.822571
172.665985
178.157196
182.268326
178.744492
171.775238
173.987396
176.238708
179.077316
178.607483
177.775482
179.645035
178.157196
176.414886
173.39032
170.404877
166.244827
161.135345
160.469711
162.221832
162.202271
155.624496
157.973679
152.316055
153.500427
150.495407
148.43988
153.539581
147.921082
151.180603
150.466064
153.735352
158.140091
156.270538
148.488815
149.448059
153.177429
153.157852
146.090683
145.111862
144.113449
137.711884
143.036743
145.865555
147.744904
144.602844
143.800217
145.640396
141.84256
142.47879
145.111862
147.069504
147.000687
152.034088
151.59169
152.702591
154.187057
152.72226
149.03569
147.374283
148.4655
151.336105
150.893707
149.458405
147.993607
150.323517
154.934204
153.646347
151.59169
151.473709
150.411987
151.237778
152.407669
153.852798
154.324661
157.116638
155.101318
152.72226
152.564941
147.865814
147.738022
149.625519
151.699829
157.146149
158.188202
155.838623
156.330185
159.898758
164.155533
162.523605
163.929413
162.297485
163.034805
164.096542
161.511017
161.334076
163.369064
160.380478
157.362411
156.831558
156.163071
154.845688
158.68956
156.723404
155.39624
152.712418
152.75174
152.034088
157.234604
152.083252
151.896454
152.820541
154.924347
158.522461
156.526794
157.474411
157.425049
157.908722
157.227646
153.664154
155.036224
153.170609
152.64743
151.19635
147.958633
146.714859
144.306305
144.276688
144.740646
143.763382
145.846207
146.438477
146.231186
150.692932
140.032104
137.712372
140.575027
143.625183
146.665512
146.339767
142.58873
143.704163
145.105865
148.442322
150.228989
154.898056
155.885162
160.445618
159.557236
161.225464
159.3302
159.685547
157.987717
158.343094
158.441772
159.08342
158.915604
158.461502
156.763672
156.141785
154.049118
156.299728
156.013489
160.001434
160.731888
161.33403
160.100159
161.748611
161.146484
163.416855
163.515549
163.535294
163.920273
164.088074
164.117706
163.940033
163.170074
163.762314
163.831451
164.719849
167.8414
167.930588
166.989166
167.653122
167.801773
168.138687
170.110733
167.048645
169.516144
165.492798
164.660385
166.563049
164.501816
164.709946
164.967575
165.522522
166.503586
163.639664
160.022598
161.419891
161.974823
157.515442
159.814514
159.616318
160.805481
164.898193
165.641418
168.297241
169.496323
167.514359
167.772034
165.908981
168.981033
167.474747
171.071976
172.935013
172.935013
173.093567
173.539505
173.965637
175.471909
176.145782
175.541275
176.631363
176.452972
174.986328
174.619675
174.332291
179.842102
180.278137
190.891479
199.057098
202.099411
207.292114
209.283966
204.398453
207.738052
208.451553
209.174973
209.204697
210.393875
209.47226
208.451553
210.489349
217.984451
225.280762
222.030228
227.189331
230.002472
234.157593
240.012527
240.410156
235.757996
237.129791
238.501572
241.553299
237.477707
237.646713
241.642761
240.002594
238.690445
239.535385
240.121872
239.217285
236.761993
238.024429
