Adjusted
33.45599
34.01812
34.336662
34.336662
33.905697
34.177395
34.570877
34.308552
33.643372
33.896324
33.971272
34.008751
35.133011
35.535858
35.40469
35.423443
37.212887
37.737526
38.299667
37.662586
38.112278
38.487045
38.280922
38.32777
37.76564
38.252823
38.655674
38.290295
38.1404
38.262184
40.58564
40.00478
40.107849
38.99295
38.196609
38.515152
37.334667
37.93428
38.665054
38.889889
38.065453
37.553268
38.530628
38.342678
38.915936
39.545582
39.470402
39.432816
39.320038
39.977882
39.376423
38.276901
37.233749
37.064587
37.092781
36.801456
37.261929
37.713032
38.211113
37.976166
37.525074
37.487488
36.416145
36.218796
36.275177
36.096622
36.754459
37.957359
38.690388
38.399067
36.331566
37.299519
35.419983
35.438789
34.968891
36.923626
37.299519
38.455444
38.295689
38.12653
39.066292
40.194027
39.545582
39.84631
39.987278
40.466564
40.804882
41.068012
40.936443
40.77668
40.936443
41.537899
41.472111
41.208973
42.524666
42.806587
42.129959
41.368736
40.898853
40.428967
40.757889
40.945847
40.062454
39.329437
39.956253
39.579227
39.362431
39.918552
40.682053
40.361565
39.626354
39.221031
40.60664
40.465252
41.115635
41.539803
40.578362
39.400131
39.390709
38.59893
38.787453
39.089073
39.437832
39.324726
40.012806
40.333294
40.201332
41.200466
41.398411
41.766018
41.596352
41.643486
42.077084
41.577503
41.125065
41.605782
42.171341
43.198761
42.491814
42.963112
42.246742
41.7943
43.340137
42.915977
42.633202
42.595493
43.745457
43.641766
43.406124
43.217602
42.915977
43.490959
43.387268
43.377846
43.905697
44.131916
43.999954
44.254448
43.971676
44.631485
44.28273
45.074501
45.913406
45.658905
45.366699
46.092499
45.753162
45.360977
45.644489
46.381607
47.033669
46.816311
47.496735
47.553436
47.430576
46.495007
46.958061
47.080925
46.939167
47.014767
46.816311
46.627304
45.72953
46.06974
46.192608
46.031944
45.72953
45.502731
45.927994
46.391052
45.738995
46.362705
46.324905
45.984695
45.890194
47.251019
47.88419
48.526802
48.347248
49.112709
48.876457
49.585232
47.874744
48.933159
47.950336
48.290543
48.848106
49.169411
50.322346
50.331787
50.114429
50.303448
51.068909
50.208935
51.409115
50.936607
52.27853
52.259632
51.465824
52.486439
53.166843
53.1385
51.342957
50.804302
50.634201
51.220112
51.50362
49.802582
50.256191
49.537964
49.78368
49.150513
49.159966
47.975266
47.842583
47.918411
47.302372
46.847439
46.430443
46.999084
46.80954
47.510876
46.771622
47.302372
46.837967
47.899464
47.671986
48.032143
48.534447
48.411236
47.766766
48.098484
47.397137
47.510876
47.690948
47.577217
46.913788
47.018044
47.880501
46.989609
47.766766
47.994232
48.24065
48.01318
47.179161
47.899464
47.491924
46.070297
45.956558
45.80492
45.681709
46.856918
46.449383
45.80492
46.781105
46.695801
48.10796
49.254738
49.159966
51.027039
50.344654
50.666889
50.771145
51.301884
51.680992
52.48658
52.410767
53.42485
52.676128
52.278076
52.78038
54.021942
53.575321
54.069454
53.394772
54.088459
53.404274
53.660847
52.948158
52.634571
52.501534
52.444515
53.803371
54.069454
53.955418
54.506577
55.171741
54.90567
56.198021
55.466331
55.20026
56.502106
55.960461
56.663647
56.948723
56.825188
56.359562
54.506577
55.599361
55.865429
55.029209
54.744129
56.141006
56.986725
57.490368
57.870472
59.789982
60.2271
61.500439
60.331619
59.73296
59.656944
59.875504
59.932522
59.780476
60.68322
60.730736
60.360138
61.519444
60.274616
60.341129
60.977802
60.911278
60.806751
59.267342
59.723454
60.065559
59.751972
60.027542
60.255608
60.825764
60.787743
60.284111
60.816261
61.424423
61.919704
62.453079
62.281631
62.757862
63.796055
63.977028
63.919876
63.757954
63.472218
64.367523
64.396118
64.396118
65.243797
65.700981
66.901077
67.02491
64.91996
66.139114
66.243896
67.120155
67.634491
67.482086
67.453514
67.59639
66.824898
66.348656
67.310654
66.053391
65.710503
66.481995
66.920143
68.444069
67.005844
67.558281
67.624947
69.806099
70.501404
69.92041
69.92041
69.186989
67.834511
67.377312
65.710503
65.453331
66.758224
64.500877
64.729469
64.167503
65.062828
66.120071
65.739075
66.234367
64.138931
65.167603
65.596199
65.500954
65.510483
65.091393
64.262764
65.291435
66.491516
65.224762
64.177025
64.539772
64.425224
64.511154
63.527924
64.387054
63.298805
62.840614
63.680664
64.024307
62.869263
63.270172
64.234314
63.231991
63.317905
63.489742
61.74284
61.857388
61.781017
60.769161
62.888351
62.630608
61.580563
59.633198
58.64996
59.050896
58.879066
58.430412
57.666737
54.678871
51.82465
47.977654
47.376274
48.340401
48.846325
50.211407
50.516865
53.132442
51.95829
53.313812
53.246986
50.010937
50.841427
51.94875
51.471455
52.636055
51.433273
48.855885
49.991844
50.755508
51.414181
51.19463
51.280544
50.812786
51.347351
52.578777
46.994431
46.33577
46.230759
46.975342
48.330856
47.614918
46.068481
45.19025
40.283665
39.338623
38.508133
39.073864
39.064278
38.709492
37.002708
37.875278
36.552044
36.657513
36.369865
36.264378
36.542454
37.817745
37.616386
38.824562
38.047878
38.239655
38.067055
38.095821
38.354717
37.904041
37.712276
37.865696
37.117779
36.753403
37.741035
38.556072
38.162941
36.954769
36.71505
36.762989
35.794537
37.520496
38.191708
39.016319
39.140987
39.303993
39.754654
39.793015
37.846512
37.94241
38.345127
39.802605
41.538155
40.646412
41.566917
41.576508
41.720341
40.847775
40.416275
41.010784
42.372375
43.024399
42.564144
42.420315
41.576508
41.442268
41.346382
41.883343
40.943657
41.173782
41.395252
41.510799
41.472279
41.347107
40.80788
40.480488
39.777569
39.777569
39.469444
38.689487
39.016888
38.785778
40.047188
40.008671
41.231556
40.827141
40.95232
41.847813
41.578205
41.655239
42.194469
42.252235
42.194469
42.329269
44.178047
42.868492
42.57962
44.332111
44.543945
43.754372
44.486172
46.469757
46.055706
45.150574
46.074966
45.304638
45.362419
46.383095
46.219406
46.633457
46.787518
47.384514
47.134163
47.288231
47.374886
46.257915
45.901642
44.630604
46.325325
45.439445
45.728329
45.53574
44.71727
44.967632
44.986889
43.39809
43.301807
44.447662
44.206928
43.763992
43.927685
43.667706
43.715855
43.735191
44.392563
44.102543
43.222816
44.208893
43.909195
43.773857
44.701923
44.102543
43.967205
44.034878
43.909195
44.189552
43.097137
42.391422
42.642773
43.010136
42.778114
42.053062
41.685699
41.270008
41.637367
40.177601
40.515953
39.36554
40.486954
39.578217
39.935909
39.95525
40.477283
41.144337
39.703892
38.872501
38.659817
39.36554
40.467617
40.158253
40.921986
40.332275
39.616886
40.525616
41.850048
40.883316
40.399948
38.785496
38.282791
39.259197
39.491207
38.437466
40.235596
40.554623
41.289341
40.370945
40.593292
39.916576
39.645882
37.992767
36.445988
34.502846
32.443699
32.356693
33.28476
36.774685
37.306389
38.219376
36.8596
37.073277
36.98587
35.791203
36.8596
36.082592
36.500237
36.131153
35.820347
35.946609
37.53949
37.588055
36.305984
36.37397
36.383678
36.228271
35.936901
35.645519
33.926376
33.683559
34.334309
33.906948
35.742645
36.626499
37.918282
38.714725
39.24892
38.510765
37.753162
37.364666
37.607483
38.131954
36.723625
36.286556
36.597355
37.296673
38.569031
38.083401
37.442364
36.403103
37.17041
37.092701
37.277248
38.161098
38.899265
38.083401
37.306389
38.219376
37.976559
37.792015
37.005291
36.412819
36.315693
37.384087
37.015003
37.762878
36.947021
36.908165
37.248108
38.598175
38.180527
38.005692
38.705009
39.417252
38.002529
37.085392
36.978069
35.680424
35.387714
37.368336
37.221981
36.060932
35.660904
36.197525
34.987698
33.34856
32.626556
32.587536
33.192448
34.587666
34.29496
33.465641
33.66077
33.299778
33.211967
33.641258
33.563202
32.607044
32.109451
31.670395
30.78253
30.704477
29.719049
31.065481
30.099564
29.065348
27.787212
28.577509
29.455618
28.567753
28.236025
28.353104
29.70929
31.016697
30.850834
29.77759
31.18256
31.641132
30.5874
30.080048
28.870209
28.870209
28.099426
28.40189
29.211697
30.636185
30.694721
30.606911
32.080177
31.309395
31.670395
31.709427
32.011887
31.668514
32.394497
33.022373
33.522709
34.219257
35.161072
33.826839
34.03286
33.856274
35.435768
34.827515
34.327179
34.798088
35.690845
35.612362
35.690845
35.288616
34.366417
34.552818
34.425285
34.356613
35.337669
35.04335
34.425285
33.355927
33.74836
35.74971
35.563313
36.622852
36.514935
36.946598
37.584286
37.652958
37.545044
38.251404
39.281513
39.575829
39.566021
40.066357
39.281513
39.458103
40.262573
40.262573
40.527458
41.253441
39.673935
39.104927
39.183407
38.692879
37.957085
38.10424
38.790989
39.291321
38.32008
39.418861
40.39011
39.516968
39.379627
40.135033
40.67461
40.635368
41.645863
41.83226
41.950489
41.5564
41.526848
41.507141
42.216496
44.226334
45.398746
45.605644
44.827312
43.723877
43.625351
43.339642
43.329792
42.551472
43.45787
43.142597
43.960323
43.999741
45.162289
43.270676
41.260834
42.630283
43.930771
44.620426
44.886433
42.886444
43.004673
42.906151
44.364269
43.822395
45.34948
44.541603
45.132736
44.78791
44.935692
44.324856
43.625351
42.896297
43.182011
41.911083
42.600727
42.285461
42.137676
43.014519
41.654922
41.438179
42.305164
42.354427
43.063782
43.605648
43.398754
43.113037
43.428314
43.19186
43.792843
43.960323
44.433231
45.773121
46.15736
44.413528
44.324856
43.694317
43.911068
43.901215
44.078556
43.418461
42.374126
42.571175
42.858082
43.26371
43.105415
43.649548
41.502689
41.947891
40.671646
40.820042
41.324612
40.602394
40.839836
40.820042
42.264484
42.195229
41.393864
40.93877
40.513351
42.333733
43.708912
44.401447
44.421238
44.11454
45.232491
45.875557
45.766731
46.756065
46.142681
46.459267
46.518631
46.469158
45.826092
46.568092
48.546768
48.230183
47.913597
47.72562
47.260635
47.112228
47.042973
46.083321
45.509502
45.737053
45.440247
46.083321
45.885452
46.934147
46.617561
47.310097
48.289547
47.49807
47.626686
49.229412
48.24007
48.081779
48.78421
49.565784
49.308556
48.942509
48.982079
48.279644
47.280418
52.523903
52.672306
53.592388
53.503056
53.622169
53.145702
54.029148
53.800842
54.088711
54.495689
53.115921
53.393864
53.592392
53.324379
52.937252
54.555244
54.664436
54.436131
54.505615
53.900105
53.642021
53.691654
