Adjusted
5.905923
5.977835
6.013793
6.022781
5.977835
5.91491
5.995814
5.9239
5.9239
5.968846
6.04076
6.292459
6.292459
6.364372
6.319427
6.283469
6.229534
6.238523
6.193577
6.26549
6.256502
6.364372
6.310437
6.400329
6.391341
6.418308
6.472244
6.400329
6.490221
6.409319
6.445275
6.38235
6.418308
6.301447
6.166609
6.274479
6.112674
6.112674
6.319427
6.319427
6.355383
6.481233
6.454264
6.490221
6.598092
6.61607
6.652028
6.634048
6.714953
6.778216
6.787253
6.714953
6.760141
6.778216
6.733027
6.669765
6.642652
6.751103
6.696877
6.660727
6.624577
6.570351
6.498049
6.552275
6.516124
6.642652
6.678801
6.733027
6.751103
6.678801
6.461898
6.525162
6.335372
6.199807
6.326335
6.308259
6.38056
6.416711
6.425748
6.425748
6.443823
6.479974
6.38056
6.434785
6.570351
6.624577
6.742064
6.742064
6.714953
6.769177
6.769177
6.949931
6.958969
6.859554
6.99512
6.986081
6.949931
6.83244
6.796291
6.814366
6.886667
6.968004
7.130683
7.004156
6.977043
6.886667
6.787253
6.823404
6.940892
7.058382
6.940892
6.859554
7.032408
6.850457
6.877749
6.932334
6.795872
6.832261
6.968724
6.923237
7.077897
7.150676
7.168872
7.159772
7.305333
7.478188
7.459993
7.732919
7.714724
7.696529
7.523675
7.441797
7.57826
7.614649
7.514579
7.496383
7.641945
7.623748
7.76021
7.696529
7.814797
7.787505
7.823895
7.705625
7.678334
7.778407
7.923968
7.923968
7.942162
7.860284
7.751115
7.823895
7.778407
7.814797
7.814797
7.832993
7.705625
7.787505
7.687431
7.796601
7.714724
7.842089
7.823895
7.687431
7.441797
7.469091
7.514579
7.496383
7.496383
7.632846
7.705625
7.751115
7.796601
7.923968
7.832993
7.742017
7.796924
7.815229
7.925044
7.833529
7.623049
7.668807
7.531536
7.55899
7.650502
7.568142
7.531536
7.55899
7.641352
7.641352
7.604748
7.732863
7.55899
7.403418
7.430871
7.668807
7.76032
7.815229
7.696259
7.870134
8.126373
8.144673
8.126373
8.144673
8.080616
8.190431
8.172127
8.227037
8.227037
8.162977
8.053162
8.09892
8.034857
8.007404
8.09892
7.970799
8.254492
8.144673
8.062313
8.172127
8.236188
8.199584
8.144673
8.117222
8.071464
8.217884
8.364305
8.382609
8.355155
8.455818
8.391762
8.336853
8.24534
8.346004
8.24534
8.455818
8.510727
8.638846
8.510727
8.629695
8.565636
8.702905
8.638508
8.758104
8.785704
8.794901
8.859302
8.8869
8.877697
8.840899
8.813301
8.877697
8.776502
8.831701
8.813301
8.942098
8.969695
8.988096
9.006495
8.896098
8.988096
9.107691
8.859302
8.859302
9.080093
9.098494
8.969695
8.666105
8.592509
8.601709
8.463713
8.518913
8.344116
8.022128
8.150923
8.132525
8.307318
8.307318
8.307318
8.399317
8.390118
8.362515
8.390118
8.334917
8.141725
8.233721
8.380916
8.528111
8.546511
8.601709
8.666105
8.767303
8.758104
8.914498
8.877697
8.923697
9.015696
9.015696
8.932899
8.914498
8.840899
8.850148
8.924129
9.016609
9.062848
9.257051
9.146078
9.155327
9.210814
9.136831
8.979618
9.118335
9.220061
9.395768
9.368025
9.432759
9.303292
9.136831
9.155327
9.127583
8.711432
8.702184
8.665191
8.757668
8.609706
8.517228
8.544971
8.665191
8.739174
8.6282
8.470988
8.387756
8.369265
8.470988
8.397006
8.452496
8.42475
8.341518
8.46174
8.50798
8.544971
8.711432
8.665191
8.470988
8.360015
8.323024
8.433997
8.341518
8.415502
8.378511
8.415502
8.480236
8.517228
8.544971
8.572714
8.655944
8.665191
8.711432
8.80391
8.8409
8.988865
8.979618
8.813155
8.766916
8.776215
8.720435
8.813402
8.87848
8.87848
8.943558
8.980744
8.87848
8.897072
8.906372
8.887778
8.869184
8.962152
8.915668
9.017933
8.980744
8.915668
8.990042
8.897072
8.943558
8.952854
9.073714
8.952854
8.646059
9.064417
9.055119
9.148088
9.16668
9.268947
9.278244
9.157385
9.148088
9.213166
9.129494
9.017933
9.017933
8.887778
8.887778
8.794809
8.841292
8.804106
8.915668
8.971448
8.990042
8.943558
9.055119
9.008635
9.036527
9.148088
9.148088
9.213166
9.20387
9.13879
9.120197
9.148088
9.213166
9.194572
9.222464
9.259651
9.259651
9.157385
9.231761
9.259651
9.417697
9.380324
9.36164
9.436382
9.539155
9.417697
9.380324
9.268209
9.296239
9.156094
9.212152
9.14675
9.090693
8.969234
9.043979
9.137408
9.100036
8.931863
9.118722
8.913176
8.829091
8.791718
8.885148
8.576832
8.586173
8.530116
8.520774
8.754349
8.707632
8.810404
8.866462
8.931863
9.08135
9.165439
9.118722
9.258865
9.212152
9.249522
9.380324
9.417697
9.42704
9.464412
9.455068
9.501782
9.436382
9.436382
9.42704
9.473754
9.455068
9.483097
9.464412
9.511126
9.445727
9.576529
9.445727
9.324267
9.380324
9.483097
9.511126
9.744699
9.726014
9.77273
9.557841
9.576529
9.399012
9.352296
9.399012
9.577591
9.840765
9.70918
9.812568
9.972351
9.925355
9.934753
10.056941
10.019345
9.887761
9.868961
9.577591
9.323819
9.446006
9.662184
9.389611
9.408409
9.380213
9.258028
9.126439
9.323819
9.182835
9.173434
9.539996
9.436607
9.558793
9.427208
9.182835
9.474203
9.41781
9.652785
9.746774
9.60579
9.69038
9.784369
9.746774
9.962951
9.868961
10.06634
10.047542
10.056941
9.991148
10.000548
10.075739
10.028746
10.301314
10.320112
10.310715
10.282519
10.301314
10.26372
10.169727
10.216725
10.348311
10.423501
10.113336
10.207325
10.526893
10.451699
10.5273
10.602901
10.55565
10.4895
10.65015
10.53675
10.413901
10.224899
10.281601
10.23435
10.404451
10.442248
10.395
10.432801
10.4517
10.4895
10.4517
10.48005
10.442248
10.659599
10.53675
10.65015
10.65015
10.49895
10.53675
10.55565
10.423348
10.338301
10.196549
10.12095
10.196549
10.29105
10.262699
10.29105
10.442248
10.3761
10.281601
10.30995
10.395
10.48005
10.4895
10.584
10.61235
10.470601
10.640701
10.820251
10.725752
10.716301
10.640701
10.517851
10.65015
10.659599
10.517851
10.432801
10.55565
10.65015
10.5462
10.716301
10.65015
10.763552
10.810799
10.848599
10.8864
10.838902
10.914898
10.791405
10.933898
10.791405
10.990895
11.095389
11.000395
10.857902
10.886399
10.639414
10.743907
10.895901
10.781906
10.772407
10.658414
10.496922
10.563417
10.648915
10.791405
10.8674
10.952897
11.000395
10.962397
11.038391
11.000395
11.019392
11.142885
11.171384
11.019392
11.104886
11.142885
11.180883
11.085889
11.114388
11.085889
11.180883
11.142885
11.019392
11.237882
11.057391
10.933898
11.038391
11.209383
11.199884
11.247381
11.057391
10.753407
10.449423
9.917453
9.698965
10.050445
10.316432
10.363929
10.363929
9.926953
10.059945
10.17394
10.021948
10.297432
10.17394
10.278432
10.268934
10.316432
10.450164
10.545686
10.211356
9.896132
10.048967
9.867476
9.896132
9.857923
10.020311
9.829267
9.97255
10.125388
10.211356
10.106282
10.297326
10.287776
10.411954
10.431058
10.306879
10.373745
10.259119
10.05852
10.240014
10.220908
10.220908
10.335536
10.144491
10.383297
10.631658
10.47882
10.411954
10.841805
10.794044
10.47882
10.612551
10.631658
10.698522
10.822701
11.128373
11.051955
11.090163
11.03285
10.813148
10.717628
10.908671
10.956432
11.185687
11.204791
11.147477
11.128373
11.137924
11.137924
11.233447
11.166582
11.271656
11.147477
10.918224
11.223895
11.042403
10.727179
10.56479
10.593448
10.335536
10.35464
10.727179
10.822701
10.688137
10.39979
10.428624
10.563186
10.716972
10.774643
10.716972
10.861147
10.736197
10.630468
10.284448
10.303673
10.140274
9.832702
9.659693
9.707751
9.784645
9.371344
9.467461
9.207947
9.111829
8.900374
8.650472
8.794645
8.458239
7.737366
7.939209
8.150666
8.246783
8.304452
8.083385
8.189115
8.333287
8.246783
8.083385
8.121832
8.044939
7.69892
8.112219
8.400568
8.429404
8.189115
8.333287
8.496685
8.275618
8.208337
8.304452
8.602413
8.41018
8.823481
8.929208
9.22717
9.294451
9.207947
8.986878
8.977267
9.1695
9.438624
9.361732
9.284839
9.178339
9.246112
9.362293
9.381657
9.391338
9.323566
9.284839
9.226748
9.226748
9.284839
9.23643
9.255795
9.207386
9.110566
9.23643
9.004067
9.033112
9.081521
9.265475
9.584973
9.672111
9.61402
9.643065
9.788292
9.952883
9.894793
9.923838
9.8367
9.93352
9.943202
9.797975
9.739883
9.865746
9.691475
9.546247
9.555928
9.565611
9.478475
9.672111
9.652748
9.575293
9.362293
9.468792
9.459111
9.962564
9.894793
9.904474
9.875429
10.049702
10.282064
10.127154
10.243337
10.117473
10.175564
10.223974
10.030337
10.194927
10.078746
10.020657
9.846384
9.633384
9.546247
9.178339
9.227107
9.080801
9.071048
9.051539
9.032032
8.993017
9.197847
8.398034
7.890835
8.163942
8.300497
8.719909
8.612617
8.300497
8.31025
8.368773
8.505327
8.632126
8.875972
8.856463
9.002769
9.032032
9.071048
9.041786
9.012524
8.934493
9.051539
9.071048
9.178339
9.188093
9.227107
9.266124
9.149077
9.041786
9.149077
9.119817
9.509968
9.500215
9.4612
9.305139
9.334399
9.246616
9.441692
9.402678
9.422184
9.275878
9.275878
9.41243
9.402678
9.275878
9.363662
9.451446
9.519722
9.646523
9.763568
9.714798
9.773322
9.61726
9.656276
9.646523
9.61726
9.753815
9.636768
9.558738
9.617682
9.558737
9.548914
9.539089
9.558737
9.706097
9.725745
9.440849
9.568562
9.745394
9.539089
9.686449
9.627506
9.706097
9.961522
9.981169
9.990993
9.981169
9.843634
9.794515
9.548914
9.647154
9.489969
9.627506
9.853457
9.961522
9.88293
9.922226
10.010641
10.511664
10.560785
10.374128
10.413425
10.374128
10.148177
10.069586
9.981169
10.266064
10.069586
10.717968
11.395824
11.494062
11.749487
11.749487
11.720014
12.014734
12.279982
12.221037
12.29963
12.388045
12.338926
12.044206
12.063854
12.240686
12.800653
12.712236
12.800653
12.987309
12.977484
13.223084
13.272204
13.065901
13.016781
12.869421
13.105196
12.867999
12.937181
13.204028
13.174379
13.174379
13.263329
13.283094
13.095313
12.927298
13.065663
