Adjusted
31.299999
31.65
31.940001
32.32
31.700001
33.049999
33.169998
33.200001
33.849998
34.990002
35.18
36.540001
36.950001
38
37.560001
37.73
37.740002
37.380001
36.66
38.07
37.650002
38.220001
37.610001
37.509998
37.18
37.07
37.220001
36.66
36.450001
36.889999
36.830002
36.279999
36.41
35.41
35.790001
35.759998
35.209999
35.639999
36.68
37.09
36.959999
36.650002
36.939999
36.91
37.040001
37.25
37.790001
38.02
38.279999
38.450001
37.919998
37.779999
38.27
38.560001
38.560001
39.310001
39.400002
40.189999
40.43
40.630001
40.720001
39.860001
37.91
37.689999
37.48
37.700001
37.630001
36.669998
38.43
38.32
36.720001
37.869999
37.540001
36.919998
37.66
37.720001
37.860001
38.16
37.939999
38.25
40.369999
39.889999
39.490002
40.470001
41
41.400002
41.18
40.439999
40.34
40.73
40.689999
40.810001
40.200001
39.490002
39.09
38.200001
37.66
37.290001
37.900002
37.529999
38.310001
38.029999
38.82
39.060001
39.279999
39.02
38.110001
38.400002
39.599998
40.240002
39.73
39.529999
40.290001
39.900002
39.259998
38.830002
38.75
37.68
37.439999
36.599998
36.619999
36.52
36.389999
36.060001
36.939999
36.91
35.490002
35.860001
36.450001
36.869999
37.27
37.240002
37.619999
37.209999
38.860001
38.490002
39.16
38.630001
39.220001
39.099998
38.759998
38.68
39.740002
39.049999
39.09
39
39.080002
39.040001
39.560001
38.330002
38.060001
38.529999
39.009998
38.77
38.630001
39.119999
38.41
37.900002
38.049999
38.580002
38.259998
38.5
38.259998
39.380001
38.5
38.57
38.75
38.189999
38.68
38.509998
38.689999
39.52
38.84
39.34
39.700001
39.740002
40.290001
41.099998
41.310001
42.75
42.34
42.16
42.009998
41.450001
42.029999
42.369999
42.07
42.75
44.599998
45.34
45.939999
46.099998
46.259998
45.810001
46.009998
45.650002
46.560001
46.330002
45.900002
46.220001
47.380001
48.540001
47.529999
47
46.77
45.799999
46.919998
47.02
47.34
46.669998
47.139999
47.310001
47.740002
46.450001
45.299999
44.240002
45.130001
45.5
45.439999
45.630001
45.849998
45.07
44.310001
43.779999
44.200001
44.439999
44.759998
44.349998
45.48
46.52
46.419998
46.720001
47.060001
47
46.57
47.240002
46.98
47.299999
46.73
46.32
46.830002
47.18
45.540001
46.549999
45.66
46.889999
46.040001
46.529999
46.619999
46.470001
47.189999
47.709999
47.77
48.77
48.529999
49.849998
50.549999
50.900002
51.32
50.959999
51.41
51.07
51.220001
51.41
50
49.82
49.790001
48.400002
49.099998
49.52
49.299999
49.490002
50.27
48.459999
48.52
47.970001
48.369999
48.330002
48.970001
48.959999
49.07
50
49.759998
49.84
49.560001
50.23
50.009998
50.369999
49.560001
50.48
51.52
51.200001
51.689999
51.060001
50.290001
49.619999
49.630001
49.549999
49.240002
49.209999
48
47.650002
48.27
49.23
49.950001
49.43
50.139999
48.790001
48.84
50.349998
50.360001
51.139999
52.5
51.900002
52.240002
51.150002
50.169998
48.759998
49.98
50.75
49.209999
48.209999
48.5
48.740002
48.57
49.009998
49.459999
49.419998
50.400002
50.529999
53.439999
52.610001
51.400002
52
52.400002
51.880001
52.349998
51.959999
51.540001
51.18
51.509998
52.299999
52.360001
52.68
52.099998
51.25
51.509998
51.720001
52.27
52.330002
53.439999
53.119999
53.369999
53.389999
52.990002
52.990002
54.5
54.77
56.259998
55.59
55.380001
55.259998
55.009998
54.52
54.98
55.990002
55.560001
55.810001
56.490002
57.610001
58.009998
56.540001
56.849998
55.759998
55.43
56.380001
56.09
57.27
57.110001
55.48
54.52
54.950001
55.700001
55.939999
55.779999
55.209999
60.990002
60.610001
62.439999
61.549999
61.77
62.049999
61.5
62.900002
63.650002
65.07
66.260002
65.309998
65.489998
65.830002
66.800003
67.029999
67.220001
67.129997
65.93
65.410004
66.389999
67.199997
67.739998
68.870003
68.690002
68.529999
68.449997
69.260002
68.769997
69.269997
69.25
68.980003
69.82
70.150002
69.150002
68.080002
69.239998
70.230003
70.699997
70.830002
72.349998
71.559998
71.339996
71.699997
71.480003
72.360001
73.480003
72.629997
72.080002
73.120003
71.540001
71.199997
71.769997
70.519997
68.449997
69.370003
71.25
70.910004
70.989998
72.089996
69.480003
69.059998
67.050003
66.980003
64.839996
68.230003
69.440002
70.459999
71.610001
70.239998
71.360001
72.07
71.400002
71.279999
69.919998
69.400002
70.050003
70.230003
69.339996
67.849998
68.970001
65.75
65.75
66.010002
64.839996
64.769997
62.939999
65.730003
67.230003
67.040001
67.870003
68.470001
69.43
69.599998
69.480003
69.690002
68.690002
68.949997
70.599998
72.529999
74
74.349998
73.879997
72.599998
73.559998
72.940002
73.489998
72.459999
72.580002
74.220001
74.470001
74.959999
75
74.889999
74.82
74.580002
74.269997
73.389999
73.970001
71.809998
71.690002
72.989998
74.93
74.650002
72.199997
72.139999
70.459999
70.07
69.839996
67.860001
69.269997
70.400002
68.639999
73
72.419998
71.5
72.190002
70.800003
70.18
69.889999
68.959999
68.849998
67.980003
67.260002
69.010002
68.970001
69.019997
68.540001
69.32
69
69.599998
69.790001
70.860001
70.410004
70.980003
72.269997
71.540001
71.989998
70.790001
74.93
72.910004
72.82
71.690002
70.239998
71.760002
72.419998
71.800003
73.139999
73.160004
75.029999
75.419998
76.029999
77.639999
76.5
75.650002
76.099998
76.07
76.169998
75.230003
74.849998
75.050003
75.949997
75.720001
76.760002
77.849998
78.239998
77.410004
77.339996
79.239998
77.809998
78.040001
78.559998
77.68
77.529999
77.440002
77.739998
76.379997
75.949997
76.059998
74.010002
74.5
75.440002
73.610001
74.5
76.589996
76.900002
77.629997
76.510002
77.730003
79.07
79.839996
81
82.519997
82.139999
81.589996
82.129997
82.190002
81.949997
81.800003
81.830002
82.389999
81.550003
81.089996
80.480003
81.279999
80.25
81.32
83.089996
83.620003
82.459999
83.830002
83.019997
84.120003
83.599998
84.400002
84.510002
83.959999
83.370003
90.720001
91.839996
90.610001
90.720001
90.870003
90.5
92.099998
92.449997
91.040001
91.639999
92.970001
94.809998
94.720001
94.120003
93.739998
93.239998
93.169998
92.279999
93.269997
93.32
92.830002
92.029999
92.290001
93.559998
92.959999
93.010002
92.879997
94.040001
92.260002
91.379997
91.459999
91.43
90.459999
90.879997
90.849998
91.400002
91.32
90.480003
89.82
87.050003
86.25
84.309998
83.110001
86.949997
88.839996
88.82
86.620003
84.32
85.470001
86.400002
85.410004
87.419998
85.970001
85.279999
84.690002
84.980003
85.839996
85.199997
86.019997
82.480003
82.239998
82.699997
84.160004
81.900002
79.449997
74.029999
74.080002
77.360001
77.089996
77.889999
78.849998
77.199997
77.550003
76.660004
77.910004
77.790001
75.860001
76.019997
72.209999
72.949997
73.510002
72.419998
71.199997
66.080002
68.980003
69.080002
68.800003
68.980003
67.699997
68.790001
69.75
68.800003
68.669998
68.589996
69.970001
69.980003
70.080002
67.660004
65.110001
66.449997
67.199997
69.25
70.209999
65.389999
67.419998
67.360001
68.989998
68.959999
69.449997
68.059998
71.160004
70.010002
67.379997
67.25
66.419998
67.25
67.379997
68.43
66.300003
65.459999
65.660004
65.459999
64.739998
64.470001
67.610001
66.860001
69.540001
68.919998
68.040001
68.989998
68.440002
67.629997
66.290001
66.440002
65.980003
64.290001
64.269997
67.830002
66.650002
64.949997
65.120003
64.269997
63.470001
62.830002
64.029999
65.82
65.580002
66.959999
67.470001
67.510002
69.580002
71.019997
71.959999
70.199997
70.129997
69.190002
66.769997
66.5
67.300003
64.25
66.010002
65.599998
67.050003
67.519997
67.620003
69.949997
69.839996
70.139999
70
70.440002
69.209999
70.790001
71.300003
72.93
73
72.940002
71.489998
72.260002
72.199997
74.949997
74.720001
73.169998
74.489998
73.720001
75.459999
75.519997
77.160004
76.949997
76.370003
76.440002
77.559998
78.099998
78.050003
79.199997
78.730003
78.239998
79.099998
78.839996
79.139999
79.57
79.779999
80.599998
80.720001
80.330002
80.879997
79.779999
80.110001
80.220001
80.910004
80.120003
81.18
81.779999
81.959999
80.620003
81.209999
79.059998
79.800003
80.610001
80.900002
80.980003
80.93
80.25
77.690002
77.919998
77.809998
77.269997
76.580002
76.720001
77.120003
76.220001
77.559998
77.730003
77.199997
77.360001
78.019997
78.370003
78.980003
78.139999
78.669998
79.239998
80.980003
81.029999
79.550003
77.949997
78.010002
77.809998
77.660004
77.43
78.57
78.75
79.300003
79.75
76.720001
74.43
75.93
77.050003
77.010002
76.660004
76.110001
76.169998
76.989998
78.209999
78.160004
78.400002
79.550003
78.309998
78.709999
79.550003
79.360001
80.529999
80.629997
80.349998
79.699997
79.660004
77.980003
77.879997
77.129997
75.519997
75.040001
75.709999
75.25
75.839996
76.25
76.139999
76.480003
77.120003
76.639999
77.419998
76.110001
74.019997
74.660004
74.510002
74.790001
74.970001
74.019997
75.019997
74.260002
74.959999
76.120003
75.550003
75.160004
76.510002
76.150002
78.129997
77.980003
75.940002
77.050003
76.160004
75.129997
75.389999
75.290001
75.849998
74.949997
75.440002
76.379997
76.120003
74.910004
75.129997
75.43
75.260002
75.629997
74.550003
74.5
74.739998
74.599998
74.230003
75.949997
75.760002
76.889999
80.290001
80.32
80.389999
82.019997
81.830002
82.010002
81.739998
81.720001
80.959999
78.93
79.309998
77.309998
76.529999
75.400002
75.099998
73.410004
75.330002
79.620003
80.879997
72.160004
72.059998
69.580002
71.940002
74
73.540001
74.660004
72.389999
72.940002
70.089996
71
71.389999
70.440002
71.519997
70.889999
71.199997
70.309998
70.580002
71.199997
71.959999
72.540001
73.25
73.970001
73.949997
73.07
74.459999
74.160004
73.5
73.349998
73.519997
73.959999
74.459999
74.370003
73.559998
73.889999
74.019997
