Adjusted
32.636147
32.679146
32.808151
32.607491
32.736488
32.664818
32.929977
32.965801
33.051804
33.080482
32.944309
33.144974
33.309807
33.395802
33.295471
33.331303
33.682457
33.625134
33.890289
33.696793
33.620693
33.838112
33.845364
33.707664
33.736649
33.678673
33.845364
33.997555
34.120766
34.251213
34.171501
34.642582
34.968712
34.773029
34.89624
35.229614
34.526627
34.97596
35.338329
35.425293
35.439796
35.845646
35.968853
35.845646
35.591991
35.454285
35.432545
35.541256
35.338329
35.439796
35.28035
35.019444
34.96146
35.142654
35.120907
35.447044
35.483273
35.780418
35.809406
36.135532
36.425442
36.577637
36.447174
36.889267
37.070461
37.382095
37.469067
37.635746
37.295128
37.700985
37.106689
38.034359
37.650246
37.360352
38.201042
38.208298
38.447464
38.628643
38.346004
38.24453
38.461948
38.628643
38.635902
38.837185
39.137276
39.254387
39.481297
38.449249
37.885651
38.032036
38.149147
39.129959
39.781387
39.634995
39.803356
40.044891
40.462105
39.656967
37.973484
37.204933
36.27536
35.038361
35.053009
34.67971
35.155479
34.408886
34.101471
34.943218
34.81147
34.138069
33.581791
33.201168
33.662308
33.63303
33.501274
33.654987
32.322834
30.66132
31.612856
31.02729
32.154499
33.084053
33.435398
33.259731
32.901081
33.669624
32.886436
32.535107
32.615616
32.996227
32.937668
34.072201
33.947765
34.130753
33.896523
34.606522
34.28447
34.028278
34.07951
33.867241
32.908394
33.062103
33.179218
32.988911
32.696133
32.110569
31.173443
31.714243
31.832764
31.366055
31.151218
31.166033
31.395685
31.269756
30.469669
30.151123
29.795532
29.180656
29.188057
29.617737
29.965916
29.847385
30.336319
30.032593
30.314102
30.521528
30.210388
30.173344
29.995546
30.002953
29.417713
30.291876
30.862301
30.373365
30.706736
30.543751
30.691912
31.277147
30.936386
32.558762
32.129097
31.180847
30.847483
30.669685
30.869711
30.958612
30.780813
30.336319
31.047501
30.943785
29.499203
28.928778
29.528837
29.75108
29.788122
30.27705
30.773407
30.706736
30.514122
31.166033
31.736458
31.536444
31.166033
31.499403
31.543846
31.403091
31.892031
31.743874
31.225294
31.343832
31.130043
31.287569
31.415091
30.597462
30.724974
30.342421
29.727322
29.614799
29.472279
29.592295
29.689814
29.862341
29.787325
29.209734
29.127224
29.194733
28.70715
28.279581
27.799505
28.032034
27.581968
27.259415
27.049379
27.371937
27.371937
27.431944
27.656984
27.649483
26.884359
26.749331
26.831848
27.049379
27.244417
27.634478
26.854351
27.064384
27.169409
27.274418
27.364433
27.379438
27.454447
27.244417
27.1619
27.1394
27.611973
28.084549
28.024542
28.062048
29.157227
28.587133
28.497116
28.534626
28.80467
28.534626
28.797161
28.834669
28.902184
28.954693
28.812168
29.344749
29.127224
29.172224
29.36726
29.127224
29.269743
28.954693
29.019365
29.232414
29.536755
28.760679
28.608503
28.821543
28.676975
28.813936
29.011757
28.791105
28.235676
28.775885
28.486765
28.920452
29.179146
29.498713
29.437845
29.993273
29.863928
29.354149
28.669369
28.296547
28.49437
28.608503
28.258501
28.273724
28.19763
28.19763
27.626987
27.573727
28.053068
27.923725
28.296547
28.243286
28.737848
29.042192
29.513931
29.536755
29.681318
29.681318
30.031317
30.594355
30.959578
30.754137
30.465008
30.601965
30.837835
31.370447
31.256306
30.837835
31.058481
30.921532
31.043268
31.119356
31.012835
31.659569
31.811739
31.849787
32.093258
32.009563
32.108479
31.933479
32.306293
32.664711
32.4566
32.310162
32.240791
32.525967
32.572216
32.888222
32.603046
32.610756
32.256207
32.125179
32.4566
32.4566
31.947899
32.071224
32.179127
32.402649
32.502853
32.240791
32.865101
32.703243
32.156006
31.878529
31.947899
31.940191
31.978727
31.685839
31.177141
31.331297
31.338999
31.739803
31.747507
31.778328
31.608767
31.909367
31.84
31.89395
31.955608
31.809174
31.439198
31.562527
31.739803
31.855417
32.017273
31.755213
31.940191
32.024979
32.271618
32.256207
32.510551
32.49514
32.502853
32.579922
32.718662
32.618458
32.857395
32.764908
32.317875
32.009563
32.194546
32.163712
31.708967
31.685839
31.799116
31.947521
31.994387
32.002193
32.517731
32.806744
32.720821
33.002022
33.17387
33.220734
33.236359
33.002022
33.048889
33.212925
33.447262
33.66597
33.845623
33.658157
33.829998
33.923729
34.15807
33.900307
33.720654
33.119186
33.158241
31.674135
31.635075
31.830364
31.619453
31.111729
31.236704
31.025808
30.869581
30.83053
31.025808
31.260141
31.244516
31.017992
31.244516
31.166405
31.322632
31.400738
31.377306
31.978758
32.134991
32.736446
32.994205
33.517551
33.376953
33.283226
33.197304
33.517551
33.259792
33.267597
33.439449
33.486313
33.845623
33.876869
33.705021
34.048717
34.345535
34.32991
34.665794
34.751713
34.099308
34.154667
34.376087
34.297005
34.24165
34.731945
34.463074
34.929649
34.826847
34.178387
34.146748
34.67659
34.581696
34.613327
35.166889
35.427845
35.918148
35.926052
35.94978
36.036766
35.032452
35.451576
35.609737
35.79163
35.823254
35.862789
35.340866
35.206429
35.736259
35.506924
35.657181
36.044678
35.151077
34.795216
35.008724
35.253876
35.340866
34.818935
35.467392
35.823254
36.503342
37.278324
36.780121
36.81966
37.404854
37.333679
37.752808
38.084942
38.124477
38.092854
37.547199
37.982136
38.077034
38.029583
37.926785
37.863522
37.918873
37.39695
37.309963
37.017361
35.870697
36.195015
35.089939
34.945805
34.177055
34.105
34.169052
34.329208
34.417294
34.873734
34.401283
34.801659
35.017876
33.760662
33.872761
33.45636
33.920815
33.776676
33.808701
33.45636
33.584488
32.303246
32.54348
32.535469
32.014965
32.295238
32.183132
32.479424
32.631569
33.360271
33.023941
33.984875
33.968861
34.000893
33.480381
33.512413
33.752647
35.08194
34.601471
34.913773
35.226067
35.706539
35.418262
35.170025
34.289162
34.145035
33.936832
34.193073
34.441315
34.481354
34.609474
34.697567
34.313194
33.784676
34.088974
33.992878
33.960846
33.928818
33.055973
32.263206
32.511452
32.631569
31.670637
31.390366
31.881916
32.353161
31.825043
31.890041
31.361923
31.898163
32.336906
32.353161
32.361282
32.32066
32.133789
32.125664
31.784418
32.05254
31.784418
31.459431
31.776293
31.613798
31.069429
31.110056
30.354446
30.273197
30.216322
30.711943
30.91506
30.92318
30.50882
30.687561
30.988188
31.223806
30.655066
30.525066
30.305695
29.923826
29.525711
29.972578
29.85071
29.631332
29.996946
30.045702
30.175701
30.833813
30.768812
30.581942
30.703819
30.825686
30.720064
30.427568
30.711943
30.468189
30.655066
30.50069
30.841936
30.655066
30.890686
31.134434
31.394428
31.491926
31.077559
31.394428
31.573172
31.573172
31.345678
31.292082
31.358044
31.193134
31.366293
32.64436
32.735058
33.122608
33.576115
33.518391
33.559624
33.402954
32.924706
31.654884
30.343836
30.929276
31.283834
31.085939
30.558222
30.203663
30.286116
30.162432
29.420326
30.129452
29.708927
29.560501
29.758394
30.038744
30.516994
31.069448
31.646643
31.828043
31.869272
31.580677
31.795061
31.671379
31.663137
30.360331
30.764364
30.714888
30.747871
30.962255
31.704361
31.786819
32.034184
32.405235
32.248569
32.331028
32.067165
31.555941
31.770321
32.149624
32.413486
32.314541
32.48769
32.792786
31.861031
31.795061
31.770321
31.391024
31.531202
30.673655
31.094189
30.286116
29.783134
29.996731
28.455433
27.693159
27.776928
27.709911
27.751799
27.433485
28.036606
27.986343
28.57271
29.01667
29.284721
29.61141
29.577904
29.695175
29.938097
29.76219
30.264786
29.76219
29.39362
29.971609
30.273167
30.390432
30.114012
29.48576
29.812449
30.055376
30.365309
31.119205
31.194595
30.390432
30.792517
31.027065
31.596676
31.680435
32.00713
32.342194
32.375702
32.032257
32.02388
32.719147
31.404011
30.566345
30.482584
30.960047
30.867908
30.323425
30.122383
30.356928
30.624981
29.293098
29.845955
30.960047
30.691996
31.035435
29.494137
29.318228
30.105629
30.348555
30.021868
30.691996
30.483501
30.296276
28.926132
24.109367
23.156225
22.237125
22.347755
22.909428
23.292389
23.89661
24.168936
24.654016
24.305101
24.585938
25.241222
25.445465
25.173138
26.16032
26.364565
26.704973
26.807095
27.632586
27.300686
27.487911
26.985807
27.80279
27.768747
27.360258
27.453871
28.024052
28.21979
27.598541
27.38579
26.917727
26.96879
27.38579
28.032562
27.607054
27.726194
27.751726
28.058096
28.151707
28.653807
28.968685
29.487806
29.513338
29.768642
29.870764
29.828213
29.726089
29.896294
29.989906
29.113358
28.117662
28.730398
28.943155
29.360153
29.130379
28.858049
28.789968
29.232498
29.6495
30.10054
29.603119
29.888596
31.134314
30.027008
29.49931
29.62042
29.585815
29.72423
29.049465
28.14113
27.907555
27.976763
28.080574
28.16708
28.184381
28.270891
28.582321
28.435257
28.642876
28.867798
29.040813
28.911051
29.464705
29.732882
29.828037
29.784786
29.923195
29.845339
30.104864
30.225977
30.433598
30.165421
30.286531
29.456055
29.507959
29.611771
29.568516
30.251928
30.597961
30.606613
30.554708
30.909391
30.736376
30.174072
31.091057
31.610111
32.034
32.380032
31.964796
32.380032
32.328129
32.985592
33.167255
33.348927
33.651703
33.807419
33.582497
33.452732
33.755516
33.93718
34.127499
33.703609
33.816071
33.802895
33.723877
33.750217
34.197998
34.680897
33.855579
34.356037
34.672119
34.443836
34.777477
34.979416
34.654556
34.610657
34.926735
34.645779
34.751137
34.013622
34.356037
34.610657
34.531635
34.066296
34.312138
35.234039
35.409634
34.768696
33.478039
33.451702
32.442005
32.43322
32.512241
32.626385
32.872223
33.047825
33.495602
34.162876
34.48774
34.768696
34.031174
34.540417
33.838017
33.320004
33.021481
32.345425
31.880085
31.564005
31.528887
31.660583
31.388407
31.686924
32.020561
31.818624
31.888865
32.213726
32.354202
32.187386
31.476206
31.678148
31.247927
30.791367
29.92215
29.974829
30.071411
29.374332
28.178921
27.639059
28.458492
29.171886
28.996208
28.137352
27.268734
27.424889
28.693657
28.703417
28.615578
28.069033
27.990953
27.981195
28.693657
28.801014
28.55702
28.674135
28.888851
28.820534
27.922638
28.381344
28.52774
28.722935
29.406116
29.386599
29.318281
29.620832
29.65987
28.313026
27.72744
28.439903
29.572033
29.298761
28.664377
28.478943
28.55702
28.664377
28.313026
28.654619
29.005968
