Adjusted
50.203598
50.661606
51.428078
52.194546
51.792614
51.970211
52.91428
52.577782
52.736687
52.970356
53.30685
53.559235
53.895725
55.026733
54.054634
54.624802
55.054783
58.401058
63.663509
63.448521
62.775524
63.756992
63.083981
61.709953
62.298813
62.224052
62.971832
62.382946
62.607281
63.5233
63.88784
63.018559
63.756992
61.700611
60.195717
61.719299
59.578808
60.392002
61.392155
62.158615
62.196003
64.345856
65.261871
64.953423
64.532806
64.934715
65.327293
65.785301
67.105148
67.367226
67.872704
67.60125
65.523232
65.429619
64.839882
65.775948
65.935097
66.562233
67.423409
67.030258
68.836823
69.398445
67.451485
67.198753
67.105148
67.807167
68.612152
68.256477
68.013115
66.824303
63.623039
64.39061
62.630844
62.733803
62.509171
63.557518
63.847679
65.635544
66.609055
66.449898
67.582527
67.563805
66.187828
67.591888
68.331352
67.82589
67.638695
67.292351
66.421822
64.867981
64.95224
67.60125
66.084846
64.690147
65.223686
65.261131
65.158173
64.194054
63.688595
63.164398
64.137886
64.184677
64.343803
63.098881
64.39061
63.885151
62.49044
63.641777
64.755676
64.353157
62.986553
62.5466
62.668468
61.843502
63.287174
63.296551
62.227856
60.259224
60.015476
58.937416
59.668636
61.599758
62.855949
62.330967
62.537235
63.015324
62.996578
63.868389
64.243362
64.280884
64.43087
66.521393
66.718231
66.61512
66.31514
66.821365
67.646324
69.314987
68.68689
68.836868
68.086914
68.94001
68.621269
67.524437
68.611893
69.802444
71.283623
70.599289
70.383667
68.86499
68.95874
69.70871
70.205551
70.430527
70.505547
70.749275
70.524292
70.374298
68.70565
69.108734
68.461884
69.849327
70.927391
70.693031
70.73053
71.696098
71.077385
70.16806
71.236732
71.386749
71.742973
72.464813
73.430374
72.924156
73.21476
72.65049
73.092499
73.280586
73.15834
74.503197
74.898186
73.948326
73.854271
73.835464
74.032967
74.098785
73.666191
72.73513
74.004753
75.199135
75.133293
75.368423
74.804138
74.079994
73.854271
75.979713
76.27124
76.46875
75.99852
77.409218
77.484467
79.055016
78.998581
78.584778
77.042427
78.142769
78.246216
78.208611
78.528366
75.537697
76.365295
76.111382
76.863739
75.697578
76.177216
74.089394
75.51889
76.054962
75.180313
75.970314
76.835541
77.926468
77.033028
77.014221
76.46875
77.428024
78.368477
77.710159
78.631813
76.628647
76.299461
76.092567
76.318291
77.315155
76.619232
76.045563
75.716393
75.180313
74.239876
73.882469
74.486305
74.863686
75.014633
76.260025
75.98642
75.637329
75.684509
76.552483
77.929947
78.373375
77.939377
78.307327
76.53363
75.741112
75.401474
76.288322
77.071404
76.741173
76.326057
74.410828
75.033516
73.278679
73.325836
72.769211
73.514549
73.703232
73.023933
71.938942
71.306839
72.457863
72.703163
72.203125
71.221931
69.740677
70.533211
70.438858
71.995552
72.816376
72.637123
73.82589
73.618309
74.22213
75.005211
75.910927
76.146797
76.995911
76.580788
76.844955
75.759979
74.835381
75.005211
75.505241
74.986336
75.807159
76.175102
76.835541
77.241219
77.590309
76.61853
76.24115
75.335411
75.741112
75.86377
76.71553
76.299095
76.829094
77.567291
77.207657
77.643005
77.008919
77.605148
78.75975
78.437981
79.460098
80.406494
81.040573
80.766136
79.232956
79.49794
80.643105
79.516876
79.100471
80.368637
81.485382
81.901817
82.592682
83.075356
83.293022
83.444466
83.57695
82.74411
82.55484
83.302483
84.381409
84.135338
83.917656
83.841934
83.368729
84.163727
83.482307
82.914459
83.605347
83.917656
84.248894
83.463387
82.715729
83.226791
83.311981
84.513893
85.450821
85.043869
84.636925
85.14798
85.734756
86.406693
86.416176
87.438286
87.362564
87.258461
88.318436
89.056625
89.255371
90.201782
90.600319
91.046295
90.98938
91.036819
91.397392
92.365257
92.953583
93.371086
91.558693
93.162323
92.602486
93.266716
93.836052
94.519241
94.338951
94.822899
94.130188
93.902458
93.968895
93.465965
92.839706
94.139702
92.830231
94.149185
93.418533
93.674736
94.244064
94.699554
95.041138
95.591499
94.709038
94.728004
94.338951
95.885658
93.921455
92.991531
95.306831
93.551369
93.722168
92.839706
94.8134
95.022156
93.968895
94.054291
92.545563
93.845535
92.896637
94.206108
94.319962
94.955727
93.760124
95.041138
95.13604
94.86087
95.069611
95.933098
95.39222
95.600975
95.031654
95.828712
94.652084
94.405388
94.07328
93.788582
92.247482
93.198792
94.349869
94.083511
92.97049
92.7612
91.600609
91.343765
91.324738
90.544662
91.486443
91.524506
89.726547
87.129494
86.872658
86.301865
85.502785
84.151932
84.104378
80.479919
78.520226
73.99205
72.213127
72.622185
74.239403
74.781624
75.828056
77.378693
76.103951
78.215828
78.339493
76.398849
77.958969
78.853203
79.091026
80.679688
79.205185
77.473816
79.11956
79.633255
80.727264
79.728394
79.728394
78.444145
77.150368
78.986382
77.283554
77.911407
78.358521
79.519104
81.060204
80.546486
78.301445
76.893524
69.37825
70.367599
71.471123
73.069298
72.574623
72.032387
67.837151
68.664795
65.240105
64.555176
63.289951
62.497395
63.242207
65.915894
67.36731
71.139114
70.43251
71.960327
71.014992
70.95768
71.444679
70.785797
70.489792
70.795349
67.36731
66.326485
66.173698
68.159851
67.911591
65.342949
64.63633
66.116402
64.855957
66.861214
66.431511
68.188507
68.818756
67.634682
68.417694
68.379494
63.041679
62.736107
64.445358
66.91851
69.401215
68.761444
69.86911
69.678139
70.451599
69.506256
69.515816
71.33963
73.363998
73.850998
73.621826
73.029785
72.857933
72.447327
73.039352
73.192139
72.027176
71.692963
70.766716
71.129555
71.463776
70.184235
68.169418
67.243187
66.116402
66.460167
65.667625
65.887245
66.202347
65.675262
66.863617
64.592331
65.493172
64.994843
65.243996
66.221519
66.029846
64.563583
65.704018
65.042763
66.298187
66.317345
69.508629
69.336128
68.856956
69.364883
70.074059
69.690727
71.521149
74.837029
74.769936
74.233261
74.444099
71.818237
72.144073
72.642426
72.076996
72.086586
73.552841
74.722015
73.696594
72.623245
71.578659
70.821564
71.367821
70.399895
71.243233
68.703636
68.521545
67.323608
66.518616
66.758186
66.020271
64.879829
66.652779
67.02652
66.144844
64.506073
64.41983
64.486923
64.707344
63.979
64.486923
63.979
63.41357
63.327324
62.282722
62.838562
62.905651
65.962769
65.077881
64.760475
66.751472
66.857277
66.664894
66.020477
66.309029
67.549797
66.530235
65.433746
65.818497
64.414207
64.327637
62.923359
63.202293
61.951908
62.567482
61.913433
62.182751
61.884571
61.538319
62.105797
60.643799
60.287933
59.076015
57.325474
56.921497
56.748371
57.017681
56.257832
55.478745
57.373566
57.74868
58.027615
56.757984
55.497978
55.353706
53.785904
54.641945
53.785904
56.209736
55.680729
57.152332
56.546387
56.825317
56.536762
56.950352
54.564999
53.612778
52.891403
49.034435
48.034119
49.265274
53.632019
55.267139
57.181194
54.892025
55.315235
55.209427
54.199501
54.372627
52.824074
52.035362
50.496433
49.996277
50.77536
52.602848
52.75745
50.660683
50.535069
49.423874
48.380329
48.361
48.57357
46.631401
46.65073
48.370663
49.037373
51.878155
53.994263
56.796394
57.955891
60.458492
59.820766
58.100838
58.24577
58.178135
59.347298
58.970463
57.8013
58.313416
57.086273
59.067089
58.815865
56.728752
55.008827
55.144104
54.24548
54.313114
55.675533
58.120163
58.381046
60.091316
60.642082
59.888405
60.67107
59.096077
57.70467
57.743317
59.753132
58.062187
59.105736
58.071846
56.950989
56.767403
59.289326
58.825531
57.095928
57.008972
57.540405
54.825233
53.685055
53.047333
51.211445
50.196877
50.216206
50.708992
48.728176
48.428635
50.234875
49.448288
47.778
47.098232
46.068863
47.078808
49.788174
49.108402
47.574074
47.933376
46.777767
47.078808
46.787483
46.680656
43.767361
42.359272
42.320431
40.485054
38.45546
37.474655
38.805054
37.600899
35.474194
34.192341
36.532688
37.222168
33.386337
33.803909
35.784943
39.174076
41.271641
40.553032
38.222401
41.747482
42.213615
36.921131
37.863098
37.581474
38.154423
37.804829
38.950722
39.659618
42.213615
40.854076
41.087135
43.291531
40.708401
40.494774
40.378235
41.825172
42.339851
43.029327
45.563896
46.612686
46.991409
47.85569
45.408516
45.719273
46.874882
49.778458
48.7491
48.963806
50.5839
51.911201
52.604134
52.54557
52.408943
50.359421
50.847408
49.617699
49.188274
49.744576
51.384186
50.779087
49.334671
50.027603
52.701725
51.628174
53.170185
53.423939
55.980946
55.2197
56.332291
55.795509
58.401318
59.699345
59.709103
58.733147
61.856213
60.382511
61.72934
59.79694
57.757191
58.186607
57.562
55.385609
53.989994
54.536526
54.800037
53.160431
56.322529
56.917866
56.742191
56.371323
57.015461
56.273731
56.566517
55.883347
56.273731
57.18137
56.800755
59.182087
58.986897
58.781944
58.489159
57.503437
57.805988
56.956902
58.86002
60.089725
60.372757
58.928341
56.312771
56.107822
56.676346
56.019604
54.990364
55.833359
57.166454
57.538937
56.872391
58.587776
54.725712
51.589008
54.049358
56.627338
58.911251
58.960262
55.833359
55.75494
55.36285
55.686325
54.960964
58.940655
56.872391
56.862583
55.803951
56.460697
55.000172
55.245228
53.823906
53.04953
51.765442
52.618237
50.579376
51.138103
52.588829
50.216694
50.72641
52.333973
52.804474
53.55925
54.813927
54.323818
53.637665
55.421665
55.166805
55.529484
55.549091
55.578503
56.480301
56.098015
55.088394
55.304035
55.235424
55.686325
55.549091
55.304035
54.970768
53.225975
52.255558
52.030106
50.216694
49.805004
51.510582
48.932602
48.893402
46.82513
45.982143
45.97229
45.804756
45.292313
45.006523
46.317207
47.085869
46.228508
46.938049
46.129967
49.115944
51.392387
52.84103
53.116962
51.490932
52.70306
52.880451
52.299019
53.166233
51.806282
51.205147
50.771538
50.948925
50.081707
50.239384
51.609188
51.885124
51.993523
51.461369
50.160549
49.529842
49.687519
49.56926
47.273109
47.154854
46.405895
46.405895
45.745625
46.750809
47.046455
48.288147
48.91885
46.888779
47.371662
49.855049
50.081707
49.766361
50.22953
52.042801
51.855556
52.427132
51.963959
50.25909
48.337421
55.147038
55.294857
57.078564
58.142872
58.941109
60.064545
60.774078
61.848244
61.986214
64.193665
62.252293
62.014839
61.83675
62.697517
62.717304
62.885502
63.033909
63.103165
63.726486
62.806351
62.232506
61.628979
