Adjusted
21.862171
22.28632
22.609039
22.323198
21.991253
22.009701
22.194107
22.037357
21.963594
22.028133
22.249435
22.461508
22.48917
22.710463
22.645922
22.48917
22.885656
22.857996
22.950203
22.692026
22.867218
23.245262
22.775011
22.48917
22.562935
22.350859
22.28632
22.507614
22.498394
22.544497
22.581377
22.31398
22.830339
22.415405
21.852943
22.212547
21.253603
21.530226
21.880606
21.769962
21.834507
21.843725
22.267874
22.369301
22.545221
23.563688
23.721094
23.748871
23.841455
24.498833
24.350691
23.998854
23.628504
24.211807
24.072927
24.443275
24.082182
24.304396
24.02663
23.887745
23.684059
23.656275
22.980385
23.934044
23.304445
24.146996
24.221066
25.017323
25.350639
25.452486
24.359947
25.341387
24.989548
24.563646
24.850668
24.693266
25.369158
25.720997
25.517298
25.109907
25.193239
26.008015
25.702478
26.332075
26.665392
26.878345
27.119078
27.49869
27.285734
27.461651
27.67461
28.32272
28.544935
28.507896
28.850473
28.794926
28.720856
28.369015
28.128284
27.998663
28.359755
28.526415
29.195221
28.452105
27.792587
27.6161
26.928713
27.393162
28.33135
28.554283
27.643963
27.337433
27.913345
27.123785
27.606806
28.192013
27.578943
27.551077
27.281694
26.622181
27.105206
27.857609
29.009439
28.721483
28.981575
28.712196
28.136282
29.130201
29.204514
29.30669
29.511047
29.548199
29.919762
29.724689
29.538914
29.399576
29.659666
29.483181
29.82687
29.325264
28.990862
29.176647
29.130201
28.591438
28.387083
28.665751
29.668962
29.75256
29.613222
29.371716
29.130201
29.083755
29.083755
28.832952
29.260242
29.03731
28.730772
28.647171
28.284903
28.37779
28.257036
28.489258
28.47068
28.37779
27.560366
27.653254
27.952005
27.634586
28.194744
28.530834
28.698889
28.820251
29.539129
29.641823
29.791197
29.436434
29.520456
29.763193
30.1553
29.828545
29.072329
28.9603
28.857601
29.333735
29.623152
29.44577
29.193697
29.053656
29.212366
28.997641
28.792244
29.473776
29.091
28.642872
29.968584
30.519405
30.650114
30.97687
30.808826
31.38765
31.863798
31.742426
31.639727
31.47168
30.920856
31.256947
31.340975
31.649069
31.798445
31.919809
31.462345
31.415668
31.733093
31.453011
31.686403
30.846172
32.022503
32.265244
32.003834
32.620007
33.161499
33.086815
32.73204
32.42395
32.648018
33.049465
33.198841
33.47892
33.348217
33.798233
33.404472
33.516972
33.207581
33.366974
33.170086
33.695107
33.891994
33.816986
33.066956
32.90757
32.832577
32.870071
32.81382
33.310711
33.301342
33.816986
34.32325
34.332638
34.285755
34.060753
33.985744
33.966995
33.188835
33.310711
33.357597
33.24509
33.291969
33.545097
33.695107
32.598186
33.151337
33.770107
33.329468
33.057587
32.841946
32.701317
31.716904
30.72311
30.694988
31.416887
30.816862
31.641903
31.173126
30.169962
30.769993
31.445023
31.838779
32.260674
32.091919
32.476307
32.532562
32.391937
32.504429
32.654438
32.213795
32.195049
32.16692
32.476307
32.232548
32.335678
32.513805
32.991951
32.588814
33.591976
33.816986
34.024109
33.864063
33.760502
33.581623
33.459232
32.89436
33.186203
33.148556
33.03558
32.800213
33.383915
33.346264
33.308605
33.270943
32.856705
32.451881
32.837883
33.205044
33.600452
33.845238
33.920547
33.299183
32.790806
32.828461
32.950851
32.028225
31.350376
31.745789
31.971741
32.480114
32.640167
32.498955
32.658997
32.715492
32.81905
32.932014
32.451881
33.101482
33.769909
33.760502
33.685181
33.581623
32.922611
33.261532
33.374504
33.026165
33.506298
33.129723
32.640167
32.235355
32.282417
32.263592
32.075298
32.338909
32.583679
32.706074
32.828461
32.593094
32.914589
32.763302
32.990231
33.463005
33.74667
33.945232
34.257267
34.191082
34.389641
34.200535
33.869591
33.784485
33.69939
34.001961
34.030338
34.058697
34.058697
34.07761
33.831768
33.973602
33.879044
33.718304
33.860142
34.446381
34.030338
34.843506
34.796227
34.540932
34.59766
34.228897
34.389641
34.446381
34.436916
34.474739
33.850674
34.134342
34.21944
33.869591
33.90741
33.916866
33.330631
33.406269
33.188789
32.64983
32.299973
32.177055
32.460728
32.167603
32.517456
32.006851
32.139236
32.602551
32.716019
32.971313
33.34008
33.19825
33.689938
33.831768
33.954697
34.323452
34.323452
34.682762
35.117714
35.183891
35.022381
35.2029
35.221909
35.041386
34.946369
34.965366
35.003372
34.832352
35.28841
35.25042
35.297924
35.25042
35.364429
35.706482
35.906017
35.915512
35.468948
35.221909
35.687492
35.231415
35.677979
35.611469
35.392933
34.651829
34.841846
35.42144
35.126896
34.556805
35.079388
34.699333
34.224258
33.701683
34.024731
33.72068
33.796692
34.29076
34.632813
35.145905
35.079388
35.259914
35.677979
35.810997
36.865662
36.932171
37.1507
37.606777
37.663788
37.692287
37.939331
37.920319
38.195858
38.091351
38.15786
37.967838
37.901321
37.910824
38.081848
38.518921
38.765949
38.851467
39.27903
39.516571
39.383545
39.249947
39.41217
39.135433
39.450352
39.631664
39.421722
39.698463
40.318756
39.650745
39.20224
39.288113
38.543766
38.486515
38.076172
39.087723
40.022919
40.042007
39.898869
40.318756
40.204235
40.118351
40.309212
40.337841
39.784351
39.87978
39.040009
38.400631
38.76326
39.183151
38.820515
38.467434
38.562859
37.971203
37.770802
38.133427
37.894852
37.885319
38.772804
38.305199
38.219315
38.104801
37.484509
37.761257
37.121883
37.751713
37.81852
37.933022
38.181137
38.438801
38.524693
38.734634
38.696453
39.20224
39.383545
39.631664
39.307209
39.536232
39.574406
39.278572
39.431255
39.135433
39.116356
39.087723
39.374004
39.364456
38.839603
39.290115
39.30928
39.663937
39.002552
39.59684
40.507439
40.306152
40.919609
40.75666
41.092144
40.804585
41.312607
41.207169
41.034637
40.459515
40.373249
40.2103
40.612873
40.08569
40.056934
40.382832
40.574539
40.277397
40.641636
40.68956
40.794998
41.082554
40.862106
40.919609
40.890858
40.162376
40.344494
39.702274
39.692692
39.75021
40.104858
39.683109
39.654354
39.654354
39.079239
39.395546
39.625595
39.462646
39.175087
39.481815
39.980251
39.874805
39.520157
39.654354
39.89399
39.616009
39.913155
40.373249
40.622463
40.296566
40.124039
39.491402
39.759792
39.798302
39.576878
39.480602
39.499859
40.096741
39.673141
39.990845
39.470978
39.480602
40.46257
40.751385
40.626228
40.193008
40.46257
40.308537
40.799522
40.452942
41.09795
40.963173
40.693619
40.270027
40.50108
39.721279
40.019722
42.542007
42.387981
42.436123
42.484249
41.425274
41.540794
42.147301
43.418068
43.995705
44.939156
45.516777
45.093189
44.57333
44.977654
44.679222
44.592583
44.736988
43.957188
45.102814
45.892227
46.209927
45.776703
46.431351
45.988503
45.699692
45.911488
46.142532
46.57576
46.055897
45.709312
46.99934
47.53846
47.326664
47.682865
47.365173
46.633511
44.996914
42.821205
43.023365
44.505936
45.256847
44.695969
44.434872
43.274437
44.077072
44.289818
43.245434
44.386524
43.806305
44.299492
44.434872
44.057732
44.695969
44.97641
44.299492
42.858624
43.197075
42.665215
42.984337
43.6129
43.883667
43.003674
43.564545
44.270481
44.47356
44.396191
45.13113
45.005417
45.35355
45.556622
45.334209
45.314865
44.98608
44.367188
45.401901
45.585636
45.924095
46.494644
46.813763
47.171555
47.616394
47.200569
43.84499
44.889378
45.566292
44.73465
45.218166
44.96674
45.053768
45.35355
46.030464
45.334209
45.779037
45.19883
44.22213
43.651581
44.367188
44.038399
44.386524
44.502563
44.46389
44.338169
44.193119
44.019054
44.252216
44.339649
44.88369
44.650528
43.98019
45.379162
45.058567
44.533955
43.853897
43.717884
42.620079
41.988598
42.746376
43.309853
42.076038
40.910225
41.182247
42.027462
42.124611
42.416058
42.250908
42.853237
42.590935
42.22176
41.473698
42.134323
41.036522
40.026154
39.491821
39.754128
40.191303
38.947781
39.103222
37.966553
37.995701
36.791027
36.946472
37.607098
36.557873
37.500221
37.451653
37.791679
39.03521
38.753475
38.102566
37.830544
38.666046
39.384956
38.462025
38.860344
38.60775
37.529377
39.627834
39.997005
40.715919
40.579914
40.58963
41.289116
40.531342
40.706211
41.512562
41.609715
40.919937
42.348053
42.377205
42.347916
42.718876
42.82626
42.230766
42.181953
42.60173
43.646278
43.587704
43.577942
44.017235
45.03249
44.817722
44.310093
44.710339
44.768913
44.495579
45.100826
45.071537
45.20821
44.983681
45.68655
45.217968
44.671291
45.012966
44.046516
43.958656
43.773186
44.32962
45.091057
44.925106
44.82748
44.993443
44.983681
45.452259
43.753654
44.017235
43.734135
43.97818
43.919609
42.718876
43.324127
43.890324
43.509605
43.041023
43.128887
42.82626
43.119122
43.675564
43.206978
43.441269
43.382702
43.246029
42.699352
43.343655
43.001972
43.929371
43.616989
44.388195
44.368671
43.958656
44.331364
44.301933
44.262703
44.105778
43.468269
43.585964
43.693851
43.664429
43.625198
42.928841
43.223072
43.066154
42.497295
42.977882
43.154419
43.252495
43.370193
43.213264
44.095966
41.585171
40.192455
41.300743
42.330563
43.527119
43.40942
42.242294
41.908829
41.899021
42.742493
42.938644
42.997494
42.595375
42.958263
42.909225
42.899422
42.919037
42.889614
42.634605
43.909622
43.527119
43.350578
42.968071
43.085766
39.084167
39.241096
39.348984
39.770721
39.466682
39.868801
39.849186
39.623604
39.496101
39.476486
39.319565
39.437256
39.221481
39.231289
39.447067
39.476486
39.603992
39.348984
39.270523
39.309757
39.103786
39.564758
40.353489
40.49152
40.116871
40.412647
40.166168
40.915462
40.402782
40.471798
41.418274
41.27039
41.211235
41.556305
41.211235
41.447857
41.378841
41.901375
42.522499
42.167572
41.783066
42.108418
42.315456
41.753487
42.216869
41.901375
43.163342
43.508415
43.074612
42.995743
43.064754
42.581657
42.7887
42.256302
42.699966
42.532356
42.640808
42.66053
42.285881
41.980251
42.315456
42.108418
42.818279
42.502785
43.626728
43.488701
43.518276
43.47884
43.13377
42.611237
43.833767
44.09996
45.076019
45.647854
46.160526
47.25489
47.215458
45.923908
46.308418
46.584469
46.643627
46.890102
47.323906
47.195736
46.742214
46.484627
46.68277
47.32674
46.979988
47.178131
47.792381
47.079063
47.544701
48.089596
48.129227
47.812195
47.405994
47.524887
47.207855
47.386189
47.56451
47.762657
47.713123
47.802288
47.802288
47.287113
47.277206
47.207855
