Adjusted
45.405739
44.470192
44.224953
44.533775
44.397526
46.150543
45.74181
45.541981
45.678234
46.62286
46.096046
47.24958
47.331326
46.968014
47.013428
48.01255
48.993515
48.321373
49.520313
48.139717
47.612896
47.921726
47.031593
47.721897
48.039803
47.721897
48.01255
48.58477
48.394032
48.711941
48.7393
48.018913
47.781834
47.02499
46.550812
46.696716
46.186073
46.806137
47.626816
47.99157
47.435337
48.210415
48.684589
48.976379
49.632927
49.988548
49.942963
49.742352
49.961197
50.079739
50.526554
49.687641
48.137459
49.222588
48.082752
48.137459
47.863907
48.401913
48.164825
48.602516
47.015873
47.052349
46.076645
46.359318
46.240784
46.860847
46.651127
47.608582
47.608582
47.417088
45.547752
47.079697
46.642002
46.550812
47.26207
46.952038
48.20129
48.511333
49.523502
49.277298
49.933842
49.833538
49.249939
49.38673
49.559971
50.298592
52.468834
52.341171
52.131443
52.313812
52.36853
53.316868
53.690735
52.860943
54.237858
54.21962
53.973412
52.532661
52.00378
50.553909
51.579082
50.77359
50.718674
49.922333
49.968102
49.492123
49.336525
49.748421
49.35482
49.43721
48.558483
48.009281
48.942932
48.63171
48.988682
49.601963
49.034454
47.633987
46.260998
45.904015
47.176327
47.954361
49.04361
50.178623
50.837666
50.224392
50.041321
50.572212
50.498993
49.611122
49.418911
50.434917
51.222103
50.746136
50.407459
50.865124
51.487556
51.139721
50.920052
51.222103
51.130573
51.020729
50.682064
51.643158
52.357121
51.963535
53.49213
53.638592
53.904041
53.739273
53.290764
54.178635
53.794197
53.071083
53.876583
53.849121
52.631725
53.49213
53.135162
53.656895
53.244987
53.986416
54.773598
54.645454
53.86742
54.187794
54.920055
54.901745
55.899464
56.888027
57.007015
56.723267
57.39146
58.142033
57.986423
57.684364
58.13438
58.207851
59.089508
59.502781
59.236458
59.025211
58.786449
59.098694
58.768066
59.355839
59.374207
58.997665
60.108929
60.026276
59.208904
59.971172
58.786449
57.803757
58.712975
59.41095
60.384449
60.329357
59.906883
61.091602
60.136467
60.384449
60.219139
59.42931
58.777248
59.603809
59.677288
59.273197
59.557892
58.951756
58.813999
59.475235
59.695656
59.208904
59.07114
58.354794
59.016041
59.098694
58.777248
60.04464
60.540565
61.275288
61.073238
61.109978
61.155891
61.798775
61.734493
61.936535
61.817131
61.899799
61.550797
61.11916
60.825275
61.05489
62.092655
62.93758
63.323299
63.699841
62.643692
62.662075
62.192234
62.37648
61.851383
62.358055
62.827892
62.689705
63.316139
63.767532
63.804379
63.610935
63.555645
63.785961
63.159523
63.481964
63.224018
63.583294
64.347931
63.739902
64.136032
61.897434
62.643642
63.242443
62.735764
62.25671
62.192234
61.602657
60.699848
58.977142
59.161392
59.797035
58.995567
58.212521
56.830669
56.406906
57.420265
57.254436
59.437763
59.861534
59.502247
59.594372
60.036556
59.658855
60.11681
58.988113
58.377514
59.496952
59.506207
59.931778
59.200897
59.533955
60.505379
61.115982
60.172318
61.476791
61.957874
62.707249
63.012562
62.364941
63.003292
62.901543
62.179909
62.189167
62.577721
63.07732
62.75351
62.883034
62.596237
61.828354
61.430531
61.85611
61.13448
61.217743
61.624821
63.123585
63.576908
63.493626
62.75351
60.967945
61.763603
62.799759
61.643322
60.607143
60.338852
60.477623
61.569317
61.652573
62.485218
66.491158
66.352379
66.269104
66.287621
67.074005
67.915901
68.406235
67.527328
67.240517
67.675362
67.564331
67.018494
66.278366
66.722427
67.749374
67.971405
66.990738
65.704758
66.620659
66.898216
66.074829
66.694679
66.278366
65.417969
65.979866
66.082054
66.156357
66.165627
65.961288
65.924156
66.249214
65.998444
66.778625
67.345169
66.871483
66.908646
64.818916
64.16877
63.843704
64.020164
64.930359
65.14399
66.286377
66.286377
65.626938
64.521706
64.280228
64.456688
64.874619
65.320442
62.970669
63.583645
63.778694
63.453617
64.131622
62.933514
63.481499
62.524853
61.326736
61.902576
61.159561
62.506283
62.301945
58.939796
59.998585
60.03574
59.39489
58.456825
58.568283
58.856197
57.416611
57.565208
57.871704
56.803623
57.305161
56.311375
57.333019
57.463047
57.314438
57.853123
57.955296
57.481628
58.261791
58.456825
59.794258
59.459896
59.116268
59.28344
59.144127
59.199848
58.939796
59.032673
58.809769
58.95837
59.450615
60.667305
60.639446
60.193626
59.692097
60.565128
60.084805
60.094131
59.292004
58.172756
58.424583
58.349972
57.995541
57.669098
56.876293
56.876293
56.465904
55.346664
54.283379
53.761066
54.199436
55.393295
55.822338
53.947609
55.001568
53.527889
52.660465
52.688457
52.604511
51.746426
53.238754
54.684444
54.451263
58.433914
57.77169
58.769688
59.086803
59.105461
60.112778
59.711716
60.569813
61.27866
60.886921
59.795658
60.028843
61.287983
61.595776
62.006168
62.239349
62.593769
63.097446
63.79697
64.020821
64.179375
64.543121
64.69236
64.039474
64.627068
64.44986
63.694355
64.990807
64.114082
64.151405
64.48716
65.00016
65.429184
64.440521
64.319275
63.02282
62.854931
62.204037
62.138481
58.720169
58.982391
60.340351
60.677509
61.164497
61.436081
61.398632
61.60466
62.14785
62.119755
61.726421
61.614037
60.405922
59.684792
60.668144
61.932446
60.686874
60.555763
60.115593
59.460022
58.663979
59.188431
59.33828
59.947025
61.454819
60.874184
60.733692
58.523499
58.336189
60.499573
57.783646
57.764908
59.460022
58.776356
59.13224
60.134323
59.740986
59.759712
58.776356
59.076046
60.139557
60.534828
59.537212
59.640736
59.744267
58.71841
58.61488
59.631321
60.083076
59.828972
61.240696
60.374836
59.14193
59.292515
58.407829
59.179569
58.549004
58.501942
57.269039
55.33968
55.753784
56.233776
57.316101
57.57962
58.294891
58.106667
57.334915
56.723175
56.450241
55.960835
57.174923
57.165512
56.732578
57.457272
57.984314
57.786674
58.661945
58.906643
58.831341
58.765469
58.511349
58.069019
58.078426
57.033752
58.134899
52.440937
52.920914
53.598545
53.862068
54.116184
53.579731
53.504433
52.9021
53.259735
53.363266
53.796192
53.203262
53.51384
53.862068
53.532665
52.873859
52.516228
51.396259
52.412697
52.855038
52.685635
53.203262
53.645603
53.598545
51.989834
52.018227
51.119244
50.617702
50.523075
51.119244
51.601849
51.261181
51.384205
51.005684
51.119244
51.753258
51.781647
51.592392
51.592392
51.77219
53.617477
55.841286
55.169418
55.595245
55.074783
54.74358
54.336662
53.854057
52.926678
53.324123
53.08754
53.021301
53.418751
53.617477
51.762726
51.762726
52.690098
53.494457
54.516464
52.860439
52.690098
52.008759
51.989834
54.573242
55.462765
55.122101
54.478607
54.696259
55.055855
55.500626
55.44384
55.169418
54.885525
54.838211
54.98962
55.311356
55.595245
57.166111
56.513161
55.510078
55.73719
56.049477
56.66457
56.579399
56.626713
55.396526
53.267342
51.374744
50.352734
51.94252
53.541771
53.598545
53.040226
51.715408
52.794193
52.794193
51.838425
52.765804
52.453522
51.857349
52.133343
51.847843
52.333199
53.256332
53.008892
51.790737
52.17141
51.010353
50.524998
50.858082
51.276829
50.201424
50.648716
52.247547
51.476681
52.295132
53.151649
52.17141
51.914459
52.418854
52.428371
52.019146
52.34272
51.762184
52.314167
52.73291
53.34198
45.918839
44.757782
45.785603
45.871254
45.66188
45.385895
45.423962
47.546223
47.060852
46.727764
47.479603
46.508877
47.117962
46.78487
46.661152
47.222649
46.927628
45.994972
45.243137
45.804638
46.014
47.365398
47.403469
47.860279
47.317814
47.146511
47.327328
46.375645
46.556465
46.556465
45.347824
44.729225
45.357342
45.167004
44.900532
44.20121
44.373646
43.712639
43.616837
44.019188
44.862213
43.511463
43.224068
43.319862
43.568939
44.593975
44.210789
43.84676
44.086254
43.645584
43.482719
43.607258
43.386925
41.576347
41.317688
41.911636
41.097351
40.570461
40.043575
40.206432
38.740715
38.951481
38.23299
38.961052
39.018532
38.405426
36.930141
35.914684
37.284588
38.319206
38.443745
37.840221
38.17551
39.516685
39.248455
37.648621
37.083416
37.35165
36.5182
37.436722
38.384243
39.998894
40.230942
40.608013
41.536198
40.820728
40.743374
41.884262
41.942276
41.739235
42.609409
43.431236
44.968536
45.210255
45.374626
45.306942
45.964405
46.051422
47.308338
46.786236
45.780701
46.9506
47.114964
47.956131
48.101158
48.014141
46.766895
46.273796
46.708889
47.58873
47.840111
49.628796
49.947857
49.522442
48.188179
44.804173
43.025162
43.141178
43.730961
43.431236
45.277935
45.925735
44.891193
45.393955
44.26273
45.384293
46.43816
46.960266
46.96994
47.743423
47.811104
46.399494
46.244793
46.718552
46.515514
45.229591
44.688156
44.465778
44.378761
44.862186
44.15638
44.108036
44.05003
43.518253
43.373226
42.928471
42.358028
42.454712
42.74477
43.407478
44.079929
44.265099
44.372307
45.210438
45.054504
44.976543
44.625694
43.93375
44.245613
45.210438
44.001968
43.33926
42.74477
42.657055
43.027393
43.456207
43.982479
45.132469
44.986286
44.966797
45.668488
42.44265
41.312145
41.809177
43.20282
44.148151
52.870579
47.140091
46.282471
46.604076
47.490936
47.412975
48.358303
47.666367
47.305771
46.876957
47.500687
47.03289
48.095169
48.894321
48.845596
48.718903
48.962547
49.2939
49.712967
51.574398
50.346436
50.151524
50.317204
51.77906
52.129913
52.587952
51.964226
51.915501
52.412537
52.354057
53.7477
52.909565
53.09473
52.178635
52.285839
52.55872
52.66592
52.022705
51.886265
51.233299
50.999401
51.408722
51.359993
51.545162
51.740078
51.087112
51.36974
51.04813
49.615681
50.498699
50.312279
49.910015
50.469261
50.724354
51.028503
49.488136
51.430767
50.969643
51.528881
50.714542
51.156052
51.842842
51.489635
51.597561
50.037567
49.566624
50.331902
49.213417
49.056438
49.566624
49.076061
49.242851
49.46851
48.889648
48.762104
53.167366
53.716797
54.56057
55.306225
56.022449
55.531887
55.482834
54.462456
55.01189
55.943962
55.266987
54.923584
54.864719
54.825474
55.453396
55.924339
57.67075
58.318295
57.886597
57.906219
57.189999
56.591511
57.003578
57.042824
57.543201
58.62244
58.818672
59.024704
58.681313
58.789234
59.740929
60.898659
58.583199
58.848106
59.211121
60.545456
60.408096
59.662441
59.603573
59.907722
59.207104
59.039352
58.388073
58.447281
58.999878
58.920937
57.075649
57.411156
57.667717
57.144722
57.391418
57.569042
