Adjusted
82.419998
82.449997
82.370003
83.080002
82.639999
83.080002
83.360001
83.07
84.050003
84.019997
83.959999
84.610001
84.970001
85.379997
85.769997
87.059998
87.790001
87.160004
87
86.730003
86.339996
87.550003
87.139999
87.800003
88.650002
88.639999
89.110001
89.449997
90.370003
89.25
88.400002
88.68
89.300003
88.419998
87.349998
87.779999
87.370003
87.300003
88.459999
89.220001
88.839996
88.760002
89.900002
89.739998
89.300003
90.32
89.919998
90.029999
90.260002
90.629997
89.879997
89.730003
90.040001
90.900002
90.599998
90.580002
90.300003
91.139999
91.209999
92.550003
91.93
92.080002
91.040001
91.389999
90.440002
91.379997
90.790001
91.809998
92.339996
91.910004
90.010002
91.269997
90.349998
90.129997
91.449997
90.720001
89.809998
89.629997
89.849998
89.75
89.940002
90.400002
89.5
90.07
90.720001
91.129997
91.910004
93.059998
93.290001
94.400002
94.769997
95.410004
95.980003
95.349998
95.379997
95.300003
96.150002
95.32
95.690002
95.110001
96.5
95.230003
96.220001
96.290001
96.300003
95.760002
93.959999
93.989998
95.440002
96.269997
96.489998
95.650002
96.949997
96.93
97.639999
98.150002
96.589996
93.900002
93.669998
94.07
94.580002
95.18
95.239998
95.739998
97.07
96.919998
96.809998
98.089996
98.669998
99.07
100.25
101.699997
102.559998
102.400002
102.139999
102.199997
103.330002
103.57
103.949997
103.309998
102.959999
103.349998
103.239998
103.269997
102.57
103.830002
106.459999
105.989998
105.239998
105.010002
104.970001
105.860001
106.040001
106.5
107.160004
105.809998
103.699997
103.199997
103.379997
103.900002
103.470001
103.839996
103.279999
103.470001
101.760002
102.029999
101.949997
101.050003
101.769997
102.360001
102.580002
102.5
103.449997
104.849998
105.599998
105.339996
104.519997
105.610001
105.629997
105.199997
105.440002
105
105
104.07
103.410004
104.110001
103.480003
103.769997
105.18
105.110001
103.910004
105.300003
103.82
102.980003
104.720001
106.75
107.300003
108.169998
108.449997
109.730003
110.989998
111.489998
111.339996
111.300003
111.82
110.910004
111.029999
111.75
112.980003
111.980003
112.43
112.379997
113.089996
110.580002
110.18
109.339996
111.150002
111.25
112.440002
113.400002
114.790001
113.940002
113.559998
112.970001
113.279999
114.519997
114.529999
114.730003
114.349998
114.410004
114
114.599998
114.599998
113.699997
112.449997
113.879997
113.480003
115.220001
112.809998
111.730003
112.080002
112.089996
111.400002
113.150002
112.050003
112.860001
113.809998
114.230003
114.230003
114.43
114.5
114.260002
113.489998
113.910004
113.650002
115.32
117.260002
117.529999
116.199997
114.309998
115.389999
115.800003
115.779999
116.160004
117.07
117.860001
116.849998
114.959999
112.940002
114.160004
113.980003
115.059998
114.889999
110.209999
110.360001
111.059998
111.519997
113.370003
114.839996
114.43
115.010002
117.150002
117.029999
117.790001
116.860001
118
118.709999
119.580002
119.150002
118.620003
118.739998
119.040001
117.209999
119.330002
119.349998
119.760002
119.769997
120.169998
119.589996
119.059998
118.480003
118.400002
118.980003
119.190002
118.459999
118.639999
117.18
116.139999
115.940002
116.599998
116.110001
117.760002
119.370003
119.919998
119.739998
119.690002
116.480003
113.949997
115.260002
116.790001
114.029999
112.43
113.32
113.389999
113.5
113.870003
114.18
114.5
114.489998
113.669998
113.540001
113.800003
113.800003
114.230003
114.279999
113.940002
115.18
113.620003
113.169998
113.400002
115.199997
116.230003
115.480003
114.480003
114.199997
115.419998
116.040001
115.309998
116.25
116.150002
116.800003
118.129997
118.160004
118.940002
119.650002
119.699997
120.480003
119.43
119.18
119.629997
119.980003
119.550003
118.790001
118.139999
118.080002
117.760002
118.339996
119.099998
119.080002
119.550003
120.050003
120
120.260002
119.910004
118.860001
118.660004
119.900002
119.300003
119.669998
119.339996
118.949997
118.970001
118.57
118.650002
118.589996
118.559998
119.529999
118.5
119.690002
118.089996
118.110001
118.68
119.230003
118.099998
118.330002
118.370003
118.800003
116.25
117.389999
116.760002
115.309998
115.610001
114.849998
116.050003
116.389999
116.599998
117.849998
118.470001
117.970001
118.889999
119.459999
119.290001
119.629997
119.25
120.07
119.900002
119.629997
119.449997
119.690002
119.800003
119.540001
118.720001
119.199997
119.370003
118.629997
118.330002
117.860001
116.760002
116.019997
116.699997
117.129997
117.449997
117.050003
117.269997
117.169998
118.349998
116.660004
117.129997
117.220001
116.470001
115.129997
114.699997
115.879997
115.610001
114.419998
115.199997
113.699997
112.900002
111.830002
112.720001
111.559998
110.959999
113.260002
113.620003
116.309998
115.629997
116.57
117.82
117.889999
118.730003
119.07
120.209999
120.029999
119.709999
120.839996
122.209999
130.309998
128.839996
129.619995
129.470001
129.679993
130.279999
130.149994
130.940002
132.389999
132.100006
131.600006
132.470001
134.149994
135.850006
135.660004
137.199997
137.179993
137.100006
136.880005
136.759995
137.119995
136.360001
135.380005
133.520004
135
133.800003
131.539993
132.399994
134.089996
135.800003
137.509995
137.490005
137.720001
137.869995
137.389999
137.539993
137.660004
136.149994
136.839996
135.610001
134.820007
138.550003
140.5
141.210007
139.860001
139.539993
139.089996
137.839996
139.5
138.5
138.160004
142.559998
143.330002
143.589996
142.740005
140.589996
140.009995
138.070007
138.75
138.839996
139.690002
141.169998
139.830002
139.229996
141.220001
141.990005
142.460007
143.179993
142.320007
142.089996
140.860001
142.550003
143
141.389999
141.009995
140.440002
140.050003
141.880005
140.770004
140.869995
140.619995
137.839996
138.970001
137.179993
136.809998
138.309998
136.369995
139.179993
138.339996
139.169998
140.690002
143.009995
142.139999
140.669998
138.550003
137.229996
138.800003
140.839996
139.619995
138.220001
139.330002
140.360001
139.880005
140.110001
141.800003
141.850006
142.139999
140.580002
140.039993
140.259995
138.270004
139.669998
139.970001
141.110001
141.839996
142.539993
139.990005
140.039993
139.149994
137.100006
138.839996
142.059998
138.330002
136.429993
136.990005
138.270004
137.410004
137.429993
137.929993
140.350006
139.770004
141.050003
141.470001
141.259995
141.619995
142.050003
141.300003
142.759995
142.660004
141.669998
142.979996
142.130005
142.5
140.880005
140.220001
139.779999
139.320007
142.490005
143.410004
142.160004
141.050003
142.210007
142.869995
145.070007
144.839996
145.710007
145.679993
144.320007
144.490005
145.449997
142.220001
142.119995
144.240005
144.449997
144.5
145.149994
142.520004
143.440002
145.470001
146.529999
147.240005
147.440002
148.160004
148.100006
148
147.429993
148.630005
147.369995
147.020004
146.649994
149.619995
146.539993
146.759995
147.979996
146.789993
146.279999
146.869995
144.970001
144.830002
145.770004
145.25
144.759995
145.149994
145.100006
145.860001
147.309998
146.710007
142.610001
138.100006
133.309998
132.229996
137.270004
138.679993
139.399994
136.809998
132.559998
135.380005
135.149994
133.270004
136.589996
134.360001
134.850006
135.240005
135.490005
135.410004
136.580002
138.059998
137.350006
136.949997
135.429993
135.070007
133.839996
131.110001
128.5
129.949997
132.720001
134.089996
137.639999
138.210007
136.619995
138.679993
141.190002
141.699997
143.179993
141.990005
140.789993
142.729996
144.839996
145.600006
146.119995
146.320007
148.339996
149.919998
149.570007
150.809998
150.960007
150.869995
151.710007
154.009995
152.490005
154.919998
154.210007
153.690002
152.979996
154.809998
153.809998
152.830002
151.070007
154.020004
154.179993
156.570007
155.050003
156.130005
155.5
154.589996
155.460007
156.630005
156.479996
159.130005
159.100006
156.300003
158.350006
159.199997
157.759995
155.149994
154.789993
153.179993
153.800003
153.429993
154.899994
155.199997
152.139999
153.889999
154.75
157.440002
157.089996
158.490005
160.5
159.910004
158.190002
155.259995
155.789993
154.210007
151.669998
150.279999
146.380005
146.449997
144.669998
146.610001
146.720001
148.350006
146.429993
144.139999
146.570007
144.699997
148.860001
147.490005
146.5
151.440002
153.820007
150.860001
150.669998
150.110001
147.869995
146.320007
147.619995
156.75
157.910004
158.990005
161.860001
164.009995
163.490005
166.240005
166.949997
166.580002
167.699997
169.350006
167.529999
165.449997
170.160004
168.929993
167.699997
167.970001
167.119995
167.509995
167.339996
168.160004
169.75
168.320007
167.580002
167.410004
165.669998
167.619995
167.160004
169.179993
168.570007
167.979996
168.839996
171.789993
172.869995
172.630005
172.899994
172.240005
169.440002
171.419998
168.600006
167.990005
166.600006
168.389999
169.399994
169.600006
169.979996
172.360001
171.699997
171.820007
170.029999
170.830002
172.149994
172.259995
174.089996
170.529999
168.699997
171
168.539993
166.699997
168.110001
170
170.729996
172.229996
171.380005
172.25
171.970001
174.130005
170.550003
170.949997
170.889999
170.75
169.210007
172.740005
171.529999
172.720001
173.800003
173.729996
173.100006
176.160004
175.869995
176.710007
175.880005
179.139999
180.710007
178.350006
176.979996
176.660004
174.679993
174.710007
172.899994
174.830002
174.710007
174.949997
177.610001
170.869995
167.75
171.270004
175.520004
176.800003
177.210007
177.25
178.139999
177.979996
180.720001
181.779999
180.899994
181.110001
181.449997
180.580002
180.919998
180.509995
180.860001
179.720001
180.660004
179.830002
180.889999
179.009995
179.279999
180.979996
180.139999
179.949997
179.679993
163.529999
166.960007
166.020004
164.550003
166.220001
167.460007
165.460007
164.419998
162.869995
161.399994
161.389999
161.289993
162.479996
160.5
159.830002
160.820007
163.360001
164.220001
163.809998
163.789993
162.979996
164.289993
164.309998
164.419998
164.119995
158.860001
161.880005
160.080002
159.410004
162.770004
164.100006
162.479996
162.800003
164.880005
167.279999
164.449997
162.619995
163.770004
163.800003
161.149994
162.979996
161.429993
160.039993
161.339996
163.119995
161.770004
163.039993
158.630005
158.449997
156.050003
153.360001
153.210007
153.350006
154.050003
152.850006
152.539993
152.940002
150.589996
148.960007
148.899994
149.309998
149.199997
147.039993
156.089996
153.869995
154.860001
156.149994
157.589996
157.520004
154.690002
156.669998
157.830002
157.990005
159.220001
158.889999
156.960007
148.550003
152.919998
152.960007
151.179993
151.360001
153.240005
148.960007
149.259995
149.570007
149.940002
149.889999
149.330002
150.429993
152.190002
151.160004
153.490005
152.830002
154.179993
153.759995
152.029999
152.050003
153.039993
152.380005
152.789993
153.210007
152.25
153.119995
151.710007
