Adjusted
65.92675
63.817139
64.992371
64.809326
63.585979
64.452942
66.697357
67.005608
67.660652
68.951447
68.16156
68.88401
68.778038
69.288574
69.914719
71.147697
72.178421
72.014656
71.783485
71.638985
71.629349
72.583
75.964096
77.66909
78.256691
78.526413
78.362663
77.235619
76.291611
75.222366
74.971924
75.126045
70.328926
69.933975
69.98217
68.017052
67.101952
66.42765
66.668472
65.753357
65.387306
64.395126
64.963463
64.539627
64.915291
65.531799
65.820786
66.023071
66.312065
66.687729
67.227158
67.776237
67.689537
66.899643
65.84967
64.635948
64.250641
64.502068
66.455513
66.832664
72.547905
76.503128
77.180038
76.976974
75.690811
75.11058
75.458694
76.232353
76.222687
75.004219
73.437599
73.737366
72.093407
69.830498
70.642822
69.936859
70.478416
69.724129
70.642822
71.068314
70.71051
71.6679
75.004219
72.828339
71.493813
73.002419
74.346596
76.135651
75.487724
77.450829
77.141365
76.870598
76.880302
76.735214
77.798996
76.99633
76.899612
76.56115
77.209068
76.329071
77.895691
78.543579
80.293953
78.118095
77.973045
77.537872
76.590157
77.344467
78.350197
79.075462
78.708015
78.243835
78.775688
78.263145
79.529984
80.845169
81.386711
80.874191
82.112022
81.81221
81.628487
81.647896
82.627731
81.861336
82.647125
80.454597
80.571022
81.18219
81.754616
82.637421
82.394897
83.626984
82.97699
82.559822
82.618042
82.879974
85.703102
86.421028
87.303871
87.885933
88.836708
87.662827
87.061302
87.934464
86.59565
88.535965
88.584473
87.206856
88.526245
89.040428
89.10833
90.99044
90.602379
90.51506
90.582977
89.913574
88.662079
88.797905
88.972519
88.95311
88.778473
90.68969
91.51432
91.048645
89.932968
90.049385
90.408356
89.331474
91.533714
91.873268
93.386703
92.78521
92.591202
94.191925
95.045677
94.812836
95.30761
96.588188
96.627007
94.056122
91.882973
92.678497
92.445663
93.134468
91.912071
91.240753
91.338051
90.802933
92.76825
92.301247
91.824509
93.926033
92.145584
90.48188
90.686188
93.167137
93.060127
93.079575
92.252586
94.013596
91.308853
88.759811
89.022499
90.306732
89.382477
88.857094
89.061417
89.119774
89.168442
88.740334
89.6549
90.491615
91.581276
91.406151
93.27417
92.894737
92.612595
93.546593
93.770355
93.955223
94.821106
95.609207
95.969177
95.969177
97.564766
97.019913
98.508499
100.678146
101.077019
100.969994
101.174309
102.400177
101.923462
100.950539
99.150612
101.184052
101.592659
100.824043
99.170074
97.749619
97.204781
97.399384
96.387527
98.002571
98.936584
99.131165
100.279228
100.464073
100.726768
100.521912
99.965904
100.687744
100.317085
99.263557
98.288078
98.083244
96.961464
96.561516
94.581299
93.674141
94.415482
94.747162
93.800949
94.200897
93.31321
93.781441
93.830208
93.644875
93.683891
93.664391
94.1521
95.761642
94.912987
93.996033
95.078804
93.361984
94.288681
93.615593
94.103348
94.883705
93.244934
94.639832
97.771111
99.800056
99.478172
99.731796
100.297562
110.900887
107.779396
107.603806
107.906219
109.701057
109.466949
109.593758
109.213333
108.735352
108.198837
108.159813
107.652596
108.267128
106.930748
106.80394
108.803635
110.666779
114.09066
115.866013
114.119942
110.998436
111.398369
110.159538
109.572838
110.570213
110.218193
110.755997
109.680397
111.557785
109.719521
109.514198
108.800369
111.372017
107.226112
105.759415
106.825211
107.216347
106.385193
102.415306
103.041107
105.485611
105.475853
106.404762
106.756775
106.55143
106.629654
107.314125
106.99144
106.473206
107.675911
107.353226
116.4077
114.129433
117.375748
120.876266
119.214005
117.326843
116.906372
116.35881
118.646866
118.637093
119.693138
120.573158
121.726959
122.4701
121.560738
121.795403
121.697639
122.616768
121.638969
122.460327
121.59008
123.575027
122.597214
123.731468
124.073708
122.460327
121.893204
120.318932
120.201591
122.08876
123.770584
124.327934
124.494156
124.249695
126.087975
125.235451
124.853271
125.157051
126.695541
126.999352
127.597076
125.696014
124.853271
125.137444
124.529892
124.843475
125.921402
126.058586
124.872864
128.537827
129.939148
130.350708
130.879852
130.389877
130.233124
125.97039
128.302628
124.961044
117.92514
115.289124
116.416046
117.944748
117.111801
117.660561
113.642838
115.739883
114.887344
115.298912
117.101997
117.719353
118.032928
119.483223
120.463165
120.678741
120.972733
120.717941
121.72728
122.540634
124.765076
125.078644
126.15657
124.892448
124.696472
124.333893
126.607338
126.950333
127.832268
126.372154
126.803345
125.686188
125.098251
129.71373
129.860733
130.507477
132.202759
132.075363
129.694107
132.79071
128.645615
129.362503
129.529449
127.948349
125.689713
124.864799
126.603004
123.971153
122.488297
125.129951
122.782898
124.118446
122.390083
121.967804
121.938362
123.470322
125.9254
127.761765
130.874817
129.107162
130.246292
130.717682
130.344498
132.308548
132.524612
134.714539
136.354538
135.991165
135.274292
136.442902
137.356201
128.23317
130.079361
133.987839
134.783264
135.922424
133.329865
134.999329
136.786606
134.105667
133.752151
133.968185
137.326706
135.215363
135.018967
135.490326
136.580368
137.6017
139.163147
138.583694
141.726227
141.971725
140.871811
138.89798
139.91925
141.019165
140.508514
138.613174
140.754013
146.390839
143.83757
143.7099
142.089554
141.785156
142.462738
142.1577
143.426971
141.321381
140.69165
136.96257
136.85437
139.451904
145.453888
144.391235
143.171158
144.479813
145.17836
145.542419
147.529953
146.575577
150.816269
151.180313
149.035355
149.556839
148.32695
146.516495
147.215103
144.086182
143.633606
146.191833
148.120285
147.943192
145.365326
144.784805
149.212433
150.855637
151.259033
150.216049
152.37088
152.902191
150.816269
153.610626
161.875626
161.796906
162.711914
160.724396
161.737885
159.396088
157.67424
157.644699
159.504333
157.162582
159.730652
156.444336
158.412201
161.639435
163.823792
171.508224
171.203232
175.758835
178.051376
179.851929
179.17305
177.510193
174.479721
172.895599
174.945435
178.552353
175.438187
175.063675
175.398758
175.674683
175.517014
176.137878
175.152374
175.891495
175.990067
176.945984
174.166855
175.103104
174.906006
176.108276
177.517563
177.399292
179.271744
179.705383
177.507706
178.483353
165.612762
163.198288
163.947266
166.204056
161.867889
160.705002
162.153656
165.464935
164.203491
170.865463
170.983734
171.722839
173.348923
174.048615
175.162247
175.950623
176.16745
176.403976
175.300201
175.930908
175.82251
211.536926
211.803024
211.625595
210.512009
209.910843
211.270874
209.25058
209.388565
211.339813
211.063904
209.388565
203.583954
196.7052
197.976486
196.409546
199.375885
187.185287
187.106445
181.558105
194.507523
192.948135
190.382065
188.783234
190.618958
185.052612
186.4935
184.657806
183.43399
183.730057
184.805832
182.683899
183.710312
185.032867
183.986679
184.993362
183.730057
183.424118
183.670883
182.31871
179.387512
181.50943
182.111481
182.00293
181.302185
179.713181
180.019165
179.950058
183.118164
182.111481
181.657486
183.828766
183.394516
183.661011
183.631393
184.075485
187.273239
188.043015
186.927765
183.661011
179.357895
172.893372
173.169739
178.370956
182.397705
181.608124
180.404053
176.910263
179.328278
179.782288
179.150635
182.565475
182.733261
182.79248
184.874939
184.559082
185.240097
185.171036
186.128357
185.4375
186.375076
186.187561
186.217163
183.542542
178.785461
172.162308
173.743958
176.946793
178.004532
181.40506
181.256775
176.847931
178.844772
178.231888
178.963394
179.428009
182.334305
180.426422
181.148041
182.087143
184.528824
183.787415
175.118011
163.21611
166.270676
168.287292
173.150833
175.958267
178.498795
176.581055
178.567993
176.482193
174.851135
176.996216
175.206985
175.612274
174.416183
169.137421
167.110931
165.440308
167.101028
167.575531
169.117661
162.365982
165.687454
166.142166
166.478287
166.458511
166.962646
166.725418
171.559326
171.144135
166.666092
168.811203
167.526123
168.089584
168.771667
170.046875
170.798141
172.883942
173.645111
174.337082
174.851135
173.368332
174.080078
174.080078
177.085205
176.254837
176.106308
177.343964
177.235077
176.749893
177.977676
177.858871
174.868622
173.423019
171.205124
167.343552
167.165344
162.274048
165.581116
160.561111
162.382965
163.115662
164.472153
164.581085
161.679977
163.036469
159.709595
158.214462
161.184891
165.927673
165.22467
165.135559
166.987122
163.155289
155.412415
157.957062
159.481857
156.461929
158.788757
164.996933
166.650482
166.095993
163.709747
170.056564
171.1259
170.591232
174.858734
176.947937
175.225098
179.443085
180.89859
181.413467
181.443146
182.433289
180.720383
182.611526
182.938263
185.067093
184.492813
182.096664
181.581802
180.740158
182.779861
181.918442
182.542221
181.7798
182.255081
181.126328
184.220459
183.357651
181.433716
183.208908
183.932877
179.529678
178.855316
171.149704
169.612549
166.072128
168.997681
168.551422
166.845657
168.462143
170.296814
173.321548
173.053787
172.012482
173.847153
174.650452
177.000809
176.088409
176.395859
175.602478
176.138016
175.463638
174.243835
172.667023
169.265442
169.860474
172.101746
168.650574
164.435791
163.860611
170.09848
169.384445
168.809265
166.934906
168.194382
168.184464
169.364594
173.252106
172.805847
172.300079
171.080276
175.929718
185.80722
184.656799
187.810455
186.838577
186.44191
186.789001
185.212158
183.159332
184.151047
184.012207
185.489853
185.598923
188.326157
188.494751
186.114624
185.757629
181.384171
175.473557
181.731583
182.426926
178.682037
172.841187
176.029831
178.781372
161.656204
157.096756
152.974411
153.679672
160.2258
160.195999
157.831833
158.576828
152.358536
157.355026
170.38765
174.877548
171.857803
172.801498
170.924072
171.063126
171.400879
170.039993
168.44072
172.324661
172.672348
177.768173
176.466904
175.950363
178.50325
178.89064
179.655518
178.433716
178.433716
177.688705
178.284698
176.814575
179.218445
178.66217
178.115845
176.109268
176.1987
175.751678
177.281433
177.519852
175.354355
176.149033
175.602676
174.986816
175.245087
175.324539
175.602676
174.619278
173.8246
173.615997
173.457062
173.417343
173.357742
174.678879
174.817963
174.380875
174.142487
176.039764
175.404022
174.649094
175.71196
175.45369
176.039764
176.615906
176.049698
176.55629
177.321152
176.634644
167.5905
168.625244
169.958511
169.033173
172.396149
173.022949
173.669678
174.992981
175.381012
173.978119
173.769165
173.311508
170.197281
170.664917
167.809402
167.341766
164.476288
166.575638
174.027863
178.12709
185.061935
191.907242
192.215683
197.837189
197.817291
199.458954
201.040939
199.150528
198.981384
204.672531
206.881332
206.831589
206.950974
208.940903
211.567596
215.666809
212.552597
207.776794
203.269653
201.976196
205.657532
202.264725
201.906555
203.538284
204.20491
203.617874
204.602875
199.399277
199.240067
198.792343
201.906555
204.493423
205.020767
203.568146
201.896606
203.001007
