Adjusted
23.831661
24.213207
24.724487
24.211304
24.262812
24.344843
24.419247
24.678705
24.709225
24.531807
24.434509
25.031637
25.436083
25.584883
25.479959
25.617317
25.720337
25.794739
26.080906
26.498699
26.470085
26.876438
26.962282
27.38389
27.704397
28.415993
28.425529
28.583874
28.751755
28.961609
29.669382
29.848713
29.713264
29.516768
29.194355
29.757141
28.715508
29.1562
29.587351
29.535841
29.37941
29.869701
30.243622
30.59083
30.283684
30.256971
30.37907
30.237898
30.411503
30.970476
30.71102
30.495445
30.449661
30.829298
30.798777
30.96475
30.905609
30.823576
30.487814
31.109737
30.541227
30.806412
29.919298
29.970808
29.581631
29.755238
29.579721
30.096724
30.203558
30.180662
29.409933
29.667477
29.373686
29.076075
29.4519
29.621691
30.026134
30.216911
30.445843
30.430578
30.884624
31.083031
31.775534
32.729416
32.817181
32.752316
32.645481
32.748505
32.662647
32.832439
32.862961
33.559299
33.349442
33.19873
33.845459
33.587921
33.097622
32.340244
32.105591
31.985395
32.338329
32.662647
33.851181
32.662647
32.27919
31.432156
31.447411
32.27919
33.328465
33.400951
32.649292
32.824821
33.460091
33.032757
34.123981
34.925243
34.120186
33.093807
32.920204
32.801914
33.408581
34.320488
34.274704
33.912228
33.961826
33.290302
33.366608
33.772957
33.839737
33.452457
34.200294
34.192673
34.467381
34.694412
34.637169
34.534149
34.620007
34.146885
33.801582
34.051502
33.725269
34.08202
33.820652
34.005711
34.274704
34.806965
35.446072
35.949711
35.415543
35.640652
35.291534
35.707424
35.278183
34.938599
34.911888
34.740196
34.406338
34.681061
34.65625
34.96722
34.65625
35.390747
35.356403
34.982479
34.385353
34.326214
34.391071
34.29187
34.658169
34.902355
34.530338
34.223194
34.612373
34.530338
34.635265
34.339569
34.440681
34.543694
34.644806
34.667702
34.906174
34.745918
34.557053
34.471203
34.129719
34.324299
34.583763
34.61047
35.08931
35.123653
35.871498
36.943649
36.819645
36.182461
36.048916
36.85017
37.140156
37.32711
37.033321
37.298492
37.63044
37.815495
37.63044
37.672405
37.380527
37.430134
37.391975
36.974171
36.791031
36.361782
36.768131
37.267963
36.979897
37.767803
38.116924
38.218029
38.956329
38.673985
37.735363
38.12455
37.99482
38.605305
38.759834
39.379852
40.648495
41.152149
41.476471
41.268532
40.688568
40.906052
40.690479
40.99572
40.579826
40.50161
40.568378
41.627182
41.468845
41.354374
41.684414
41.680595
42.18
42.44788
42.520592
43.08123
42.599049
42.949207
43.255356
43.245785
43.025745
43.002773
42.769344
43.037228
42.975986
43.220913
43.331894
43.592121
43.437126
43.536636
43.115677
42.193394
42.057533
40.350746
40.054161
39.583454
39.799671
40.178535
39.587284
39.10318
38.873566
39.589195
39.18354
40.04842
39.950832
38.92905
39.966145
39.715481
40.262726
41.240498
40.586094
41.422276
41.600227
41.504555
41.110386
41.512207
40.522957
40.230198
40.739178
41.20031
40.991753
39.969967
40.006325
39.960415
40.178535
41.123775
40.928612
41.133347
40.687511
40.235935
39.885784
40.017803
39.165592
39.334488
40.146404
39.528358
39.056187
39.04274
39.127197
39.111847
38.384384
38.286503
38.276894
37.653088
37.971718
37.071507
38.443886
38.806656
37.726036
36.904518
36.837337
36.987053
36.566704
36.301826
36.760563
37.207794
38.010105
38.056164
38.501469
39.123352
39.211662
39.495724
38.85849
38.693413
39.031223
39.240452
39.440067
38.829689
38.823929
38.044651
38.724125
36.879562
36.129086
36.729855
36.626198
36.820068
36.29031
36.182823
36.768234
36.061893
36.889164
37.207794
36.981297
37.88726
37.582073
37.42852
37.697243
37.273048
37.390129
37.013935
36.549431
36.478413
36.259598
36.491848
36.150192
36.98418
37.223007
37.080479
37.492653
38.170631
37.935642
37.531181
38.17255
36.629784
36.196419
36.450661
36.196419
36.383251
35.886322
36.155968
36.65097
36.481476
35.707195
35.999962
35.333549
35.516525
35.922924
36.12323
36.369762
36.83009
37.434875
37.833572
38.324707
38.043514
37.74305
37.893276
37.748821
37.633255
37.764229
37.022694
37.014996
37.355911
36.818535
37.022694
36.277317
36.855133
36.469929
36.179085
36.155968
36.462215
36.132858
36.595116
35.764988
35.999962
36.319687
36.421768
36.512295
36.477619
36.242645
36.342796
36.402508
36.267693
35.697571
35.751507
35.953732
36.102039
36.048115
36.643265
36.660599
37.624992
37.795063
38.036652
39.006851
39.435898
39.387585
38.800045
38.558468
38.469574
37.808598
37.97094
37.725498
37.696499
37.509041
38.214447
38.347809
38.479229
37.949677
38.912151
39.234898
39.34893
38.394192
38.859966
39.209774
38.204792
37.997997
38.629982
38.556534
38.407719
39.260021
39.926792
39.748978
39.698734
39.799232
39.37405
40.255344
40.54525
42.039185
42.019855
42.503021
42.23632
42.388992
42.758137
42.750401
43.138863
43.013252
42.943668
42.50882
42.657642
42.489494
42.574528
42.850906
42.727211
42.676964
43.676144
43.256767
43.432636
43.741852
43.881008
43.440365
43.647156
43.382385
43.107952
43.571793
42.465046
42.540634
41.666492
42.949612
43.414787
42.955421
43.627998
43.306248
42.976746
43.005817
43.054268
42.988373
42.503819
42.183994
42.414646
41.807976
42.399147
42.932159
42.957359
41.833176
40.60627
40.315536
39.865864
40.586891
40.309719
40.036423
41.515305
42.003742
42.205322
41.226509
39.819344
39.708858
39.875549
40.394997
40.968719
41.672306
43.775307
44.331577
44.391666
44.831646
44.936314
45.43832
45.203789
45.511974
45.504215
45.337528
45.552673
45.436378
45.651524
46.295021
46.174847
45.618572
46.386112
45.66703
45.151455
45.376289
44.661079
45.3414
44.182331
44.308319
44.72892
44.528721
45.278996
45.38784
44.991322
46.00983
46.007889
45.7416
45.543339
44.890251
44.656998
45.09045
45.673561
45.341194
44.884415
44.48595
44.575367
44.668667
44.802784
44.87859
45.076851
44.859158
44.487904
44.664783
44.682266
43.47522
43.86396
43.562687
43.852303
43.77066
43.420795
43.296394
43.595737
43.687084
43.64238
43.89312
44.042786
45.127384
44.173016
45.306198
46.30722
46.649319
46.637653
46.664867
46.748447
46.410236
46.198372
46.231415
45.825184
45.745495
46.040936
45.420891
45.615253
45.957352
46.023438
45.782421
45.85239
45.529732
45.73188
45.978737
45.788246
46.042873
46.740677
47.038055
46.511627
46.269855
45.702477
45.684925
45.575741
44.723686
45.018112
44.817276
44.46632
44.401985
44.095871
43.341309
43.598679
44.013973
44.267448
43.746857
44.304489
43.257469
43.758564
44.741241
44.649601
44.452679
44.634007
45.296921
45.179943
45.138992
45.176037
45.486046
44.813377
44.65155
44.162159
44.132912
44.398083
44.659348
44.462421
44.821186
44.971313
46.314697
46.209415
46.25816
46.874283
46.189919
46.049534
46.347847
46.921078
46.989315
47.583996
47.570347
47.630795
46.152863
43.856045
43.386154
44.715897
45.22868
45.314465
44.534565
43.7761
44.164104
44.63205
44.218697
45.723919
45.076595
45.846752
46.05928
45.681782
45.672001
45.660263
45.026531
44.647068
45.310146
44.294994
44.844627
44.339977
45.965393
44.592297
44.555134
45.963444
45.679821
45.276897
46.348763
46.215763
45.728718
45.801094
44.772247
45.652443
45.214302
44.860275
46.204025
46.530674
46.996193
47.264164
46.333115
48.066109
48.664639
48.388847
50.016216
50.39959
51.215233
49.36879
51.119389
50.953133
50.904232
51.148724
51.309116
51.109608
51.577087
51.633808
50.870975
50.556068
51.266087
51.230873
51.559483
51.428432
51.543835
51.500805
50.689072
50.759491
50.900318
50.824036
51.041145
50.669514
49.650452
51.6651
51.573174
51.086136
49.345325
49.380527
47.715988
48.182953
49.050156
48.602814
48.73035
47.986752
48.547878
49.067818
49.246357
49.426857
49.915401
50.568748
50.409828
50.278374
49.322872
50.537357
50.086094
49.868317
49.103127
49.568127
49.809452
48.386997
49.063892
48.157444
48.859844
47.643402
47.496243
49.301296
48.808826
49.371922
49.595596
49.94091
51.757725
52.373802
51.893105
51.616463
48.283009
46.34063
46.88802
47.637512
46.3936
45.752022
46.358288
46.674168
48.341873
47.863144
48.671482
48.404655
47.409916
47.937702
48.075035
47.076382
46.786003
45.534241
45.5107
46.487778
46.891945
45.965878
45.720627
45.120258
45.540127
46.301384
46.543583
46.579033
45.909534
46.492386
46.76609
46.687328
46.311226
46.579033
46.145828
46.273819
46.210812
45.921349
46.301384
46.411655
46.569183
46.708996
46.838951
46.177334
45.982391
45.777607
45.879997
46.768063
46.624317
46.963001
47.146133
47.671883
47.770336
47.289875
47.484818
47.3391
48.120834
47.945587
47.427711
47.264278
48.179905
47.451336
50.899235
50.019047
50.834255
51.295021
51.397415
50.911045
51.61795
51.194599
51.513592
50.720043
51.484051
51.320618
51.785328
51.98027
53.301533
53.165668
52.771843
53.207016
53.3862
52.984509
52.622196
52.281544
52.082657
52.238213
52.145676
51.69278
51.450573
51.306831
50.972973
50.678616
50.684544
50.111629
49.823204
49.578239
49.783695
50.583786
48.677387
47.849636
49.058666
49.93383
50.56601
49.929882
50.35067
50.352654
50.170895
50.749733
50.957169
51.458954
51.281151
51.865917
51.966671
51.939011
52.187927
51.897522
51.846157
51.990376
52.037785
51.778992
52.162243
52.403259
52.193855
52.278801
52.140518
54.924057
54.987274
54.933929
54.683037
54.716621
54.688969
55.038639
55.046539
55.319168
54.941833
55.615498
55.583885
55.380409
55.214458
55.093952
54.750214
54.75811
54.856888
55.030739
55.307308
55.714272
56.174576
56.376076
56.275326
56.036285
55.815029
55.759712
56.30101
55.641178
55.443027
55.823479
55.779884
55.928493
55.524265
55.930481
55.625324
54.711842
54.301666
54.200611
53.69136
53.18409
53.374313
53.039436
53.05727
53.166252
53.049347
52.968105
53.18409
52.579723
52.972065
52.819489
53.756748
52.686726
53.035473
52.91856
52.516312
52.773911
52.815521
52.894787
52.771931
52.730316
53.071144
53.578411
52.123974
52.553967
53.396114
52.876949
53.927158
54.115402
56.810276
56.770645
55.730347
55.076443
54.987274
53.946976
54.392818
54.313553
54.670231
53.907341
53.828083
54.184757
53.580395
54.33337
54.888199
55.829418
56.126652
57.256119
58.019005
58.534199
58.910686
59.108845
59.03949
59.029552
57.996212
57.956474
57.549095
57.29076
57.698135
56.962879
56.913193
56.456139
56.913193
56.287231
56.128254
56.058701
