Adjusted
62.945904
62.715652
62.835381
62.752491
62.798534
63.212959
63.590542
63.203747
63.581337
63.949707
63.968132
64.539116
64.981148
65.211388
64.732498
65.174553
65.506088
64.935127
65.542938
65.239014
64.861443
65.681061
65.137718
65.542938
65.561356
66.915138
67.780807
67.53215
67.633453
68.30571
67.964981
68.038651
68.011032
66.712524
66.224419
66.730942
65.137718
65.966568
67.044067
67.209824
67.504524
67.541336
67.615021
67.955772
67.845261
68.139946
69.17141
68.876717
69.447701
69.852898
70.119972
69.668701
69.798218
71.102615
70.159004
69.788971
69.631699
70.066498
69.751976
70.926849
69.825981
69.659454
68.604858
69.021156
68.244064
68.410583
68.355095
69.650215
70.362526
69.825981
68.012802
69.520714
68.873131
68.318077
69.437431
70.399536
71.315376
71.074844
71.102615
70.205269
70.76033
71.407883
70.501289
71.056358
72.1017
72.332985
73.507858
73.748375
73.674362
74.16468
74.072159
75.339546
75.73732
75.108261
76.246109
75.977829
76.153603
75.339546
75.607811
75.839081
76.19986
75.49678
75.330299
74.275681
74.275681
74.210922
72.517982
72.758537
73.711357
73.766869
73.017548
72.360725
73.156311
72.59201
73.554092
73.961151
73.026794
70.741814
70.862068
69.317184
70.190712
70.404465
70.534576
69.846893
72.402496
72.225914
71.854202
73.294617
73.582695
73.954422
74.335457
74.716469
74.493439
74.298279
73.945129
73.694237
73.898674
74.251808
74.307571
73.387558
73.18309
74.065941
73.7314
74.279686
74.614243
74.976662
76.129021
75.905983
76.91893
77.346405
77.337112
78.1735
77.653084
77.671669
77.690269
77.169838
76.444977
76.389229
75.636497
76.296295
75.413445
75.961739
75.757294
75.794464
74.251808
73.991615
73.852211
73.424721
73.777863
74.660706
74.158875
73.238869
74.103127
74.60495
75.060318
75.153244
76.194077
77.049026
76.807434
78.238548
77.978348
77.253464
76.677315
77.162842
76.639961
76.518585
76.19178
76.84539
77.144165
76.677315
76.350487
77.470985
76.014389
74.6698
74.847214
75.771599
75.706238
75.930336
74.903229
75.734245
77.330917
76.882729
76.761337
77.060143
76.836029
77.041473
76.397194
77.237549
77.965843
77.527008
77.17218
77.377602
77.98452
78.63813
80.953758
79.487816
81.177856
81.457947
81.710068
82.93325
83.932327
82.70916
82.690491
82.727829
82.363678
82.475731
82.559746
82.214302
82.401039
82.559746
82.494392
82.046234
80.860382
79.599861
79.133011
80.5896
80.570946
80.262802
79.431786
79.310402
79.086311
78.610146
78.479401
79.870644
79.459801
79.96402
80.066727
80.732697
80.779594
80.610764
80.657654
80.648293
80.338745
80.592003
80.076103
80.151138
79.607109
79.794708
80.39502
79.532074
80.535721
80.929672
81.483101
81.623787
81.998985
81.895821
80.995323
79.729042
79.785324
81.792618
80.516953
81.886429
81.304863
78.82859
78.640976
79.400757
80.601387
81.520615
82.327286
83.077667
82.646187
84.944267
86.051094
86.801491
85.835365
86.266838
85.722794
85.769714
86.022957
87.523727
87.401794
87.973984
88.170959
90.028183
89.371567
89.324669
89.390343
89.371567
88.433571
88.227234
86.989082
87.082886
87.739487
87.767609
86.970322
87.467461
87.9552
87.054733
87.940178
87.214859
87.789452
88.674881
90.116081
90.813118
90.831947
91.161644
89.343666
88.06263
87.695274
88.853867
86.753326
86.235245
87.111267
87.789452
88.900948
89.616829
89.626266
90.257347
90.342133
90.125488
89.6922
89.94651
91.18988
92.800613
92.574562
91.999947
92.160095
92.367332
94.19471
93.252754
92.602798
92.970154
92.499176
91.613754
90.681229
91.698547
92.244873
91.31234
92.404999
92.367332
93.120895
92.904228
92.913658
93.20565
93.497658
93.959213
93.959213
94.759865
94.618568
95.004776
95.758324
95.861946
95.937294
95.24968
94.938835
94.524384
95.080116
96.964027
96.785042
98.725456
98.066101
97.527161
98.179565
97.867561
98.680664
98.595581
99.389786
99.323593
99.682899
99.541069
98.803589
98.690102
98.264648
98.567215
98.813042
98.614487
98.557755
97.782463
98.605026
98.151184
98.415932
98.24575
98.189018
98.151184
98.387581
97.366455
97.583908
95.484909
95.617271
96.37368
91.220772
92.705177
92.289162
93.348106
93.206284
94.028854
95.068901
95.012177
94.558342
95.380913
96.052208
95.371475
95.749657
95.286354
95.362015
95.2202
95.229637
95.730743
96.052208
95.815826
95.135086
95.664551
95.863113
95.815826
93.556107
93.622307
93.716873
92.913185
93.206284
93.830307
93.962677
95.16346
95.239098
94.028854
92.622902
92.613396
90.846443
91.94841
91.919914
91.083939
89.421463
89.962944
90.35244
89.801468
88.528496
90.114952
88.443001
88.281494
87.426514
88.718468
89.430969
89.90596
90.637444
91.492409
93.392372
92.822403
91.378426
92.442406
90.656448
93.734367
91.691917
92.147911
94.190361
93.259384
90.722931
92.632385
93.990875
93.848373
94.323357
94.79834
95.073853
95.073853
93.230881
93.135895
93.886368
93.686874
94.646347
95.130836
94.79834
94.418358
95.111832
96.109314
96.384819
97.049797
97.619781
98.028275
98.246773
97.420288
97.961792
96.099815
97.135292
95.064346
94.114357
93.71537
95.463333
97.401291
97.363289
97.686287
98.37027
98.541267
98.713043
98.560349
98.245422
96.728088
96.241394
94.829033
93.664772
94.590446
96.995285
97.481987
96.479965
98.121368
99.209282
100.459404
102.453888
102.663849
101.948112
105.870293
104.066673
103.417747
102.034004
100.449875
101.919495
101.261017
101.900406
103.064644
102.787895
103.6754
104.085754
102.472992
103.007393
102.110336
109.525276
111.615204
111.844215
112.865341
114.61171
115.852303
115.699615
117.0261
116.300827
116.272194
116.358093
117.159698
116.129059
115.680519
115.356064
113.571533
115.174759
112.225952
111.825157
114.039124
112.645844
113.552414
112.512245
112.750816
113.075272
114.439926
114.220459
114.048668
112.17086
111.806786
112.26667
113.531303
112.477425
112.06546
112.467842
113.646286
113.234306
113.253479
113.301376
113.981606
113.789986
113.924118
113.694183
113.684601
111.404404
112.736115
111.921761
111.126549
111.682243
110.992424
111.308586
112.046303
111.366074
109.93856
112.49659
113.272629
111.710968
113.148087
113.263062
114.431892
114.297768
109.603226
107.964928
110.225967
110.59005
110.446327
111.030746
112.601974
113.301376
113.387596
112.19001
113.837898
114.269028
114.048668
112.582825
111.557678
109.670296
107.763741
106.460754
105.713448
105.157784
106.182915
106.776917
105.70388
104.784142
106.575722
106.901466
108.587654
108.089478
108.769707
108.463112
108.376534
108.347679
108.347679
105.144005
105.144005
106.038719
106.144554
105.53846
105.499962
104.335854
104.778419
106.933449
108.376534
108.867188
108.415016
109.049973
108.366913
107.375999
107.366379
108.010956
107.92437
106.88533
106.894951
109.386703
110.223701
111.128044
111.204987
110.926018
111.599457
112.792412
112.003517
111.868828
114.302849
109.723427
109.425194
108.924904
110.02166
110.627769
111.14727
109.781143
107.751198
107.703094
103.902946
102.988983
104.778419
106.500511
106.750648
105.394135
102.200089
104.383972
105.307541
102.892769
105.105507
104.605255
103.123672
103.065941
102.094261
102.296295
103.604706
103.498871
101.18029
102.036537
101.084091
101.277527
101.364578
102.293121
97.29258
97.776199
99.875076
100.474739
103.308693
104.662796
104.440338
106.152321
105.920181
105.939522
106.490837
106.626251
106.374786
107.429047
108.841187
109.257088
109.083
108.096428
110.001846
109.798721
110.911034
109.982513
111.278587
111.723511
112.25547
112.245804
112.371552
112.371552
112.168427
109.489227
110.369392
109.885788
112.100723
109.566612
108.086754
110.746613
111.665459
113.590233
113.977127
113.21302
114.673523
116.153358
116.308136
115.921234
116.075981
118.000755
116.462883
115.234528
117.275352
117.304352
117.062561
116.762703
114.431702
112.313507
112.506958
114.305977
116.985168
114.218925
112.081367
113.387115
115.592377
116.282349
116.583588
116.952866
117.701134
117.21524
116.262909
114.698349
115.572937
113.862617
113.298996
113.056053
114.299919
114.989883
112.774246
113.891762
112.055138
110.276787
108.624763
108.595612
110.850128
107.28373
108.712227
108.372116
109.023201
113.658562
115.116211
113.911217
117.195808
117.856613
116.010239
113.318428
113.532227
112.07457
97.653458
103.736755
103.532677
103.08567
102.415146
102.424858
102.30825
100.500748
103.212006
102.05558
101.180992
100.37442
103.61042
102.833008
102.181915
103.406349
103.425774
104.144897
104.465576
104.640511
106.87558
107.215706
107.186546
108.304077
109.693718
110.471138
110.723801
111.656708
110.963356
110.582512
111.168434
112.096138
111.891075
111.100075
113.648834
113.131264
112.633232
115.299164
113.902733
114.937843
114.635124
115.748367
117.164345
116.510071
117.17411
118.394768
119.410378
117.183876
117.330353
117.984634
117.29129
117.545189
117.44754
116.676086
116.666313
116.998337
116.558891
115.855789
115.836258
115.806969
117.076454
123.277428
120.718918
123.199318
123.287201
124.800835
124.507866
123.658287
124.996132
125.025429
124.918007
125.240257
125.972672
125.904305
126.304672
125.972672
125.894547
125.689484
125.318398
125.816422
126.490219
127.935486
126.753891
125.738289
124.351624
124.380928
123.248138
122.974716
122.554802
124.0196
124.29303
123.882896
124.795097
119.802498
117.271873
118.831451
121.440544
123.657288
123.61805
123.284561
124.559677
125.108978
127.051071
126.903946
128.689117
129.709229
129.228592
129.571884
129.689606
129.97403
131.35704
130.327133
131.464966
132.661606
131.837708
130.650833
130.709686
130.699875
130.837189
130.327133
131.474762
133.161835
131.445328
130.170212
133.769974
132.946045
133.436478
132.995102
133.289368
131.474762
131.651306
133.593414
134.897964
134.956818
135.44725
135.221664
135.888641
133.809204
134.819489
135.800354
135.927887
135.721878
136.330017
136.114243
136.663513
135.976913
132.171173
132.416382
132.436005
132.004425
132.691025
133.250137
135.152985
135.594391
138.399658
139.80867
138.833191
138.133606
139.197769
139.917068
139.897354
140.872833
139.877655
138.360229
136.517654
136.192505
135.414078
135.68013
133.492691
129.423279
128.300003
127.413208
127.206284
128.093079
127.531433
127.314682
127.846748
128.605453
128.585739
130.122864
131.423508
132.566483
128.861633
131.87677
128.733551
127.393494
126.772736
129.19664
124.210876
122.210648
116.732208
116.663239
115.796143
116.328217
119.057602
117.69783
118.022995
118.28904
118.574776
118.564934
118.614189
118.584633
119.471428
119.274368
116.771629
118.308746
119.234955
120.003517
122.831413
123.915276
123.462029
121.392822
119.964096
116.692795
118.407265
116.278969
116.141014
116.062187
116.505577
117.599304
117.133698
117.906403
117.688469
117.787521
116.727539
