Adjusted
17
17.1
17.280001
17.889999
18.799999
19.309999
18.959999
18.200001
19.219999
19.540001
18.91
19.209999
19.18
19.18
18.379999
18.25
18.700001
18.74
18.6
17.84
18.379999
18.440001
18.040001
18.27
18.34
18.02
18.32
18.360001
18.42
18.65
20.559999
22
21.860001
21.200001
20.98
21.040001
20.85
20.959999
21.639999
22.23
22.459999
22.719999
22.629999
22.969999
23.030001
23.530001
23.389999
23.48
24.49
24.950001
24.84
23.790001
22.530001
22.860001
22.790001
22.57
22.15
22.049999
22.67
23.41
23
22.77
21.879999
21.620001
21.370001
21.27
21.48
21.9
22.469999
21.92
21.030001
21.139999
21.200001
21.139999
21.700001
21.459999
22.67
22.16
22.77
22.5
22.02
22.15
21.52
21.469999
22.24
22.540001
21.879999
22.1
22.370001
23.290001
23.889999
24.49
23.83
23.17
23.040001
23.15
22.26
22.32
22.17
23
23.709999
22.98
22.74
22.17
21.91
21.120001
20.57
21.49
21.4
20.92
20.440001
20.549999
21.6
21.17
21.059999
21.41
20.360001
19.530001
19.07
19.35
19.790001
21.08
21.4
22
22.92
22.950001
23.15
23.690001
22.879999
23.02
23.25
23.639999
23.73
23.27
23.309999
22.48
22.709999
23.110001
23.24
22.85
22.969999
23.379999
23.34
23.030001
23.110001
23.41
25.83
26.84
26.84
25.93
26.440001
26.76
27.290001
27.25
27.33
27.299999
26.6
26.67
26.52
27
36.040001
34.66
34.759998
36.580002
34.119999
35
34.240002
33.889999
34.25
34.580002
35.169998
35.619999
37.59
37.009998
36.18
37.25
36.389999
35.720001
36.720001
36.299999
36.16
35.66
35.439999
36.040001
36.57
37.540001
37.57
38.150002
40
40.380001
40.82
40.110001
38.27
35.630001
34.709999
37.23
37.049999
37.34
37.189999
39.110001
38.349998
38.040001
37.169998
38.509998
38.919998
39.82
40.59
39.43
40.639999
38.59
39
40.400002
40.849998
40
37.5
36.970001
37.560001
39.43
40.900002
43.950001
45.009998
47.509998
46.959999
45.919998
46.830002
47.939999
48.52
47.689999
47.52
46.709999
46.599998
47.240002
45.849998
46.139999
46.549999
46.59
46.150002
47.82
47.57
48.5
48.889999
49.650002
47.540001
49.110001
50.110001
51.34
51.279999
50.82
50.68
49.709999
50.57
50.630001
51.23
51.990002
52.310001
51.959999
54.740002
56.169998
59.970001
59.110001
63.459999
62.419998
63.48
61.869999
64.550003
64.860001
65.599998
63.939999
62.5
65.32
65.239998
66.449997
65.519997
63
62.93
62.259998
62.580002
65.889999
66.129997
66
68.830002
66.139999
64.169998
65.5
61.650002
63.919998
64.980003
67.029999
68.370003
67.260002
65.910004
64.260002
63.75
66.459999
66.540001
65.610001
64.360001
63.299999
65.489998
65.349998
62.43
61.419998
62.220001
64.940002
64.839996
63.799999
59.41
55.700001
53.57
51.75
51.939999
49.939999
53.52
54.759998
54.459999
51.419998
50.5
50.150002
49.049999
52.009998
47.130001
46.25
44.32
43.099998
43.98
44.540001
47.450001
49.32
46.959999
47.299999
45.41
45.080002
48.610001
48.560001
50.049999
51.610001
53.48
53.380001
51.990002
50.380001
52.080002
54.389999
54.16
55.900002
50.950001
49.59
49.900002
48.68
47.009998
48.029999
47.09
49.189999
49.009998
49.5
49.549999
48.889999
50.98
52.490002
52.98
52.16
53.68
54.619999
53.82
53.200001
53.810001
54.669998
55.279999
56.209999
55.91
56.389999
56.130001
55.77
56.220001
55.990002
55.52
56.439999
56.59
55.779999
55.619999
53.709999
51.720001
52.080002
50.919998
50.830002
50.880001
48.369999
47.049999
45.349998
47.349998
47.950001
47.919998
48.98
47.950001
47.299999
47.139999
48.84
49.369999
47.57
46.93
48.25
47.5
47.599998
47.27
47.68
48.439999
48.009998
49.790001
51.080002
51.360001
51.68
52.119999
51.66
50.189999
50.650002
53.400002
55.18
54.709999
53.939999
54.200001
53.119999
52.560001
51.93
51.830002
52.59
50.709999
51.049999
50.150002
48.720001
47.630001
48.700001
48.259998
48.880001
49.32
47.41
47.470001
49.330002
48.66
49.700001
50.52
49.049999
47.91
46.630001
47.380001
47.700001
46.759998
48.009998
47.59
46.099998
45.599998
46.540001
48.150002
51.5
50.080002
50.790001
52.439999
52.470001
54.950001
55.07
57.459999
58.189999
57.869999
64.18
67.059998
67.970001
67.760002
67.720001
68.400002
69.32
70.959999
71.059998
71.870003
71.209999
69.540001
69.699997
69.639999
71.300003
71.610001
72.269997
75.540001
73.139999
75.010002
75.550003
74.199997
74.660004
74.660004
74.120003
75.199997
77.220001
78.889999
77
75.919998
74.660004
72.139999
71.620003
75.580002
77.050003
76.860001
75.82
69.580002
71.57
73.889999
74.260002
73.019997
73.110001
73.760002
74.220001
71.489998
74.449997
73.209999
72.029999
73.300003
76.18
75.779999
72.900002
74.379997
77.400002
77.43
77.610001
79.900002
82.949997
83.07
81.440002
81.339996
79.709999
78.379997
75.959999
73.019997
75.25
75.349998
75.809998
76.459999
75.959999
75.660004
75.940002
77.800003
78.970001
80.150002
82.489998
83.410004
81.169998
85.650002
87.540001
85.849998
88.68
87.949997
87.910004
91.970001
90
89.57
89.330002
90.019997
89.959999
89.309998
91.279999
92.339996
92.25
97.080002
95.550003
93.400002
92.809998
90.470001
89.199997
94.360001
94.190002
91.660004
89.440002
88.790001
88.459999
89.389999
91.629997
92.279999
93.809998
99.830002
98.970001
100.290001
102.760002
101.660004
105.510002
109.190002
107.980003
107.849998
107.339996
101.379997
99.599998
101.669998
97.160004
98.279999
101
97.5
100.540001
102.080002
103.830002
104.610001
105
104.260002
106.779999
106.860001
107.650002
108.25
109.669998
108.410004
107.690002
107.290001
107.919998
108.139999
110.150002
109.68
108
108.980003
106.839996
108.940002
107
106.25
105.529999
106.110001
105.489998
103.68
104.07
105.389999
108.900002
107.769997
109.220001
109.309998
105.290001
104.449997
104.050003
100.82
104.209999
104.449997
105.580002
108.580002
109.32
106
108.110001
108.330002
113
117.459999
115.879997
117.690002
117.040001
115.769997
113.870003
114.419998
113.209999
108.540001
104.370003
105.489998
103.739998
102.959999
104.279999
103.980003
109.739998
110.959999
104.349998
102
103.940002
104.209999
107.279999
107.910004
105.800003
114.599998
113.970001
112.400002
107.519997
104.309998
97.370003
101.650002
108.489998
113.849998
119.93
116.190002
115.120003
123.279999
116.07
115.879997
120.129997
118.199997
124.5
131.009995
128.210007
131.470001
130.800003
130.110001
125.93
118.660004
117.779999
116.489998
111.949997
106.620003
95.160004
99.589996
110.330002
117.93
126.459999
120.830002
112.459999
108.650002
103.440002
105
106.010002
101.209999
105.910004
112.519997
107.779999
110.690002
107.5
107.150002
109.019997
110.019997
112.290001
117.639999
120.360001
117.029999
117.529999
120.650002
119.989998
117.139999
116.760002
100.209999
105.860001
109.160004
106.150002
104.199997
107.360001
108.059998
113.480003
116.860001
116.43
113.129997
112.980003
111.720001
115.410004
116.75
114.239998
112.209999
113.849998
106.830002
109.110001
107.720001
110.099998
108.209999
110.199997
106.5
109.410004
114.730003
117.790001
114.809998
113.230003
112.900002
108.989998
110.519997
108.919998
109.68
110.720001
109.110001
108.449997
103.32
103.800003
102.260002
95.760002
94.779999
92.190002
88.089996
78.419998
80.980003
76.949997
73.309998
74.25
73.779999
79.400002
78.309998
76.040001
74.989998
67.809998
70.559998
72.580002
68.940002
69.169998
72.029999
71
70.910004
72.260002
72.309998
65.510002
68.360001
71.669998
74.449997
71.019997
72.699997
73.900002
72.010002
74.32
74.279999
74.339996
73.5
75.050003
73.599998
72.559998
71.989998
73.290001
71.169998
68.849998
68.650002
70.889999
68.980003
65.639999
63.77
63.049999
65.07
68.610001
69.110001
67.43
69.760002
68.449997
69.25
68.349998
72.470001
73.300003
73.489998
73.349998
81.870003
79.400002
77.470001
75.809998
77.370003
79.220001
78.540001
77.779999
77.889999
76.769997
78.489998
77.559998
76.769997
76.550003
74.43
73.190002
72.339996
72.269997
74.360001
72.089996
68.690002
70.410004
70.690002
72.860001
73.489998
70.620003
70.540001
73.209999
76.470001
75.550003
77.529999
76.040001
77.650002
80.68
81.269997
83.160004
81.779999
84.529999
84.410004
85.18
87.709999
84.959999
85.489998
82.440002
82.900002
81.610001
80.410004
80.010002
79.779999
79.449997
80
77.110001
78.489998
77.599998
78.5
81.660004
76.980003
72.440002
76.580002
78.739998
79.980003
81.269997
79.709999
82.480003
83.529999
85.699997
85
84.970001
82.559998
82.139999
83.830002
84.129997
82.82
86.879997
87.790001
86.410004
86.43
86.959999
88.720001
88.120003
90.209999
90
88.949997
90.809998
90.120003
90.839996
88.040001
86.480003
83.489998
81.209999
81.050003
80.550003
77.860001
76.480003
76.160004
76.110001
81.980003
81.900002
82.440002
80.099998
81.040001
81.330002
80.980003
81.099998
80.809998
82.019997
83.75
82.449997
81.559998
79.129997
81.160004
79.209999
80.050003
80.360001
82.150002
83.510002
85.059998
86.709999
89.269997
88.980003
88.760002
89.07
93.199997
92.290001
94.290001
95.540001
94.169998
95.690002
94.779999
97.830002
95.949997
92.110001
89.970001
89.529999
87.099998
86.699997
88.779999
87.959999
88.489998
87.720001
88.18
87.199997
87.25
87.010002
87.129997
86.970001
90.029999
87.190002
83.279999
87.57
92.150002
92.160004
104.129997
104.709999
104.510002
104.889999
103.160004
100.739998
105.550003
103.629997
108.099998
106.800003
106.800003
107.730003
105.169998
105.07
102.290001
99.93
102.019997
104.760002
107.209999
101.959999
102.879997
100.629997
100.860001
101.540001
102.419998
104.580002
103
100.790001
102.209999
99.760002
101.470001
102.940002
102.529999
101.099998
101.959999
100.269997
