Adjusted
18.457932
18.406132
18.267998
18.345697
18.20756
18.518358
18.820528
18.993191
18.993191
18.889591
19.088161
19.580256
18.345697
18.276632
18.224834
18.086699
18.095331
18.173029
18.371599
18.449299
18.1644
18.44066
18.267998
18.481791
18.315992
18.15892
18.324718
18.350899
18.490517
18.542868
18.525417
18.42943
18.403254
18.089115
17.670263
17.818607
17.652809
17.958221
18.263638
18.220005
18.350899
18.560324
18.769745
18.979168
19.101336
18.83083
18.926813
18.883181
18.900637
18.891911
18.656309
18.551596
18.446882
18.481791
18.359623
18.612673
18.455606
18.996624
19.048981
19.057705
18.699936
18.726116
18.368349
18.446882
18.272364
18.403254
18.979168
19.4242
19.048981
18.918091
18.656309
19.127514
19.136234
19.406746
19.58127
19.965216
20.401522
20.645849
20.401522
20.41897
20.733109
20.898901
20.933807
21.038521
21.104584
21.060539
21.271935
21.36002
21.456915
21.580229
21.210283
20.998888
21.315981
21.086969
21.175049
21.210283
21.271935
21.201471
21.183853
21.069351
21.210283
21.37764
21.324787
21.386448
22.23204
22.337738
21.75639
21.712355
21.659506
22.029451
21.7652
21.544994
22.011833
21.950176
22.108727
22.434626
22.020639
21.307173
21.315981
20.769869
21.034119
21.148626
21.183853
21.342409
21.042927
20.893185
20.928417
21.192669
20.426353
20.382305
20.479198
21.131008
21.051735
21.086969
21.36002
21.271935
20.470388
20.294224
20.056402
20.038784
20.197332
20.31184
20.488001
20.470388
20.593706
20.558466
20.435154
20.452768
20.386066
20.279331
20.190386
19.968027
20.021393
20.13702
20.030287
20.074759
19.594456
19.487724
19.81682
20.030287
19.718981
19.799028
19.959129
19.807926
19.736773
19.825714
19.621143
19.549986
19.630035
20.13702
20.101442
20.163706
20.377169
20.43943
20.288225
20.128126
20.848576
20.804102
21.115406
21.257719
21.266615
21.142092
21.008675
21.07983
21.07983
20.821892
20.43943
20.386066
20.306011
20.359379
20.101442
20.288225
20.306011
19.994703
20.092545
20.546165
20.688477
20.857473
20.804102
21.07983
21.275511
21.239929
21.471182
21.408926
21.115406
21.150986
21.560129
21.666868
21.809174
21.791386
21.764702
21.640181
21.577921
21.573429
21.770939
21.600365
21.6273
21.69912
21.932539
22.085161
21.896629
22.013342
22.085161
22.174936
22.049248
22.650755
21.42979
21.322052
21.232279
21.45672
21.402857
21.277166
21.142496
21.313072
21.779917
22.282671
22.381426
22.282671
21.923563
21.968447
21.806852
21.950497
22.139027
22.578936
22.569958
22.498133
22.731554
22.830309
23.07271
22.982937
23.207378
23.306129
23.153509
23.144531
22.857241
22.973955
22.830309
22.722574
22.92009
22.89315
23.7999
23.943548
23.826838
23.207378
22.973955
22.722574
22.56098
22.273689
22.19289
22.354494
22.156979
22.210846
22.031292
21.501608
21.384895
21.316925
21.742897
21.942293
22.014799
22.17794
22.25045
22.386396
22.440777
22.440777
22.20513
22.422646
22.132618
22.32295
22.313887
22.477028
22.440777
22.440777
22.20513
22.304829
22.20513
22.32295
22.332016
22.513283
22.413588
22.440777
22.26857
22.20513
22.386396
22.495152
22.67642
23.048016
22.812372
22.767059
23.075207
23.002701
22.939253
23.220221
23.392422
23.555561
23.46493
23.936224
23.709639
24.008732
24.389387
24.452831
23.95435
23.727768
24.072172
24.262505
24.40752
24.507214
24.425648
24.325949
24.244377
24.244377
23.800276
23.863718
23.999668
24.189997
23.972475
23.936224
23.92251
23.949934
24.105333
24.077913
24.041344
24.105333
24.178467
24.068769
23.776251
23.602568
23.803677
23.803677
23.949934
23.90423
24.032206
24.416134
24.571533
24.644667
24.973747
24.918903
25.28455
25.229702
25.28455
25.75075
25.513079
25.814739
25.531361
25.558783
27.304754
27.432732
27.377886
27.359602
27.505859
27.606415
27.633833
27.880646
28.228012
28.136602
28.27372
28.246294
28.319426
28.319426
28.465683
28.365133
28.145746
28.237154
28.57538
28.566236
28.785624
28.986731
31.674244
30.805832
30.805832
31.134916
31.802221
31.537127
31.308599
31.308599
31.290314
31.253748
31.400013
30.979521
30.842392
31.125772
30.200974
30.228577
30.072147
29.998524
30.38501
30.486237
31.378824
31.23159
31.443239
31.664093
31.59968
31.746904
32.345039
32.151794
32.032166
32.022972
32.013767
31.884941
32.133392
31.811323
31.811323
32.124191
32.207012
32.510677
32.124191
32.225414
32.225414
31.857334
31.783724
32.142601
32.188606
32.363445
32.04137
31.940153
31.673286
31.976957
31.415636
31.526056
32.11499
32.04137
31.277613
30.845116
31.314407
31.388035
30.799105
31.535261
30.937134
29.363586
28.958702
29.575235
28.783861
28.38818
28.875881
29.059923
30.00773
29.69486
30.081347
30.532244
30.550644
31.047556
31.213188
29.980127
31.296011
31.572075
31.783724
31.269657
31.325233
31.102936
30.806536
30.852856
30.917692
31.19556
31.445641
31.714254
32.149578
31.816135
33.298103
32.964664
33.575981
33.64082
34.178032
34.502213
34.428116
34.826393
34.668938
34.696724
34.891232
34.455902
34.16877
33.73344
33.992786
33.557449
33.270321
32.936882
33.566719
34.289177
33.687126
34.465157
34.668938
34.678196
34.78009
34.437374
34.048355
33.613033
33.677868
33.298103
32.677532
33.362949
33.983521
34.048355
33.900158
33.807533
33.668602
33.520412
33.761223
33.42778
33.789013
34.18729
33.761223
33.168434
31.667933
31.288179
31.686459
30.602768
31.16777
31.214085
31.344685
31.66186
31.064825
30.71966
31.437975
31.29804
31.839109
32.053677
32.408169
31.969713
31.913742
32.100315
31.493938
32.100315
31.671196
31.391331
31.018181
31.773811
31.811123
31.829779
31.465961
30.962202
30.523752
29.57222
30.159931
28.732628
28.853901
28.760616
28.536724
28.816589
28.676657
29.208395
29.105778
28.723299
27.883707
28.060957
29.852079
29.34833
29.171083
28.741961
28.741961
28.95652
29.161751
29.208395
29.143097
29.786781
29.600203
29.376314
30.626368
30.663685
30.290537
30.533083
30.253218
30.505098
30.178589
29.926716
30.318521
30.803617
30.682346
30.365164
31.176765
31.186098
30.669306
30.274666
30.293455
30.819643
30.716286
30.302851
30.669306
30.979382
30.99818
31.392818
31.148512
31.355227
31.524363
31.430401
31.10153
31.674704
31.956587
32.379421
31.862627
31.261267
30.753868
30.359228
29.917604
29.41021
29.363228
29.898815
29.927004
29.429001
29.494776
29.729681
30.020966
30.425003
30.133718
30.312246
30.152514
29.983381
30.05855
29.147114
28.555151
28.583342
28.35783
28.714888
28.226286
28.094738
27.718889
27.183302
27.408813
27.934999
27.859829
27.897419
28.094738
27.690699
27.34304
26.985983
26.882624
26.873226
26.365828
26.638321
27.211489
27.258472
27.164509
27.202095
27.296059
27.371229
27.589134
27.484921
27.36175
28.081799
27.44702
27.911261
27.352278
27.494392
27.551237
27.390175
26.869089
26.082726
25.163717
24.870016
24.509991
25.864815
26.262735
26.925936
27.039627
26.357477
27.096476
27.551237
27.020678
27.94916
27.702826
27.731249
27.920736
27.844938
28.167067
28.204964
28.148117
27.494392
27.627031
27.162792
27.229113
26.98278
27.295431
27.24806
27.702826
28.555511
28.422873
28.906061
29.56926
30.071402
30.620909
30.810396
30.450369
30.516691
30.355627
31.075676
31.028303
31.303059
31.824148
31.682028
31.615702
32.591564
33.065277
32.771572
32.657887
32.885262
32.241016
32.079952
32.316807
32.506294
32.582623
32.439503
32.28685
31.819336
31.685764
31.351828
30.912939
30.63625
30.626707
31.141926
31.638058
32.725735
33.06921
32.897472
32.782986
32.868851
32.878395
33.174164
33.479477
33.231411
32.477669
33.336365
33.384071
33.155079
33.212326
33.174164
32.697113
32.887936
33.565346
33.67984
33.307735
32.315464
32.668491
33.135998
33.393612
33.374523
33.326817
33.813408
33.384071
32.868851
32.429966
32.277306
31.561733
30.378643
30.063786
30.588547
31.180092
30.445431
31.237339
28.394108
28.43227
28.231909
28.298695
28.556307
28.241449
28.565845
28.441813
28.594469
29.596279
29.405457
28.43227
28.239771
28.653646
27.951021
27.739271
27.729643
27.171396
27.16177
27.566017
27.700773
28.364895
28.316771
27.633394
28.249395
27.72002
28.095396
28.50927
28.682522
28.480396
29.231148
29.394773
29.433271
29.481396
29.779772
29.414022
29.7124
30.078146
30.569023
30.251396
30.463148
30.501648
30.780773
31.454521
31.127274
31.108023
30.800024
30.684521
30.703773
31.165775
31.483398
31.136896
31.23315
30.800024
30.703773
30.877024
30.366896
30.443897
30.482397
30.665274
30.92515
30.607521
30.280273
30.463148
30.415022
30.800024
30.771147
30.453522
30.212898
30.222521
30.559397
29.943398
29.144524
29.462149
29.221521
28.978817
29.027359
29.163273
28.930275
29.260351
29.182688
28.891443
29.037067
29.503056
29.105022
29.114731
28.765236
29.270061
29.347725
30.153503
30.473873
30.570953
30.648619
30.668034
30.735991
30.833075
30.697161
30.755409
30.94957
30.95928
31.00782
31.104902
31.231104
31.201982
30.68745
30.765118
30.833075
31.231104
31.376726
31.347609
32.02718
30.629202
29.823425
30.279711
30.998112
31.842722
31.794178
31.726221
32.007763
32.231045
33.007698
33.37661
33.920261
33.98822
34.17268
34.046471
34.02705
34.124134
34.648373
33.269817
33.648438
33.677555
34.065887
33.813473
33.75523
33.842598
33.832886
33.551353
33.502445
33.825245
34.216511
34.275204
34.157822
33.776333
33.923058
33.815456
34.148041
34.44149
34.255638
34.20673
34.47084
34.588215
34.627346
34.382805
34.324108
34.490398
34.774071
34.920795
35.106647
35.23381
35.292507
35.771809
35.664207
35.644646
34.666473
35.292507
34.83276
34.842541
35.762024
36.847797
36.34893
36.329369
36.632599
36.730419
36.378269
35.85006
36.368492
36.622814
36.505436
36.926052
36.83802
36.720638
37.160812
37.239071
37.26841
37.190159
36.456532
36.319588
36.163078
36.632599
36.476093
36.926052
34.734943
34.656689
34.382805
34.490398
34.333889
34.157822
34.050224
33.981754
34.10891
33.766552
33.844803
33.44072
33.125332
34.189758
34.23904
34.248894
34.002499
34.110912
33.982788
34.406586
34.337597
34.514999
34.446011
34.475578
34.968369
34.692406
34.928944
34.997932
34.800823
34.199615
33.27317
33.6674
33.894085
34.21933
34.988075
35.185196
35.244328
35.451302
36.269333
36.022934
36.259476
35.7864
36.358036
36.67342
36.446735
36.397457
36.436882
36.535439
36.101788
36.131351
35.746975
