Adjusted
58.771931
58.572708
59.02808
59.094482
58.618839
59.132538
59.370361
59.570133
59.627205
59.884064
59.884064
60.540455
60.578506
60.673645
60.568996
60.711693
60.607048
60.768776
60.768776
59.988701
59.34182
59.836494
59.065941
59.998215
59.846008
59.218159
58.514194
58.428581
58.447609
58.447609
57.800732
59.046925
59.180107
58.428581
58.314423
59.722336
58.999359
59.589165
60.65461
61.33004
61.872269
63.042355
64.573952
64.678581
64.621529
64.450279
63.318237
63.127987
63.02335
62.956753
62.243275
62.224251
62.110092
61.995937
62.119614
62.347919
61.682014
62.528664
62.281338
62.462067
61.929348
62.195702
61.444187
61.55835
61.320522
60.8913
60.853149
61.826035
61.930954
61.711571
60.166401
61.253761
60.128258
59.622734
60.061489
59.956566
61.024837
61.22514
54.453072
56.608692
58.125244
56.885296
57.200054
57.295448
57.476662
57.944035
57.762802
57.696045
56.274853
57.41943
56.265316
56.379784
57.791412
57.085598
57.829575
56.885296
55.216118
55.883801
56.04594
55.225666
56.379784
56.513309
56.589615
55.740723
55.38781
55.111214
54.910912
55.750259
56.713615
56.246243
55.063522
55.111214
55.292439
54.844139
55.349659
55.988716
55.740723
55.177986
55.187515
54.853683
56.093647
56.704075
57.982174
58.220627
60.233173
59.489197
59.498737
59.660889
60.22517
60.483398
60.598175
61.573711
61.898891
62.004105
62.051914
62.176247
62.042351
61.286789
61.602402
60.990292
60.359074
60.416458
61.133759
60.770321
60.579048
61.133759
61.678905
61.105068
61.133759
60.875534
61.325043
61.401558
61.640648
61.851063
62.166683
61.946693
61.047688
61.439804
60.655556
60.387764
60.272991
60.837276
61.382435
61.516331
60.932915
60.636421
60.818153
60.760761
60.971172
61.363304
61.382435
61.640648
62.597057
63.42915
63.42915
62.597057
63.075264
63.037018
63.410027
63.199615
63.524773
63.926479
63.515224
63.084831
63.371769
63.467396
63.610859
63.419586
63.553463
63.553463
62.96051
63.410027
63.352627
62.729191
62.623657
63.112843
64.196701
64.67627
64.033653
64.263817
65.222992
65.93277
66.191757
66.632973
66.354805
66.968666
67.563354
67.947021
68.560898
68.54171
68.493744
68.417
68.493744
68.829445
69.289856
68.752724
69.520035
69.328209
69.452911
69.980438
70.172279
70.661446
70.412071
70.364105
70.153099
70.172279
69.088425
69.75985
69.865326
70.536758
71.198601
71.198601
71.323265
71.304077
70.987579
71.850822
71.361641
71.937149
71.486328
71.198601
71.956306
71.802834
71.639786
72.71405
72.598953
72.205704
73.203232
73.299141
73.231987
72.982613
73.443016
73.203232
72.838737
72.704491
72.646912
73.913002
73.49955
73.682236
73.30722
72.124557
73.134163
73.826454
73.836082
74.028389
73.249527
72.663017
72.422638
70.422623
70.249565
70.653397
70.364944
71.33609
70.432243
68.086113
68.182266
68.028427
68.297638
68.7015
68.7015
69.922646
67.038048
67.999573
68.932259
70.239952
70.595711
71.009178
74.268761
74.432236
74.355309
74.71106
75.095688
75.143768
74.874535
77.7976
77.528351
77.624519
79.037971
78.672569
78.143753
77.816833
77.066833
76.83606
77.451447
77.55719
77.124519
77.58606
76.38414
75.778374
75.643761
74.730309
74.595695
74.778381
74.739922
75.855301
75.93222
75.557213
74.220703
71.913017
71.855171
72.404648
70.939377
69.907936
70.736946
71.083984
71.59491
71.363541
71.334633
72.144371
71.710579
71.488861
72.626358
71.999771
72.684204
73.021599
73.195114
72.578186
72.848091
71.980499
71.643097
71.932289
72.221481
73.368629
72.963753
72.288971
71.411766
72.790237
74.294067
74.072319
74.679626
75.499031
76.723282
77.253487
76.231644
76.260567
76.43409
76.569054
76.530495
76.443726
76.501564
77.147438
76.964287
76.308762
76.318405
76.067787
76.144913
76.067787
76.000298
76.472649
76.43409
76.636536
76.800392
77.648712
78.198174
78.043938
78.390976
77.629417
78.352409
78.371696
79.268204
78.294586
78.410522
78.323563
77.705162
77.734154
78.58445
78.42984
78.777687
78.053009
79.154518
78.681068
79.357437
79.260803
79.801895
79.85022
80.053131
79.88887
80.478287
79.202835
77.840439
78.28492
77.734154
78.226936
78.110977
78.632767
79.038589
79.260803
80.565262
80.980713
80.893761
81.579781
82.507378
82.391426
82.913216
80.748833
80.101456
79.85022
79.869545
80.545914
80.372002
80.082115
79.347786
79.483055
81.144989
81.318916
80.632881
81.724724
82.285156
81.154655
80.797142
80.951744
81.463852
82.768272
83.79248
82.633003
82.536369
83.763496
81.985611
83.145111
84.816689
84.691086
82.826248
81.666763
82.381783
81.80204
79.685959
81.217278
79.288605
77.699142
77.224251
76.943184
77.049789
76.216301
78.532631
78.542336
80.800522
79.433975
80.955589
82.341515
82.389977
83.669296
83.233154
84.153893
85.297531
85.617325
85.723946
85.995323
86.382996
86.072861
87.109879
87.914299
86.857903
87.652618
87.894897
88.127525
88.524887
88.602417
87.933685
88.893173
89.813896
89.804192
89.397141
90.976913
91.2192
90.45356
90.812149
90.976913
90.792763
90.482628
89.86235
89.707283
90.492317
89.329308
89.813896
89.271149
90.01741
91.568115
91.02536
91.771629
92.217461
91.674698
91.287056
90.870308
90.240326
89.348686
88.398888
88.049988
85.345978
86.181831
87.338455
85.501488
84.286552
83.888069
83.81031
82.692589
83.994987
84.966919
83.97554
86.298477
86.910797
86.85247
85.968018
85.044662
85.968018
84.383751
85.80278
87.960487
87.999367
89.13652
85.36541
85.375114
86.638649
86.298477
86.881638
87.717499
87.561981
87.241264
88.553368
94.005959
93.636612
94.647423
94.900124
94.939011
94.890427
95.910957
95.250023
94.715454
95.366676
94.676598
94.909851
92.71328
92.509155
93.967072
95.026482
96.591316
96.202538
97.125862
96.98008
97.611847
97.320267
96.902313
94.589119
94.229485
94.336403
95.473587
94.239212
94.939011
95.736
95.104248
94.618271
95.417305
95.427055
96.362526
95.388092
95.378326
95.456291
94.900864
93.137123
94.179787
94.7547
97.600067
98.857094
98.642715
99.003265
99.051979
98.593994
97.765709
98.019081
98.701187
97.453896
96.995903
97.51236
100.123871
99.7146
99.646378
99.6269
101.166519
99.7146
99.724342
100.630577
100.73777
101.497826
104.031387
101.994781
102.501511
102.40406
101.488091
103.700073
103.50518
104.109329
102.764595
102.901024
101.829132
101.965553
104.732979
103.125145
102.053261
100.416199
101.078827
101.186005
101.721947
101.653755
102.803574
102.082504
100.416199
100.952148
100.601341
98.438072
98.194473
99.022751
98.81813
99.315071
100.932655
101.030334
101.176849
101.938751
102.983925
103.374649
103.863052
105.591972
104.292839
104.156082
103.687233
104.244003
104.761703
104.214699
102.563904
103.189064
103.071831
103.286743
103.31604
102.612755
103.140213
104.302612
101.753166
102.993698
102.554138
102.192734
102.290398
102.466225
103.169533
103.110909
103.267204
103.804428
100.541946
87.208618
82.295326
78.016945
81.357605
84.590797
84.209839
83.760521
82.148819
83.838676
84.0438
83.154907
85.704353
84.629883
86.251366
87.237923
86.759293
86.925346
87.394226
83.780052
83.506554
84.795937
84.834999
85.557838
85.821571
85.841103
84.219627
84.815475
86.690918
86.79837
87.423531
89.191521
88.70314
89.144135
90.447594
90.849396
91.34922
89.536163
88.605125
90.584801
91.751053
92.201859
92.417473
91.996056
94.926361
95.984818
95.759377
96.073006
96.033798
95.798592
95.484985
95.563385
95.759377
96.876625
95.827988
96.318008
95.563385
96.906036
97.405861
96.092606
94.602936
94.965569
94.504951
94.691154
95.475182
101.139793
99.013107
97.768463
97.856667
98.180077
98.199692
99.757935
97.513649
94.45594
96.661026
96.857033
96.357216
95.769196
95.053764
94.201141
94.377541
96.024002
97.072639
95.916199
93.662109
93.769913
95.269371
96.043602
95.641777
96.259209
97.356857
96.318008
94.57354
92.495872
94.034523
94.367737
92.843933
91.565903
92.411369
93.247002
90.150238
92.72596
89.943802
89.344101
90.435341
90.396019
92.027962
90.179733
91.074356
89.235954
90.474663
93.895851
94.741325
92.558838
94.269432
95.114891
90.238724
89.383415
88.606773
88.734581
89.865143
92.961906
93.748383
96.697685
94.839622
95.547462
96.589546
95.714584
97.159737
98.378792
94.131805
95.00676
97.189232
96.963112
96.05867
97.503822
97.700439
97.5923
97.788925
96.363426
98.270645
97.749603
97.651291
98.595078
99.125938
100.286003
100.286003
100.42363
99.981239
100.168022
100.325317
100.83654
101.436218
102.252197
102.920708
103.186142
102.144066
103.353256
101.716652
101.923698
101.174408
101.263138
101.854691
101.480026
101.381447
102.327919
102.456093
102.278625
100.85891
100.888496
100.918068
102.456093
102.051872
99.942017
99.468765
100.77018
99.971588
98.482864
98.98568
99.616661
100.237785
101.351875
100.878632
100.77018
100.592712
102.268768
100.711029
101.253281
99.991302
101.578629
103.14624
105.798332
103.540596
105.325096
106.370163
105.157501
105.689888
106.596924
105.936363
106.606789
106.922279
105.916656
106.005371
104.940598
104.171585
104.723686
104.782837
104.989891
103.875801
105.837769
106.380035
104.950447
107.415222
103.84623
102.712418
104.496925
107.750443
110.037766
110.333542
111.151848
111.684235
112.640572
114.153
114.301262
115.003105
114.587936
115.052544
113.658737
113.925629
113.461037
113.470924
111.889305
112.749306
112.640572
112.314369
111.246773
110.752518
109.714584
109.487244
107.964928
108.567924
108.637115
110.208832
110.73275
110.841484
111.563103
111.84977
110.801949
112.017815
111.177582
111.444473
111.246773
111.503792
111.246773
112.531837
108.587692
108.735962
109.052284
109.487244
109.872757
110.169312
111.049072
110.782173
110.090218
110.683334
109.684937
107.994583
108.28125
105.473885
106.867683
108.498726
107.747459
107.727684
107.717804
109.507004
109.487244
108.637115
107.727684
108.844704
108.913895
108.053894
108.745857
107.905624
108.113205
107.696739
107.924797
106.546486
107.240608
106.090363
106.625816
105.901955
106.090363
105.981285
106.249016
107.280273
106.992714
107.538078
108.708153
107.40918
106.913376
106.407669
107.260437
107.825645
106.486992
105.306999
104.712051
104.394745
106.992714
107.438919
108.44043
108.311531
110.443443
109.084969
109.967484
109.927811
112.843102
115.004768
114.69738
115.450989
114.846107
115.094009
114.73703
115.183258
112.724106
112.416718
112.30764
113.923935
113.566956
115.629463
116.68055
115.996361
115.054344
116.799545
116.68055
116.789627
116.323578
117.156517
117.394508
116.700386
115.926956
115.936859
115.917038
114.489136
113.953682
113.646294
