Adjusted
497.519989
503.670013
500.279999
502
504.429993
506.730011
508.869995
506
512.719971
503.589996
498.5
514.200012
508.329987
518.48999
567.059998
581
577.820007
577.929993
574.429993
573
574.380005
583.669983
573.609985
573.609985
571.880005
570.330017
578.75
571.52002
571.390015
573.700012
571.26001
569.210022
582.27002
556.830017
561.25
574.049988
566.340027
568.76001
573.52002
509.890015
553.400024
541.320007
525.719971
519.780029
513.179993
514.630005
516.76001
512.919983
509.329987
489.890015
459.440002
485.519989
482.679993
495.869995
486.790009
489.390015
488.399994
497.25
490.529999
491.190002
484.579987
490.799988
498.48999
496.640015
489.970001
494
496.529999
498.829987
512.570007
512.049988
509.98999
510.380005
507.640015
493.369995
484.75
474.869995
471.070007
476.880005
483.799988
486.76001
489.160004
492.290009
490.160004
491.859985
503.820007
501.579987
490.070007
489.309998
505.799988
499.570007
485.690002
487.730011
484.399994
476.220001
484
479.420013
485.880005
470.299988
478.459991
501.529999
501.640015
498.5
504.679993
497.529999
500.230011
498.589996
500.540009
507.410004
513.48999
510.209991
499.570007
495.440002
504.5
498.309998
499.320007
509.609985
510
497.51001
502.880005
504.170013
501.700012
503.899994
502.190002
506.130005
501.549988
501.190002
499.720001
504.01001
500.079987
419.299988
422.679993
430
429.040009
426.779999
422.130005
415.540009
421.470001
392.670013
395.910004
394.619995
383.959991
375.329987
382.290009
391
385.820007
388
392.459991
393.649994
393.630005
392.929993
389.940002
394.619995
391.869995
388.579987
385.600006
385.940002
383.730011
378.329987
384.950012
385.450012
386.899994
390.140015
390.089996
391.690002
386.220001
387.440002
384.600006
386.519989
385.170013
387.320007
384.440002
384.690002
384.899994
376.970001
376.5
372.679993
375
375.070007
373.959991
372.5
369.980011
374.690002
370.829987
363.890015
367.309998
368.390015
367.459991
376.269989
372.399994
369.600006
360.940002
364.279999
380.98999
381.230011
389.160004
387.209991
390.179993
401.679993
390.209991
401.329987
399.130005
376.519989
372.019989
368.299988
374.980011
370.290009
369.130005
375.600006
377.670013
374.709991
371.5
372.029999
382.230011
374.880005
377.170013
379.579987
389.829987
395.380005
396.040009
396.25
397.269989
394.440002
392.970001
394.579987
394.51001
390.519989
389.709991
384.5
374.51001
378.01001
376.899994
375.480011
372.809998
370.679993
367.839996
377.380005
376.589996
379.519989
366.619995
368.299988
362.940002
362.279999
355.929993
361.23999
359.100006
364.350006
371.209991
370.959991
374.779999
379.98999
383.070007
384.079987
380.01001
373.459991
370.940002
373.76001
380.459991
386.779999
420.149994
393.070007
419.880005
412.799988
414.390015
430.140015
439.380005
439.119995
439
410.76001
408.630005
409.540009
415.200012
416.350006
407.579987
401.170013
409.100006
415.100006
414.790009
417.679993
429.660004
426.450012
438.369995
442.540009
438.829987
444.089996
439.959991
438.040009
435.190002
438.540009
434.869995
438.350006
444.149994
444.829987
453.839996
449.51001
446.920013
444.350006
443.980011
438.589996
435.190002
433.140015
429.670013
423.070007
426.609985
429.019989
434.540009
437.01001
428.890015
422.070007
422.910004
424.660004
428.609985
434.98999
437.98999
493.600006
518.5
540.630005
505.519989
497.029999
489.839996
456.640015
453.609985
439.630005
425
417.089996
415.130005
411.98999
411.109985
422.329987
373.929993
371.320007
366.369995
367.799988
361.589996
361.700012
359.130005
363.589996
363.970001
360.299988
352.950012
352.350006
353.059998
365.670013
365.470001
371.670013
364.429993
374.089996
370.929993
363.600006
366.329987
364.640015
363.859985
371.369995
364.679993
374.850006
369.73999
370.899994
370.940002
370.130005
368.839996
371.26001
374.839996
377.600006
382.380005
392.369995
396.820007
409.820007
403.23999
404.170013
402.200012
404.149994
402.970001
402.25
405.079987
410.790009
423.399994
411.799988
406.48999
403.339996
404.040009
394.26001
385.920013
386.23999
382.920013
389.23999
384.589996
383.570007
380.26001
382.220001
387
388.720001
392.160004
461.630005
473.329987
469.700012
465.290009
465.230011
466.98999
457.549988
453.170013
455.019989
448.369995
448.429993
441.799988
444.029999
443.630005
451.529999
455.350006
460.390015
459.140015
464.309998
473.170013
467.5
471.890015
471.73999
470.540009
478.679993
471.109985
465.570007
470.01001
474.059998
473.709991
464.709991
465.380005
466.779999
466.809998
473.540009
470
480.730011
468.779999
474.679993
473.529999
475.540009
469.529999
457.089996
456.119995
465.75
457.540009
460.299988
464.720001
461.820007
462.799988
469.640015
475.209991
486.549988
482.26001
489.850006
476.350006
470.049988
465.070007
461.309998
460.140015
456.51001
470.23999
485.26001
495.769989
481.809998
485.529999
478.01001
477.709991
491.690002
487.420013
490
495.799988
495.839996
496
505.369995
508.649994
500.019989
508.98999
514.340027
513.23999
516.099976
512.210022
511.390015
516.190002
513.030029
513.52002
515.429993
521.330017
516.48999
515.01001
517.77002
513.72998
512.380005
518.609985
510.700012
508.869995
515.119995
514.929993
500.790009
506.119995
502.769989
499.01001
497.170013
510.209991
523.51001
531.960022
533.840027
526.159973
530.940002
531.23999
529.72998
525.909973
528.940002
525.570007
514.369995
519.789978
522.640015
533
520.869995
525.51001
521.659973
535.359985
524.380005
530.630005
521.890015
518.119995
525.380005
517.570007
521.01001
509.209991
502.559998
504.980011
494.480011
507.130005
508.660004
504.920013
516.169983
512.27002
501.290009
499.869995
498.929993
507.709991
510.730011
514
512.859985
511.470001
513.309998
513.700012
511.869995
507.660004
506.329987
500
503.26001
509.070007
500.559998
499.519989
494.040009
492.589996
487.519989
493.51001
499.25
493.450012
506.820007
505.75
508.859985
508.76001
509.029999
508.209991
503.700012
495.230011
498.98999
497.25
506.160004
505.029999
506.519989
508.290009
514.330017
512.460022
511.459991
513.090027
530.359985
542.309998
536.049988
533.710022
543.48999
540.700012
552.97998
546.72998
516.929993
512.77002
505.920013
500.519989
504.940002
499.529999
495.980011
497.959991
498.359985
492.959991
488.709991
489.130005
494.320007
496.369995
494.839996
498.459991
502.350006
503.660004
502.649994
502.859985
492.369995
494.950012
495.269989
487.170013
493.660004
485.799988
487.75
502.179993
499.130005
501.140015
496.23999
495.079987
490.559998
497.220001
504.209991
498.23999
495.660004
491.679993
490.829987
488.829987
496
494.75
499.450012
496.619995
492.450012
494.859985
497.149994
483.779999
484.5
485.839996
486.290009
478.100006
481.470001
478.649994
481.470001
487.869995
497.540009
491.950012
490.480011
490.01001
489.809998
497.609985
505.089996
549.880005
557.200012
546.080017
544.150024
540.26001
540.289978
539.619995
533.169983
526.5
526.75
531.070007
524.070007
532.98999
532.26001
529.840027
529.280029
527.869995
529.869995
533.049988
529.700012
526.619995
514.219971
506.839996
490.809998
494.459991
508.450012
515.570007
514.23999
510.950012
503.420013
511.130005
513.75
508.399994
520.640015
509.970001
511.540009
515.299988
510.579987
513.77002
514.5
519.23999
511.459991
504.940002
494.209991
489.880005
491.160004
475.910004
463.51001
455.470001
459.579987
455.570007
464.869995
468.809998
459.600006
466.700012
468.410004
469.649994
460.839996
456.410004
454.859985
462.309998
467.329987
478.440002
473.01001
499.410004
496.179993
500.029999
496.549988
496.76001
500.019989
500.279999
496.600006
504.26001
503.410004
501.450012
499.350006
500.959991
498.040009
502.559998
498.609985
500
498.790009
500.910004
498.51001
507.359985
504.170013
516.570007
519.090027
516.73999
517.869995
519.23999
520.02002
522.25
517.559998
508.660004
521.400024
522.52002
513.140015
513.650024
526.039978
523.469971
528.75
537.059998
545.130005
539.070007
534.179993
539.320007
541.450012
547.72998
547.450012
547.109985
553.369995
552.51001
546.159973
547.390015
551.960022
553.23999
536.900024
536.539978
539.580017
542.119995
545.140015
555.77002
557.25
556.48999
554.559998
555.599976
566.109985
558.219971
545.23999
534.02002
526.590027
540.849976
543.159973
539.349976
545.099976
551.929993
536.23999
507.279999
508.820007
524.409973
521.549988
531.280029
535.159973
541.859985
542.619995
546.340027
551.51001
548.900024
553.650024
559.280029
567.469971
563.059998
571.48999
573.809998
574.039978
570.650024
572.690002
566.859985
572.900024
573.700012
580.450012
593.070007
587.400024
587.380005
562.349976
583.049988
582.98999
591.030029
586.330017
583.309998
584.169983
603.070007
598.280029
601.049988
606.5
622.059998
612.919983
626.119995
614.780029
619.77002
620.200012
625.51001
627.01001
623.090027
624.219971
626.97998
623.710022
644.559998
641.909973
638.150024
638.73999
632.5
633.01001
631.5
626.359985
633.359985
618.630005
615.150024
615.320007
618.960022
623.859985
626.559998
627.690002
633.299988
628.809998
635.27002
621.380005
625.210022
623.789978
632.580017
628.650024
638.669983
643.039978
637.200012
636.650024
634.710022
637.690002
639.440002
636.840027
635.619995
635.890015
642.880005
648.200012
641.590027
644.099976
644.98999
645.109985
643.530029
641.73999
648.080017
645.169983
651.450012
661.320007
644.820007
629.900024
638.609985
657.719971
661.409973
666.309998
664.669983
670.440002
675.299988
678.840027
673.700012
675.309998
672.840027
675.599976
670.380005
670.539978
671.900024
703.049988
690.950012
689.369995
686.369995
686.619995
683.080017
690.090027
695.76001
693.869995
690.48999
687.72998
693.590027
693.330017
692.840027
696.679993
693.23999
695.539978
690.919983
692.98999
686.039978
682.900024
685.619995
687.669983
692.25
695.960022
685.590027
686.450012
685.289978
687.549988
687.530029
686.419983
689.690002
688.369995
693.119995
690.070007
691.150024
676.219971
683.390015
672.22998
673.119995
684.190002
686.369995
693.549988
698.869995
703.059998
718.200012
710.219971
707.23999
720.190002
717.77002
719.98999
724.830017
717.940002
716.619995
718.099976
716.190002
718.039978
724.609985
710.299988
710.929993
713.440002
714.909973
709.440002
721.72998
681.130005
681.820007
678.02002
685
679.5
665.719971
663.22998
666.549988
672.080017
669.719971
666.570007
673.299988
671.419983
678.429993
685.130005
651.460022
635.52002
621.76001
624.599976
640.549988
643.359985
654.599976
654.890015
662.090027
640.210022
645.280029
656.51001
647.690002
650.309998
643.73999
632.330017
636.640015
636.950012
621.590027
619.01001
619.460022
625.210022
633.73999
635.969971
636.590027
639
641.390015
637.909973
634.01001
630.289978
637.580017
640.75
639.51001
635.549988
636.549988
634.169983
