Adjusted
47.419998
48.700001
48.700001
48.560001
49.040001
49.200001
49.599998
49.91
50.32
50.200001
49.740002
49.599998
49.970001
49.990002
49.950001
51.5
52.830002
52.369999
52.23
51.709999
51.509998
52.419998
51.860001
52.84
52.73
50.299999
49.75
49.490002
49.369999
48.900002
48.529999
48.91
49.240002
48.860001
48.099998
48.610001
48.549999
48.900002
49.290001
49.759998
49.830002
50.959999
51.810001
51.73
51.119999
51.529999
51.740002
51.73
52.119999
52.099998
52.09
53.209999
52.959999
53.68
53.5
53.560001
53.099998
53.240002
53.25
54.41
54.48
54.630001
54.310001
53.810001
53.650002
54.43
54.259998
57.369999
57.389999
57.529999
55.599998
56.84
56.360001
56.009998
56.330002
56.669998
57.119999
56.849998
57.060001
56.740002
57
57.849998
56.799999
55.580002
56.52
56.330002
57.16
57.689999
57.48
57.830002
57.07
57.869999
58.509998
57.57
57.810001
57.709999
58.189999
56.959999
56.73
56.709999
57.369999
57.080002
57.32
56.610001
56.299999
56.09
55.73
57.240002
57.66
57.119999
57.07
56.619999
57.34
57.02
57.82
58.740002
57.82
56.41
57.470001
56.380001
56.41
57.040001
58.169998
56.990002
57.700001
57.43
58.029999
59.110001
59.939999
59.669998
60.18
61.259998
61.209999
61.060001
60.169998
59.919998
60.060001
60.07
60.549999
60.619999
60.799999
61.360001
60.369999
60.389999
60.470001
60.009998
62.080002
56.740002
57
57.869999
56.950001
57.860001
58.259998
59.279999
59.77
59.59
58.369999
58.419998
58.080002
58.369999
57.57
58.549999
58.509998
58.549999
57.740002
57.779999
58.610001
57.970001
57.029999
57.560001
57.509998
56.93
57.700001
58.290001
58.189999
57.900002
56.950001
56.779999
56.889999
57.810001
58.68
58.529999
59.259998
59.57
59.240002
59.700001
59.98
60
59.779999
59.619999
59.360001
60.009998
59.509998
58.490002
57.68
58.950001
59.07
59.080002
58.470001
59.380001
60.09
60.709999
61.18
61.09
60.490002
60.610001
60.939999
61.099998
60.889999
60.110001
58.950001
59.189999
58.849998
58.450001
58.5
57.82
60.240002
60.779999
61.330002
62.27
63.060001
63.490002
64.209999
64.57
64.339996
64.449997
64.589996
64.550003
65.370003
65.599998
64.650002
65.43
65.43
65.029999
65.720001
66.489998
66.18
65.830002
65.400002
66.209999
66.459999
67.080002
67.290001
67.849998
67.589996
68.739998
69.510002
70.300003
71.220001
70.230003
70.580002
71.050003
69.800003
69.739998
69.050003
69.050003
69.559998
70.029999
69.870003
68.489998
69.040001
69.279999
69.589996
69.339996
69.400002
69.720001
69.519997
68.190002
68.029999
69.029999
68.800003
70.32
70.330002
65.709999
66.529999
66.57
62.509998
65.330002
64.639999
65.400002
66.25
67.059998
66.639999
66.370003
65.739998
65.769997
66.540001
67.550003
68.139999
68.959999
69.449997
69.559998
69.5
71.389999
71.489998
72.220001
73
72.830002
72.650002
73.080002
71.82
72.120003
72.489998
73.349998
72.540001
72.900002
72.699997
71.260002
70.739998
68.809998
67.580002
67.059998
69.440002
70.309998
70.120003
69.209999
67.849998
66.889999
67.279999
68.629997
66.489998
65.730003
66.559998
66.809998
67.75
67.57
67.5
68.400002
67.629997
67.029999
66.150002
66.660004
67.559998
68.940002
73.540001
74.900002
73.300003
72.239998
71.309998
69.879997
69.5
71.059998
70.589996
69.57
68.480003
70.010002
70.510002
70.400002
70.110001
70.010002
70.730003
71.290001
71.099998
71.099998
71.089996
71.169998
71.279999
72.459999
72
72.050003
71.970001
71.400002
70.75
70.199997
70.099998
69.580002
70.019997
69.769997
69.339996
69.669998
69.43
68.809998
69.419998
68.900002
70.199997
70.519997
72.080002
70.669998
71.459999
70.989998
70.699997
71.290001
70.470001
70.949997
71.110001
71
70.849998
69.910004
70.309998
69.959999
70.199997
70.25
70.050003
69.889999
69.489998
69.220001
69.470001
68.419998
68.5
69.400002
72.080002
71.089996
71.080002
72.150002
72.599998
72.160004
72.510002
72.93
72.059998
72.910004
73.779999
73.690002
73.849998
74.019997
73.779999
74.120003
74.139999
74.029999
74.589996
75.32
75.080002
75.18
75.889999
75.900002
75.330002
76.349998
76.629997
76.790001
76.339996
76.360001
75.300003
75.75
74.730003
74.43
73.18
74.32
72.82
73.279999
73.809998
73.470001
73.25
73.809998
75.610001
75.309998
74.440002
74.739998
73.599998
72.57
72.529999
73.190002
72.43
72.580002
73.599998
74.370003
76
75.900002
77.230003
77.309998
77.029999
78.849998
78.989998
79.779999
80.709999
80.800003
80.529999
80.410004
84.599998
83.540001
83.889999
84.57
85.620003
85.699997
86.050003
86.389999
85.849998
85.07
83.949997
84.059998
84.889999
84.68
84.489998
85.480003
84.809998
84.660004
84.800003
84.139999
84.800003
83.349998
83.870003
83.879997
84.5
82.720001
84.279999
82.970001
85.129997
87.400002
86.510002
85.690002
85.690002
85.919998
85.419998
85.559998
85.010002
84.209999
83.599998
82.099998
81.349998
82.599998
83.43
83.110001
82.760002
83.279999
82.519997
81.919998
83.919998
84.169998
84.339996
85.919998
85.599998
85.639999
84.43
84.559998
85.93
84.220001
83.089996
84.620003
85.339996
79.050003
78.669998
77.919998
78.080002
78.449997
79.889999
81.529999
80.839996
82.650002
83.32
84.25
83.989998
84.769997
84.360001
83.599998
83.110001
82.57
82.18
81.18
81.639999
80.989998
81.199997
79.870003
79.919998
80.440002
80.349998
81.449997
81.650002
81.599998
81.730003
83.029999
83.779999
83.129997
81.470001
81.580002
82.419998
84.199997
83.849998
83.410004
83.309998
83.660004
83.699997
84.32
84.449997
84.660004
83.980003
83.970001
84.139999
84.400002
83.120003
83.860001
83.559998
82.879997
84.25
83.470001
83.120003
83.279999
83.139999
82.980003
84.089996
84.690002
83.629997
84.099998
84.980003
85.610001
84.470001
83.75
86.199997
88.040001
87.470001
87.760002
87.419998
88.129997
87.720001
87.209999
86.970001
88.410004
88.220001
87.480003
86.879997
86.669998
87.309998
86.589996
87.059998
86
85.870003
86.709999
87.410004
86.989998
86.589996
87.529999
87.709999
88.050003
87.779999
88.360001
89.07
87.739998
87.790001
87.620003
85.510002
85.779999
86.139999
86.5
86.339996
86.050003
85.279999
85.330002
86.120003
86.269997
86.940002
86.889999
88.099998
87.410004
87.550003
86.440002
87.040001
86.669998
86.220001
85.419998
85.839996
86.970001
87.540001
88.57
88.730003
89.220001
91.900002
89.849998
89.800003
90.889999
90.150002
90.449997
90.550003
91.089996
91.779999
91.540001
90.830002
89.059998
86.57
83.279999
82.730003
84.889999
86.410004
86.800003
85.510002
83.370003
85.029999
85.449997
84.169998
86.470001
85.290001
85.510002
86.540001
86.080002
87.360001
88.190002
87.910004
87.389999
88.290001
87.68
87.650002
86.040001
86.309998
84.220001
83.669998
83.93
83.099998
83.949997
84.25
84
84
84.379997
85.400002
86.279999
86.150002
84.839996
86.349998
86.040001
86.959999
86.949997
86.019997
87.699997
88.089996
88.470001
88.379997
89.68
91.150002
90.669998
90.129997
90.190002
90.449997
86.459999
86.480003
86.480003
87.5
87.010002
86.459999
85.129997
86.010002
86.139999
87.870003
87.470001
88.75
90.25
90.919998
92.220001
92.879997
93.300003
93.870003
92.400002
90.879997
91.440002
90.809998
91.260002
89.720001
89.940002
87.989998
88.459999
89.730003
90.849998
90.489998
88.940002
87.970001
89.889999
90.830002
91.150002
91.5
92.120003
91.599998
90.699997
88.129997
89.040001
88.410004
86.25
85.709999
85.720001
86.650002
84.080002
85.410004
86.040001
84.730003
83.040001
82.580002
84.120003
83.279999
84.970001
83.589996
85.25
87.889999
88.410004
86.260002
86.339996
83.989998
82.82
80.059998
80.940002
81.129997
79.860001
80
81.5
82.779999
81.800003
82.779999
82.82
82.360001
81.269997
82.889999
82.699997
82.400002
84.010002
83.989998
84.209999
85.57
85.309998
84.150002
83.720001
82.699997
83.68
83.980003
83.720001
84.43
85.160004
85.75
86.559998
86.839996
86.279999
86.169998
86.949997
87.900002
88.300003
89.349998
90.580002
90.410004
89.25
88.93
88.150002
87.900002
87.18
87.449997
88.160004
87.220001
88.489998
88.889999
89.029999
89.339996
88.199997
88.150002
87.839996
88.150002
88.050003
87.260002
87.169998
88.32
87.110001
87.589996
95.160004
97.410004
95.910004
97.970001
97.25
98.080002
97.599998
98.099998
97.18
97.779999
98.129997
99.160004
98.839996
101.239998
101.519997
102.019997
102.349998
101.620003
101.5
102.529999
102.239998
102.230003
102.080002
101.699997
101.160004
100.519997
100.519997
100.809998
100.589996
100.139999
98.650002
99.470001
98.599998
98.410004
99.82
96.089996
92.370003
93.779999
95.080002
97.410004
97.400002
97.139999
97.589996
97.32
98.330002
98.519997
99.059998
98.739998
99.029999
98.519997
97.769997
97.889999
99.040001
98.510002
99.5
99.040001
100.129997
99.379997
98.900002
100.25
100.040001
99.040001
99.389999
95.339996
94.949997
94.239998
94.25
94.480003
94.470001
93.32
93.32
91.720001
90.949997
90.989998
91.220001
90.989998
90.910004
90.110001
90.82
90.980003
91.75
91.959999
91
90.790001
91.43
91.339996
91.330002
90.190002
88.68
89.800003
89.190002
88.669998
90.330002
89.690002
89.43
88.889999
89.589996
90.510002
90.050003
89.639999
89.349998
89.440002
88.099998
88.449997
88.660004
88.099998
88.279999
88.209999
87.599998
88.279999
87.449997
88.800003
88.300003
87.910004
87.459999
88.129997
87.959999
87.260002
87.760002
88.360001
86.220001
85.540001
85.169998
85.18
86.040001
86.099998
86.209999
94.040001
93.389999
95.110001
97.82
100.379997
100.410004
101.080002
101.559998
101.650002
102.599998
104.540001
103.260002
103.970001
104.059998
103.610001
103.669998
103.379997
104.080002
102.82
100.970001
100.080002
100.690002
101.559998
103.589996
104.93
104.300003
102.879997
103.93
103.120003
103.529999
103.5
104.389999
103.669998
104.190002
103.290001
102.75
102.370003
101.470001
101.379997
101.07
