Adjusted
62.356888
62.268871
62.981888
62.849838
62.858646
63.140331
63.545242
63.686077
63.870937
63.703697
63.888515
64.170219
64.460701
63.985363
64.12619
64.346275
65.068062
64.803993
65.499397
65.217712
65.068062
65.296936
65.235321
65.71946
66.362038
66.071548
66.441284
66.379654
66.722946
66.599709
66.731743
67.039841
67.744041
67.471146
67.664795
67.65593
67.052574
67.21228
67.71804
67.531708
68.055206
68.498848
68.907013
68.667458
68.98687
69.377289
69.599098
69.705574
69.696701
70.184715
70.264572
69.927391
69.971764
70.495255
70.104866
70.752586
70.699348
71.73748
72.110138
72.340828
72.695724
73.370079
72.819962
73.121643
72.79335
71.96817
72.331955
72.775597
73.041786
73.414467
72.500549
74.035568
74.44371
73.804871
74.967216
75.26889
75.819023
74.878502
75.614937
75.526222
75.934357
75.623802
74.736519
75.561691
76.085205
75.135796
75.889992
75.827896
75.552826
76.094063
76.173935
77.167686
77.762177
77.59359
78.161453
78.090454
78.605095
78.489769
77.962334
77.613686
78.319908
76.567749
76.871704
75.253609
75.727409
75.182091
74.806641
75.503922
75.906219
76.111816
75.709549
74.860268
75.906219
75.906219
76.54985
77.202438
75.861534
73.859039
74.377533
75.638008
76.299568
77.765663
77.515327
76.755478
77.44381
77.39019
77.577919
78.55233
79.195984
79.455238
79.777054
80.161469
80.447517
80.814041
80.814041
80.572678
80.608452
82.45002
82.494698
82.619843
82.5662
82.753952
82.986389
83.326088
83.290306
83.585327
83.826706
84.380966
83.853539
83.86245
83.728355
83.442299
82.5662
82.2444
83.147285
81.082237
80.054192
79.893272
80.858742
80.215103
79.383713
78.90097
79.630554
78.837929
77.612968
77.937233
77.973251
77.829155
77.838158
78.270493
78.396584
78.504677
78.864944
79.738625
80.369118
80.170967
79.774666
80.188965
80.215988
80.981583
81.125687
80.774422
80.242996
79.459419
78.432625
78.423599
78.117386
78.081337
78.783882
78.621758
77.982277
78.639771
77.991272
77.108589
77.423843
79.063118
80.567261
80.8825
80.999596
82.062431
82.837021
82.530777
82.143486
83.188286
82.954102
83.179268
82.945107
83.215324
83.890839
83.575592
83.41346
84.098
83.791748
83.593613
83.800774
83.485527
84.710464
84.926628
84.269127
84.070969
84.593376
85.016685
84.935638
85.440033
85.701225
85.746262
86.390236
86.734886
86.217888
86.145355
85.85511
85.51046
85.229294
84.920914
84.322296
85.655571
85.655571
85.383476
84.44928
82.680664
82.852989
82.871117
82.22718
84.023003
83.4244
83.524147
83.469734
83.496941
83.932304
83.759972
83.714638
83.070648
82.562775
83.30648
83.741829
85.519531
85.401627
85.918594
85.927658
85.709984
85.909531
85.982071
85.83696
86.217888
85.283699
85.546738
84.113708
82.181816
81.574142
81.719254
80.630882
81.175072
80.240875
78.708076
78.562958
79.161568
80.494827
81.664841
82.599022
84.322296
83.823463
83.950439
84.131851
83.596718
83.11602
83.787193
83.604477
83.229935
83.229935
83.229935
83.458313
84.152611
83.641014
85.267067
84.58194
84.855995
85.248795
85.367554
85.404091
85.504578
84.95649
84.782906
85.806046
85.815186
85.495445
85.97963
87.633064
86.966194
88.957642
88.656197
88.866295
89.012459
89.734138
89.469223
89.734138
89.761543
89.907707
89.423561
89.578827
90.391861
88.190292
88.49176
88.738419
90.620239
90.209183
90.401001
91.351067
91.51548
91.55201
91.314522
91.15921
92.57515
92.291962
92.52948
91.835205
90.720726
91.351067
90.903427
92.18235
91.8078
92.18235
91.826065
92.282829
92.145813
91.981377
91.880882
91.935699
91.579422
92.392464
92.870781
92.889191
92.732811
92.263664
92.686813
93.330704
93.983841
94.250603
94.452988
94.949715
94.91291
94.949715
95.759201
95.041695
94.314995
94.314995
94.241394
93.763062
94.572556
95.492424
96.835457
96.357117
96.209938
97.286209
97.185013
96.577896
96.237541
97.38739
97.378189
96.973442
97.939316
97.249405
97.543747
97.323006
96.679085
96.936638
95.004906
94.029831
92.328072
93.643486
93.155937
94.259811
94.002251
94.011436
93.928642
93.928642
93.790665
94.103424
92.070496
91.895721
92.134895
91.822144
92.640823
91.923317
92.981178
93.054764
92.567238
93.588295
93.845856
93.063965
94.471375
94.710556
94.940514
95.841995
95.48082
95.601196
95.795692
95.591957
95.341904
96.064255
95.721596
96.092041
96.16613
96.70327
96.360619
96.129089
97.231133
96.823654
96.851448
96.981094
98.055382
98.342476
99.416725
100.00943
99.907562
99.518593
100.611397
99.185219
99.185219
98.666595
98.712898
96.592148
96.175392
97.360794
97.110756
94.82328
97.157051
94.536194
93.749016
91.794945
89.840866
90.952202
89.627861
91.405983
91.869041
92.943298
93.739761
95.045547
95.508598
96.379135
97.045921
97.75901
99.129639
99.814941
99.518593
100.592888
100.778107
100.954063
100.203918
100.778107
100.861458
100.713272
101.009628
100.166878
100.296532
100.787361
100.722534
100.185387
100.539612
99.626114
99.458328
99.933716
100.903137
100.698067
101.1455
100.409119
100.259979
101.1455
101.154823
100.716713
99.029556
99.476967
97.342392
96.904289
95.785759
97.006821
99.560875
98.386391
99.495621
97.202583
97.491531
97.929626
98.181313
98.20929
97.472885
97.426285
96.745834
96.270454
98.395706
99.169373
97.817787
97.482231
97.650002
96.941574
95.534065
96.978859
94.415512
94.984116
96.717865
95.263741
95.319679
95.161201
94.592628
95.431526
93.343544
93.986732
95.506104
94.480751
95.506104
94.238396
93.007996
93.539307
93.567261
91.758949
92.858849
93.623215
93.175781
93.86557
94.109596
94.034515
94.522598
95.00132
96.493797
96.221588
96.888023
96.061996
95.41433
96.230957
93.968803
94.485069
93.424385
92.288597
93.705986
93.124016
94.860519
93.762299
95.235977
95.451881
96.118324
96.662743
95.705299
94.184685
93.996956
94.184685
95.320465
94.428741
93.067688
93.527634
93.077087
93.959427
94.015732
95.113968
95.799187
94.381821
94.353638
94.428741
93.668442
93.471313
94.062653
94.147148
94.26918
94.297333
94.879295
94.409973
94.560158
94.231621
93.114632
93.987564
94.194092
93.396217
93.086472
93.54641
95.245384
94.832352
94.306717
94.381821
95.58329
96.024467
97.07576
97.582634
97.244713
96.83815
95.826469
95.325348
95.618454
95.637367
94.682404
94.587852
94.531128
94.635139
93.821999
93.216873
92.621216
92.85759
93.491081
93.831444
92.98996
92.176826
92.999413
93.349243
94.890427
94.417664
94.635139
94.342033
93.91655
93.718002
94.209648
92.356476
92.148468
93.103432
93.075073
92.848137
93.528893
92.441559
93.037247
94.105652
94.805328
94.342033
94.947144
95.599548
94.625687
94.899887
94.871498
94.720222
94.739128
93.746368
92.923782
93.623436
94.294754
94.39875
94.748596
94.568947
94.360947
95.041695
93.670723
93.462715
94.351471
93.613991
93.330338
93.112877
93.424889
94.427124
93.954369
93.897644
93.405983
91.043205
88.432716
86.441505
90.614471
91.672005
90.671631
89.53788
87.737213
88.93766
88.261223
86.99408
89.499779
87.861076
88.337448
88.537514
88.909088
89.938034
90.1381
90.357239
88.975777
88.728058
88.832855
88.594673
88.108788
86.698738
87.051254
88.642319
88.93766
88.766167
89.490242
90.281013
89.004364
90.490623
90.585892
90.86219
91.452881
90.9384
90.061882
92.558044
93.596512
93.310707
92.977249
93.015358
94.825546
95.56868
95.216187
95.454361
95.730644
96.578575
96.254646
97.340759
97.140694
97.121643
97.493202
97.102577
96.073631
96.654793
97.045418
95.530563
95.159004
96.435677
96.702446
97.817139
97.645638
98.355873
98.634186
97.933578
97.856781
98.250282
97.165756
98.240692
97.943169
96.733879
98.806946
99.162056
98.298271
98.039146
98.509422
97.588066
98.039146
99.939468
101.014381
99.469177
97.847191
97.492081
98.576607
99.325211
99.545959
99.066078
99.843483
99.603554
98.586197
96.436356
96.839455
96.349968
95.227058
94.209717
93.643456
94.286491
93.115585
94.910332
93.096397
93.576279
91.896698
92.079048
92.856461
92.520561
97.108185
98.048752
98.154312
100.236992
100.1698
99.248444
99.949051
99.718719
96.493935
97.89518
97.866386
97.636055
97.607246
97.72242
98.202301
98.375053
100.045029
100.692734
101.263092
100.615402
101.466103
102.838829
102.258804
101.707779
103.650864
103.47686
103.099838
102.954834
103.186844
102.684158
103.283516
103.573532
104.124557
104.076225
104.172897
103.834557
103.186844
103.921547
103.708878
103.805542
104.888268
104.704582
104.627258
105.506958
105.352287
104.598251
105.555305
104.975258
105.323288
105.777641
105.632637
105.468285
105.342613
105.951645
106.212662
106.183655
106.512337
107.237373
108.929115
109.799164
109.789497
109.547813
109.731499
109.151459
109.016113
108.735779
108.349098
108.996788
108.938789
108.484428
109.122452
108.987114
109.934502
110.852882
110.562866
110.427528
109.779816
110.630547
110.04084
109.808823
109.09346
109.667892
109.200562
109.716576
110.359161
109.921036
110.076813
109.716576
109.804199
111.469086
111.731956
112.715302
112.676369
112.744514
113.912857
113.922585
113.708389
114.029686
113.338425
113.562347
112.432961
113.464989
113.114487
113.387108
114.282829
112.579002
113.474724
115.110397
116.181374
118.099403
118.089653
119.043793
119.404045
119.277473
119.60849
119.686378
119.676643
119.754539
119.929794
119.754539
119.890846
121.945168
121.838074
121.847816
121.730972
121.594666
121.847816
121.477829
121.17601
121.925697
122.091209
121.555717
120.630791
120.591843
120.961823
120.387383
120.173195
120.105034
120.504211
119.968735
119.082733
117.154984
118.109123
117.534691
117.534691
116.760406
117.064247
116.348763
116.211555
116.672203
117.534691
117.093651
116.966232
116.711411
116.946632
117.368073
117.230865
117.093651
115.878311
116.789818
115.270645
115.515671
116.270355
115.897911
115.319656
115.603882
116.544792
117.083847
116.446777
115.437263
116.848625
117.015236
114.937401
115.780296
116.446777
116.456581
116.809418
116.38797
116.868225
117.417091
115.300049
115.623489
115.907715
115.221634
116.133141
113.11441
112.310715
112.585152
111.183594
111.350204
111.693245
112.281311
113.398636
113.036003
113.682861
113.045792
112.575348
112.741959
112.820374
114.339546
114.721786
117.916931
117.162254
116.113541
114.280739
114.006294
114.045502
114.251328
113.84671
113.491432
111.26107
111.586746
112.632843
111.645958
111.004486
109.839973
109.918915
110.49131
110.471573
110.589996
109.642586
109.534035
110.787376
113.84671
114.369751
113.48156
114.369751
114.359886
114.498047
114.142776
113.797363
113.925659
114.438835
114.389496
113.590118
113.975006
113.698677
