Adjusted
19.603016
19.240528
19.440851
19.221449
18.811264
19.030668
19.364536
19.707945
19.860573
20.041821
20.013203
20.299374
20.499695
20.509237
20.299374
20.509237
21.52993
21.176981
20.58555
20.58555
21.348684
21.291449
21.215139
21.358223
21.348684
21.339148
20.833569
20.70956
20.61417
20.671402
20.680944
20.852648
21.224676
20.70956
20.347076
20.461546
19.765181
19.517166
19.765181
19.727026
19.545776
19.202374
19.059282
19.192831
20.146751
19.736568
19.927349
19.812878
19.593477
19.564861
19.240528
19.278679
18.257992
18.42016
18.01951
17.857346
18.086285
17.790573
17.80965
17.685642
17.685642
17.42808
17.42808
17.284996
16.741262
17.008358
17.170525
17.971817
17.704716
17.857346
17.265915
17.304071
16.884354
16.521858
16.312
16.331079
16.560017
14.966973
15.176837
15.062366
15.319924
15.787343
15.558402
15.548863
15.720566
16.149834
16.025822
16.493246
16.540939
16.560017
16.474165
16.312
16.283377
16.960665
16.798496
16.769882
16.827116
16.61725
16.483704
16.550478
16.664949
17.160984
17.180067
16.912962
16.693565
16.588634
17.685642
17.61887
18.181679
18.153063
17.456701
17.542551
18.382002
18.172136
18.181679
18.248453
18.248453
18.305689
17.924122
17.637943
17.561634
17.609325
18.172136
18.42016
18.582323
18.248453
18.410618
18.706333
18.391539
18.763569
18.773109
19.230988
19.412231
19.507626
19.603016
19.78426
20.060894
20.070436
19.793798
20.356615
20.661865
21.052971
20.52832
20.509237
20.890806
20.671402
20.957581
20.795414
21.005276
20.976658
20.986197
21.138823
19.955965
19.641174
20.184906
20.127672
19.364536
19.498089
19.135595
19.374075
18.982969
18.99251
18.830343
18.620483
18.076746
18.133984
18.000435
18.029053
18.553711
19.765181
19.555319
19.870113
19.908272
20.175365
20.423388
20.184906
20.051355
20.089514
20.432926
20.661865
20.432926
20.022741
19.564861
19.269148
19.173752
19.221449
19.030668
18.944815
19.221449
19.250065
19.202374
19.889189
19.612555
19.440851
19.0879
19.0879
19.250065
19.660252
19.145134
20.060894
19.727026
19.860573
19.889189
19.421774
18.172136
17.733337
17.838268
17.981356
18.124441
17.819189
17.781033
17.628407
17.61887
17.704716
17.847807
17.819189
18.382002
18.191217
18.696795
18.401079
18.506008
18.925734
18.687256
18.506008
18.982969
19.202374
19.612555
19.545776
19.259604
19.402695
19.335918
19.374075
19.431311
19.879648
20.366152
20.671402
20.680944
20.595089
20.33753
19.688868
19.717485
20.070436
19.994122
20.30892
20.223063
20.766796
20.680944
20.804955
20.900343
21.19606
21.491779
21.52993
21.444077
21.720716
21.577627
21.615784
21.8638
21.777948
22.455231
24.153204
24.2486
24.687397
24.601547
24.801868
24.83049
24.973576
24.811409
26.44261
26.63339
26.242292
26.452148
26.585697
25.383762
25.135742
25.526846
25.545927
25.765326
25.994263
26.452148
26.38537
25.851179
26.20413
26.156431
26.194586
25.946571
26.146894
26.66201
26.309059
25.84164
25.650854
25.765326
25.507767
25.269291
25.049891
25.154819
25.221596
25.049891
25.068968
24.219978
24.305832
23.952885
24.439383
24.19136
24.716017
25.231133
25.250206
24.763714
24.639706
24.992653
24.515694
24.162743
24.439383
24.572931
25.212053
25.135742
25.565002
24.706474
24.162743
24.086428
24.143667
23.704863
23.170671
23.55224
23.743019
23.895649
24.010117
24.2486
24.696938
23.714405
24.076889
23.351915
22.922651
23.161135
23.55224
23.762098
23.609474
23.657171
23.466383
23.533155
23.504539
23.466383
23.638088
23.723944
23.475924
23.571314
23.285141
23.485464
23.189747
23.456846
23.561777
23.638088
23.867031
24.067352
24.277214
23.332834
23.370993
23.390072
23.542698
23.657171
23.743019
23.599934
23.590393
23.523621
23.495001
23.456846
23.781179
24.029198
24.086428
23.094357
23.142052
23.304216
23.018042
23.027576
23.122972
23.342373
23.409149
23.370993
23.638088
23.51408
23.571314
22.970348
23.256521
23.26606
23.15159
23.018042
23.0562
22.731869
22.750948
22.894032
23.323296
23.676245
21.396383
22.140436
22.178595
22.626936
22.617392
22.626936
22.455231
22.197676
22.130899
22.23583
22.273987
21.940115
22.169052
22.245367
22.264444
22.493389
21.940115
21.930574
22.178595
22.598318
22.693708
22.884495
22.941729
22.655554
22.426611
22.159515
22.207422
22.216997
22.216997
22.149937
22.197836
22.351126
22.523571
22.370287
22.743919
22.705603
22.188255
22.063713
21.843361
21.862522
21.83378
21.680492
21.651756
21.58469
21.603855
21.230215
21.287697
21.249376
21.220633
20.770353
21.029028
21.134409
20.751196
20.396717
20.310497
20.061399
18.241125
17.79084
17.982452
18.327349
18.38483
18.662664
18.969234
19.333294
18.854271
19.467419
18.202803
18.892595
19.841057
20.080564
20.090149
20.185949
20.185949
20.300913
20.530844
20.703295
20.990705
20.59791
19.4291
19.994343
19.591965
20.109306
20.435043
20.674549
20.559584
20.492521
20.933226
21.124828
21.326019
21.268539
21.326283
20.941326
20.719982
21.470636
21.403271
21.499508
20.883587
21.027945
20.623745
20.566002
20.306162
20.460138
20.566002
20.614122
21.076061
21.634237
21.807467
21.951822
21.971073
21.874834
21.740101
21.817093
21.480259
21.605366
21.364777
21.066437
21.537998
22.163548
22.182796
21.605366
21.557249
21.412895
20.585245
20.816217
20.902832
21.01832
21.220417
21.181925
21.316656
21.008698
21.797846
21.855585
21.874834
21.711231
22.346397
21.884455
22.365648
22.548496
22.279034
22.250162
22.413769
22.760221
22.943071
23.029686
22.856457
23.097054
23.28953
23.222164
23.530123
23.578241
23.202917
23.106277
23.202917
23.077284
22.429808
22.371822
22.777706
23.11594
22.594093
22.642412
22.777706
22.642412
22.864679
22.710058
22.97098
22.855017
22.884008
23.048294
22.613419
21.946613
21.560061
21.540733
21.772667
21.820986
21.743673
21.820986
21.936947
22.632748
22.555435
22.874344
22.97098
22.806696
23.183586
23.560476
23.473501
22.932327
23.328545
23.357536
23.570139
23.193251
25.261314
25.551235
25.92812
25.734844
25.541569
26.005432
26.160055
25.783165
25.7735
25.831484
26.07308
26.179382
26.140724
26.24703
26.517616
26.401648
26.691568
26.604593
26.672239
26.662575
26.672239
26.07308
26.875181
26.720558
26.96303
26.245312
26.42959
26.555674
26.332603
26.555674
26.3617
26.575073
26.846642
27.079416
26.565372
26.3617
26.613871
26.594471
27.050322
26.439291
26.206514
26.371393
26.070728
26.148321
25.789461
25.323915
25.188126
25.50819
25.323915
24.974747
25.110537
24.838964
24.935953
25.362707
25.353006
25.275419
25.362707
25.556686
25.595484
25.566385
25.546986
25.401503
25.692471
26.710859
26.60417
26.739954
26.652664
27.118214
27.564367
27.32189
27.137611
27.399485
27.166708
27.215202
27.535269
27.040623
27.302494
27.32189
27.34129
27.467375
27.273397
27.205503
26.53628
25.760363
24.790466
24.130941
24.800169
25.217224
25.295115
25.032228
24.282532
24.642778
24.603832
24.399368
24.876451
24.58436
24.944607
24.594093
24.662251
25.11986
25.275639
25.129595
24.866714
25.080915
24.58436
24.69146
24.642778
24.613569
24.253323
24.379894
25.032228
25.353533
26.453743
27.748682
27.670792
28.644428
29.014412
28.624956
28.946255
29.004677
28.771002
29.209139
29.043621
29.150724
29.442812
29.014412
28.975468
30.659861
30.065939
30.708542
30.854588
30.367767
30.562494
30.903269
31.380354
30.786436
30.572231
30.874058
28.469173
28.829424
28.780737
28.868366
27.953146
28.439964
28.741793
29.170195
29.403864
29.657011
29.832268
29.627804
29.60833
29.569258
29.432497
29.725554
29.588795
28.631477
29.110134
29.139444
29.080833
28.357962
28.191898
27.957457
28.103983
28.50449
28.719395
28.436111
28.016064
26.619167
26.87315
27.009909
26.980604
27.068521
27.390882
27.068521
26.961065
26.775465
26.912224
26.160051
25.486021
25.12459
25.407877
25.642321
25.065979
25.554399
25.144123
25.144123
24.997599
25.04644
25.515329
25.58371
26.033058
25.925606
21.940054
23.053665
23.766768
23.444405
23.366257
23.180658
22.369869
21.461399
21.480934
21.119503
21.197651
21.33441
22.672693
23.024361
23.444405
24.001213
24.206352
23.991442
24.264961
24.382183
24.12718
24.225256
24.450834
24.460644
24.421413
24.764685
24.705841
24.548914
24.745071
24.823534
25.706232
25.402191
25.215843
25.206036
25.823929
25.882772
25.304111
25.431616
25.147188
24.872574
24.96084
25.166803
25.019688
25.019688
25.068727
24.705841
24.745071
25.000072
24.460644
24.450834
24.411602
22.616776
23.362171
23.116976
23.185631
23.146399
23.018898
22.812935
22.930626
23.293516
23.087555
23.097361
23.35236
22.960049
22.950243
22.901203
22.273504
22.087158
21.910618
22.234276
22.273504
22.705048
22.410816
22.312738
22.312738
22.567738
22.165619
22.057734
21.940042
22.293121
22.057734
22.459854
22.616776
22.548122
22.686033
23.060356
22.883045
23.10961
22.991402
22.971701
23.119459
23.217968
23.09976
22.607225
22.676182
22.597376
22.597376
22.626928
22.843643
22.873194
22.873194
22.66633
23.68095
22.114695
20.922768
21.188734
21.74037
22.154097
22.016188
21.74037
21.592611
21.622164
22.321558
22.518572
22.754988
22.705732
22.745136
22.735285
22.804239
23.050507
23.158863
23.050507
23.414982
23.700647
23.858259
22.232903
22.282158
22.35111
22.262455
21.897982
22.262455
22.2132
22.705732
22.843643
22.735285
22.66633
22.952
22.922451
23.611994
23.011105
22.764839
22.764839
23.020954
22.922451
23.09976
23.020954
23.050507
22.932299
22.833792
22.982193
22.833792
23.06134
23.160273
23.189953
23.160273
23.229525
22.912939
23.140486
22.368807
22.418272
22.76454
22.230299
22.507313
22.210512
23.377924
23.605473
23.536219
23.407604
23.783552
23.674725
23.457071
23.803337
23.813231
23.991312
24.575018
24.258432
24.545338
24.307898
23.684618
23.229525
22.962404
22.507313
22.190727
22.606245
22.705179
22.507313
22.883257
23.407604
23.466965
25.871042
25.910616
25.920509
26.059015
25.574244
24.88171
24.64427
24.634377
25.218082
25.218082
25.010324
24.921282
25.138937
25.683067
25.821577
25.960081
25.960081
26.068911
26.078802
26.059015
26.10848
26.227203
26.197521
26.594757
27.349499
26.793371
26.644411
26.743717
26.743717
27.558044
28.461752
28.263134
27.816248
28.412098
28.163826
28.372374
28.134033
28.342583
28.302858
28.263134
28.064518
28.263134
28.481613
28.233343
28.173759
28.064518
