Adjusted
39.615559
39.535721
40.236496
40.280842
40.360683
40.334068
40.93726
40.928387
40.697758
41.114662
41.53159
41.194508
41.212257
41.283207
41.008217
41.132412
41.833183
41.371914
41.797695
41.806568
41.735603
42.44524
42.294441
43.279072
43.119404
42.782326
43.137142
43.163754
43.589542
43.181496
43.660507
43.358894
43.864517
43.119404
42.800064
43.385509
42.312195
42.223488
43.713718
43.394386
43.385509
43.554054
43.900005
44.379002
44.911236
44.529812
44.778183
44.600765
44.494331
45.239452
44.370132
43.917744
43.642754
43.571793
42.888763
43.270199
43.039577
43.146015
42.374279
42.099293
42.427509
42.826672
41.818043
42.389305
42.764194
43.362228
43.451488
43.960262
44.013821
43.746044
42.782051
43.281898
41.764484
41.6306
42.157223
42.264343
42.996269
43.48719
43.737118
43.630013
43.66571
43.746044
42.853455
42.915928
42.460705
43.005192
43.86208
44.415493
43.772827
43.701416
44.335152
44.835011
45.602634
45.495525
46.682674
46.673748
47.325352
47.869831
47.619904
47.896603
48.735649
48.798126
49.646095
48.726715
48.637463
48.235794
47.334278
47.753796
48.441086
48.521427
47.744877
47.468166
48.35183
47.423531
48.066196
48.298275
47.798428
46.843346
46.379196
45.450901
46.486317
46.861195
47.441391
47.120056
46.852268
47.472656
47.445675
48.542599
49.180946
49.35178
49.297836
49.576557
49.42371
49.35178
49.459675
49.693447
50.682457
50.493637
50.853287
50.95219
50.916222
50.799339
50.394733
50.07106
49.747391
50.107021
50.835308
50.790352
50.439686
49.891243
49.720409
49.297836
49.019108
48.632496
48.812313
48.686443
47.913219
47.913219
46.600521
46.861263
46.4207
46.942177
47.041084
46.573559
45.494629
45.47665
45.584541
45.431686
45.971161
46.636486
46.852268
47.256874
47.5266
48.254875
47.886246
46.969158
47.283844
47.778355
47.733395
48.021118
47.4277
47.472656
46.267853
45.242874
46.483646
46.654472
46.969158
46.474655
46.717407
47.179325
47.043468
47.704651
46.943844
46.074345
45.96566
47.56879
47.559727
47.740879
47.378593
48.909267
49.099472
49.180984
49.153812
48.565086
47.777111
47.532551
47.795223
47.713707
47.758991
47.641251
46.681179
47.559727
47.134041
47.052521
47.188381
46.780807
48.873039
48.99984
48.882095
49.036068
49.271564
49.697258
50.485233
50.856583
50.811295
51.82571
52.043083
52.215172
51.780418
52.061203
51.82571
51.608326
51.499649
51.798542
50.55769
50.775066
51.18264
51.354733
50.784126
51.001495
50.874699
51.101128
50.467121
51.843826
51.834766
52.260464
52.749557
52.758602
52.713318
52.658978
52.486893
52.966919
53.067211
53.47744
53.787407
53.16748
53.668892
53.568619
53.322464
52.602261
52.638729
54.234119
53.778294
52.97604
53.030731
52.501987
51.48093
50.222847
50.222847
50.815426
50.623985
51.052448
50.468998
49.511765
50.095222
50.332245
51.490047
51.61768
51.727085
52.356117
52.438171
52.903103
53.012505
53.322464
52.201134
52.492863
52.52021
52.903103
51.991455
51.736195
51.681496
51.800011
51.243893
52.201134
53.021626
53.696239
54.152077
53.969738
53.048969
52.80283
52.347
51.78178
52.492863
52.930458
53.14925
54.799343
54.854046
55.674522
55.546902
54.607903
54.626122
54.735531
55.346329
55.309868
55.484169
55.6493
54.869518
54.126419
53.988811
54.374126
52.658592
50.732056
50.420143
50.273354
50.695354
50.658672
50.48436
51.199932
51.420105
51.548538
51.09901
50.906364
51.465969
51.355885
51.117363
50.98893
49.741268
48.933956
49.5853
49.869698
49.548607
50.13575
50.108215
49.869698
49.089912
48.906437
49.383476
49.282566
49.649525
50.044006
50.02565
50.58527
50.869663
51.117363
50.979748
50.77792
51.007271
51.080666
51.95219
52.264107
52.676929
53.117283
52.539322
52.328327
52.328327
52.172359
52.676929
53.007206
52.566849
52.796192
53.383331
52.676929
52.777847
52.64941
52.777847
52.860413
53.183746
52.629463
52.703362
52.352318
51.511658
51.751839
51.3269
51.548603
52.00127
53.830402
54.236893
53.451653
53.793468
53.8027
54.199936
54.504795
54.66185
54.514038
54.680321
54.172222
54.421661
53.276123
52.176792
52.333851
51.788799
51.945839
51.650219
52.047459
52.028984
52.056698
52.398514
52.638702
52.426224
52.869648
53.174507
53.248413
54.042896
54.033661
54.81889
55.188416
55.049847
54.652603
54.920509
55.123741
55.151463
55.160698
55.345463
55.326981
54.56023
54.708038
55.206886
55.456322
55.373177
55.419373
55.714989
56.648033
56.454041
56.269272
56.296986
56.93441
55.567177
55.945942
55.733467
55.650326
55.216129
54.723217
56.081062
55.96946
55.123123
56.174076
54.946434
54.425602
54.09079
53.932682
51.644798
51.226288
52.267925
52.667835
53.876877
53.430466
53.997791
54.630219
54.537209
55.457943
55.141727
55.234726
56.248466
56.620487
56.034561
56.871597
56.945992
57.169205
57.597019
57.076199
56.322876
56.015965
56.062466
56.155472
56.294968
56.360065
55.913658
56.220573
56.694889
56.081062
56.118267
55.950859
55.802048
56.806492
57.234306
57.085503
58.313148
58.285244
58.080639
56.434471
56.862286
55.839264
55.020824
54.341904
55.588146
57.178501
57.597019
57.606316
58.108536
58.108536
58.173637
58.554955
58.731663
58.201542
58.491711
56.675838
55.206284
55.290531
56.526073
55.543251
55.065887
55.075245
53.175133
51.471577
52.351437
52.145515
52.313995
53.905224
53.053448
53.137688
52.604164
51.246937
52.108074
50.900612
51.920868
53.090889
52.77264
53.137688
54.186024
54.12051
54.719551
54.635319
55.758537
55.852139
56.25462
55.571339
55.440292
55.97382
55.552612
56.928566
57.228085
57.639931
57.359127
57.81778
58.004982
58.154747
58.033062
56.99408
57.565044
56.123585
56.38567
57.443363
57.097046
57.892662
57.668015
57.799057
57.284241
57.799057
57.228085
56.591591
55.795982
55.730453
55.739815
57.059601
56.703922
56.487198
57.024281
56.977169
57.335213
57.523666
57.919403
58.13612
58.484741
59.398724
60.501137
60.124237
59.210266
59.587162
58.710888
59.304493
59.172573
58.984131
58.739151
59.134884
59.926376
59.606014
59.935791
60.981682
60.680161
60.227879
60.774384
61.707195
61.669514
61.584713
61.735462
62.234848
62.074665
62.583481
63.139404
62.64003
62.80019
62.630596
61.933342
62.630596
62.37619
61.980457
62.263123
62.206585
62.847298
62.498684
63.525715
63.026337
63.299591
64.3172
64.56218
64.307777
64.062798
64.420853
64.204132
64.807159
64.147598
64.976776
65.721138
65.033295
64.684669
64.967354
63.31842
63.846077
64.557373
64.035751
63.85556
63.352921
62.053612
62.698524
63.590015
64.576347
65.477333
65.619583
65.970482
65.63855
65.685974
65.534218
66.463661
66.046356
65.354034
64.500481
64.538414
65.382477
65.477333
64.993637
64.993637
64.927246
65.183319
64.728096
64.538414
65.335068
64.709129
63.770214
64.064224
64.386665
64.557373
64.690155
64.111633
62.537289
60.318043
57.140915
56.818459
59.663651
61.152634
60.820694
60.792244
58.278992
59.341198
59.445522
58.326412
59.900745
58.971321
59.426552
59.331715
59.160999
60.299084
60.830181
59.417068
57.795307
58.278992
57.766857
57.510792
57.112465
58.297958
56.88485
56.752075
57.823765
58.250542
58.08815
59.243992
59.272648
59.349064
59.349064
59.15802
58.957417
58.795021
57.304855
59.119812
59.635635
59.43504
59.721611
59.282196
60.361614
61.011181
61.039841
60.791477
62.568222
62.291206
61.374168
62.60643
62.83569
62.902561
63.466148
65.395737
64.373634
64.65065
64.335419
63.045845
62.625534
63.53302
63.170025
64.430931
64.631546
64.516914
63.886452
63.790932
63.867344
64.163483
63.695408
64.583771
63.676319
62.854786
64.85125
64.001076
63.007633
62.53001
62.673294
61.202229
61.393276
63.141361
64.507347
63.313305
61.517464
62.60643
62.740162
63.743172
63.618996
63.408833
64.06794
63.609436
63.074501
61.18005
61.285831
60.401123
57.958534
56.660305
56.573753
56.698772
55.1409
55.967922
54.852406
54.823563
53.381088
53.131054
54.765858
53.525337
54.890877
54.852406
55.08321
57.218063
56.602608
54.842789
55.208214
56.160255
55.535179
54.371586
54.044624
53.390701
51.03466
55.285152
56.112164
56.516064
55.59288
55.602489
56.32373
53.96769
53.986923
54.823563
55.333233
54.140793
56.929565
57.468094
57.660416
57.746967
57.64119
56.525681
56.852634
56.362198
57.064198
56.852634
56.929565
56.660305
56.496822
58.16048
58.141243
57.929684
57.64119
57.19883
57.121899
56.766087
57.420013
56.948803
57.573872
57.351059
56.537292
56.973232
55.52977
55.936657
56.382286
57.428558
59.860168
60.635178
59.937664
60.325176
61.342381
62.233643
61.613632
61.97208
61.613632
61.933331
62.107708
61.613632
61.226128
61.797703
60.606121
59.647038
59.327347
59.676102
59.298283
60.102356
59.879543
59.84079
59.288597
59.734222
59.734222
62.039894
61.410191
61.526443
61.478008
62.524281
63.473667
62.998978
63.386478
63.23148
63.638355
63.754608
62.621155
63.241161
63.028034
63.212097
62.727715
61.846142
61.293941
60.141109
60.034546
60.276737
60.334858
60.42205
60.983932
60.751427
62.049583
57.738564
55.810719
57.66106
59.288597
60.19923
59.808708
58.139217
58.764057
59.144817
60.365204
60.794781
61.702747
61.663692
62.600952
62.659527
62.444744
62.347115
62.415455
62.181137
62.522846
62.356873
62.61071
62.805981
62.581425
62.45451
62.288532
62.142086
63.128162
63.030521
64.729301
64.534042
64.309494
63.733467
63.909206
63.772522
64.163055
64.153282
64.329018
64.387596
64.299736
64.24115
64.211861
64.387596
64.504753
64.651207
65.363907
65.900879
65.900879
65.617752
65.891113
65.8423
65.568932
65.656807
65.071014
65.471291
64.953857
64.826942
65.061256
64.260674
64.621918
64.885521
65.256516
65.79348
65.656807
64.221626
64.787888
65.129601
64.094711
65.012436
64.934334
65.494873
66.566795
66.743805
66.97982
67.501015
67.176491
66.999481
66.615959
66.399597
66.055412
66.576607
67.215836
67.127319
67.353508
67.727211
67.658371
67.982887
68.081238
67.963219
68.110733
67.825546
67.540367
67.245331
66.635628
68.720444
68.86795
72.034515
75.378105
75.417442
78.190651
78.043137
76.115662
76.725372
76.420517
76.754875
77.226906
77.551437
77.521935
77.020401
77.610435
78.839691
80.432823
80.245964
81.878426
82.301292
82.674988
83.707565
84.071411
83.324028
83.353539
83.324028
84.572952
83.530548
84.012421
85.094162
85.310516
85.448196
85.605537
85.684196
85.064659
84.464783
84.858147
