Adjusted
7.989641
8.044242
8.144336
8.162536
8.153439
8.09884
8.135239
8.044242
8.07154
8.162536
8.326336
8.499231
8.44463
8.51743
8.46283
8.408232
8.453732
8.371834
8.426433
8.53563
8.55383
8.617529
8.526531
8.63573
8.672128
8.64483
8.708527
8.626627
8.672128
8.599329
8.626627
8.626627
8.717627
8.50833
8.499231
8.653928
8.408232
8.408232
8.53563
8.544731
8.535581
8.68196
8.709404
8.837481
9.075345
9.020454
9.066196
9.020454
9.148533
9.148533
9.249168
9.249168
9.212574
9.285761
9.166832
9.194276
9.121087
9.230869
9.185128
9.11194
8.983861
8.919819
8.773445
8.883224
8.837481
8.974711
9.011305
9.175979
9.175979
9.002157
8.736848
8.828334
8.718554
8.535581
8.608771
8.636216
8.773445
8.901523
8.993009
8.965563
9.066196
9.121087
9.038752
9.075345
9.175979
9.276613
9.358949
9.468733
9.413841
9.42299
9.468733
9.651703
9.724893
9.670001
9.880416
9.926159
9.935306
9.779781
9.775186
9.802772
9.876339
9.857947
9.977493
9.913123
9.903928
9.81197
9.637246
9.7384
9.986691
10.106235
9.876339
9.637246
9.821162
9.572876
9.58207
9.655639
9.572876
9.536092
9.692421
9.600463
9.857947
10.005081
10.188997
10.152215
10.336133
10.483264
10.510855
11.035015
10.952253
10.924665
10.841903
10.639593
10.841903
10.814316
10.621202
10.722357
10.878686
11.071799
11.375261
11.301696
11.375261
11.366065
11.402847
11.191346
11.218933
11.292499
11.57757
11.540788
11.513202
11.384455
11.200542
11.301696
11.246519
11.200542
11.292499
11.301696
11.108582
11.182151
11.025821
11.182151
11.117779
11.356871
11.269119
11.185986
10.761085
10.798033
10.890402
10.779559
10.788795
10.788795
10.936584
10.992009
11.075142
11.213697
11.1398
11.056668
11.056668
11.130564
11.195222
11.149037
10.7149
10.687188
10.502448
10.548635
10.576345
10.474738
10.493213
10.530159
10.65024
10.548635
10.576345
10.751849
10.576345
10.43779
10.493213
10.853455
10.973536
11.019721
10.955061
11.213697
11.592414
11.638597
11.601649
11.675547
11.657073
11.666308
11.72173
11.767915
11.694019
11.573939
11.583178
11.583178
11.546227
11.601649
11.694019
11.509282
12.026551
11.971129
11.860284
12.008077
11.961892
11.869522
11.841812
11.804864
11.758678
11.952656
11.989604
11.915707
11.897234
11.869522
11.827778
11.837055
11.670074
11.911268
11.818501
12.013309
11.948374
12.059694
11.985481
12.133907
12.096802
12.310165
12.133907
12.310165
12.310165
12.356547
12.486423
12.477146
12.467869
12.430762
12.412208
12.449316
12.328718
12.356547
12.467869
12.560636
12.644126
12.764722
12.644126
12.4957
12.588466
12.690508
12.551359
12.560636
12.996641
13.117238
12.690508
11.994759
11.929821
12.02259
11.939097
12.031864
11.837055
11.419601
11.577307
11.484541
11.735011
11.818501
11.753563
11.883438
11.976205
11.948374
11.985481
11.985481
11.725735
11.837055
11.920545
12.031864
11.966928
12.068972
12.068972
12.269266
12.148157
12.492852
12.446271
12.707122
12.949339
13.023869
12.837548
12.828231
12.800282
12.846863
12.995921
13.014553
13.228823
13.443094
13.377877
13.284717
13.415142
13.238139
13.023869
13.172925
13.266086
13.387195
13.359248
13.461723
13.238139
12.930708
12.986605
13.051816
12.576698
12.278584
12.399693
12.530117
12.586014
12.632593
12.697805
12.958656
12.940024
12.688489
12.613963
12.42764
12.558064
12.707122
12.604646
12.73507
12.73507
12.474222
12.688489
12.651226
12.669858
12.912077
12.865496
12.436955
12.269266
12.21337
12.390376
12.32516
12.418323
12.441729
12.516622
12.685133
12.694494
12.760027
12.816198
12.909814
13.012793
13.003432
13.097047
13.228113
13.565133
13.462155
13.349816
13.26556
13.321728
13.153219
13.312367
13.368537
13.321728
13.405985
13.387262
13.274922
13.396624
13.424708
13.480879
13.415346
13.480879
13.415346
13.583859
13.443432
13.303006
13.377899
13.246835
13.26556
13.26556
13.462155
13.284283
12.750664
12.825557
12.806836
12.685133
12.713217
12.872366
12.975348
12.806836
12.741302
12.863007
12.675771
12.497899
12.385557
12.329389
12.357473
12.160876
12.366835
12.217047
12.273217
12.320027
12.29194
12.34811
12.479176
12.423003
12.582154
12.703856
12.685133
12.83492
12.863007
12.750664
12.708335
12.802399
12.896467
12.840027
12.905874
12.924687
12.952906
12.792994
13.065785
13.018753
13.103412
12.990534
12.999939
13.131632
13.291546
13.131632
12.943499
12.783587
12.755369
12.614269
12.689523
12.633082
12.539014
12.397917
12.426137
12.717741
12.604862
12.36029
12.698927
12.313258
12.115719
12.012246
12.125126
11.419627
11.46666
11.617167
11.758268
11.880553
11.833518
11.9464
12.031058
12.031058
12.228598
12.33207
12.266224
12.41673
12.435543
12.463763
12.52961
12.680115
12.595455
12.680115
12.680115
12.680115
12.651894
12.55783
12.454355
12.520202
12.50139
12.55783
12.454355
12.727146
12.736554
12.811807
12.759823
12.457367
12.476271
12.589693
12.750371
13.024471
12.977211
13.062277
12.740919
12.788177
12.570787
12.391204
12.391204
12.693661
13.052827
13.043374
13.081182
13.289119
13.241861
13.232408
13.298572
13.326927
13.137892
13.100083
12.703113
12.315592
12.410109
12.665305
12.306141
12.154912
12.003685
11.739037
11.493292
11.720133
11.587811
11.653972
12.542433
12.542433
12.740919
12.580242
12.230526
12.476271
12.277784
12.542433
12.835437
12.807081
13.043374
13.383635
13.118989
13.213504
13.156794
13.411991
13.336376
13.374184
13.175698
13.137892
13.251314
13.147343
13.308022
13.374184
13.336376
13.22718
13.312638
13.293647
13.198693
13.369611
13.588007
13.606997
13.265162
13.512045
13.87287
13.777915
13.85388
13.87287
13.739935
13.701953
13.910854
13.8159
13.588007
13.322135
13.436081
13.293647
13.483558
13.445576
13.445576
13.531034
13.445576
13.531034
13.474061
13.474061
13.350621
13.531034
13.388602
13.474061
13.673466
13.379107
13.493052
13.464567
13.616495
13.616495
13.512045
13.398098
13.540531
13.758924
13.720942
13.673466
13.891862
13.910854
13.730439
13.625988
13.844385
13.996312
13.977321
14.167231
14.176725
13.958329
14.110257
14.347644
14.214708
14.167231
14.14824
14.072276
14.195717
14.110257
13.914614
13.847808
13.971875
14.162747
14.076855
14.41088
14.420425
14.639929
14.706734
14.659016
14.66856
14.649473
14.735365
14.554036
14.66856
14.515862
14.725823
14.935781
14.725823
14.66856
14.659016
14.286815
14.334534
14.611298
14.391794
14.324988
14.229553
13.962331
14.143659
14.239097
14.353619
14.487231
14.592211
14.477688
14.258183
14.506319
14.353619
14.630385
14.4586
14.334534
14.105485
14.134115
14.277271
14.286815
14.162747
14.076855
14.172291
14.220009
14.134115
13.971875
14.277271
14.048224
13.742828
13.924157
14.095942
14.076855
14.134115
13.971875
13.571043
13.160666
12.349458
12.09178
12.817095
13.246558
13.22257
13.184189
12.560482
12.781178
12.905919
12.733202
13.126616
12.982683
13.021065
12.963491
13.049851
13.260951
13.241762
12.829155
12.39736
12.58927
12.301404
12.378167
12.272617
12.666032
12.243832
12.253428
12.483718
12.560482
12.454932
12.752392
12.704413
12.771583
12.800369
12.531697
12.618053
12.50291
12.195854
12.771583
12.675627
12.54129
12.761987
12.512505
12.666032
12.973089
12.896323
12.781178
13.337716
12.838751
11.917585
12.263022
12.263022
12.291809
12.464527
12.848348
12.637246
12.685225
12.627651
12.454932
12.243832
12.358977
12.368572
12.618053
12.550885
12.550885
12.560482
12.608459
12.618053
12.680784
12.651833
12.835193
12.671133
12.497423
12.941348
12.777287
12.584279
12.400919
12.555326
12.294764
12.256162
12.671133
12.902745
12.545676
12.22721
12.391269
12.545676
12.873795
12.864142
12.835193
12.950998
12.786941
12.729035
12.507073
12.400919
12.178957
11.754335
11.50342
11.52272
11.628878
11.271808
11.416565
11.10775
10.934039
10.808583
10.779632
10.924389
10.470816
10.557669
10.538368
10.692777
10.769979
10.692777
10.383961
10.40326
10.528719
10.422563
10.181299
10.268154
10.152348
9.65052
10.123395
10.528719
10.548018
10.268154
10.326056
10.548018
10.258503
10.171649
10.316406
10.418453
10.253235
10.593389
10.991856
11.147355
11.225105
11.118199
10.778045
10.593389
10.651701
10.904388
10.826638
10.855794
10.700294
10.816919
11.069606
11.108481
11.089043
10.943263
10.875231
10.865513
10.710014
10.836357
10.72945
10.661421
10.651701
10.496203
10.680858
10.360141
10.418453
10.583671
10.710014
11.176512
11.400042
11.370885
11.458354
11.643009
11.798509
11.94429
12.226132
12.060913
12.216413
12.216413
12.070633
11.94429
12.109508
11.847101
11.55554
11.536103
11.545821
11.468073
11.691603
11.623571
11.545821
11.341729
11.56526
11.604135
12.16782
12.041477
12.128944
12.128944
12.39135
12.595442
12.473156
12.600334
12.541636
12.610117
12.678596
12.434025
12.561203
12.414459
12.424242
12.169888
11.984014
11.817705
11.397041
11.406824
11.279646
11.367692
11.348128
11.377475
11.318777
11.729658
10.829634
10.06657
10.43832
10.585063
10.81007
10.722023
10.448103
10.565497
10.702457
10.849201
10.976378
11.220949
11.308997
11.524219
11.445956
11.475304
11.465522
11.563351
11.42639
11.553567
11.42639
11.357909
11.402258
11.481098
11.530373
11.313561
11.283998
11.500809
11.559938
12.082253
11.993559
12.062544
11.944284
11.944284
11.816169
12.023125
11.993559
12.013268
12.032979
12.052689
12.003414
11.963995
11.904863
12.082253
12.141384
12.141384
12.308919
12.377905
12.259645
12.36805
12.170949
12.19066
12.220224
12.082253
12.437035
12.141384
12.042834
12.19066
12.082253
12.082253
12.013268
12.062544
12.161094
12.13153
11.835879
11.973848
12.062544
11.875299
11.993559
11.973848
12.230079
12.575006
12.545439
12.496165
12.614425
12.555295
12.515875
12.13153
12.338485
12.170949
12.446891
12.732686
12.831237
12.850945
12.910076
13.668912
13.974418
14.063114
13.866012
13.915288
13.934999
13.747752
13.757607
13.846302
14.329198
14.201083
15.009194
15.561075
16.093248
16.546579
16.842228
16.487448
16.753532
16.763388
16.930925
16.930925
17.265995
17.162012
16.835211
16.845114
17.142204
17.686874
17.726486
17.528425
17.776003
18.073093
18.191933
18.281057
18.023579
17.904743
17.964159
18.191933
17.983967
17.99387
18.281057
18.142416
18.182028
18.29096
18.360283
18.082998
17.934452
18.092899
