Adjusted
37.720001
37.939999
37.860001
37.209999
37.32
37.669998
37.73
37.5
37.48
37.91
37.799999
38.299999
38.5
38.549999
38.540001
38.740002
39.689999
39.779999
39.939999
39.130001
39.419998
39.25
38.799999
39.779999
40.099998
39.389999
39.77
39.610001
39.619999
39.400002
39.720001
39.360001
40.049999
39.48
38.5
38.919998
38.240002
38.32
38.59
38.41
38.380001
39.41
40.240002
40.650002
40.91
41.41
41.369999
41.220001
41.330002
41.470001
41.66
41.560001
41.040001
41.07
40.18
40.349998
40.310001
40.84
41.119999
41.700001
41.18
41.490002
40.700001
41.110001
41.349998
42.380001
41.68
43.310001
45.200001
43.990002
42.09
42.450001
41.529999
41.169998
42.759998
43.389999
44.099998
44.490002
45
44.82
45.119999
46.040001
45.200001
46
46.23
46.25
46.82
47.09
47.110001
46.98
47.07
48.07
48.419998
47.720001
48.669998
47.84
48.279999
47.419998
47.049999
46.709999
46.939999
46.669998
46.91
46.77
46.889999
46.119999
45.529999
46.529999
47.200001
47.09
46.599998
45.880001
46.990002
46.41
47.119999
48.209999
47.470001
44.57
44.59
43.990002
44.360001
45.889999
46.700001
46.16
46.689999
46.52
46.799999
47.330002
48.080002
48.669998
48.529999
48.43
48
47.73
47.630001
47.860001
47.990002
47.84
48.389999
48.049999
47.169998
46.75
47.779999
47.66
48.259998
49.040001
49.73
49.57
49.400002
49.240002
48.34
49.27
49.380001
49.509998
49.740002
49.610001
48.080002
47.48
47.189999
48.279999
47.860001
48.549999
48.860001
48.84
47.34
47.720001
48.049999
47.560001
48.02
49.049999
49.990002
51.209999
51.349998
52.049999
51.759998
51.119999
51.080002
50.919998
50.98
51.130001
51.25
51.189999
50.009998
51.790001
49.799999
49.490002
49.220001
48.470001
48.799999
48.849998
48.040001
48.310001
48.279999
46.419998
46.27
47.290001
47.93
48.41
47.5
48.32
48.869999
48.740002
48.75
48.389999
47.509998
47.790001
47.759998
47.529999
47.490002
47.200001
46.990002
47.82
48.599998
48.740002
48.830002
47.52
47.560001
48.759998
49.029999
49.709999
49.57
49.939999
49.099998
48.830002
48.630001
49.279999
49.689999
50.09
50.110001
50.450001
50.349998
51.509998
51.169998
50.689999
50.799999
51.200001
51.950001
52.09
51.259998
51.09
50.950001
51.830002
51.75
52.52
53.049999
48.080002
47.439999
47.599998
47.470001
46.93
47.099998
47.02
46.900002
46.439999
45.810001
45.34
45.25
45.099998
45.970001
45.220001
45.669998
44.860001
44.66
45.189999
45.029999
44.93
44.77
44.57
44.810001
44.950001
44.73
45.049999
45.110001
45.759998
45.700001
46.200001
47.150002
47.540001
47.220001
47.52
47.02
47.360001
47.290001
47.23
47.369999
47.330002
47.049999
47.889999
48.18
48.290001
48.68
48.43
48.130001
49.43
49.099998
48.950001
48.599998
48.84
48.529999
47.639999
47.139999
47.209999
47.560001
47.91
47.349998
47.389999
48.419998
47.52
46.540001
45.32
45.450001
45.669998
46.799999
47.5
47.880001
47.560001
45.560001
43.68
44.459999
45.040001
43.759998
42.880001
43.32
43.369999
43.810001
44.439999
43.720001
43.509998
43.25
43.540001
42.98
43.169998
43.68
43.779999
44.48
44.860001
44.299999
43.630001
44.110001
44.599998
44.98
45.610001
45.490002
44.799999
44.189999
44.52
44.560001
43.880001
44.34
44.529999
44.700001
45.080002
44.880001
44.98
44.310001
44.299999
45.509998
46.009998
46.110001
46.43
46.27
46.110001
45.720001
43.869999
44.189999
44.299999
44.290001
44.950001
45.279999
52.75
51.91
50.07
50.009998
51.57
51.880001
52.009998
52.16
52.599998
52.950001
52.549999
52.169998
53.439999
52.43
52.189999
52.459999
52.450001
52.59
51.099998
52.150002
51.66
51.32
50.84
50.919998
50.419998
49.939999
49.43
50.060001
48.810001
49.959999
50.68
49.68
50.029999
49.389999
50.57
50.599998
50
49.810001
50.700001
50.400002
50.919998
50.959999
51.25
51.080002
51.259998
51.57
51.860001
52
51.959999
52.400002
51.880001
52.799999
53.34
53.709999
52.84
52.240002
52.099998
52.540001
52.529999
52.049999
52.130001
53.349998
53.52
53.57
52.810001
47.799999
48.48
47.52
47.5
47.110001
46.450001
45.310001
46.049999
46.830002
46.900002
46.439999
47.419998
46.299999
45.599998
43.900002
44.580002
45.060001
45.880001
46.709999
47.080002
48.799999
48.330002
52.73
53.580002
54.77
55.740002
54.959999
55.759998
55.91
56.32
55.43
56.57
56.259998
55.639999
56.080002
55.740002
55.900002
55.849998
55.650002
54.66
55.130001
55.029999
55.049999
56.09
56.310001
56.709999
56.25
56.98
56.139999
57.099998
58.73
59.32
59.07
58.48
59.450001
58.900002
59.509998
58.299999
58.84
58.23
60.110001
60.529999
67.32
67.849998
67.760002
67.610001
67.610001
67.870003
67.239998
66.580002
66.470001
64.580002
63.77
64.779999
66.089996
65.040001
64.349998
64.269997
63.419998
62.23
63.509998
62.810001
63.009998
64.239998
64.870003
64.769997
63.700001
62.529999
63.310001
62.099998
62.529999
63.75
64.459999
64.529999
64.419998
64.550003
65.669998
65.970001
66.580002
67.68
67.480003
67.510002
68.300003
68.129997
67.610001
67.279999
68.099998
67.730003
67.110001
67.769997
67.389999
64.690002
64.620003
63
63.200001
62.150002
62
62.450001
63.32
64.18
64.720001
65.480003
65.639999
66.550003
66.449997
67.300003
66.349998
65.800003
66.690002
69.220001
69.010002
68.389999
74.730003
73.949997
73.419998
74.07
74.110001
73.190002
73.010002
72.459999
72.400002
71.68
70.610001
70.970001
70.879997
70.839996
70.720001
69.970001
68.809998
69.389999
68.760002
68.110001
69.809998
71.330002
70.300003
69.970001
70.839996
71.529999
71.349998
71.269997
71.110001
71.720001
72.260002
73
72.260002
72.300003
72.510002
72.410004
71.709999
72.839996
72.379997
71.040001
71.699997
72.099998
72.809998
73.089996
73.699997
72.160004
72.589996
73.150002
72.779999
72.860001
71.550003
72.199997
72.279999
71.959999
69.269997
68.029999
68.730003
68.120003
68.07
68.410004
66.349998
66.209999
67.040001
66.669998
66.32
66.599998
65.57
66.25
66.919998
68.269997
68.019997
67.550003
68.870003
67.949997
68.169998
66.879997
66.32
65.190002
63.18
61.959999
62.669998
64.260002
63.990002
64.510002
64.129997
64.760002
64.769997
62.099998
62.150002
63.41
62.759998
62.509998
62.619999
63.130001
63.529999
63.5
62.529999
61.32
59.580002
57.700001
57.18
58.5
60
61.02
61
58.560001
59.84
60.580002
60.02
60.110001
59.580002
59.82
60.209999
58.990002
60.82
62.060001
61.959999
60.27
62.66
59.720001
59.32
59.07
59.73
57.900002
57.959999
59.32
58.650002
59.779999
60.48
59.220001
59.48
59.959999
58.77
57.34
56.91
56.77
56.98
56.18
56.849998
56.950001
57.299999
58.240002
58.049999
58.790001
58.209999
57.869999
58.41
59.009998
58.77
57.959999
57.150002
57.060001
57.299999
56.450001
56.5
56.02
55.450001
53.98
55.02
55.619999
56.68
56.349998
57.41
56.630001
57.310001
57.889999
57.41
57.299999
57.259998
57.98
58.220001
59.220001
58.689999
59.25
58.860001
58.650002
57.48
57.860001
58.669998
58.66
57.150002
53.490002
52.529999
51.619999
53.619999
53.23
53.18
54.59
54.560001
53.970001
52.369999
52.119999
48.310001
47.110001
46.799999
46.990002
47.66
46.240002
47.060001
45.02
42.990002
44.889999
45.779999
45.849998
44.98
45.990002
44.639999
42.900002
44.18
43.93
42.369999
42.509998
43.900002
44.150002
42.650002
42.860001
43.130001
42.150002
43.630001
46.040001
47.950001
46.639999
45.360001
45.849998
45.470001
45.189999
46.259998
47.200001
46.259998
47.98
47.720001
50.290001
51.349998
52.639999
50.700001
50.990002
50.98
51.889999
50.830002
49.240002
50.09
49.310001
50.240002
50.57
50.200001
48.439999
48.830002
48.900002
50.43
50.810001
51.099998
51.75
51.150002
51.220001
53.290001
49.48
50.98
50.880001
51.59
53.939999
53.619999
53.669998
53.43
54.330002
54.139999
52.43
53.220001
52.990002
55.470001
55.130001
53.93
52.950001
52.200001
51.919998
51.290001
50.599998
50.41
51.23
52.5
50.970001
51
50.669998
50.639999
50.810001
50.790001
51.32
52.73
52.130001
52.889999
54.040001
53.389999
53.59
53.66
52.09
52.09
51.540001
51.919998
52.959999
52.52
51.810001
49.25
49.139999
48.900002
49.360001
49.200001
50.119999
50.630001
48.139999
46.5
46.98
46.32
45.700001
46.709999
48.02
49.029999
49.66
47.759998
50.450001
50.439999
52.669998
53.32
54.779999
54.599998
55.400002
55.23
55.470001
54.720001
56.040001
57.560001
57.950001
57.799999
58.630001
58.439999
58.349998
58.259998
58.139999
55.57
56.200001
57.52
58.849998
58.68
58.740002
58.360001
59.169998
59.560001
60.509998
60.16
58.82
59.150002
59.299999
58.93
59.09
58.220001
58.380001
58.700001
59.48
59.5
58.950001
59.009998
60.060001
59.52
60.599998
60.169998
55.23
56.799999
56.43
56.73
56.900002
56.5
56.580002
55.759998
54.619999
54.349998
53.740002
53.59
53.700001
53.119999
52.169998
53.349998
52.52
51.650002
53.099998
52.779999
52.330002
52.639999
51.139999
51.599998
51.509998
51.25
51.110001
51.040001
51.759998
50.830002
50.049999
51.5
50.93
51.540001
50.59
49.77
49.939999
48.650002
48.73
49.619999
50.509998
51.509998
48.68
50.619999
52.73
54.779999
56.889999
56.240002
56
55.700001
55.23
56.57
57.799999
58.400002
58.380001
57.369999
57.509998
57.790001
59.099998
57.990002
58.080002
60.5
62.799999
64.160004
62.799999
62.799999
61.93
61.419998
62.82
62.150002
62.360001
66.160004
66
64.059998
64.040001
64.309998
63.790001
63.900002
64.389999
