Adjusted
32.702511
32.702511
32.754696
32.441589
32.215454
32.206753
32.145878
32.102379
32.17197
32.458981
32.458981
32.624233
32.78949
32.293736
32.293736
32.276329
32.224148
32.189362
32.545959
32.615543
32.3894
32.650326
32.485077
33.17218
33.320042
33.841885
33.720123
33.580959
32.667725
32.363308
32.0415
32.545959
32.763386
32.815575
32.79818
33.502682
32.806881
33.14608
33.441792
33.67662
33.659233
33.763615
33.641846
33.937557
34.024532
34.111504
34.189785
33.885376
33.80653
34.183224
34.016781
33.955456
34.454803
34.927856
35.103069
35.076786
35.146866
35.646214
35.23447
35.427208
35.435955
35.672508
35.190666
35.514805
35.111832
35.795147
35.663742
35.979107
36.075485
35.987877
35.120586
37.11797
37.27565
36.881435
37.372025
37.424587
37.40707
36.925243
37.100449
36.881435
37.004082
37.082935
36.977806
36.758785
37.004082
36.863914
37.40707
37.196815
36.898952
36.925243
36.960285
37.249374
37.599792
37.748722
37.643593
37.126728
37.091686
37.012848
36.73251
37.004082
37.27565
36.268215
35.716301
35.032982
35.751347
36.285728
35.611179
35.733826
36.27697
36.075485
35.733826
35.627964
35.645615
35.583866
35.883785
36.104301
35.645615
34.516529
35.072247
34.869358
35.036961
35.575043
35.513298
35.380985
35.689716
35.610329
35.716179
35.742645
35.760277
36.01609
35.883785
36.19252
36.19252
36.174866
35.486839
36.024914
35.998455
36.245438
36.024914
36.130764
36.042549
36.024914
35.848488
35.530945
35.566223
35.354523
35.786743
35.478008
35.539757
35.610329
35.416271
35.460369
35.425083
35.133995
34.97522
34.869358
34.481243
34.445953
34.207794
34.093113
33.766735
33.793201
33.978451
33.625607
33.652065
33.828495
33.607964
33.678524
33.431538
33.996086
33.731461
33.828495
33.978451
34.075481
34.207794
34.15448
34.376614
34.527664
34.465458
35.17627
34.927483
35.00745
34.323296
34.234444
34.056747
34.421032
34.118938
33.656918
33.719112
33.257084
33.017181
33.052723
32.919445
33.123806
32.946106
33.568066
33.559174
33.683563
33.461437
33.763531
34.252216
34.456573
34.492115
34.732021
34.732021
34.47435
34.678703
35.194042
35.362862
35.202927
35.158501
35.194042
35.105186
35.096306
35.584988
35.389515
35.584988
35.425053
35.433941
35.647179
35.72715
35.736034
35.691608
35.664948
35.593872
35.922623
35.922623
35.869308
35.762688
35.959534
35.959534
35.861115
36.102688
36.120586
35.637428
36.201107
36.147423
35.655323
35.905849
35.082691
35.100586
35.136364
34.984261
35.80743
35.664268
35.825317
35.932682
35.959534
36.227955
36.380062
36.764793
36.961643
36.380062
36.201107
36.031116
36.138477
35.735844
35.547962
35.905849
35.369007
35.512165
35.574799
35.530064
35.145317
35.717949
35.70005
35.109524
34.75164
34.653221
34.778477
33.910583
34.152157
33.839001
33.284264
33.53479
33.651104
34.026901
33.955315
34.510048
34.572689
34.456367
34.581635
34.832161
33.525845
33.194794
33.373737
33.266373
33.552685
33.794262
33.883732
34.062687
34.179005
34.107422
34.277424
34.313206
34.420582
34.492165
34.581635
34.715843
34.693298
34.24239
34.422752
34.512936
34.630169
34.395691
34.67527
34.666245
34.630169
34.828571
34.819553
35.008945
35.126171
34.864643
34.639191
34.567047
34.332565
34.467842
34.828571
35.081089
35.162251
35.072063
34.837593
34.92778
36.23542
36.605179
36.722408
36.749462
36.713394
36.731422
36.704376
36.98394
37.001976
36.587135
36.785545
36.77652
36.92984
36.758488
36.514992
36.893761
36.731422
36.857681
36.812592
37.074127
36.875725
36.542049
36.875725
36.713394
36.596169
36.857681
36.596169
36.596169
36.767506
36.596169
36.668301
36.893761
36.848671
36.866703
36.785545
36.875725
36.965904
36.893761
37.038055
36.848671
36.725998
36.680576
36.944073
37.180305
37.761822
37.970806
37.87994
37.916283
38.025314
38.125259
38.188869
38.334236
38.488712
38.425106
38.425106
38.370586
38.288815
38.10709
38.116173
38.397846
38.134357
38.506882
38.252468
38.270638
38.179787
38.552307
38.525055
37.425632
37.080364
37.225742
37.253002
36.962246
36.662399
35.999119
35.699276
35.699276
35.799225
35.599327
36.271698
35.753792
35.84465
35.95369
36.053631
36.289867
36.507938
37.14397
37.571014
37.489239
37.480156
37.62553
37.36203
37.62553
37.798164
37.798164
37.82542
37.907204
37.834503
37.96172
38.043491
38.016235
37.96172
38.10709
38.316074
38.393867
37.9454
37.982014
38.110146
38.082687
38.247433
38.485386
38.640984
38.338947
38.686737
38.238277
38.622673
38.668438
39.043674
39.116898
39.043674
39.354855
39.903996
40.196869
40.77346
40.151104
40.700253
40.33416
39.940609
39.565361
38.952156
39.245033
39.620274
37.231525
37.176605
37.396267
37.551861
37.304741
37.121696
37.487797
37.890491
38.329803
38.265739
38.274891
38.723351
38.705044
38.732494
38.796566
38.906391
39.089436
39.162655
39.107742
39.281635
39.839931
40.471436
40.498898
40.727703
40.517197
40.663631
40.815689
41.313335
41.055294
41.046085
40.364124
40.087662
40.115311
39.755901
38.742191
38.336704
38.272194
37.700836
37.387505
37.221626
38.290627
39.064739
38.659248
39.027866
39.599236
39.57159
39.590027
39.497868
39.405712
38.908073
38.834354
38.834354
39.129246
39.617672
40.096878
39.654533
39.295128
39.285912
39.221401
39.055523
39.193748
39.774338
39.958645
40.345699
39.912567
39.626888
39.064739
38.631603
38.797485
37.940437
38.327488
38.364357
38.410435
38.511806
38.198479
37.995735
39.073956
39.046303
38.861992
38.696114
38.530231
38.456505
38.806698
38.677685
38.567093
38.82513
38.751411
39.129246
39.903347
39.811203
39.580803
39.166111
39.073956
38.262985
38.143177
37.498093
36.954369
37.697739
37.084465
37.437557
37.641983
37.725609
37.186676
37.772068
37.744198
37.604816
37.586227
37.493309
37.242428
37.641983
37.67915
37.799946
37.799946
38.255257
38.106583
37.995071
38.143749
37.98579
37.818531
37.641983
37.539776
37.725609
37.44685
37.781364
37.892872
38.385345
38.050831
37.995071
37.939327
37.883579
37.623405
37.688446
38.013672
38.060127
37.864998
37.781364
37.818531
38.078709
38.041538
37.809238
38.143749
38.56189
38.580471
38.394638
38.385345
38.422512
38.311005
38.292423
38.088001
38.208797
38.227383
38.060127
38.041538
38.088001
37.97649
37.716324
37.261009
37.316761
37.353931
37.474731
37.568413
37.437256
37.090607
37.549675
37.72768
38.083694
37.849476
37.924423
37.830738
37.652729
37.493462
37.474728
36.912605
36.753342
37.006294
36.996922
36.931339
37.708939
37.343567
37.399773
37.840107
38.093063
38.570862
38.533394
38.861294
38.645809
38.767605
38.5896
38.317913
38.261696
37.886944
37.980633
37.990005
38.027477
37.999371
38.486549
38.917503
39.207932
39.460884
39.273514
39.132984
39.048668
38.861294
38.655178
38.50528
38.645809
38.739494
38.69265
38.205482
37.990005
37.034397
35.957005
35.591618
36.284908
36.790817
36.959446
36.837654
36.303642
36.444164
36.687752
36.088165
36.444164
35.882053
35.994473
36.032276
36.003925
36.38192
36.996159
37.213501
36.835514
37.033958
36.65596
36.627613
36.996159
37.4403
37.355247
37.4781
37.912792
37.610397
38.167938
38.753826
38.706581
39.235775
39.670464
39.708267
39.689362
39.358627
39.386967
39.613762
39.708267
39.679916
39.963409
39.868916
40.861145
40.435902
40.246906
40.265804
40.379208
40.435902
40.020115
39.916164
39.840561
39.661015
40.001213
39.651566
39.254673
39.472019
39.727165
39.292473
39.103474
39.651566
39.377514
39.953957
40.738304
40.095703
40.59655
40.974541
40.974541
41.088814
40.584129
40.841232
40.726963
40.43177
41.222122
41.136421
40.955498
40.622219
40.717442
40.250851
40.422249
41.012627
41.745857
41.412575
40.46986
40.736481
41.222122
41.583973
41.460186
41.412575
41.622063
41.488747
40.907887
40.374641
40.517475
40.298458
39.631901
39.527149
39.593811
40.108013
39.85091
39.879482
39.517632
39.917568
39.403362
39.412884
40.05088
40.146107
40.06992
40.079445
40.536514
40.869789
40.94598
40.412727
40.679356
40.498432
40.412727
40.612698
41.231647
40.517475
40.384159
41.050724
41.288784
41.412575
41.52684
41.679195
41.841072
41.60302
41.812504
42.050568
41.079292
41.069767
41.60302
41.679195
41.860119
42.002956
41.907726
42.202919
42.669525
43.069454
43.376545
43.462914
43.414932
43.232594
43.923553
43.760406
43.827583
43.664444
43.626049
43.741219
43.952339
44.604908
44.700878
44.518539
44.940788
44.998367
44.652893
44.825626
44.489754
44.979172
44.566517
44.768051
44.182663
43.981129
44.240238
44.355396
44.720062
42.580029
41.89867
42.743176
42.906311
42.733574
42.877525
42.829544
42.992683
43.165421
43.031067
43.165421
43.242195
43.491703
43.414932
43.904358
43.626049
43.981129
43.520493
43.779598
42.944698
42.685585
42.532047
42.176975
42.196167
42.580029
42.589626
42.887115
42.973488
42.800751
42.896713
42.915909
43.223003
43.539688
43.491703
43.712429
43.913952
44.134678
43.631824
43.554466
43.525448
43.815556
43.31271
43.496445
43.641495
43.380402
43.593147
42.481071
42.336018
42.722828
42.974251
43.8349
43.631824
43.931602
43.776878
43.602814
43.883247
44.066982
44.076653
44.231377
44.183025
44.125004
44.125004
44.125004
44.008957
43.950943
44.318409
44.066982
43.399742
41.968555
42.210312
42.190968
42.016907
42.094265
42.200642
42.074928
42.045918
42.007236
42.036247
42.171627
42.307014
42.577774
42.780853
42.384373
42.606785
42.645466
42.471401
42.297344
42.403713
42.403713
42.229649
41.891193
42.103935
41.813831
41.997562
41.920204
42.219982
42.345692
42.200642
42.190968
40.875824
41.76548
41.219524
41.053795
41.29752
41.083038
41.044044
41.278023
41.463257
41.882473
41.667988
40.9953
41.521751
41.092789
40.975796
41.258522
40.975796
40.790562
40.761314
40.663826
40.683323
40.683323
40.498085
40.732071
40.71257
40.624828
40.55658
40.917301
40.9953
40.878304
41.073292
41.492508
41.473007
41.375511
41.063538
41.17078
41.336521
41.063538
40.9953
40.975796
40.644325
41.395012
41.804482
41.209778
39.913136
40.000877
40.137367
40.400597
40.225109
40.088623
39.883888
40.322605
40.332352
40.088623
40.488335
40.702824
40.457031
39.670502
39.493534
39.680336
39.935955
39.886795
40.594673
40.289894
41.292717
41.194401
41.056755
40.516022
40.850296
41.037098
40.968273
40.958439
40.869957
40.850296
40.899448
40.909283
40.692989
40.899448
40.761806
