Adjusted
39.330147
37.098118
37.239174
37.056629
36.567078
36.608574
36.757919
36.824303
37.753624
38.525288
38.674648
38.948463
38.923565
39.222286
38.931862
39.570774
40.060326
39.78651
40.060326
39.902679
39.844593
39.205692
39.346737
39.827995
39.197395
37.902985
38.010841
37.554493
37.20599
37.106411
36.550488
36.558784
37.040035
36.764366
36.346684
36.321625
35.795338
36.446934
37.173695
38.025768
37.608082
37.599735
37.800217
37.633148
37.48278
37.833641
37.716679
37.374184
37.223824
37.491135
37.766804
37.307358
36.388462
36.605652
35.928997
36.806137
37.374184
36.881317
36.856255
37.307358
37.315708
38.426743
37.691628
38.251312
38.593811
39.170212
39.596252
40.239475
41.977043
42.127396
40.891064
41.225216
40.540211
39.997219
40.448318
40.306297
40.339729
40.715633
42.010456
42.177528
41.718079
42.110699
41.885151
42.060577
42.745571
42.586861
43.965206
44.449711
43.505756
43.138199
42.478264
42.352959
42.48661
42.177528
42.010456
43.280209
43.397156
42.996189
42.76228
41.59277
41.634544
40.840946
41.450756
41.776546
42.37801
43.388802
43.405613
42.565395
42.75024
42.582191
42.069664
42.019249
42.842667
42.674622
42.851067
43.960155
43.540043
43.002312
43.279575
41.414291
41.783989
41.783989
41.330265
41.380684
41.666359
41.834408
41.338673
41.733578
42.321728
42.489761
42.52338
43.968559
43.540043
43.750099
43.531647
43.632469
44.170204
44.102982
44.455875
44.674328
44.229019
44.741558
45.102848
46.556423
46.480797
46.858898
48.354481
49.068668
48.287273
47.858765
48.144424
50.62307
51.480091
51.412868
51.555714
51.068382
50.471828
49.640022
49.606407
50.967556
50.536911
49.481426
49.996506
49.371658
48.054401
48.299286
48.518818
48.434383
48.493481
49.093006
48.045963
47.665981
48.755241
49.18589
49.565857
48.59481
49.456093
49.776962
50.629807
51.524857
51.001339
50.655136
50.368038
50.579136
50.2076
50.950672
51.600864
51.592403
52.234154
52.03994
52.03994
52.419914
51.102661
49.47298
49.819183
47.792637
47.547771
48.544155
47.75042
48.265503
48.856575
50.013393
50.925343
51.583961
51.406639
52.301701
51.963943
51.727512
52.318588
52.470573
52.867443
52.825226
53.222084
53.103867
53.222084
52.191933
53.13765
53.754051
53.238972
54.252247
54.741997
54.59845
54.294468
54.058033
54.387348
54.955742
54.24313
54.53157
55.125416
55.362946
55.133892
55.532619
55.65139
53.657768
52.750042
53.734127
52.673695
52.410709
51.74052
51.57933
51.893211
51.333313
51.545395
52.232548
51.681137
51.782936
51.732033
51.961086
52.495541
51.638718
51.833832
52.470085
52.249527
52.1562
51.799904
52.427677
51.061832
48.991879
49.085201
48.024776
47.863583
48.177471
47.371544
46.80315
46.260216
46.073578
45.530636
44.656841
44.707745
45.021622
44.215698
44.673813
44.419308
43.15527
43.528549
43.935749
45.793625
46.302628
46.718315
47.261261
46.209316
46.46381
46.684387
46.989784
46.65073
46.346455
46.537708
46.755058
47.285385
49.180618
48.728535
48.971973
48.380787
49.250168
49.997826
49.624001
49.876118
50.3195
49.719631
49.615311
49.319714
49.493591
49.876118
49.806568
49.823959
49.763103
50.971527
50.345581
49.902199
48.824177
48.685074
49.163227
49.354496
49.936974
51.10194
51.232349
50.606396
49.53706
50.32819
51.188869
48.537285
46.989784
47.007172
47.068035
47.676594
46.911549
46.859383
47.20713
47.085423
47.163666
46.807224
47.094112
47.337543
47.120193
47.15498
47.467949
47.476643
46.772446
46.416
48.624222
48.928493
49.719631
50.023914
50.058693
49.424042
50.423824
50.389046
48.250385
48.563366
49.284943
49.832645
49.084984
48.998051
49.406654
49.893505
50.215172
50.423824
51.149662
51.534443
52.032909
51.901726
51.254604
50.537514
49.934105
50.152729
50.458801
50.738644
50.642456
50.432568
50.458801
50.747391
50.721153
50.546257
50.100269
51.132168
51.298321
52.610081
53.091053
53.650742
53.607014
53.554546
54.096737
52.653801
51.814285
51.648132
51.202126
50.135242
49.829166
50.467548
49.986572
50.275162
50.318882
50.922291
50.502533
50.3801
50.546257
51.446999
50.69492
50.555
51.551937
51.377037
51.76181
53.012352
55.268574
54.673908
54.586468
54.446537
54.875042
53.869366
54.778851
55.286068
55.373985
56.02462
56.182873
56.138912
56.07737
56.042198
56.050995
56.138912
55.927898
55.998234
56.815922
56.67524
56.385098
55.980656
56.939022
57.273129
57.317085
57.185204
58.029263
57.712734
58.521626
58.521626
58.530418
58.249069
59.787724
59.611885
60.025116
59.58551
58.890915
58.143551
58.565594
59.172264
58.978836
57.976505
59.647049
59.268974
58.609566
57.572071
58.697483
58.495255
59.172264
59.172264
60.9571
61.853912
61.0714
62.28474
61.554981
62.425415
62.583691
62.785896
63.418945
63.41016
63.691509
65.309273
65.942345
67.129303
66.478676
67.313942
67.437042
68.527275
67.744766
68.122833
68.325066
67.990974
68.600304
70.719772
69.651207
70.622635
69.854324
70.799255
71.443932
71.346794
71.567558
72.574318
73.00705
73.227814
72.627312
72.901062
72.238724
73.430946
73.642868
73.439766
71.753006
73.068848
74.6408
73.863663
74.587807
75.117683
75.117683
75.550407
76.265732
76.036118
76.433533
75.991966
74.852745
74.084442
76.875092
76.548332
75.400291
75.691711
74.022621
72.521317
71.170151
72.50367
72.574318
72.68029
74.110939
74.932236
75.391449
75.532745
75.002884
76.283394
74.737961
74.932236
76.883911
76.398201
80.531181
82.094284
81.511421
82.376869
82.597664
83.728043
83.463112
82.103119
82.175728
81.703796
81.98513
83.092308
83.065094
83.918152
83.47348
83.364578
83.89093
82.838196
82.874504
82.792831
81.758255
82.947105
82.021439
81.676575
83.600517
82.565956
83.582367
82.956184
83.482544
84.489891
84.762146
84.780289
85.388329
84.480804
83.881844
84.70768
85.488159
85.569832
84.553406
84.771217
85.950989
85.116074
85.742264
85.760406
85.923767
85.070702
85.061623
84.698616
83.491615
81.168381
82.475204
83.70034
82.70208
83.173988
82.76561
81.98513
81.731033
80.769051
81.095772
83.192131
82.193878
81.549522
82.429825
80.741844
81.921608
81.095772
79.870628
78.963104
79.534843
80.070274
80.678314
79.970444
80.496803
80.279007
79.371483
77.91037
79.208138
79.344261
78.518433
78.41861
78.218941
78.647964
79.569908
78.008987
76.776695
76.612396
77.351761
77.306129
77.297012
76.895355
77.132706
77.37915
78.574944
78.164162
79.296059
79.944168
79.168274
79.478622
80.382301
77.662125
78.255455
78.6297
78.830521
78.620567
79.414734
78.492783
76.603264
77.077919
77.570839
76.676285
76.785828
77.132706
75.92778
76.32029
76.438942
76.557625
76.329422
75.726959
73.983482
74.293846
75.526146
74.248199
73.682259
75.024094
75.946037
77.123573
74.668106
74.540314
76.119461
75.297943
74.029137
73.664001
73.928711
74.403374
74.257324
74.56041
77.095375
73.742996
71.704018
71.520332
74.725746
76.05751
76.819832
77.058632
77.012703
78.73941
81.999931
83.010239
85.159424
83.249031
84.121574
84.792046
84.635902
84.286888
85.141068
84.580803
84.433838
84.691017
84.296066
84.461403
84.351173
84.314453
82.12851
82.10096
82.780624
83.864395
85.471695
86.21566
85.774796
86.977959
88.65876
88.484245
88.934288
88.667938
87.630074
88.208702
88.925102
89.255753
88.520973
88.649574
88.869995
86.224838
88.098488
86.941231
87.850517
86.996346
88.153603
88.585281
91.276352
92.047867
91.037575
88.980209
86.050331
87.391289
85.232903
85.434959
83.203102
84.011345
83.41436
85.178329
85.085968
86.757576
87.791946
89.472794
89.417389
89.288086
88.115196
88.68779
88.752426
88.540016
91.864769
90.738045
90.747276
90.174675
90.377861
89.177269
89.777557
89.555916
90.830399
89.195724
88.44767
87.690353
89.149551
90.128502
89.417389
89.269615
90.396332
89.278847
88.493843
86.812996
89.11261
87.404053
89.140312
86.101868
85.907913
87.847366
85.1968
86.997696
85.279915
86.027985
83.839188
86.240395
88.586197
87.985878
88.346069
86.785286
87.256287
88.798615
89.177269
87.921234
87.893524
81.798157
78.556526
74.908531
76.016785
77.60527
77.577568
75.610428
76.940323
78.027077
79.790672
80.01947
80.028992
80.000389
79.304497
81.668663
80.438919
80.829758
82.869812
83.098602
82.631485
83.413177
81.87838
81.926056
81.716324
82.297836
82.2883
82.517097
82.936531
83.022339
82.717285
83.718231
82.717285
81.725868
81.315941
81.783058
82.726822
82.898407
84.242546
83.70871
83.96611
82.650558
81.630539
82.078575
80.219658
76.740128
75.577118
75.376923
76.082359
77.092865
78.417938
77.569504
75.624779
74.509438
73.603783
73.17482
74.252029
74.785873
75.129066
75.786835
74.633347
75.824966
75.462715
76.435081
67.235802
66.339691
66.759155
65.929794
64.290123
64.271057
63.622814
63.270103
62.316803
60.801064
57.788654
60.572277
60.324417
61.258644
63.060375
63.346367
64.747696
65.348282
65.790665
68.598869
68.300728
67.733322
67.569839
67.088974
66.377304
65.781052
64.694305
63.771057
65.300194
65.204025
65.665642
65.223251
65.579086
66.011856
66.502335
64.896278
62.761272
62.98246
64.511581
64.559669
64.944359
64.473122
65.848366
64.84819
66.531181
66.752373
67.93528
67.435196
67.185143
66.800461
67.714088
67.617912
67.983368
68.069908
68.916229
71.282036
71.416679
70.743469
70.926193
71.070457
71.532066
69.493256
69.743294
70.022186
71.762894
71.128159
69.281677
69.675972
70.974297
70.839653
71.493614
71.368584
71.804886
75.498871
75.392227
75.644302
75.42131
74.917137
74.587494
73.937897
74.490547
74.131805
73.88942
72.532043
71.930931
71.097122
71.659462
71.106804
69.254967
70.728683
69.8367
69.303444
69.739746
69.691261
69.991821
70.030617
70.670509
72.018188
72.910172
71.097122
70.815956
68.789581
67.723083
68.615067
67.917
68.207855
68.372681
68.993195
69.061066
69.574928
68.401772
70.815956
70.486305
71.00016
70.050003
69.894875
70.263306
70.040298
70.292397
70.961388
70.505692
70.554169
70.525078
71.465546
69.991821
64.47509
63.660671
63.108021
63.020763
63.709141
63.195286
64.455704
66.05545
67.063789
68.198158
66.617798
66.441742
68.114273
68.63266
67.693695
69.278206
70.500824
70.236732
70.197609
70.373657
68.681564
70.67688
70.334541
70.393227
70.598625
72.975388
73.474213
72.730865
71.410446
70.706215
70.618187
69.845505
67.85997
67.683914
68.241425
67.224213
65.150665
65.228905
65.003944
64.661613
64.837669
64.397522
