Adjusted
24.078688
24.200163
24.312969
23.77499
23.844408
23.913822
24.191486
24.295612
24.338993
24.460474
24.382378
24.816229
24.772848
25.033157
25.371557
25.527744
25.657902
25.623194
25.779377
25.7707
25.545101
25.657902
25.198021
25.683929
25.527744
25.814087
25.805408
25.666576
25.944241
26.239264
26.551632
26.638401
26.595018
25.961596
25.735992
25.840118
25.328175
25.718636
26.395447
26.534279
26.612368
26.794586
27.297853
27.30653
27.428005
27.670971
28.035398
28.217617
28.29641
28.436491
28.208857
28.313923
28.462755
28.970552
28.56782
28.751671
28.72541
29.04059
29.180672
29.574648
29.320753
29.355772
28.462755
28.56782
28.56782
29.075613
28.79545
29.215693
29.58341
29.58341
28.497778
29.084368
28.436491
27.954964
28.436491
28.74292
29.241959
29.224445
29.460836
28.524042
28.305166
28.22637
27.639778
28.103794
28.751671
28.550312
28.953043
29.119385
29.023083
29.312002
29.434574
29.705982
29.872326
29.530874
29.933609
29.653444
29.592161
29.049347
29.189428
28.891758
29.101881
28.331432
28.357697
28.016249
27.753593
27.473434
27.088213
27.587248
27.893677
27.902433
27.902433
27.8936
28.529751
28.52092
28.750639
28.96269
28.370714
27.257444
27.018885
26.585949
26.930536
27.213264
27.557854
27.469498
27.619694
27.292784
27.389975
27.628534
27.372307
27.999622
28.070309
28.573929
28.512079
28.441395
28.08798
28.282358
28.211674
28.22051
28.070309
28.23818
27.858255
28.017294
27.133747
27.177927
27.469498
27.75223
28.140997
28.202843
28.026133
27.575521
27.195593
27.38114
27.310455
27.363466
27.195593
26.789162
26.38273
26.736151
26.338552
26.38273
25.940956
26.064653
26.214857
26.214857
25.684731
25.649389
25.76425
25.552198
25.499182
25.76425
25.817263
25.967459
26.709644
26.736151
27.280512
27.334057
27.3519
27.521458
27.485764
27.878416
27.512535
27.262665
27.048491
27.280512
27.31621
27.387602
27.093113
26.905706
27.173426
26.959251
26.397043
26.414888
25.959768
25.558186
25.906223
26.370266
26.504128
26.477354
26.040087
26.147169
26.191792
26.147169
26.209639
26.477354
26.477354
26.629065
27.084187
26.655836
27.084187
26.798618
26.539825
26.325653
26.548752
26.405966
26.414888
25.977617
26.218559
26.227488
26.236408
26.316725
26.316725
26.611214
26.611214
26.575521
26.432737
26.709377
26.834312
26.816463
27.128805
26.843235
26.959251
26.450584
26.432737
26.191792
26.066849
26.468433
26.646914
26.450584
26.089981
26.234221
26.279299
26.576796
26.477633
27.370134
27.279984
27.54142
27.938093
27.920063
27.947107
28.001196
28.01923
27.893017
27.640593
27.685671
27.32506
27.442257
27.379154
27.289
27.388168
26.856268
27.072634
27.252935
27.135736
26.820206
27.424229
27.316042
27.667637
26.847254
26.585814
26.784145
26.639904
26.928392
27.063618
26.198158
26.540737
26.4596
26.982481
27.370134
27.334076
27.505367
27.532412
27.775816
28.028242
27.938093
28.154453
28.28968
28.2987
28.271652
28.163473
28.767488
28.875671
28.893703
28.587183
28.875671
28.803551
28.983852
28.929766
28.920748
28.911734
29.230244
28.393015
28.638723
28.893534
29.321251
28.993637
29.230244
29.075542
28.975435
28.975435
28.902634
28.82073
29.330347
29.703463
29.603354
29.767164
29.694363
29.639757
29.066441
29.585157
29.858175
29.321251
29.084639
29.394051
29.566957
30.049276
29.985573
30.040174
30.358683
30.385984
30.704494
29.09374
29.576057
29.758064
29.903666
29.949171
30.385984
29.730761
29.366749
30.012873
30.067471
30.404188
30.795502
30.877403
30.240379
29.976471
30.249485
30.376886
29.949171
30.067471
30.313183
30.577089
30.658997
30.722702
30.731798
30.868303
30.968407
30.959301
30.813702
31.050312
31.377926
31.669127
30.986605
30.812172
30.72035
30.729528
30.72035
30.903976
30.995789
31.252865
31.271231
31.216133
31.069237
31.307945
31.234501
31.326311
31.473209
31.482395
31.298769
31.546659
31.317129
31.151865
31.170229
30.729528
30.848888
30.913158
30.26129
30.353106
29.884861
30.206207
30.123575
30.252111
30.233749
30.178658
30.839708
30.619362
30.224566
30.600998
30.114391
29.967487
30.454094
30.509186
30.564274
30.527548
30.949881
31.271231
31.216133
31.381399
31.610929
31.399761
31.858828
32.327065
32.097534
32.189342
32.170986
32.033264
32.088356
32.088356
31.968998
32.216896
32.492321
32.363789
32.299522
32.501514
32.299522
32.13427
32.574955
32.686104
32.50087
32.445286
32.621269
32.889866
32.658314
32.602741
32.797245
32.417503
32.797245
32.658314
32.862076
32.825043
32.343399
32.093327
32.26004
32.408241
32.19521
31.537594
31.880301
31.296789
31.324566
30.731794
31.130068
31.250471
31.167112
31.861774
32.389721
33.010284
32.787994
34.297714
35.112778
35.566628
35.918591
35.761135
36.214977
36.474323
36.97448
36.872593
36.7985
37.122677
37.122677
37.817329
38.252655
38.391586
37.835854
37.771023
38.197075
38.021091
38.261913
38.011833
38.14151
38.604614
38.650925
38.947311
38.984367
38.613865
38.836163
38.901005
38.817646
38.678707
38.623142
38.826904
38.400848
38.820782
38.708801
38.624813
38.550156
39.203392
39.474018
39.250046
38.792782
39.390022
39.567337
39.716648
40.080589
39.931286
39.763309
39.343376
38.895439
39.01675
39.865963
40.985786
40.985786
41.43372
41.592365
41.387066
40.901802
41.387066
41.181755
41.013783
41.517708
41.489716
41.732342
41.704346
41.517708
42.058964
39.781975
40.108593
40.621845
40.87381
40.74316
40.649837
40.687164
41.013783
40.892467
41.741676
41.900311
41.676346
41.667015
41.368401
41.788338
42.040291
42.27359
42.18961
42.068298
42.040291
42.75885
42.693531
42.338921
42.6842
41.928314
42.049622
41.49905
41.376873
41.405075
42.730106
43.059017
42.92746
43.322151
43.322151
43.62286
43.510098
43.491299
42.861679
42.250839
42.626732
43.218777
43.312756
42.871075
43.162384
43.049618
42.946247
43.199982
42.852272
42.54216
42.185059
42.504566
42.429394
41.733982
40.907005
41.677593
41.649406
41.649406
41.442661
41.640011
41.085556
41.311096
40.625084
39.910881
43.134197
43.387924
42.946247
42.767696
43.491299
43.73563
43.970573
43.557083
43.416126
44.468628
44.290085
44.487423
44.816338
44.722363
44.647186
44.384056
44.045746
44.449841
44.703564
44.431042
44.45924
44.534412
44.637791
44.863331
45.173443
45.229832
45.107658
46.301128
46.575378
46.225471
45.572948
45.601318
45.828285
46.320042
46.424072
46.830719
46.745609
46.537552
46.537552
47.019859
46.130905
46.036335
46.755066
46.528099
46.509182
46.773983
45.998505
46.499729
47.303562
47.993919
48.04121
48.201973
48.230343
47.889896
47.88044
47.57782
48.04121
47.644016
46.963116
46.130905
46.783436
47.086063
47.492706
45.213585
45.355438
45.081192
45.355438
44.759655
44.929874
45.431095
45.100101
45.137928
45.487831
45.951225
46.045788
46.518642
46.736153
45.440552
44.523232
42.858807
41.62941
41.288956
41.374073
41.742893
42.00769
40.891762
41.534836
41.478096
40.617519
41.78072
41.553753
41.818546
41.970959
41.723286
41.951912
41.990013
42.161476
41.466087
41.561352
40.694492
40.465878
39.227516
39.722855
38.789322
38.751213
39.294197
39.675228
40.141991
40.656391
40.551609
41.361305
41.789967
41.713768
42.199581
41.313675
40.894531
41.361305
41.761391
41.675659
41.780441
41.285095
42.209103
42.056694
42.618721
42.285313
42.866394
42.523453
42.894966
43.676094
44.019016
43.885654
44.123802
44.06665
43.485569
43.857086
43.904709
42.990231
42.009056
42.561562
42.285313
42.914017
42.818768
43.456993
44.057129
44.542942
44.838245
44.914459
44.390526
44.504841
43.980919
43.304581
43.923763
43.561775
43.085487
41.885227
41.523243
41.542435
41.340919
41.158585
42.242966
41.532841
40.438866
40.630787
40.544422
41.139389
41.081814
41.04343
41.369705
40.822712
40.323711
39.364075
39.805508
38.711525
38.605968
38.778702
38.078171
38.030186
36.561951
37.224102
37.147324
36.753876
36.264465
37.166519
37.799881
37.761486
38.260498
37.963017
38.097363
39.83429
39.901466
39.14336
39.181747
39.536812
39.124168
38.845871
39.306496
39.949448
39.517612
40.621189
41.244953
41.715168
41.916695
41.93589
42.761173
42.444492
42.943497
42.905109
43.500084
42.857132
44.229404
44.843567
45.24662
45.189034
44.987511
44.334969
44.382946
44.267796
44.866917
45.176144
44.9249
45.524021
46.509686
46.509686
46.06517
45.852581
45.466045
45.60133
45.958878
46.567665
46.335743
46.770599
46.886555
46.413048
46.171463
47.041172
46.693291
47.031506
46.934872
47.050831
47.137802
47.108814
46.606323
46.702953
45.900894
46.06517
45.649651
46.055511
46.306755
46.886555
46.954201
46.084496
47.630634
48.152458
47.988182
47.572655
47.292412
47.43737
47.920536
48.075153
47.418041
47.765923
47.166798
47.43737
46.90588
46.876888
46.886555
47.215111
47.137802
48.210438
47.843224
47.727268
48.113804
48.567974
48.925522
49.292728
48.567974
48.954514
49.022156
49.244411
49.15744
48.471344
48.052982
48.111359
48.40324
48.607552
48.714577
49.094021
49.045372
49.230228
49.726425
47.420582
46.59359
47.955696
48.61729
49.726425
49.454006
49.103748
49.736156
49.765347
50.621517
50.816105
51.166359
51.107986
51.234463
51.458237
51.730656
51.808495
52.090645
51.487423
52.022537
52.041996
52.314419
52.090645
53.053844
51.1469
50.465847
49.784798
50.232349
51.341484
50.611794
51.088524
51.069069
51.205276
51.467972
51.42905
50.86475
50.563145
50.329639
50.835564
51.039875
50.99123
50.728542
50.73827
51.069069
50.300449
50.845287
50.971775
51.059338
50.388012
50.436661
50.923126
51.205276
50.631248
48.072445
48.704849
48.136688
48.058323
48.254238
47.539143
47.813431
47.51955
48.518723
48.352196
47.656696
47.117924
47.333431
45.62896
44.776722
44.64938
44.502438
44.247746
44.884476
45.129372
44.815907
44.972637
44.659172
44.845287
44.786518
44.79631
44.717945
44.835495
45.060799
44.453457
44.012646
44.120403
44.179173
43.924484
43.483673
44.737537
44.943253
44.619987
44.139992
43.973461
44.130192
44.786518
45.540794
45.844463
46.647724
46.902416
48.430561
47.989754
47.793835
47.793835
47.862408
48.195465
48.244446
48.077919
48.518723
47.548943
47.578327
47.078743
46.71629
47.059147
47.499962
47.6371
48.685253
48.949745
48.802807
49.145657
49.707832
49.106209
48.879368
49.076618
49.254143
49.244286
48.948406
48.82019
48.997719
49.22456
48.830051
48.918816
48.208706
