Adjusted
70.35392
70.235977
70.499084
70.01825
69.628159
70.635155
71.206696
70.653275
70.607925
71.542366
71.106903
72.005043
71.496994
71.506065
71.569588
71.424438
71.406281
70.517212
70.662384
70.861969
68.87516
68.240128
67.913528
68.730019
69.05661
69.854958
70.462784
70.87104
71.088745
70.825668
70.526283
70.462784
70.426491
69.854958
69.365059
69.746086
68.330864
68.847946
69.8806
69.697807
69.81662
69.304871
70.191284
69.752625
70.090759
70.529404
70.648193
70.748734
71.982376
72.832245
74.139023
73.718666
74.047646
74.212128
73.371422
73.499336
72.941902
73.188637
73.252625
73.947113
73.517616
73.13382
74.10247
74.212128
75.299606
74.778709
74.787849
76.186005
76.12207
75.345284
74.550247
75.555473
73.389694
73.280029
74.367485
74.266983
74.340073
75.482361
75.217346
74.376633
74.093338
74.248688
74.020226
75.217346
76.231697
76.341354
76.633774
77.145523
76.834831
76.560669
76.597221
77.008438
78.268631
77.974266
78.691757
79.804756
80.365852
78.930901
78.250229
78.360611
78.682556
77.827103
79.657585
78.268631
79.593185
78.838928
77.633949
78.388206
79.850746
79.620789
79.160858
79.068886
78.921722
79.142471
79.519608
79.84156
78.443398
77.385574
77.422371
76.244987
76.530136
77.854698
79.133255
78.866516
79.786346
78.241028
78.737747
80.108307
80.007118
81.469635
82.628639
82.968994
82.987373
83.57608
83.014969
83.833618
84.477501
84.965004
84.983414
85.54451
85.167389
84.661476
84.762672
84.57869
85.121384
85.682495
86.032021
86.758682
86.050415
85.572098
85.719284
86.022812
85.443336
85.498528
85.829659
85.176575
84.602859
84.390053
84.667641
85.222832
84.547371
85.407906
85.731773
85.380157
83.945908
84.288269
84.186485
83.585014
83.797844
84.436317
84.639893
84.380798
85.241356
85.944603
87.138275
86.943947
87.212311
88.609558
88.822365
88.914917
88.896431
88.109871
87.452904
88.387466
88.766846
88.748352
88.304207
87.443626
88.211662
86.916183
85.750282
85.944603
85.731773
85.121078
85.074791
86.573822
86.925453
87.887794
86.712616
87.036499
87.332588
87.693481
87.351128
87.906303
88.813133
89.099976
90.247383
89.849495
90.663788
92.02401
92.949348
93.236198
93.310211
93.504539
94.6427
93.328743
93.920929
93.782135
93.680359
94.263329
94.858742
94.849434
95.696053
94.691269
94.300529
94.765701
95.212273
95.240189
95.835617
96.272881
96.254272
96.003075
95.528595
94.505219
93.788841
94.709885
94.849434
95.249481
93.853951
94.24472
95.10994
95.844917
95.258789
97.482353
97.286972
98.142891
98.645264
99.296539
99.668671
99.659363
99.343033
99.417458
97.761444
98.040543
98.226624
97.445114
98.114975
98.887169
98.91507
98.301048
98.74762
99.80822
99.547729
100.078011
100.794395
101.054893
100.208275
96.914818
96.486847
97.193916
96.49617
98.068466
103.334251
101.054893
100.78508
101.371201
101.975937
105.148453
104.571632
104.701866
105.241478
105.204254
105.595009
106.823082
105.753151
107.595261
107.530144
108.200005
105.911331
106.041573
106.45311
107.930824
108.501373
109.885574
109.57692
109.539513
109.661095
108.669708
107.622192
107.986946
106.93943
107.837318
109.483391
110.081963
108.894173
108.548111
108.501373
108.323654
108.660355
109.67981
108.968994
109.81073
110.502846
111.101418
112.420174
112.148941
108.80999
107.519318
107.304214
109.090576
106.836571
106.303452
106.873962
108.987709
109.455322
110.110046
110.212898
109.193451
109.89492
108.922234
107.809242
107.2668
108.108543
107.902786
107.257439
106.041573
106.930092
106.43441
107.940193
107.45385
107.135857
108.351707
113.224503
110.315796
109.375732
107.984451
107.91864
107.646019
108.116066
109.225327
110.682426
111.331047
111.838684
113.192368
113.906807
114.339249
115.016083
115.664719
117.394417
118.052475
119.161736
118.569496
118.278076
117.704643
118.033669
117.535446
116.679993
116.435562
116.792793
116.285164
115.523705
114.085419
114.367455
113.98201
113.925613
113.511993
113.916214
112.947952
113.399178
112.214714
111.443863
112.092491
111.895088
113.013763
113.389786
113.577812
114.076027
113.380371
114.649452
115.091278
115.486107
115.044281
114.677673
113.60598
113.540199
112.130104
112.468506
98.668472
100.971619
98.283051
98.546272
95.312462
95.500481
98.471062
97.87883
97.982239
99.223114
99.743095
99.970009
102.428116
101.870316
103.316826
104.375717
103.78009
103.666641
103.458649
103.562645
103.543716
103.950272
104.177162
104.139359
104.914619
105.945114
106.796013
106.143661
107.382179
108.545074
108.516693
109.499954
109.793037
109.660675
109.187965
108.00618
106.465118
104.59317
105.065887
103.742264
108.48835
108.970505
112.430786
108.942154
107.410538
108.809776
106.909462
104.753899
105.945114
102.21067
108.866524
103.288467
102.361938
103.137207
103.269554
104.59317
103.572098
104.139359
105.566971
108.185799
108.308716
108.942154
110.388657
111.078827
113.310051
114.832191
114.832191
115.909988
116.382698
116.382698
115.002357
113.480225
112.222801
110.823555
113.778984
113.351357
113.883514
114.909843
114.843307
115.337471
116.211739
117.342598
117.855743
118.226372
118.406937
117.741722
117.380608
116.962486
117.380608
118.39743
118.140846
118.88208
116.487343
116.610855
114.168602
114.729286
115.071388
115.831619
119.784851
119.119652
121.172279
121.894524
121.961044
121.847008
121.409866
121.723465
119.936905
121.15329
117.960274
117.494644
119.461754
121.476379
120.858704
120.507088
119.974922
119.556786
119.461754
119.423744
119.547295
119.547295
121.875511
121.390854
121.41935
119.461754
118.39743
116.943466
117.000488
118.245369
120.611618
120.763672
121.457367
122.502708
121.219818
122.33165
121.989548
122.835304
123.015854
122.882835
123.139412
124.659874
126.265869
125.391617
125.857254
124.56485
124.870453
123.609795
125.357506
123.036804
122.158173
121.537399
119.665535
120.601456
118.299835
119.455429
119.980682
119.273972
121.279533
121.308174
121.394142
121.06942
122.826691
121.928955
121.470543
119.035217
119.541374
119.598679
120.993027
120.133499
119.655983
119.369476
120.07621
119.732391
120.630127
120.152596
120.372261
118.977921
118.385796
118.080185
118.825104
116.934135
118.127945
117.774574
118.261627
118.175697
117.822311
116.408875
117.077385
116.179672
109.742752
109.370285
110.019699
108.28154
108.759071
109.7332
111.213509
111.394951
111.519096
113.094902
115.207581
114.813858
115.45726
115.735748
116.244713
116.302338
114.775444
113.056503
113.901573
113.517448
113.133316
113.23896
112.92205
113.757523
112.201828
111.155098
110.530899
109.5802
111.241531
112.547531
111.92334
110.905426
111.135902
111.817711
112.960472
112.134605
112.739594
112.076988
111.135902
109.743446
110.146774
108.78315
108.879173
111.251122
111.145493
111.40477
113.546249
112.557137
112.92205
115.447655
116.244713
116.830498
117.205009
118.39579
117.800392
117.925232
116.916924
116.916924
117.089767
115.860588
115.418854
116.75367
119.116013
110.194794
110.87661
109.868294
110.204399
110.963043
111.116684
110.69416
111.72168
111.039856
110.953438
111.590836
111.474945
111.822601
111.107956
109.88147
107.805138
104.782394
102.039696
100.793892
103.449677
103.449677
103.304817
101.856209
99.538429
102.319748
102.677078
101.044975
103.353088
102.310097
102.213524
101.991394
102.213524
103.826294
103.96151
104.376778
103.227547
104.241585
102.358376
100.861496
100.764908
100.697311
98.408531
98.582359
100.938759
100.42691
101.653397
103.45932
103.951859
106.655907
108.964027
109.784904
109.688316
107.660278
105.748123
106.559334
106.559334
106.163383
106.868378
107.534721
110.103584
110.905151
111.098289
110.625099
121.286812
124.000526
122.069061
119.973427
119.480896
118.824188
118.717957
117.906738
116.545052
115.78212
116.052521
115.40197
114.974724
120.062721
120.810371
121.5289
121.723091
122.68438
122.363945
120.99485
119.985039
120.858917
118.858681
119.392731
118.81015
117.237137
120.412254
121.829918
120.606461
117.110909
117.67408
115.800079
116.042809
116.013695
117.266258
114.236778
113.178398
113.858093
115.042694
116.246719
116.470055
115.916588
117.217712
117.431335
116.042809
113.87751
116.130203
114.071709
112.323936
111.226723
112.527847
113.547394
110.867447
110.255722
108.449684
106.682487
104.915291
105.692078
108.323456
107.070885
108.673012
107.012619
108.731285
113.450272
114.178513
113.362885
114.159103
113.984314
114.168816
113.799835
114.722275
114.673721
111.401489
111.984085
112.828842
113.741562
114.023163
114.149384
115.168922
114.382431
114.498947
115.732101
116.1521
114.579567
116.142326
116.689293
117.744164
116.718582
115.263275
115.165604
114.85305
114.276787
116.31813
115.107002
115.07769
115.185143
115.243736
115.976273
116.025116
116.601379
116.79673
115.663719
115.927444
116.200935
117.216721
115.741867
115.780937
116.620911
116.347435
117.441368
116.259529
116.630684
116.562317
117.040916
117.294853
117.109283
117.695313
119.648766
120.342239
120.68409
119.971092
121.14315
120.967339
121.914764
127.833725
127.794632
128.468597
130.431824
130.881088
131.232727
132.590347
133.410828
132.766159
134.055435
132.717331
132.619675
132.060028
133.768356
133.994156
134.121796
134.357437
135.682831
135.427582
135.820297
135.299942
135.280304
135.378479
134.710892
135.761383
137.312622
139.384171
138.971802
141.671738
144.234207
145.206161
143.537109
142.329544
143.124786
142.840057
141.936829
141.082672
140.758667
141.112122
141.239731
141.691376
138.814743
137.55806
138.667465
140.709595
144.018204
144.077103
144.548355
147.542816
144.126205
146.993027
146.315582
146.669022
146.561035
146.079941
147.061722
146.305771
146.747574
146.531586
145.107986
145.353409
144.764343
145.274887
144.754532
147.110809
148.868225
148.750412
147.523178
147.385712
147.768631
148.249695
147.238464
147.277725
148.004272
146.325394
145.510529
148.331757
146.151718
147.374908
148.538895
146.822479
146.940857
145.086349
144.790421
146.368729
146.230621
147.108566
146.605469
146.802765
147.315704
147.858261
149.328064
148.183777
148.075272
145.017288
146.930984
144.652298
143.95192
145.589417
144.790421
145.32309
145.096207
147.680695
148.04567
148.04567
148.607956
150.423019
151.527832
148.706589
148.686859
148.982803
148.134445
148.41066
150.472321
149.545074
149.002548
147.53273
147.138153
147.029648
146.526535
146.210892
147.197327
146.14183
145.30336
144.346512
145.15538
145.92482
146.69426
135.882813
138.200958
135.083786
134.580688
133.031982
132.232956
132.765656
135.724976
135.863083
146.339142
148.578354
148.884155
151.843491
150.12915
148.999451
148.612991
150.8228
150.733627
150.684067
153.58757
154.945175
155.103729
157.194626
156.342407
156.064957
155.807297
157.026169
157.026169
160.098129
156.877518
157.016251
156.629791
156.728897
156.619888
156.649612
155.926224
153.845215
154.667709
152.616425
152.40834
151.764206
151.754303
150.33725
151.585846
150.733627
