Adjusted
43.241959
43.425369
45.032433
44.971287
45.311909
46.263912
46.508461
46.386196
46.115437
46.543411
46.228977
46.578335
46.962639
46.674404
45.766079
46.429859
46.473537
45.975697
47.443001
47.294525
46.892765
47.3382
46.770496
47.250866
47.102383
46.971371
46.918964
47.076168
46.988831
47.103424
47.156315
47.235634
47.755672
47.852638
47.614651
47.835003
47.394291
47.976028
48.30217
48.178768
48.284538
48.266899
48.954414
48.548969
48.786938
48.619484
48.54015
48.548969
48.53133
48.54015
48.593029
48.178768
48.293354
48.74287
48.548969
48.980858
49.024937
49.615494
49.686001
50.056206
49.897545
49.800594
50.109085
50.179604
49.782951
50.082645
50.012135
50.761349
51.12273
50.690826
49.791771
50.39996
50.655575
49.615494
50.6115
50.752529
51.413609
49.40395
49.738888
49.765324
49.368687
48.813389
47.808571
48.21402
48.469639
48.011284
47.746868
48.055363
48.090622
48.31979
49.606678
49.677811
50.433601
49.740047
49.704475
48.922016
49.028713
48.833088
48.67305
48.139549
48.495209
47.792763
48.086201
47.26815
47.250378
46.681313
46.067783
46.316753
46.672424
46.805794
46.183376
46.041115
46.103352
46.281181
46.556831
46.547935
45.676552
43.933777
44.378365
43.622578
43.764843
44.27166
44.209435
43.675922
44.600658
44.902973
44.582882
44.974106
45.463158
46.049999
45.721008
45.827709
45.747688
45.827709
45.347561
45.054131
44.387249
44.991901
45.01857
45.338669
46.725761
46.761337
47.445995
47.623829
47.410427
47.223705
47.57048
47.908367
47.899471
47.410427
47.677177
47.632713
48.17511
48.059517
49.31575
48.633793
47.906982
47.431408
47.368599
47.377575
47.036598
47.072487
47.216057
46.704597
46.004692
46.184162
46.166225
46.121346
46.0406
46.821247
46.848164
47.027618
47.144276
47.440384
47.377575
47.476273
47.799305
48.131306
48.301811
48.597904
48.328712
48.391525
47.592922
47.045574
47.207088
45.798321
45.313774
45.16124
45.466312
45.34967
43.788364
43.411499
42.756458
43.115387
43.03463
44.102421
43.860146
43.99474
43.797333
43.887066
44.595936
44.470318
44.551067
44.999725
45.143288
45.358643
45.457344
45.654747
45.044582
44.156254
44.703606
45.206097
45.233021
45.197124
45.304802
44.874096
45.430428
45.116367
44.918964
45.807011
46.24197
46.223846
46.24197
46.160412
45.915756
45.752644
46.42321
46.522888
45.797958
45.634842
45.50798
45.526104
45.109264
45.190811
45.272381
45.879513
46.024494
45.752644
45.290485
44.610859
44.755852
44.574619
44.601803
45.770763
45.435482
45.489853
45.807011
45.979187
46.205727
46.441334
46.368839
46.214798
45.970119
46.305401
46.695057
46.386959
46.314472
46.830982
47.057529
47.184387
47.519684
48.398674
50.111332
49.984467
50.374115
50.383179
49.975414
49.042049
49.051102
49.141735
48.851753
48.271809
48.942364
47.71904
48.117748
47.773415
47.773415
48.217422
48.906124
49.395451
48.755386
48.901684
49.560047
50.520164
53.117031
53.080456
52.998154
53.062176
53.473648
53.638245
54.442902
54.506905
53.976559
54.726357
54.342312
53.6931
53.57423
53.857685
53.427921
54.132008
53.345627
53.830254
53.830254
54.31488
53.994846
53.555935
52.833569
52.486103
52.312366
52.559254
52.604969
52.67812
53.821106
53.784538
54.086281
53.9217
53.958271
53.601646
53.565079
55.256706
53.638245
53.446217
53.9034
54.333172
54.826939
55.256706
55.649895
54.890953
54.461185
53.656521
53.491928
53.9217
54.516052
54.040562
54.424614
54.022282
53.839401
53.546799
54.086281
54.406319
54.278305
54.333172
55.356586
55.411903
53.669331
53.789192
54.075016
54.084232
54.46225
55.061543
55.135307
55.07077
55.043106
54.831043
55.190624
54.849483
54.720406
54.600552
54.932468
54.978565
55.079987
55.089203
54.831043
54.287071
54.305511
54.240974
54.628208
55.310486
55.181396
57.191353
57.228233
57.062271
58.08569
58.12257
58.177891
57.320431
57.624691
57.809097
58.14101
57.726116
57.587811
57.735325
57.652355
57.938168
58.094906
57.9566
57.910507
57.403412
58.519024
58.675758
58.749531
59.238182
59.348831
58.804844
58.445263
57.873634
57.735325
56.297024
55.946659
56.822552
56.121838
56.343121
55.642406
56.223255
56.315456
56.582844
56.313305
56.870956
56.545662
57.019669
57.772484
57.633076
57.651669
57.921196
58.302254
58.376614
58.5532
58.655437
59.073669
59.185204
59.622028
59.687088
60.151791
60.412025
59.891556
60.207558
60.579323
60.662968
60.588619
61.155567
61.257797
61.88979
61.834034
61.41581
61.294971
61.518032
60.951092
60.858147
60.728035
60.272606
60.486385
60.254028
61.034737
60.988274
59.687088
60.63509
59.761444
59.622028
58.813431
58.683323
58.432377
57.530838
58.162846
58.646141
60.11462
60.11462
59.807899
61.387924
61.527328
60.254028
60.867443
62.084988
61.648151
61.843334
62.428848
62.26157
62.233677
61.899094
63.525574
63.060867
63.09832
63.360462
63.032784
62.995335
63.454056
62.920433
62.536613
63.060867
62.65831
62.583416
63.023407
63.772366
64.137482
65.888123
66.590263
67.760483
67.26429
68.181755
67.601318
66.515358
67.039627
65.111092
65.223434
64.8396
65.794495
67.826019
67.77919
66.861748
65.288963
65.682167
65.897476
65.625992
65.195351
64.58683
65.588539
64.942581
65.270248
64.811531
66.346855
65.466843
64.989388
64.951942
65.307686
65.288963
66.168976
67.432823
67.629395
67.835365
67.526413
67.507713
67.151962
66.440475
67.507713
67.404724
67.114517
66.365578
65.738335
66.852386
65.869408
65.167267
66.000465
65.953316
66.500175
66.528458
67.471313
66.952744
67.056465
67.773048
67.028183
66.849045
66.339897
66.028748
66.160744
67.056465
66.349327
66.613327
66.556747
64.501312
65.604462
64.850159
64.548447
65.585594
65.896744
67.009331
66.792473
69.338196
69.97934
71.770775
71.99707
71.242767
70.111343
69.243919
69.375916
69.649345
68.499054
67.443039
67.169601
67.235603
67.603325
68.027626
68.225624
69.696487
69.319336
69.262772
69.498474
69.291054
68.329338
68.272758
68.084175
68.169044
68.263329
67.490189
66.839607
67.113022
68.150192
67.763618
68.942192
68.87619
67.801323
67.933334
67.716469
69.074188
69.272202
68.301048
68.64048
69.362015
69.210098
69.248085
69.732262
69.646828
70.510765
70.539246
70.548737
71.108879
72.542458
74.90641
75.001358
74.004494
73.890579
73.748169
74.165886
74.545639
78.580528
78.96978
82.207176
79.947639
79.824226
80.488785
79.302055
78.836861
78.447609
78.722931
78.485588
78.096336
80.507782
81.504631
79.539406
79.264076
80.555252
81.779961
81.979332
84.238869
82.833771
83.052124
83.821129
84.324295
84.267342
82.007797
82.757813
82.947701
83.422394
81.238815
82.007797
82.368576
80.431839
79.890678
81.343231
80.783089
80.260933
80.23246
79.881187
79.795753
80.441338
78.514069
78.105827
79.283073
79.311546
79.636292
79.301994
80.142494
79.722244
79.645828
80.008774
83.408943
80.73465
77.105278
74.746185
77.458656
79.980133
79.454826
78.652534
76.217033
78.13678
77.936203
76.713669
79.15873
77.449104
77.210327
78.12722
78.213188
79.235146
80.658249
85.939964
84.516846
83.657265
83.857826
82.797668
81.51783
80.285744
76.159714
76.675468
79.932365
81.355469
83.590401
82.683052
80.390816
80.218895
80.008774
82.272369
75.873192
76.045105
75.691719
76.27433
77.85025
76.64682
74.297279
73.552299
73.523651
74.793922
75.558014
77.277191
79.34021
78.318253
77.907547
78.356461
78.003067
77.410912
76.990662
76.847389
75.796783
76.950157
77.5653
76.757942
76.459984
78.074738
78.141998
80.400719
80.468002
81.188866
81.44838
80.62178
80.487221
80.400719
78.853256
83.140015
81.275368
79.833633
83.255356
83.024673
83.05352
80.602562
81.611786
80.054703
81.390709
82.198082
82.938164
82.870888
81.477211
82.697884
82.572945
82.851662
82.515259
82.169243
82.899734
82.851662
80.98703
79.651031
80.842857
80.333435
78.247726
78.093941
77.152008
77.276962
76.219696
79.333832
78.084335
79.997047
79.410736
78.238121
79.276169
78.536079
78.776367
78.584145
73.826408
76.027458
75.354645
73.336235
73.134377
71.394676
71.433136
71.308197
70.875664
70.720802
69.123848
68.978661
70.97245
72.279037
71.107948
70.275604
70.662735
71.107948
71.71769
72.414543
71.233757
69.685204
70.401405
71.640259
70.89502
71.233757
71.040192
70.653053
71.175705
70.672417
72.250008
71.533806
68.949638
70.14978
66.839729
68.668961
67.99147
69.607773
68.881889
68.833504
68.349579
69.394852
69.472275
69.694885
71.059555
70.827278
70.691765
72.356476
72.19194
71.998352
71.572517
72.172585
72.743614
73.198502
73.101715
74.737381
74.766418
74.601891
74.882561
75.327774
75.434235
73.817917
74.050209
74.001823
73.101715
74.282494
73.798569
72.462929
72.850075
72.201614
73.159782
74.408302
74.349846
74.00885
74.369347
76.278999
74.427795
74.369347
72.40123
72.888374
72.177139
73.063766
72.62532
73.580147
73.063766
73.10273
73.015045
73.521683
73.19043
72.917603
72.781197
72.985825
72.518143
72.050468
71.962784
72.410965
71.816635
72.342773
71.962784
71.39769
70.705917
71.193077
72.040733
72.420715
72.966324
73.21965
76.142586
76.727173
76.922028
77.594322
77.964554
77.282532
77.613808
77.107162
77.62355
77.32151
78.519913
78.159416
77.896347
77.91584
78.21788
78.334801
79.494225
79.874222
79.981384
81.257736
80.799805
80.760834
81.043388
81.179794
80.5952
80.30291
79.464996
79.503967
79.40654
78.480949
78.990807
78.65744
78.696655
78.284836
78.549583
78.226006
77.520027
77.745544
78.020096
76.912109
76.490494
76.715996
77.068985
76.25515
76.235542
75.725677
75.353073
76.980743
77.059181
78.333855
76.715996
77.539642
76.951324
76.76503
77.284698
77.265099
77.61808
78.324059
79.294777
79.706596
79.579124
77.971062
79.304573
79.137886
78.186783
78.696655
79.422241
79.530098
80.157631
79.883087
80.491005
81.442116
80.216461
78.941788
78.441719
77.725937
77.000351
77.23568
77.02977
77.206261
76.725807
76.059059
76.235542
75.264839
74.676521
73.078262
72.401703
71.558464
71.234886
70.705406
71.078003
72.440926
72.578201
76.863083
77.31707
76.655823
76.014305
76.310387
75.935349
76.695297
75.668877
75.639267
74.997757
67.112083
68.217461
66.322525
66.273186
66.243576
65.108597
66.825867
66.381752
66.914703
66.500183
66.312668
66.964043
66.72718
67.743729
66.786392
70.438087
72.352753
72.461311
72.421837
72.293533
72.303406
72.826485
72.846222
72.10601
72.599487
72.589622
