Adjusted
25.348143
25.801281
25.995487
25.708805
25.420879
25.448746
25.85741
25.85741
25.606642
25.411594
25.393017
25.98744
25.755245
26.34967
26.182489
26.247499
27.036968
27.046255
27.176285
26.888367
26.916222
27.399195
26.823343
27.324892
27.399195
27.101986
27.334185
27.427057
27.761423
28.012196
28.281546
28.170088
28.560177
27.510651
27.139135
27.612816
26.312519
26.461121
27.204149
27.43635
27.67783
28.058634
28.680918
29.071011
29.377508
30.649952
30.77998
30.649952
30.872858
31.086479
31.058617
30.492058
30.046234
30.510626
30.064812
30.343451
29.971935
30.278433
30.139112
30.287716
29.944075
30.278433
29.581842
29.284632
28.78117
29.098162
29.741474
30.860277
31.05607
30.655163
29.471094
30.412748
29.28463
28.771849
29.107487
29.359219
30.179672
31.05607
31.382378
31.018774
31.363741
31.708702
31.06539
29.816065
30.72975
31.596828
31.923138
32.305401
31.979076
32.501183
32.659672
33.302994
33.228405
32.361328
32.864799
32.930065
32.855473
32.538479
32.445248
32.1469
32.855473
33.125847
33.899693
33.247047
32.911411
32.445248
31.587496
32.305401
33.461483
33.787819
32.976673
32.407944
33.023293
32.193523
32.836823
33.442848
33.13517
33.079239
33.023293
32.258778
33.13517
33.517433
33.974274
34.002251
34.832016
34.86932
34.477737
36.342407
36.174061
36.88483
37.3992
37.081226
36.997055
37.361786
37.520771
37.277611
38.783314
38.240891
38.745903
38.858128
38.643032
38.680439
38.858128
38.736546
38.5121
38.970345
41.560894
41.373859
41.027828
40.58828
40.466698
40.578926
40.504108
40.036503
40.354473
40.167427
39.868164
40.728561
39.980381
40.345119
40.419937
41.570251
41.327087
41.233574
39.587593
39.437962
39.727886
39.316387
39.85881
40.981064
41.009117
40.896896
41.364498
42.065907
42.215549
41.411263
41.551544
41.757301
42.019142
40.981064
39.475368
39.512779
39.166752
39.297684
39.634357
39.840099
39.419266
39.269627
39.886868
39.56889
39.241566
40.307709
39.653065
39.118477
38.996552
40.628452
41.078617
41.209927
41.050488
41.828918
41.838295
42.635483
42.316601
42.119659
41.069248
41.678856
41.885185
41.566315
42.644863
42.447914
42.588585
42.766785
43.291996
43.760929
44.0798
43.273232
45.730442
45.617905
45.711685
46.133736
46.884022
46.893406
47.090359
46.658943
46.461987
47.221653
47.343582
47.540535
47.774998
48.337727
48.14077
48.506538
47.540535
47.925056
47.503017
48.234558
48.487782
47.915676
47.277924
47.43737
47.774998
47.840645
46.96843
48.122002
48.122002
48.168903
48.347095
48.609699
48.722244
48.440887
48.131393
48.41275
47.390476
47.643696
47.990707
48.318966
48.883434
49.259754
49.043373
48.036728
48.620018
49.391468
48.676468
48.535339
48.309555
48.516529
46.98304
45.035606
44.405273
44.988567
44.094814
45.157902
45.186131
43.069363
44.085411
44.320602
45.24258
46.362125
45.675354
46.277443
46.484425
46.634945
46.26804
47.048897
46.663166
46.860733
46.992451
47.763893
47.161789
46.757256
46.710217
47.161789
46.841927
48.064949
48.111988
48.855206
49.786598
49.10923
48.911667
48.723503
47.876793
47.425209
47.425209
47.509888
48.262516
49.062187
48.921059
48.911667
48.704689
47.999092
46.804283
46.954819
47.669819
47.8862
48.516529
48.497707
47.396992
45.562454
45.496384
46.251503
44.476955
43.10828
43.485851
43.835098
44.958351
45.373672
45.184887
45.779545
46.062725
45.845619
44.845081
44.193779
45.430309
45.78899
45.779545
46.42141
46.685707
45.685162
46.194866
47.053825
46.86504
48.016609
48.195953
47.185966
44.750687
44.599667
45.269836
44.882828
45.373672
45.751236
45.581333
46.100479
45.194321
45.345348
45.269836
46.72345
47.157654
47.988289
47.667362
47.912781
48.092129
48.328106
47.837269
47.355869
47.714561
47.63905
49.168175
49.168175
49.054909
49.659012
49.215366
48.526314
48.526314
48.677349
48.592392
48.554638
49.20594
49.281445
50.291428
49.838352
49.04306
49.431248
49.052532
49.298683
49.819416
49.876228
49.724739
48.919975
49.84782
49.506981
50.037174
49.895161
50.254936
50.008778
50.084511
49.431248
50.188656
49.601654
48.427658
49.033596
48.550735
48.370853
47.973202
47.925865
48.35191
48.62648
48.967316
49.336552
48.692749
49.819416
50.027714
50.491631
50.965015
50.586304
51.410007
51.836048
51.902328
51.750847
52.110626
52.356789
52.072739
51.646702
51.570953
51.400532
50.908215
51.343727
51.135437
51.930729
51.286915
51.769783
51.561493
52.726021
52.678684
51.902328
51.47628
52.120087
50.785126
51.144909
51.021828
50.728329
48.948383
48.730618
49.828888
49.715275
48.484467
48.987831
47.173813
46.594471
46.015125
45.815685
44.134632
44.514534
45.7397
45.720699
47.268795
46.689449
47.240295
48.057079
48.569939
49.491188
49.690643
50.241493
52.008018
51.827564
51.932041
52.986252
53.119217
52.976746
53.271179
53.45163
53.242687
53.518105
53.413643
53.2047
53.480125
53.480125
53.841026
54.790764
55.256145
54.923737
54.6768
53.784039
52.8153
53.375648
53.594086
53.280674
54.524841
54.163933
54.524841
53.252186
54.078465
52.245449
52.055504
51.238728
52.796303
54.667305
55.484081
55.208668
55.731014
55.63604
55.560062
55.816494
55.844986
54.77177
54.534332
52.853294
51.162743
51.875053
53.066597
51.81786
51.360313
50.816959
49.4729
47.909588
49.024887
48.796108
49.329922
50.511932
49.730274
49.911388
49.27272
48.27182
49.07254
47.642696
49.177399
50.721642
50.712109
51.26498
53.190517
53.886375
54.334404
55.116058
55.34483
55.707058
56.088356
55.220909
55.440151
55.773777
55.154186
55.726124
55.535477
55.39249
54.944469
56.021629
55.726124
55.316231
55.602203
56.164616
56.288528
53.743393
53.962635
55.34483
54.944469
55.945366
55.659397
55.497345
54.677563
55.497345
55.249508
54.353466
53.85778
54.343933
53.905434
54.849152
54.772888
54.210476
54.772888
54.362995
53.95311
54.383583
54.833191
54.345318
54.613171
54.115734
55.904598
55.531521
54.326191
55.014946
55.043644
55.617611
55.65588
54.833191
54.173122
54.747097
55.703709
54.039204
54.995811
55.483688
55.780239
56.095921
56.23941
56.220284
56.497704
56.220284
55.9907
56.191582
55.579353
56.220284
56.363777
56.660328
56.43074
56.06723
54.73753
55.29237
55.196705
54.536636
54.440975
54.881016
55.942863
55.550659
56.85165
56.746418
57.19603
58.497032
58.917938
58.563988
57.999584
58.171776
57.655205
57.903927
57.35865
58.363102
58.975334
58.229176
57.741302
58.277004
56.105488
56.650761
57.138638
56.57423
56.000259
55.875904
53.975288
54.71442
56.087078
56.567032
56.192669
56.173473
56.730213
56.058281
55.866306
56.288658
56.317451
55.67432
55.626324
54.810406
55.107979
56.298256
54.973591
54.061684
53.927303
53.984886
54.090481
53.946503
53.514538
55.136776
53.821709
52.823406
53.927303
54.234474
54.109676
54.148075
53.140179
51.028393
48.647835
46.20969
45.374573
47.495953
49.396553
49.079788
48.753429
46.36327
47.179192
47.428757
46.459263
47.534355
47.207993
47.745529
47.92791
47.563152
48.465458
48.705437
47.351963
45.691338
46.344074
45.595352
45.528156
45.278584
46.065704
44.222691
45.038601
45.556953
45.624142
45.297775
46.708832
46.785625
47.460327
47.874783
47.682018
47.662739
47.036228
46.737438
47.874783
48.279606
48.433826
48.848286
48.626598
49.532612
50.448284
50.188042
49.426601
51.286839
51.903706
51.575996
52.674801
52.809734
52.886845
53.118168
54.89167
53.802513
53.841064
53.629013
52.356724
52.366364
53.21455
52.99287
53.831421
53.580822
53.407326
52.780815
52.771175
52.771175
52.944675
53.002506
53.494076
52.944675
52.520576
53.78323
52.597683
51.441067
50.332623
50.824192
48.790451
48.549488
49.445869
50.062737
48.424183
46.910927
47.229004
48.000084
48.896477
48.81937
48.771175
49.262737
48.992867
48.443462
47.32539
47.363941
45.224182
43.954762
42.869469
41.861679
42.152386
40.485668
40.224037
39.167805
38.460423
37.016575
37.375114
38.363518
37.336353
37.917763
37.675514
37.375114
38.237545
38.014668
36.347954
36.347954
34.79752
34.671547
32.365284
32.752888
33.218021
29.826448
31.638519
32.869167
34.768452
34.807209
34.845966
35.582428
34.758759
34.400223
35.272343
36.347954
35.398315
37.685204
38.024364
38.567009
38.305378
38.218163
36.871223
36.929367
36.948746
38.818958
39.138733
38.702675
39.041832
39.584484
40.379074
40.185272
39.865494
39.070896
38.053429
38.634838
38.363518
38.731747
37.9856
38.576698
38.247238
37.384811
37.452641
36.448051
36.594349
37.316086
38.30117
39.978737
39.978737
39.695896
40.007999
40.749249
42.14397
42.465828
43.246094
42.709663
43.402145
43.528942
42.651142
42.378052
43.041279
42.095203
41.588028
39.861702
40.398129
40.573689
41.929398
41.890385
41.978165
41.539261
42.075699
42.212242
43.958084
43.285107
43.489922
43.168064
43.899555
44.709084
44.153145
45.021191
44.718834
44.582291
44.913902
43.33387
44.367722
44.377476
44.523773
43.23634
41.978165
41.773342
41.032093
40.973572
40.915058
41.07111
41.549023
41.529514
41.607536
43.275352
37.520908
34.624184
35.862854
37.003983
37.813511
37.794003
36.184708
36.682133
36.809769
38.174545
38.83239
40.639004
40.216808
42.092148
41.915413
42.435802
42.52417
42.641991
42.533981
42.661629
42.435802
42.907089
42.58308
42.916908
42.877632
42.484898
42.033241
43.987133
42.219795
44.68425
45.302818
45.273365
44.31115
44.831528
44.399513
45.243908
45.263542
45.35191
44.802071
45.018082
44.821712
45.086811
45.076992
45.587559
45.73484
46.353405
47.207619
47.158527
46.579235
47.187981
46.147217
46.078487
46.284676
46.117764
46.402496
46.255222
45.970482
46.726513
45.420639
45.646473
45.567917
46.30431
45.80357
45.459919
44.694073
45.214451
45.725018
45.037716
46.127575
46.294495
46.932701
48.442841
48.561283
48.02829
48.64024
48.097382
48.265171
47.613743
48.265171
48.186211
48.186211
48.502056
48.196083
47.850624
48.136864
47.613743
48.294785
49.064655
48.788292
48.452709
48.196083
47.830883
50.70311
49.627258
51.463112
51.976364
56.763397
58.253796
59.329643
60.602898
61.619522
60.681858
61.80706
61.431992
62.369659
62.823689
63.317196
63.317196
62.330181
62.497974
63.267845
65.291229
64.274605
64.166031
65.291229
66.278252
67.590988
67.245529
66.307869
66.169678
65.370201
66.594101
65.528114
65.804482
66.840851
66.90007
66.554611
66.712532
66.712532
65.735382
65.261627
65.409668
