Adjusted
22.440802
22.320356
22.246225
22.060919
22.16284
22.097982
22.38521
22.413002
22.246225
22.320356
22.116512
22.209166
22.329617
22.635372
22.607578
22.978195
23.256155
23.209827
23.469259
23.441463
23.580448
23.441463
23.571178
23.876938
24.349476
24.738615
24.766417
24.627434
24.896132
25.062908
25.544708
25.072172
25.183353
25.350136
25.303806
26.091366
24.794214
25.235281
25.435104
25.596878
25.121094
24.61677
24.92127
25.121094
25.092545
25.378019
25.378019
25.587355
25.330439
25.924667
25.991436
25.419144
25.276072
25.485909
25.361912
25.590828
25.772055
26.115425
25.9342
26.163118
26.172657
26.096352
26.172657
26.706793
26.220346
26.640026
27.145546
27.79414
27.870447
27.689222
27.155087
28.213816
27.517532
27.279083
27.708298
27.889517
28.538115
28.900562
28.852875
28.604883
28.767031
29.463312
29.186707
29.663616
29.844843
30.407587
30.522045
30.712809
30.378977
30.235903
30.226364
30.378977
30.321747
30.235903
30.541124
30.398052
30.111906
29.835304
29.167629
29.2344
29.711304
29.530083
30.064215
29.930679
29.291624
28.528576
27.870447
28.003983
28.15659
27.899055
27.059702
26.468336
26.910961
26.538124
26.519005
26.155733
25.266668
24.291561
24.578358
23.832689
23.880491
23.909164
24.683512
25.065907
25.285786
24.960751
24.6166
24.97987
24.520996
24.951191
24.893833
25.610821
25.5917
25.582142
25.773335
26.146172
26.738878
26.461645
26.452085
26.528563
26.002775
26.021893
25.821138
25.276228
25.534342
25.649063
26.193972
25.897615
25.859377
25.582142
25.582142
25.754219
25.983658
25.658619
25.715981
25.543901
25.314465
25.419624
24.55924
24.721756
24.444521
24.501881
24.865154
24.607037
24.023888
23.80401
23.976086
23.832689
24.396721
25.037231
25.180626
25.400501
26.060133
26.719765
26.614603
26.387524
26.684547
27.115719
26.876177
26.531246
26.454596
26.128824
25.908445
25.946772
26.138401
26.224638
26.157564
26.100077
26.243799
26.569569
26.167139
26.521664
26.205469
26.013844
26.243799
26.895342
27.575634
27.364838
26.847437
27.249859
27.240278
27.498976
27.575634
28.246336
28.093029
28.121775
27.930151
27.920568
27.613956
27.642704
27.154043
27.50856
27.910984
27.891825
27.863079
27.269022
27.671442
27.546888
26.991156
26.93367
26.885761
27.086973
27.048645
27.163626
26.674967
27.106136
27.681026
27.709776
27.489399
27.345676
27.460653
27.221115
26.636641
26.770782
26.607897
26.93367
26.866598
26.636641
25.965937
26.362572
26.12248
26.352972
26.458609
26.80435
26.32416
26.842768
27.025238
27.121281
27.265335
27.063654
27.169298
27.217318
27.370977
27.246126
26.881182
26.813957
26.698709
26.80435
27.063654
26.285746
26.516232
26.765938
26.746727
26.833162
27.332563
27.515036
26.996428
26.32416
25.959211
26.46822
26.256931
26.4298
26.247328
25.286943
25.613474
25.565456
25.930403
26.612272
27.025238
27.150089
27.063654
27.169298
27.015636
27.092468
26.525839
26.698709
26.842768
26.861975
26.881182
26.881182
27.03484
26.833162
26.46822
27.102068
26.890781
26.919598
26.746727
26.487423
25.863176
25.651888
25.240835
25.346729
25.404488
25.683657
25.558508
25.606647
26.136105
25.991707
26.174608
25.818426
25.731792
26.261253
26.954361
26.809965
26.694443
26.338263
26.020588
25.645149
25.385235
25.548885
25.404488
24.826895
24.846144
24.788389
25.029051
25.106066
25.067558
25.346729
25.269718
25.231207
24.749876
24.44183
24.643988
24.566977
24.672867
24.798014
24.615107
24.384073
24.720997
24.788389
24.643988
24.538094
24.538094
24.528467
24.220421
24.162661
24.153032
23.710209
23.652451
24.29743
24.461082
24.884651
24.798014
24.672867
24.692123
24.547724
24.066397
24.239672
24.682497
25.173447
25.31785
25.260086
24.913534
24.839224
24.868177
25.244532
25.601578
25.69808
25.746332
25.630529
25.572632
25.408579
25.495434
25.312078
25.225225
25.302429
25.148027
24.858528
24.983976
24.742723
24.443573
24.636572
24.636572
24.578676
24.713778
24.472525
24.404978
24.17337
24.424274
24.183023
24.260223
24.144421
24.472525
24.202326
24.17337
24.144421
24.154074
23.84527
23.690868
23.76807
23.613668
23.739124
23.48822
23.439972
23.874224
24.047924
24.250576
24.192673
24.10582
24.047924
24.028622
24.067217
24.183023
24.134771
24.134771
24.125124
23.990026
23.883871
24.057571
24.076876
24.607626
25.273479
25.437531
25.283129
24.858528
24.877827
24.93877
25.238653
24.919424
24.745296
24.754971
24.900076
24.590517
24.213243
23.874666
23.894012
23.439346
23.652172
23.332937
23.062078
22.675129
22.829905
23.052402
22.771866
21.901232
22.29785
21.659388
21.204729
20.730715
20.972561
21.127337
21.166029
21.601347
21.630369
21.930256
21.765802
22.268831
22.355898
22.181765
22.762188
22.433283
22.433283
23.004034
22.878273
22.878273
23.139462
23.081423
23.023376
23.410332
23.574781
23.652172
23.565107
23.613476
23.352285
23.729557
23.44902
23.371632
23.381306
23.2362
22.994358
22.955666
22.375242
21.862541
21.872213
22.3172
22.33655
22.3172
22.268831
22.3172
21.891556
22.069078
21.147511
20.924393
20.410263
21.002005
21.448236
22.03998
21.981775
22.030277
21.768358
21.739256
21.981775
21.972075
21.748957
21.952671
21.234821
21.011703
21.254219
22.117584
21.816862
21.448236
21.438536
21.215422
20.992304
21.186317
21.487036
21.739256
22.476507
22.350401
22.816036
22.942144
22.069078
22.19519
21.991474
22.117584
22.602619
22.573519
22.709324
22.689924
22.864536
22.709324
22.602619
22.806334
22.796633
23.01005
23.126453
23.233162
23.388378
23.194363
23.446577
23.33987
23.058548
23.019747
22.990648
23.271965
23.077955
23.242861
22.709324
22.699623
22.350401
22.563816
22.965542
22.946091
23.130903
22.508371
22.741819
22.440283
22.420828
22.615368
22.420828
22.060926
21.642666
21.564848
21.730209
21.681572
21.691296
21.866386
22.294378
22.226288
22.265194
22.372194
22.440283
22.459738
22.391651
22.450008
22.265194
22.090107
22.255466
22.148468
22.090107
22.148468
22.420828
22.625097
22.955814
23.150356
23.121176
23.305984
23.374079
23.121176
22.848818
22.878
23.344894
23.354622
23.276808
23.305984
23.403259
23.393532
23.597799
23.656162
24.152241
24.298147
24.239784
23.938246
24.006334
24.288416
23.957701
23.86043
23.899336
24.161972
23.607529
23.899336
23.879885
23.685343
23.947973
23.872883
23.580322
23.434046
23.424294
23.190243
23.609575
23.580322
23.794867
23.804619
23.726603
23.463299
23.960651
23.521811
23.677845
23.785114
23.921644
23.794867
23.970404
23.580322
23.755859
24.145939
24.555523
24.575027
24.301968
24.360479
24.233707
24.13619
23.960651
23.424294
23.121979
22.819668
22.800161
23.151234
23.151234
23.248756
22.936689
22.74165
22.731897
22.468596
22.302811
22.566116
22.800161
22.400331
22.566116
22.468596
22.770906
22.722147
22.575869
22.419834
21.746948
20.888773
20.0306
19.923326
20.225637
21.181332
20.966789
20.92778
20.196381
20.342663
20.420677
19.816051
20.401171
20.215885
20.463362
20.365543
19.886238
20.101437
20.179691
19.974276
19.847116
19.671041
19.817772
19.719952
19.778641
19.807987
19.485189
19.641693
19.817772
19.172174
19.250429
19.641693
19.866676
20.492708
20.649216
20.610086
20.199257
19.896021
19.641693
19.896021
20.042746
19.944929
19.837332
19.465622
19.710169
19.759079
19.592793
19.671041
19.651478
19.563444
19.573227
19.690605
19.641693
19.534098
18.91785
19.04501
18.487453
18.5168
18.379852
18.027714
17.61688
18.017931
17.714699
17.949459
17.72448
17.665787
17.65601
17.61688
17.558191
17.489719
17.294085
17.352774
17.6071
17.56797
17.411465
17.147356
17.254957
16.94194
16.905617
16.326393
15.786431
16.650364
16.188944
16.061319
16.159491
16.306755
16.542372
17.111784
17.013607
16.699451
16.846714
16.787809
17.072515
16.70927
16.748541
16.493284
16.247852
15.668622
15.609716
15.383918
15.118845
15.825703
15.452638
15.648988
15.98278
16.198765
16.522739
16.179129
16.041683
15.914057
15.884605
16.257666
16.247852
15.698073
16.080952
16.110407
15.737346
15.167933
14.686878
14.647609
14.343268
14.510165
14.519981
14.951949
14.706512
14.49053
14.765419
14.49053
14.353086
14.353086
14.559252
14.18619
14.981401
15.285742
15.305376
15.40355
15.560631
15.148298
14.91268
14.866345
15.043797
15.171954
14.314281
14.964928
15.566286
16.384527
16.325375
16.098633
15.773311
15.802886
15.645152
15.615578
15.704303
15.940901
16.000053
15.832461
15.753592
15.931045
15.30997
15.201529
15.447987
15.832461
16.443676
16.660561
16.621126
16.6507
16.739426
16.759144
16.719707
16.769003
16.6507
17.064751
17.094326
16.70985
16.443676
16.690134
16.23665
15.990193
16.345095
16.729567
16.48311
17.459082
17.429508
17.321066
17.242201
17.271776
17.222483
17.429508
17.537951
17.439367
17.222483
17.528091
17.646393
17.636534
17.715399
17.843557
17.833702
17.774551
17.311207
17.537951
17.685825
17.744974
17.50062
17.134579
17.055437
16.639933
16.778433
16.709181
16.847685
16.90704
16.847685
16.966398
17.787516
16.105715
15.482458
16.026571
16.511324
17.144472
17.282972
16.699289
17.055437
16.986187
17.273081
17.223616
17.40169
17.599546
17.668798
17.639118
17.747944
17.728157
17.836979
17.886444
17.965586
17.945801
17.926016
17.975481
17.945801
18.064516
17.886444
17.60944
17.807299
18.450342
18.658094
18.608627
18.598734
18.628414
18.578951
18.460234
18.717449
18.618523
18.628414
18.658094
18.499805
18.440447
18.480022
18.371197
18.628414
18.618523
18.836168
18.885632
18.944988
18.687773
18.826273
18.638309
18.994453
19.261562
18.776808
19.172523
18.806488
18.648199
18.939034
18.829849
18.81992
18.780216
19.008518
18.929108
18.700808
18.472507
18.621399
18.720661
18.601547
18.89933
18.80007
18.720661
19.157408
19.40556
19.40556
19.365856
19.127632
19.256672
18.760365
18.829849
18.492357
18.81992
18.661104
18.661104
18.621399
18.690882
18.522139
18.661104
18.571768
18.571768
18.532064
18.44273
18.184649
17.966276
17.777678
18.522139
18.67103
19.504824
20.050762
20.626476
20.606623
20.715811
20.596697
20.626476
20.834925
20.904406
20.874628
21.142632
21.192265
20.944111
21.172413
21.857315
22.601774
22.383398
22.790369
22.810221
23.237043
23.733351
23.822685
23.765957
23.377821
23.407677
23.477343
23.347963
23.268345
23.775908
23.666435
23.387774
23.427582
23.377821
23.10911
23.089205
23.138966
