Adjusted
29.497231
29.191328
29.02527
28.990307
28.474659
28.789295
29.322424
29.357389
28.937874
28.859213
29.156376
29.374868
29.304955
29.042751
28.972834
29.051487
29.103931
29.471014
29.348658
29.514709
29.235025
30.170197
29.715729
29.908005
30.109024
29.663282
31.804564
31.848259
32.005585
32.136681
32.617378
32.407623
32.780861
32.163193
31.88966
32.533802
31.863182
32.154362
32.410271
32.180851
32.172016
32.066139
32.577923
32.454388
32.436741
32.516159
32.604397
32.498512
32.322029
32.41909
32.013187
31.78377
31.792587
32.08379
31.527874
31.942602
31.960249
32.39262
32.207317
32.445564
32.004372
31.845537
31.210211
31.466106
31.36022
31.501404
31.695528
32.41909
32.383789
32.039665
31.651415
32.03083
30.821966
30.204287
30.301355
30.627832
31.236689
31.54553
32.022015
31.413158
31.73082
32.136719
31.854364
32.304386
33.133823
33.0103
32.789703
33.054413
32.736744
32.833813
32.789703
33.00148
33.204426
33.160297
33.029366
32.673054
32.664146
32.352375
32.37019
32.352375
32.45927
32.592892
33.171883
32.494904
32.815586
33.038265
32.45927
32.254395
32.690868
32.797752
32.753216
32.37019
33.180786
32.993732
33.448013
33.884487
33.323311
32.45927
32.735405
32.334568
32.788857
32.913555
33.038265
33.180786
33.287682
33.358936
33.6707
34.05373
33.350025
33.6707
33.875576
34.668346
35.131542
35.069202
35.282982
35.621464
35.657097
35.514584
35.434414
35.639278
35.167183
35.345337
34.99794
34.92667
34.962311
35.398785
37.135765
36.9487
37.12685
36.797272
36.530045
36.38752
36.17374
36.307354
36.414242
35.942146
35.10482
35.193897
34.981777
35.152569
34.909882
35.107628
35.125591
35.20649
34.64024
35.035709
35.080654
34.882915
35.224457
35.566013
35.152569
34.963814
34.999763
35.440174
35.440174
35.476128
35.592976
36.015427
36.204163
36.338982
36.356964
36.168213
36.249107
36.797382
36.267082
36.482803
36.222145
36.213154
36.222145
35.85363
35.503098
35.404228
35.485119
34.954826
34.891903
35.67387
36.042374
36.303036
35.557037
35.871609
36.123272
36.222145
36.401905
36.419888
34.999763
35.044701
34.93684
35.422211
36.222145
35.907558
38.612988
38.235485
38.307396
38.343338
38.621975
37.893936
38.550068
38.612988
39.098351
39.044415
39.026432
39.197212
38.96352
38.541229
38.76778
39.719303
39.701183
39.728367
39.411194
39.329632
39.22995
38.740601
38.640911
38.44154
38.359993
39.474621
39.248077
38.976212
38.196869
38.033749
37.635014
37.843441
38.006557
38.559349
38.686218
39.347755
39.945858
40.263031
40.190533
40.127098
40.290218
40.553024
40.027409
40.362709
40.281155
40.50771
41.042381
40.978943
40.843006
40.915512
41.785469
41.993896
41.930458
41.867027
41.912338
41.740162
40.770504
39.945858
39.927727
40.824883
40.426151
41.105808
40.652702
39.528999
39.519936
39.601505
39.610558
40.272091
40.56208
40.643639
41.277988
41.513611
41.468292
41.232681
41.008915
41.282909
41.337711
41.346836
41.410786
41.584316
41.657383
41.602577
41.054577
42.296719
42.515919
42.607258
42.54332
42.479382
42.196247
42.397182
42.159714
42.077522
42.643787
43.283123
43.173523
43.922462
43.337936
43.420128
43.529732
43.063927
42.42458
42.853859
43.621056
43.703259
44.086864
44.360863
43.091324
42.844723
43.465797
44.123405
42.890388
42.433716
42.561584
43.082184
42.42458
43.228321
43.474922
43.748936
43.876793
44.196465
43.073059
42.872116
43.20092
43.420128
42.61639
42.716858
42.707718
42.333252
42.82645
42.999996
42.817314
43.53886
42.82645
42.42458
41.876583
42.378922
42.706589
42.338421
42.651356
42.743401
42.945892
43.461311
43.498131
43.544151
43.811066
43.488922
43.654594
43.958324
44.427731
44.777489
45.375748
45.486195
45.52301
45.246887
45.228477
44.979973
45.412552
45.292915
45.274502
45.430969
45.541412
44.878727
44.952358
44.584202
44.786686
44.924744
45.808331
45.651867
45.863556
45.52301
45.375748
45.688686
45.348133
45.173256
45.173256
44.731461
44.869518
44.317287
44.676243
44.68544
44.989178
43.360062
43.433693
42.24638
42.45808
42.568527
42.568527
41.436428
42.375237
42.559322
42.5317
42.936687
41.942654
42.310806
42.586929
42.872253
43.277229
43.332462
43.599365
43.286434
43.635143
44.135952
44.321442
44.302887
44.247242
44.349266
44.200871
44.534744
45.285961
45.239578
45.044827
45.091194
45.304497
45.415794
45.081921
44.785145
44.868607
44.210144
43.876278
44.571838
44.896435
45.619827
44.914986
44.516193
44.052483
44.31216
43.913364
44.145226
44.071033
43.802074
42.726269
42.921032
42.78191
42.642799
41.669014
42.846836
42.234737
37.059727
35.881905
35.436741
34.991585
36.345615
35.603687
36.280701
37.644012
37.069004
37.412151
38.061352
38.181908
38.840385
39.155701
38.107716
39.981102
40.073849
39.767799
40.426277
40.35207
40.008926
40.333527
40.231514
40.231514
39.777077
40.212959
40.491188
40.834339
40.345322
40.429482
40.934383
41.196182
41.252281
42.121826
42.215324
41.822624
41.747829
43.561737
43.028782
43.281239
42.34623
42.458435
41.588879
41.785229
40.859581
40.32663
40.298573
40.868923
42.224674
42.336884
42.673489
42.813736
42.860477
42.73893
42.561279
42.280788
42.177921
41.953529
41.018524
40.223774
40.448181
41.73848
41.626278
41.168133
41.11203
42.084431
41.570179
41.92548
42.31818
43.169029
43.51498
43.496277
43.74873
42.813736
42.73893
42.869831
42.168575
41.860031
42.626732
43.318634
45.852486
45.478489
44.767879
45.702888
45.693531
46.731388
47.41394
47.600941
47.41394
47.580608
47.957256
47.665359
48.52224
48.352745
48.465736
48.277412
49.35088
48.428078
48.475159
47.910179
47.787758
48.333916
46.638977
46.158741
46.789639
46.629559
47.48645
46.827305
47.279289
47.364037
47.900761
47.439358
46.723724
45.283028
45.396027
46.337658
46.977962
46.04575
45.490192
45.367775
45.499603
46.073997
46.064579
46.516563
47.081543
46.638977
45.951588
47.18512
47.326366
46.328239
46.714314
46.356491
46.422401
45.735004
44.56739
44.586224
45.141781
44.840462
44.878128
45.753849
45.98925
44.765133
44.360226
44.642723
46.111668
46.507153
46.224659
46.761387
46.940296
46.384739
46.121082
45.834614
46.176098
45.901009
45.9105
45.303417
46.005352
46.365803
46.602951
46.565006
45.80616
45.550045
44.876564
45.018848
44.259998
44.430737
45.066273
45.18959
44.923992
45.151646
45.284451
45.436214
46.489117
47.115177
47.817108
47.617912
46.934952
46.802147
45.92947
44.772224
44.990395
44.24102
44.136688
43.415771
43.320919
42.391319
41.907558
42.543098
42.637959
42.894066
42.656929
42.220581
42.05933
41.727337
41.547104
39.92506
40.475227
39.716377
39.631008
40.46574
40.570084
40.702888
40.636482
40.589054
40.589054
41.575565
41.006424
41.319454
42.135216
41.471218
41.594524
41.158192
41.063339
41.281502
40.721855
40.484715
39.393871
38.739353
38.075356
37.534672
38.976494
40.532139
41.015911
40.313969
38.265076
38.976494
39.593063
38.891125
42.552578
42.426365
42.263813
41.967388
41.996078
42.08213
41.986511
41.431927
40.92514
40.858208
40.15062
39.538658
39.471718
39.567341
39.070118
39.844639
41.202435
40.341854
41.479729
43.105267
43.372993
43.965836
44.606491
44.243137
44.252697
44.042332
45.237579
45.256702
44.883781
45.161083
45.323639
45.094147
46.719681
46.958729
46.385006
45.830421
46.432819
45.314072
46.174648
46.748367
46.681427
46.843987
45.811298
45.753922
45.725239
45.094147
45.036774
44.338757
43.640728
43.937157
44.061459
45.274757
45.467503
45.66024
44.908546
45.515686
45.438591
45.958984
46.527573
46.72995
44.966377
44.74472
45.650604
44.985649
44.532711
43.858112
43.703922
43.019691
42.990788
44.397789
45.40004
44.75436
44.417061
45.149475
45.457859
45.592781
45.544594
45.80479
46.373379
46.007172
44.850735
44.31105
43.983398
43.299164
41.111565
40.022575
39.993671
40.330963
39.81057
40.514069
39.04924
40.186409
41.29467
42.027084
41.574139
41.631962
42.643848
41.757244
41.593418
43.183529
42.817314
41.612686
40.783905
41.188663
40.687538
39.723835
39.762379
38.808311
38.210819
38.943233
40.118946
41.111565
40.799587
41.178623
41.858944
41.071712
42.451786
42.578133
43.61805
43.23901
43.948486
44.453865
44.823177
45.513218
46.378189
45.357716
46.174095
45.775623
47.243164
46.747505
46.737789
46.679474
47.068222
47.729103
47.379227
46.951603
46.611443
46.766941
46.660038
47.437546
47.466698
46.844696
46.922447
47.019634
47.282043
47.272324
46.533699
47.087669
47.039066
46.941879
47.836014
47.884609
47.388943
47.525013
47.155693
48.195614
48.040108
48.312233
48.17617
48.671837
48.924522
48.117859
47.223728
47.962353
47.427822
47.058506
46.47538
46.601723
46.23241
46.980762
46.961319
45.999161
45.833939
46.601723
46.436501
46.971043
46.647911
47.803341
47.842503
48.919598
49.125225
49.605019
49.92815
50.603779
50.633152
50.642948
50.731071
50.682114
51.710251
51.886497
51.671082
51.161907
50.828991
51.112949
51.01503
50.966076
50.143566
50.789822
50.828991
50.515652
51.739628
49.418976
47.127705
48.332096
48.665012
49.702938
49.370022
48.802097
48.459389
49.350437
50.789822
51.259823
51.994205
52.141087
52.493591
52.650253
52.914635
52.591503
53.208389
52.679626
53.041924
53.139843
56.145912
55.891327
55.509445
54.481312
54.647774
53.835056
54.177773
54.589024
55.382156
55.450699
59.367397
59.093224
59.504482
59.249897
59.935318
59.563232
59.680737
60.311127
60.380077
60.350529
60.478577
60.104282
60.212631
60.655876
60.675579
60.508129
60.980927
61.857567
61.749218
61.335526
59.867882
59.749683
57.641796
58.961689
58.242645
58.518436
59.532982
59.404934
59.680737
59.296589
60.202782
60.261879
59.72998
59.562534
60.399776
60.724827
61.040024
61.20747
60.892273
60.399776
61.187771
61.640873
61.128677
60.389931
58.794239
58.114597
57.533447
58.114597
57.819099
57.976692
59.109436
58.813938
58.60709
59.72998
59.99593
59.641331
59.454185
59.395084
59.641331
59.276886
58.961689
58.735138
59.316288
61.29612
63.00016
63.344902
61.502968
62.202316
62.576611
64.2117
64.664803
64.824257
63.952675
64.576645
64.943115
65.477951
65.448242
65.269966
65.398712
65.547279
60.644608
61.456768
62.625484
62.882999
63.883343
64.56675
63.913055
63.00185
64.477608
64.428085
65.20063
63.913055
64.388466
64.675697
64.546936
64.754929
64.774742
64.774742
64.05172
64.140862
63.536694
