Adjusted
94.951317
96.060379
97.227806
97.286179
98.054749
98.356339
98.901138
98.336876
98.687096
99.59185
99.358391
100.146385
101.158165
100.876038
102.062943
103.308197
103.726517
102.607727
103.648705
102.782852
102.37426
100.389603
99.241631
99.436211
99.640511
100.370163
100.98307
100.720383
101.985115
102.062943
101.381943
100.613373
101.051155
100.60363
100.010185
100.846855
99.34864
101.255447
102.932007
103.448608
104.74501
104.676781
105.651497
105.583298
105.320107
106.558006
106.9869
107.074631
107.81543
108.419754
107.688698
107.016151
104.169914
104.34536
104.004227
105.164146
104.900948
105.20314
105.03743
105.232376
105.20314
105.748978
104.95945
105.222626
104.130913
104.238152
104.130913
104.706024
106.031654
105.622253
104.228401
105.047165
104.033463
102.79554
103.565575
103.341377
103.546082
104.306381
102.298409
101.547874
101.850029
103.146439
103.078201
104.725525
105.407837
105.495552
105.885452
113.17646
112.84507
112.377182
111.714363
112.211456
113.303185
112.494133
113.936752
115.038193
115.418365
114.580086
114.316895
114.346146
113.371399
111.480408
112.036011
110.983299
109.891594
109.472466
109.042816
109.179527
111.278946
111.962479
110.214607
109.38459
111.171539
111.601181
111.689064
111.923424
111.249649
108.183525
108.359306
108.925659
108.095627
112.821785
112.851074
111.806252
113.446716
111.591423
111.923424
113.007309
113.212364
113.280708
114.14003
115.448494
115.848854
116.69838
115.516838
115.282486
115.692619
115.858604
115.770721
115.341072
115.673073
115.790268
121.91275
121.160858
120.526154
119.774292
120.604271
120.516396
120.55545
120.662872
120.19416
121.502625
121.287811
119.979324
120.633568
120.487106
119.334869
118.954041
118.768494
119.637558
119.207916
120.028137
120.057442
119.500847
118.006844
118.348618
118.935669
118.788902
119.874947
120.344574
120.285873
120.902267
121.567596
123.201523
124.9431
125.823692
125.921516
126.978218
128.250122
128.768707
129.160049
128.43605
126.704239
125.148575
125.706276
125.667122
126.498795
125.530144
128.680679
127.731598
126.772713
129.023102
126.831444
130.83316
130.598312
134.903336
135.324066
135.695831
134.971848
137.750519
139.73671
138.396255
137.97554
139.061584
139.961731
146.761688
151.643921
149.970901
152.504913
152.671249
152.964813
155.99791
156.271835
155.48909
153.082199
152.915924
155.136887
155.469543
154.481323
154.481323
156.017426
156.692551
155.352142
155.772842
154.97052
157.426361
160.077896
161.574844
160.801834
162.163879
162.545975
161.350571
160.566711
159.459488
156.755127
159.528091
159.743668
156.715958
155.148178
153.590256
154.217316
154.28595
155.226563
157.783951
157.352829
158.244476
157.166656
157.039276
158.117111
157.735001
157.450806
158.146469
156.931488
157.470444
157.029495
158.567856
166.386993
171.795731
171.903519
163.770828
164.094131
163.947189
165.16217
164.731064
165.152374
166.259583
168.895355
170.218185
169.493088
171.727097
169.787003
173.65741
170.894241
167.553009
166.024475
165.220947
168.924789
171.46257
169.287338
171.521362
171.42337
172.12886
172.060272
173.902374
174.078751
174.00032
172.795151
172.765778
173.167511
171.256805
171.14888
173.719589
172.738403
177.399078
178.537231
179.145554
178.968964
177.104675
178.939529
180.19545
180.19545
177.408859
178.497971
179.724457
178.488174
181.863464
177.44812
174.200363
173.150482
170.569977
169.843887
172.120255
173.248627
172.728577
172.444031
170.481659
167.655838
164.437485
165.536484
169.716324
164.319809
161.58226
164.319809
165.143982
166.802185
167.763733
168.715515
167.783386
167.420334
167.253555
164.692627
164.300171
165.300949
166.007416
165.036041
163.868439
165.536484
163.701645
163.289536
163.583908
167.783386
170.952606
176.614059
174.847931
174.229828
174.857788
177.281296
176.457092
179.822586
180.136551
180.293564
179.920685
179.282928
185.022858
186.072769
186.259186
188.025375
186.180695
185.345627
185.414398
183.410233
182.329559
183.871994
180.050293
179.401917
179.342972
181.415909
181.995529
182.034805
182.231308
182.928833
181.189911
184.05864
184.785629
185.601044
182.938675
186.131577
186.111893
186.662064
186.278946
184.69722
186.367355
185.669815
185.650192
187.064865
185.453705
185.109833
185.39473
188.086594
185.139313
187.448029
187.330139
190.179169
188.43045
188.057129
187.732925
187.890106
188.48938
191.996689
190.267593
188.440277
187.09436
183.302139
186.495056
187.929413
184.864227
186.416489
188.764481
187.791855
188.744843
190.778473
190.189011
190.051468
188.626953
190.503403
190.36586
188.666229
189.895813
191.843475
192.118896
191.794266
192.463196
195.09938
196.368286
193.279617
192.335297
190.505676
189.315445
188.646545
192.10907
192.345139
192.797623
192.591019
191.135208
191.509033
194.066559
190.840134
191.617249
193.309128
191.489349
189.423676
191.666397
196.338791
193.407471
190.495865
196.466644
192.620575
190.800781
186.571045
185.538193
181.996994
182.29213
188.105576
189.935196
193.712448
192.374664
195.50267
197.548691
199.388153
197.912643
195.207565
200.155426
200.086548
200.06691
200.027542
198.306137
199.348816
196.063385
197.991333
199.80127
199.811111
201.473511
201.896484
201.04071
204.591736
202.899826
201.650574
201.817795
206.293457
205.526184
205.073196
207.554871
205.624664
207.505646
208.283615
208.598724
209.396423
209.544159
207.09201
204.955002
206.402649
202.207443
203.261185
198.356934
202.158203
208.746445
207.909378
208.382095
206.028442
206.599594
206.954163
206.983688
206.422348
204.423233
204.049011
205.723129
205.250443
211.484177
213.896927
213.374985
211.395569
211.385696
210.28273
208.08667
210.725891
211.602341
211.956894
215.561218
214.359787
215.610474
214.399155
214.625671
216.191483
209.416092
211.562958
209.88884
207.633652
212.577332
219.37236
214.940796
219.067078
220.327637
221.351791
221.469971
222.61235
222.208572
221.923004
225.675049
226.324997
226.699219
226.108398
226.20694
225.457703
224.984512
224.462051
224.442322
225.950607
221.415833
222.155228
217.719025
219.030136
221.889038
221.455276
226.285812
224.964783
225.69429
222.549515
226.680115
226.99559
225.161957
222.322815
222.845276
222.904434
225.891479
222.993195
219.552643
220.35112
221.24823
218.694977
219.335754
220.114532
221.1595
220.794754
222.805847
222.460815
223.357925
224.797211
225.980194
228.011002
227.991287
225.861908
225.950607
223.949387
225.280289
222.204514
220.232834
221.751038
222.697403
219.621643
219.739914
220.646896
225.832306
225.299973
226.295654
229.085541
236.084885
236.528488
239.308502
239.160645
238.371979
236.045456
237.198868
234.487869
235.808838
234.468124
233.866776
234.892044
233.265427
233.65976
231.626907
232.34726
230.34404
230.916397
232.840683
234.478821
232.021622
230.689407
231.350601
230.679535
232.929504
232.74202
232.653198
232.436096
227.492126
226.307938
224.916519
221.324509
221.847488
222.804733
221.304749
221.620514
225.222397
221.561325
223.909943
226.534912
228.380249
230.748657
231.350601
231.922958
231.370331
231.459122
229.426285
232.031525
226.455933
223.673126
221.798157
223.752075
223.860641
214.495667
217.663376
220.535019
219.972519
220.456085
215.512085
213.291733
214.475952
212.679916
212.344406
211.466125
212.443085
213.439743
212.670044
212.670044
207.716202
199.861084
195.193436
185.956772
195.282227
196.249329
198.433273
195.251236
193.472443
194.67807
192.672012
190.547363
193.087036
190.576981
192.810349
195.310532
194.292679
198.047882
201.832748
202.287323
201.328751
198.927383
196.63472
195.883698
194.915253
189.964279
182.088226
182.592239
182.849152
183.876907
184.34137
187.473999
181.831299
182.799759
184.094315
187.711151
188.363403
189.648087
187.543167
191.466385
192.90918
192.553406
187.098465
184.420425
179.301468
184.756424
187.306
179.538635
180.260025
184.054779
176.692596
178.510895
181.20871
179.756042
183.748444
181.584259
180.971573
182.483521
181.307541
177.977264
177.76973
180.200745
183.293823
187.039169
183.175247
187.444351
187.464096
187.562943
187.335663
188.394592
187.395035
189.275391
188.028397
188.335236
188.572739
187.028824
186.959579
185.128662
188.513351
188.24617
188.61232
185.217743
188.750885
188.058105
191.403183
193.283585
195.262939
198.429916
197.351181
198.202271
198.251755
196.688065
195.193665
192.66008
193.481522
191.106323
185.870926
180.506882
161.86142
162.316635
156.210358
163.07872
163.296432
167.690582
168.244797
168.690155
168.422958
168.413055
169.224579
165.196609
158.466797
159.317902
157.625595
153.399673
150.796829
152.221954
152.766281
149.896225
148.827377
151.410446
148.480988
149.470673
151.014542
153.963791
154.349762
152.677231
154.814911
152.400101
153.07309
153.765839
155.441422
154.291336
155.312531
157.335114
161.310867
161.380295
161.647964
157.444183
160.497864
159.744354
164.979294
163.581345
155.956985
154.668076
150.394882
156.958359
155.520737
155.272873
153.70636
155.947052
155.193558
157.51358
156.383316
155.90741
156.06604
156.859238
153.369263
161.816513
159.873276
160.815155
160.993622
162.926971
166.069885
167.150589
171.294907
172.514389
174.338684
176.02417
176.51001
176.728119
175.64743
175.657349
176.410858
167.884293
166.387177
166.991943
166.71434
163.601166
171.225494
167.418274
170.749619
168.855896
167.448013
165.871597
164.51329
171.056946
172.028595
178.354111
179.414978
180.733612
177.124695
181.209534
181.358246
178.03685
179.672745
181.57637
183.232101
186.469177
185.148544
185.853546
183.669022
186.41954
185.565582
184.165512
182.348373
180.273087
179.657425
178.485718
176.529587
178.604889
178.009125
180.25322
182.705826
175.824585
171.415817
175.338043
182.050461
185.337204
186.777008
186.161346
190.530411
189.855194
191.434021
192.089371
194.095169
196.02153
196.637146
195.753418
196.309464
196.577576
197.044266
195.11792
195.187439
194.631348
194.899475
195.534958
192.079437
193.191574
190.738937
192.168808
193.767502
193.112122
193.290863
193.727783
194.909378
194.273895
195.237061
193.866791
194.740585
193.638397
194.402985
193.062485
192.486557
192.287933
191.394302
187.720306
182.010773
181.504349
182.606537
182.019791
183.601013
182.258484
181.970062
183.670639
183.939148
182.029739
175.118103
179.473938
174.869476
166.774399
168.037399
165.24292
164.08931
163.890411
165.481583
167.192078
166.157822
164.268295
165.441803
165.700363
163.512512
165.829636
164.467224
164.745682
164.755615
163.840683
164.904785
164.417496
162.726868
161.642883
161.175491
160.111389
159.763306
161.205322
160.230728
161.056137
160.14122
159.385422
157.625183
157.694809
159.614136
123.424995
126.468102
128.556534
135.080307
128.874756
130.038284
133.767593
129.789673
140.89801
146.675949
142.240555
142.896927
142.081451
140.699112
140.699112
139.277008
140.569839
140.549957
140.49028
142.28035
142.320129
140.745773
143.296616
142.569229
143.047516
144.482391
144.880951
141.114441
142.828293
145.727905
145.967056
147.441772
142.8582
141.831863
141.782043
141.054657
140.62619
141.084534
139.839005
140.67601
141.562851
141.024765
141.273865
139.948624
