Adjusted
48.614433
48.811638
49.553482
49.328114
49.591049
50.02301
49.844589
50.032394
49.994839
50.182655
49.769463
50.192039
50.332897
50.098137
50.361065
50.670948
51.027794
51.131081
51.63818
51.57243
51.478539
51.976219
46.435848
42.341606
44.595325
44.125801
40.726452
42.717228
43.280655
43.937988
43.83469
44.136478
45.805748
44.674038
44.768356
45.52282
44.051601
44.796642
45.645424
45.324772
46.145264
46.560211
47.210945
47.45615
47.371269
48.050289
48.399235
48.163456
48.757618
48.568989
48.672729
48.493534
47.786232
48.917934
48.399235
48.399235
49.238583
49.115982
49.512074
50.285412
49.76672
49.898739
49.257442
49.795002
49.417767
49.97419
49.898739
51.087032
51.266224
51.303944
50.417439
51.520859
51.530285
51.14362
51.718891
51.709473
51.93581
51.209641
51.91695
51.982964
56.29287
57.386848
57.339706
57.103924
59.178726
59.88604
60.47076
60.206692
60.517906
61.677906
61.394978
62.885048
63.535801
63.195271
64.235733
64.27359
64.907326
63.356071
62.968243
63.61145
63.970898
63.573612
63.94252
62.845284
62.268284
61.738579
60.177856
61.445362
62.183159
61.483196
60.083267
57.737446
59.458981
58.834682
58.825226
59.222504
57.709068
55.618637
55.694317
54.5214
55.268669
55.637562
57.538811
57.633396
57.983379
57.179375
56.79155
57.453682
57.945541
58.323906
56.782089
58.021214
57.737446
57.510433
57.065861
57.359085
58.409031
58.418499
58.541454
58.938732
61.180504
61.067001
60.88728
61.218338
62.949318
64.10331
65.181664
65.474869
65.484322
67.120735
65.910004
65.56945
65.815384
65.266762
65.266762
61.956146
60.86837
61.191227
60.763905
61.314678
59.994747
61.903416
61.893898
61.49509
60.232136
60.507523
60.830376
60.355579
60.839867
60.877857
60.41256
62.46365
62.644081
63.812073
64.324837
64.106453
64.001999
65.559319
66.822258
67.714859
67.885796
67.040649
67.126137
66.9552
66.698814
67.192596
66.803261
66.784294
67.648384
67.420471
66.489899
67.354042
67.097649
66.062599
66.432922
67.838326
67.857315
68.009239
67.040649
67.99025
68.3321
69.519073
69.281662
69.367149
68.322571
69.509575
67.952263
66.907715
68.360573
67.638901
67.097649
67.600922
68.76889
68.474533
68.635956
67.781342
69.386131
69.746979
69.158241
69.633026
70.21228
71.266319
70.723251
71.0186
70.751823
70.799454
71.9142
70.970963
70.732765
70.723251
71.104324
71.1996
70.304024
69.760956
68.970169
70.427887
69.9515
69.637093
68.865349
68.322296
68.436607
70.427887
70.151581
71.571198
70.694664
73.648216
73.591057
73.762535
74.010254
73.781593
74.562859
74.762939
73.667267
74.153168
74.153168
74.210342
72.676399
72.943169
73.124199
71.533104
72.438194
72.847893
72.504898
72.171425
72.619225
72.971741
71.904663
69.522758
70.189682
71.171036
69.827637
71.618835
71.056694
69.21788
71.332993
71.028122
73.14325
76.239716
75.591843
75.744263
75.820496
75.69664
75.772873
75.935394
75.734612
75.466896
75.342613
75.304367
74.912338
75.438217
75.428642
75.533829
75.208755
77.579926
78.411751
79.214905
79.147987
79.387016
79.530426
79.91288
75.973648
77.149673
78.096237
78.354401
78.096237
77.379143
77.53212
76.76722
76.241356
75.227875
74.348236
74.166557
75.839783
77.25486
76.757668
76.671616
76.126617
74.549034
74.893227
76.183998
73.239136
71.22171
72.493347
72.19696
74.243073
75.390396
75.390396
76.183998
76.375214
76.155312
75.658112
74.912338
74.960159
75.055771
74.826302
75.132256
76.241356
77.752045
78.38308
78.230103
79.167107
80.180611
79.587791
79.434814
77.513023
78.069489
78.165428
77.445839
78.203812
78.568382
79.153641
82.204659
82.473289
81.638565
82.070328
82.319794
81.715332
82.051147
82.81868
83.471115
83.749352
83.394348
83.096939
82.348557
82.28141
82.051147
82.348557
82.981789
82.223839
82.933838
83.451927
83.413559
83.231255
83.461517
84.3442
84.104347
86.3974
85.428375
86.368614
85.946472
85.447548
85.188507
84.910271
85.562675
86.099968
86.483749
86.541306
85.533905
86.771576
86.675629
87.404808
87.894135
88.728844
87.903709
87.308868
86.474159
86.263084
83.471115
83.461517
84.622429
83.336784
83.787735
83.403954
84.334618
85.687401
86.071198
87.260895
87.980469
87.654266
87.865982
87.942993
88.44342
89.068985
88.433792
88.703278
89.319199
89.386566
89.242195
90.050598
89.694534
89.588669
90.570305
91.638542
91.908028
91.292091
92.090881
92.177483
91.436455
91.147736
91.975388
91.763657
91.667412
91.166992
90.493317
89.877373
90.859032
88.905365
90.175713
90.570305
90.945625
89.126717
88.953491
90.445183
90.955246
89.117088
92.620193
91.10923
88.587784
87.923737
88.693642
87.798637
86.797737
88.077705
88.048843
90.618416
90.377831
90.993744
93.293861
93.091743
94.208122
93.929024
94.410225
95.497734
95.401482
95.411118
95.632454
95.266747
95.228256
95.584328
95.574707
96.31575
97.104904
96.691078
96.768082
98.283234
97.086548
96.941772
97.414673
98.003372
96.382042
96.671562
97.482224
96.189018
97.018974
96.671562
95.513466
95.146751
94.094818
92.695457
92.164673
92.811264
90.205551
90.514381
89.153633
93.2938
94.336075
93.641235
94.944077
94.577354
94.857231
94.529106
94.15271
93.342064
92.463837
92.541046
90.726707
89.771271
91.141685
92.029564
90.543335
89.761627
91.189926
90.466141
89.43351
90.842506
90.89077
89.481758
91.064491
90.504745
90.939026
90.292412
87.455101
89.12468
88.140312
86.2005
89.452812
88.999222
90.012543
94.615959
94.471199
95.397675
93.901802
94.780014
94.789658
94.654556
95.129089
94.034775
94.073502
93.715172
94.112236
94.480232
93.812035
93.879822
93.715172
93.105064
92.068832
93.085701
91.574944
93.38591
92.214111
92.96949
95.196884
94.054146
94.644882
97.511436
99.62262
99.235245
100.968742
100.25209
100.029358
98.489548
98.867226
99.254616
100.83316
100.523254
101.133377
101.394844
101.598221
101.278641
101.99527
102.50853
102.392334
102.09211
101.598221
102.353592
101.898438
101.104324
102.527908
102.644135
103.844986
104.358246
104.106461
103.951508
104.300148
104.058044
104.125832
103.835281
104.97805
104.823097
103.263908
103.631912
104.474464
103.331703
103.128349
103.81591
105.297623
106.508179
106.323593
106.955025
107.120171
106.751015
106.964745
105.478439
106.100166
105.721298
105.012161
105.400734
105.313293
106.071022
104.57502
104.089294
102.554428
102.981857
104.45845
105.643578
105.604729
104.866425
104.944153
105.323006
106.85788
106.916161
107.654449
107.411598
106.809303
106.119591
107.392174
104.108727
104.876144
105.876732
105.604729
105.35215
106.333313
104.983009
105.284149
107.324181
108.004181
108.897888
109.12133
109.529327
109.519608
109.675041
109.101891
109.160187
108.567612
108.6259
107.168739
106.615021
107.178459
108.344185
107.275604
107.460159
108.013893
108.606468
107.159027
106.673317
108.480171
107.382454
106.304169
107.032738
107.644745
108.101326
108.140297
107.770012
104.817551
100.978363
96.924805
96.408363
99.896759
101.894318
101.718925
99.692139
96.457092
97.986908
98.357193
96.661713
98.81517
97.606895
98.240273
98.961327
98.337708
99.809067
100.267044
99.692139
98.172058
99.175705
98.055122
98.532593
97.382782
97.850494
94.410828
95.034447
95.687294
94.995468
96.515556
98.493614
96.56427
96.895576
95.862694
96.349892
96.505814
95.580116
95.131889
97.480217
98.006409
97.353546
97.587418
95.22934
96.48632
97.928452
98.386429
96.866348
97.821266
98.932098
93.699501
93.982086
96.661713
97.080704
99.000305
99.925995
97.811523
97.538681
98.15258
96.856598
94.42057
95.580116
98.610542
100.898346
101.123222
102.012932
101.84671
101.18187
100.585487
101.475197
100.820129
101.133003
100.605049
99.099396
101.700058
101.729401
99.226501
97.124443
97.310196
93.594948
94.621536
96.459618
97.104881
95.697006
95.286377
96.997345
96.821365
97.62307
97.877266
98.415009
99.294922
98.854965
98.102142
95.05172
96.37162
94.650864
90.652084
88.070961
88.833565
89.136658
85.167206
86.154663
84.072182
84.502365
84.209061
83.886429
86.44799
84.815231
86.359985
86.047134
85.186752
87.151932
86.047134
83.720207
83.681107
85.167206
81.833252
77.609604
78.24511
78.284225
76.70034
80.474258
81.852814
84.180244
84.190056
84.121323
86.537132
85.38813
85.093544
87.047798
87.008499
87.204918
89.895699
90.642052
93.156059
93.686356
92.763237
91.113411
91.388397
91.457138
92.802528
91.997253
91.918686
93.018578
95.748634
95.316536
94.21666
94.18721
92.566833
91.280365
91.30983
93.804207
94.1381
94.825523
95.807556
94.521088
92.085625
92.743614
91.191971
91.633911
92.282051
93.607796
96.200378
96.229828
96.033432
96.868164
97.801094
98.959892
97.84037
97.005646
97.103851
97.899307
98.007324
97.319901
94.00061
94.285408
92.871262
91.987427
91.614273
92.763237
92.959656
94.560371
93.195343
93.038208
92.134743
93.067673
92.016899
92.835213
91.760551
92.509857
92.391556
96.424004
96.739502
96.187378
97.340919
97.252182
97.469093
98.18882
97.370499
99.578987
98.780373
99.647995
99.647995
98.040939
96.936691
96.857811
96.966263
95.60569
95.32962
97.262047
97.084579
96.877533
100.269127
92.342247
86.643578
87.846405
90.291527
92.391556
92.75634
91.277451
91.661957
92.904236
95.369064
96.473297
98.760658
100.288849
101.560699
101.886063
102.49733
102.132538
102.763542
102.842415
103.808624
104.212852
104.695969
103.641014
104.686104
104.518494
103.788902
102.724098
103.118469
102.448044
103.571999
103.029747
102.773399
102.250839
103.039597
102.004372
103.591713
102.645226
102.684662
103.129913
103.476219
103.397057
104.515137
104.445869
104.584389
105.098907
106.028992
107.097588
107.542839
107.40432
108.275024
108.928062
108.987427
108.779655
105.49469
107.463684
106.187302
106.187302
107.552734
107.33506
107.33506
106.810646
108.304718
108.99733
108.116714
107.839676
108.829117
108.413551
106.612755
107.137161
108.12661
107.236107
107.34494
107.711037
107.117378
107.997986
106.444557
107.117378
105.484787
105.949837
105.573837
106.662239
107.255898
106.949173
101.160919
101.754578
101.685318
101.052078
101.081764
100.102211
99.459068
97.99469
96.926079
97.025032
96.579781
98.528992
98.62793
99.607483
99.2117
99.379913
99.003922
98.24205
97.638481
100.508743
99.873116
100.439224
100.965607
100.171074
100.329971
100.200859
100.399498
99.81353
96.585732
96.953201
96.168594
96.248055
97.231285
97.400131
99.088516
97.598763
98.820358
96.784363
96.099075
95.811058
95.264809
96.089149
95.830917
95.205223
94.768227
95.04631
94.043221
93.64595
93.626076
