Adjusted
24.639599
24.611881
24.704268
24.63036
24.648836
24.990669
25.230869
25.332495
25.38793
25.600424
25.702044
25.923771
25.942253
25.461838
25.67433
25.711287
25.665094
25.692806
25.711287
25.618898
25.67433
26.071594
25.757479
25.822149
25.868345
25.905298
25.646614
25.637377
25.572706
25.637377
24.547211
24.685795
24.90752
24.972189
24.778175
24.731985
24.473297
24.898283
25.471077
25.535748
25.692806
26.127026
26.339516
26.348755
26.376469
26.404186
26.265612
26.062351
26.302559
26.357998
26.247131
26.154743
26.182459
26.505812
26.38571
27.466637
27.605219
27.984005
28.2822
28.533804
28.589718
28.701536
28.22629
28.216972
27.984003
28.095833
28.07719
28.170376
28.2822
28.468575
28.133102
28.543125
27.788309
28.049234
29.530901
29.381811
29.689323
29.316576
29.521585
29.409756
29.465677
29.307257
29.316576
29.279297
29.568178
29.027695
29.269983
28.813366
28.496534
28.543125
28.729498
29.055655
29.353849
29.316576
29.353849
28.701536
28.897236
29.605452
29.102243
28.841322
29.14884
28.216972
27.583298
27.471474
27.713758
27.555346
27.462158
27.294418
27.825588
27.564657
27.769674
27.51807
27.928089
27.778992
28.272884
28.421984
27.51807
26.409147
26.884398
26.688705
26.670071
26.884398
27.286917
26.706545
27.193308
26.940563
26.753345
26.940563
26.912483
27.183947
27.286917
28.241724
28.419577
28.251083
27.960897
28.550631
28.625519
28.728489
28.73785
29.093561
28.831457
29.149727
29.561604
29.589691
29.065477
29.27142
29.683296
29.898596
29.739464
29.823709
29.262058
30.610023
30.104534
29.84243
30.02965
29.580326
29.177811
28.98123
28.700407
28.784653
28.569355
29.112286
29.31822
28.74721
28.73785
28.597435
28.73785
28.709768
28.8221
28.906342
28.775291
28.962509
29.121647
29.056122
29.290144
29.27142
29.53352
29.823709
29.936041
30.638102
30.834679
30.235588
29.907957
30.001566
30.048368
30.057768
29.897943
29.540672
29.004765
28.816721
28.713308
29.014166
28.920149
28.854332
28.779119
29.333828
29.004765
28.844929
28.732107
29.559477
30.358633
30.509064
30.546671
31.270609
31.129585
31.261209
31.477449
31.562067
31.872337
31.815924
31.637291
31.58087
31.599672
31.439852
31.439852
30.170599
30.725307
30.433847
30.490259
31.317629
32.116779
32.013363
31.928747
31.703102
31.486856
31.825321
31.862936
31.599672
31.862936
31.947546
31.524467
31.439852
31.872337
32.220203
32.342422
32.991154
32.615086
32.02277
32.041561
31.947546
31.825321
31.825321
31.928747
32.568073
32.370636
32.596268
32.624485
32.643288
32.821918
32.954079
33.161751
33.322231
32.859688
32.803036
32.59536
32.859688
32.869125
33.378857
33.794209
33.227833
33.416626
33.699818
33.699818
33.275036
32.519855
32.519855
32.519855
31.764675
31.72691
31.840187
31.141651
31.085007
30.924536
30.282637
30.216557
30.292076
30.867901
31.085007
31.264368
31.415401
31.349329
32.104504
32.20834
32.274418
32.3405
32.548172
32.37825
32.472649
32.047871
32.019539
31.953466
32.123383
31.906267
32.387695
32.40657
32.925755
33.114552
33.114552
33.010719
32.944645
32.59536
32.331055
32.331055
32.472649
32.236656
32.3405
32.217785
31.944025
32.36882
32.255539
32.426159
32.606239
32.748425
33.004345
33.099125
32.956955
32.738945
32.445103
32.795822
33.127563
32.900082
32.520935
32.653641
32.473537
32.956955
32.843208
32.966427
33.203392
33.279224
33.459312
33.497223
34.065945
33.743671
33.791073
33.772114
33.629929
33.753155
33.383488
36.113312
35.819477
35.98061
35.629906
35.876347
35.639385
35.298153
35.554077
35.430862
35.468769
35.66782
35.345551
35.298153
35.478256
35.449821
35.525642
35.658344
35.800522
35.942692
36.170177
36.236534
36.236534
36.084877
35.781563
35.639385
35.364513
35.497211
35.307636
35.421375
35.601467
35.544598
35.535122
35.288673
35.203373
35.174938
35.802891
35.488911
35.783855
36.031231
36.069298
36.126381
36.107353
36.231037
36.164433
36.145412
36.554523
36.687737
36.250072
36.28812
36.145412
36.611618
36.411816
36.640156
36.430843
36.449867
36.32618
36.364243
36.164433
35.174938
34.271061
34.56601
34.680187
34.21397
33.928543
33.367184
33.757275
34.023682
33.938053
34.061741
33.966599
34.042721
34.290089
34.41378
34.442322
34.404263
34.109314
34.394749
34.318634
34.480377
34.52795
34.432808
34.004662
34.080772
33.77631
33.957081
33.605045
33.804852
33.871456
34.014164
33.605045
33.709713
33.814377
33.700191
34.071259
33.938053
33.329132
32.948551
33.55748
33.053211
32.91943
32.680534
32.747425
32.25053
32.336533
32.728313
32.890759
32.412975
32.862099
32.154968
32.002083
31.51474
31.342735
31.218513
30.673836
31.170734
31.476515
31.753632
32.384308
32.594536
32.842983
33.186985
33.722111
33.378101
33.597889
33.693447
33.836773
33.47366
35.49947
36.158813
36.082375
36.216148
36.091923
36.23526
36.531487
36.4646
36.665264
36.980606
37.362839
37.20039
37.267277
37.257721
37.037941
37.267277
37.458393
37.248165
37.16217
36.951946
36.703487
36.789497
36.541046
36.846828
36.416821
36.435936
35.575912
35.040798
34.419674
34.400562
34.9548
35.642803
35.83392
35.910378
35.958145
36.082375
35.823338
35.516335
34.854362
35.295677
34.768017
34.528179
35.612274
36.063179
35.70821
35.372425
35.142178
35.065426
35.055828
35.439583
35.516335
35.641056
36.063179
35.439583
35.094212
34.614521
34.221172
34.28833
33.808628
34.307518
34.595333
34.556957
34.787205
34.451424
34.259541
34.35548
35.247715
35.477959
35.286087
35.641056
35.439583
35.487553
35.468372
35.487553
35.506741
35.170963
35.228519
35.439583
35.391617
35.151768
34.959896
35.027054
33.789448
33.981323
33.098694
32.945187
33.578384
33.108288
33.300163
32.964382
33.597569
33.252193
33.328949
33.866199
33.587971
34.35548
33.65514
34.252502
35.167828
34.772797
34.975132
35.293087
35.649586
35.649586
36.025349
36.015717
36.034988
35.890461
36.102428
36.179516
35.948269
35.620682
35.639946
35.196735
35.485786
35.466518
35.476151
35.456882
35.456882
37.28754
36.969578
37.239365
37.210453
36.921406
37.046665
37.55732
38.000523
37.894547
37.875271
37.875271
38.588261
38.973663
38.540092
38.780964
39.176003
38.838772
38.70388
38.482281
38.67498
38.992935
40.072056
39.204906
39.310886
39.532501
38.944759
38.559357
38.588261
38.75206
38.896584
38.886951
38.992935
38.64608
39.25309
39.301258
39.359066
39.54213
39.551765
39.599937
39.580673
39.580673
39.754738
39.493637
39.783749
40.238255
40.180229
39.899788
40.402649
40.044849
39.890125
40.044849
40.22858
40.499355
39.97715
40.586388
40.509022
40.431664
40.68309
40.857159
40.731441
40.644409
40.644409
41.389023
41.679134
43.777603
43.64222
43.990349
44.096718
44.763973
45.266827
44.589905
44.880024
44.580235
44.996059
44.493202
44.957386
44.676941
44.62859
43.719582
42.549461
41.775837
40.576714
39.948143
40.808804
41.350342
41.389023
40.963531
39.658028
40.876495
41.814526
41.166607
41.514736
40.605732
40.982872
41.27298
40.886162
41.572762
41.621109
42.278698
41.437378
41.437378
40.605732
40.886162
40.741112
41.389023
40.262791
39.622005
40.651154
40.981247
42.291954
43.000702
42.622059
43.039539
43.991009
43.690037
43.738575
43.534691
43.437603
43.670612
44.515285
45.068695
44.408493
44.12693
45.573563
45.175495
45.437634
45.243458
45.049282
44.932774
44.816265
45.088112
45.049282
44.544422
44.544422
43.573528
43.09779
43.291965
43.175461
42.369629
42.010391
42.777397
42.544388
43.185173
43.282261
42.670605
42.796822
42.699726
42.65118
43.126911
42.389038
43.029823
42.583218
41.369606
43.204586
42.748276
42.719143
42.379333
42.699726
41.486115
42.058941
42.738564
43.544395
43.068665
42.03952
43.146336
43.408474
44.253151
44.029846
43.757996
44.586376
44.352482
43.699528
42.676224
43.027069
42.87114
40.532185
39.947445
40.619896
41.048698
39.557621
40.308033
39.28474
40.405487
39.635574
39.304237
40.541927
39.17754
40.298283
40.074139
40.493195
42.003777
41.643188
40.88303
38.232212
37.052986
36.741123
35.415714
36.107658
37.062725
36.72163
37.130943
38.125004
38.797455
38.943642
38.797455
38.690247
39.050838
39.723289
40.522438
39.655079
39.499142
40.278797
40.171593
40.814804
41.058453
40.668617
40.327526
40.88303
40.610149
41.2826
41.165649
40.580906
40.658878
39.742783
39.7038
39.655079
38.894913
38.924145
38.505085
38.436863
39.249252
39.60162
39.268833
40.36507
40.345497
40.159531
40.991493
40.63913
41.422157
41.26556
41.500462
41.794098
41.26556
42.107307
42.332432
42.342213
42.254128
41.011074
41.294914
41.363434
41.598343
42.949066
42.459671
42.04858
43.369942
42.743515
42.743515
42.988216
42.998001
43.34058
44.084457
43.458035
43.898483
43.41888
43.575485
42.332432
42.322643
42.352009
42.440094
42.273701
43.213345
43.281853
43.409092
43.829967
43.546124
43.87891
44.113819
44.280212
44.162758
44.368305
44.094238
44.260635
44.064884
43.23291
43.086094
42.900124
43.291641
43.105671
43.291641
43.536331
43.242699
43.898483
41.373219
40.502106
41.131107
42.231869
44.728237
44.335106
44.128716
44.423561
44.394073
45.308105
45.062393
44.944458
44.816692
44.895317
44.610298
44.639786
44.797039
44.394073
44.403908
44.354767
44.973942
44.472706
43.185207
43.421085
43.224518
42.733109
42.290836
42.359634
41.769943
42.526718
42.674141
42.772423
42.723282
42.398949
42.428432
42.222038
41.966507
42.271183
42.487404
42.320328
42.45792
42.467747
42.261353
42.339981
42.320328
42.300667
43.971462
44.246655
43.195034
43.430912
43.656963
42.851044
42.890358
41.366985
42.80191
41.956676
41.809254
42.28101
42.172897
42.133583
42.104103
42.192554
42.624996
42.41861
41.986164
42.41861
42.84309
42.586426
43.33667
43.218208
42.606167
42.477833
42.458092
42.142197
42.487705
41.786823
41.865791
41.332718
41.51041
41.451183
41.57951
41.589386
41.549896
41.668354
42.063225
42.2113
43.751282
43.33667
44.619991
44.363323
43.830261
43.425518
42.754246
42.063225
43.652569
45.419594
43.445259
41.382076
40.661446
40.888496
41.826305
42.00399
42.438351
42.369244
42.428478
42.84309
41.954639
42.724628
42.369244
42.310017
40.710808
40.315937
40.641697
40.503498
40.128376
41.401825
40.799652
41.411694
42.112583
42.527195
42.280403
44.13628
43.800644
44.017815
43.751282
44.294224
44.402809
44.432426
44.462044
44.333168
44.452129
43.946545
