Adjusted
30.91181
30.867832
31.615345
31.474636
31.659311
31.703283
32.178177
31.958317
31.92314
31.914347
31.967112
31.975908
31.931938
32.661854
32.846542
32.38924
33.110367
33.092777
33.171936
32.758606
32.837749
33.594048
32.900345
33.236156
33.200798
32.644062
32.608727
32.608727
32.811974
33.138939
32.423141
32.202213
32.69709
31.716167
31.185955
31.618971
30.611549
30.80596
31.548269
31.318506
31.212461
31.327345
32.193375
32.290585
32.882668
34.491009
35.003567
34.897518
35.330524
35.507271
35.52494
34.597057
34.181721
34.06683
33.624985
33.93428
33.757538
34.093338
33.722191
33.598469
33.262653
33.722191
32.829647
33.041733
32.325943
32.158028
32.688255
33.289162
33.032902
32.520351
31.848726
32.573372
32.122681
31.398037
31.459898
31.627808
33.351036
33.863579
34.384968
34.049149
34.597057
34.455666
33.93428
35.321701
35.772381
36.010983
36.282345
36.700504
36.113293
36.62043
37.011902
38.043964
38.293079
37.874912
38.506618
38.52441
38.097355
37.599113
37.803753
37.403378
38.471031
39.084927
39.449711
39.334049
39.511978
39.11161
38.248604
38.89809
40.090298
40.57074
39.574265
39.565376
39.956844
39.120518
39.947948
40.401695
40.232651
40.143677
40.072506
39.120518
39.876766
40.392799
41.015598
40.713097
41.407074
41.433762
41.166843
42.278984
42.75053
43.400013
43.248775
43.204285
43.666935
43.186489
42.759438
42.554798
43.453407
43.275452
43.835968
43.90715
43.658035
43.480095
43.533478
43.248775
42.910683
43.079727
45.793331
45.197227
44.957008
44.111786
44.286243
44.51886
44.527817
43.731541
44.322029
43.561558
42.899506
43.194748
42.595318
42.836876
42.792141
43.51683
43.176846
42.872669
41.020691
41.119106
41.548546
41.324879
42.130089
43.28421
43.302105
42.926346
43.364731
44.393597
44.330982
44.089417
43.686817
44.152042
44.626228
43.507885
42.121143
42.487953
42.371658
42.14798
42.810036
42.568478
42.237446
42.004837
42.434277
42.13903
41.977989
42.666893
41.977989
41.557499
41.494869
43.042656
43.606297
43.543663
43.248425
44.107311
44.089417
44.241516
44.357819
43.982063
43.176846
43.454193
43.507885
43.472095
44.017838
43.838905
42.326916
42.335865
43.006866
43.006866
43.155334
42.822407
45.116947
44.900993
44.370094
45.01796
46.241718
46.799606
46.952572
47.078537
46.826595
47.645432
47.375488
47.18652
47.267502
47.150528
46.961563
46.979572
46.196724
46.133743
45.93578
46.493668
46.520668
46.655632
46.277714
46.061749
46.061749
46.169731
45.656834
46.700623
47.033566
47.798397
47.843391
48.293308
48.608242
48.554256
48.140335
48.518261
47.861389
48.419285
48.212322
48.023365
48.761208
49.085144
48.680222
47.663433
48.221321
48.878185
48.10434
47.654434
47.39349
47.23151
46.277714
44.550053
44.019157
44.658039
43.956173
44.793003
44.136135
42.345509
43.246078
43.155567
43.979214
44.449871
43.952061
45.038193
45.146812
45.264473
45.608414
46.223885
45.943306
45.898048
45.726078
46.042866
45.73513
45.228268
45.73513
45.861847
45.318775
46.332504
47.147095
47.400524
48.106514
48.296589
47.952644
47.690163
46.830318
46.803158
46.911774
47.38242
48.061253
48.559074
48.350895
48.43235
49.120232
48.495708
47.391476
47.572502
47.789722
48.368992
48.550018
48.803448
47.825928
46.495415
46.803158
47.391476
45.590313
44.522282
44.6852
45.146812
45.753227
46.341549
46.296299
46.975132
46.984177
47.020374
46.241985
46.124321
46.920822
47.38242
46.676441
46.966076
46.640232
45.201118
45.665974
47.033215
46.759777
47.41605
47.41605
46.41341
45.173771
45.064388
45.501911
45.155548
45.77536
46.1035
46.267563
46.996765
46.495434
46.322258
46.422516
47.206409
48.500732
49.931786
49.621872
49.950012
49.822407
50.177883
50.013817
49.521606
49.64922
49.621872
51.180534
51.536026
51.299023
51.453983
51.545128
51.089382
50.97089
50.761246
50.633629
50.64275
51.20787
51.13496
52.155834
51.608932
51.034691
51.362827
50.542484
50.806824
51.171413
51.171413
51.007343
50.150547
50.888851
50.597179
50.588055
50.387531
50.269032
49.904434
49.959129
49.302849
49.621872
47.944721
47.516319
47.74419
47.097027
47.106201
46.876778
47.445763
47.49165
47.867905
48.124863
48.574543
48.161579
49.08847
49.216942
49.281185
49.501438
49.180233
49.776749
50.052063
50.226429
49.914406
50.235607
50.786236
50.639404
50.859653
50.712814
50.327374
49.822636
50.198902
50.20808
50.905537
50.529278
50.703632
50.731167
51.290977
51.364399
50.676113
50.244781
50.88718
49.64827
49.74004
49.473907
49.299545
47.922974
48.225822
48.950809
48.629616
47.234695
47.693546
46.206844
45.637867
44.940407
44.866985
43.784081
43.921745
44.839455
45.105595
46.3078
45.839767
46.261913
46.610641
47.243858
47.849552
48.005569
48.647964
49.776749
49.83181
49.703335
50.285259
50.063568
50.442276
50.682434
50.950302
50.904118
50.38686
50.368385
50.331436
50.5993
50.636253
50.617779
51.550697
51.984825
51.541466
51.606117
51.365967
50.24831
50.876411
51.171993
50.968777
52.049484
52.058727
51.920166
50.765568
50.99649
48.788887
47.735889
46.784496
47.837498
49.90654
49.712574
49.915783
50.811752
50.673206
50.682434
50.700912
50.710144
49.96196
49.7957
48.133076
46.67366
47.292526
48.012997
47.126266
46.581287
46.008606
45.204998
44.318272
45.251194
45.020267
45.509819
46.378075
45.047981
45.066444
44.456818
43.26527
43.29298
42.951218
44.207424
45.36203
45.371326
45.566696
46.14349
46.09697
46.54353
46.897045
46.822617
47.315685
48.087841
47.157524
47.53896
47.994816
47.315685
47.808746
47.59478
47.473839
47.287769
48.208778
48.245998
47.827354
48.134361
48.971642
48.683247
47.017986
47.306374
48.22739
47.771538
48.301811
48.004108
48.059933
47.083107
48.022713
47.827354
47.343594
46.804008
47.055199
46.7668
47.380806
47.027287
46.7668
47.53896
47.604084
47.259865
47.53896
47.864571
47.278469
47.697113
46.934258
47.306374
47.445927
46.980782
47.176132
46.878433
47.492443
47.566868
47.129623
46.748192
47.306374
48.506481
47.715721
48.366936
48.79488
48.478577
48.171574
48.794746
48.963425
49.947384
49.769325
49.759953
49.806816
49.272663
49.722469
50.078571
49.938004
50.219135
49.881783
49.178947
49.45071
49.56316
48.972794
48.982162
49.516312
50.593971
50.425293
51.025036
50.921959
51.221828
52.693077
52.543137
52.262009
52.074589
52.786785
52.496284
53.170998
52.693077
53.733257
54.07061
53.573948
53.283447
53.761368
51.980885
52.46817
52.917976
52.627476
52.3932
52.158928
51.015663
51.559185
52.440056
53.039806
53.114773
53.85508
54.07061
53.873817
53.742622
53.864452
53.723885
53.18037
52.618107
52.102699
52.730556
53.620804
53.255333
52.233894
52.224525
52.411945
52.369484
52.369484
51.812866
53.171402
51.86948
51.114738
51.293987
51.661922
51.416634
51.209076
50.59586
48.973164
46.746681
44.718319
43.95414
46.029686
47.548588
47.473118
47.265564
45.274944
46.086288
46.190056
45.152294
46.293839
45.680614
45.944771
45.784382
45.463623
46.520264
46.78442
45.07682
43.888103
44.246605
43.586216
43.888103
43.8032
44.557938
43.463566
43.718288
44.482464
44.756062
44.312645
45.086258
44.850399
45.463623
45.869297
45.652309
45.605141
45.171162
44.529633
45.661747
46.076847
46.161762
46.510826
46.312706
46.869328
48.095776
47.407074
46.435352
48.350506
48.105213
47.529724
48.180683
48.49202
47.983582
47.422859
49.124008
48.278179
48.249676
47.784004
47.004704
47.413357
47.964569
47.784004
48.544292
48.230671
48.487267
48.173645
48.012089
48.135635
48.430244
48.553791
49.000462
48.335205
47.574924
48.534786
47.631947
46.786125
46.177895
46.443996
44.780869
44.11562
45.208534
46.282433
45.113495
44.144131
44.495762
44.866398
45.78825
45.873783
45.864277
46.577045
46.310947
45.816761
44.970943
44.11562
42.167381
40.399719
39.943546
39.639427
39.905533
40.779861
41.340572
40.941425
40.618305
40.114613
40.580284
41.996319
40.865391
41.350075
41.112488
41.606674
42.433487
42.081852
40.637306
40.220245
38.110958
37.209721
35.618168
35.627754
35.349709
33.75816
35.886623
36.452297
37.650749
37.583637
37.497349
37.593227
36.835796
36.970028
37.794559
38.436939
37.928795
39.961376
40.277767
40.642105
40.584576
41.083134
40.057251
40.268181
40.507877
42.425407
42.089844
41.984375
41.965199
42.262421
42.885612
42.674683
42.272007
41.620041
40.555813
41.226952
40.709213
42.885612
42.128189
42.722626
41.87891
41.121487
41.207775
40.191479
40.16272
40.680454
41.380352
42.530869
43.000668
42.808914
43.211594
43.738918
44.496346
44.2183
44.966141
44.333351
44.793564
44.822323
43.844379
43.240353
43.949848
42.943142
42.128189
41.42186
41.62505
41.528286
42.486195
42.012074
42.099163
41.596024
41.992725
41.886295
43.511818
42.873226
43.163494
42.999004
43.802094
44.295555
43.618256
44.285881
44.073009
44.295555
44.227825
42.863544
43.337658
43.105438
43.173168
42.360409
41.69278
41.508942
40.889694
40.570396
40.850994
40.802608
41.141262
41.344452
41.170292
42.737759
38.161133
35.34549
36.477551
37.928917
38.53849
38.209515
36.622692
37.10648
37.029076
37.928917
38.490105
39.438328
39.167412
41.005802
41.228344
41.69278
41.576668
41.750835
41.818565
41.857265
41.712132
41.886295
41.779858
41.683105
41.354134
41.170292
40.841316
42.283005
38.611317
40.173733
40.486214
40.31044
39.206985
39.206985
38.826145
39.285103
39.451115
39.441345
39.51947
39.499935
39.353458
39.63665
39.939369
40.339745
40.808464
41.413898
42.292767
42.380653
42.048641
42.243938
42.087696
42.077934
42.449009
42.878674
43.249748
42.937267
42.751724
43.454815
42.800552
42.917732
42.976326
43.65012
43.552464
43.474346
42.380653
42.722431
43.093506
42.634544
43.386463
43.327869
43.816124
44.909821
46.042576
46.110931
46.462479
46.198818
46.403885
45.583611
45.788681
45.573845
45.700794
45.749622
45.59338
45.290661
45.544552
45.202774
45.79845
46.569889
45.876568
45.857037
45.691029
45.251602
46.354816
46.118412
47.251179
47.162529
50.511578
52.934719
52.885464
53.683331
53.653778
52.974113
53.643929
53.988682
53.959129
53.988682
54.520592
54.619095
53.565125
53.377972
54.185684
55.426807
54.825943
54.835793
54.835793
55.909462
56.333019
56.530022
55.761707
55.840508
55.545006
56.421669
53.555275
53.112015
53.466621
53.762131
53.61438
53.61438
53.880329
53.16127
52.993816
53.082466
