Adjusted
59.677963
59.476692
59.696243
59.54073
59.504124
59.89753
59.174774
59.531574
59.741993
59.806042
59.870087
60.647739
60.977097
60.83987
60.922199
57.061386
56.603947
56.018414
56.603947
57.033939
57.043091
57.985424
57.436485
57.985424
57.409035
57.976273
58.21413
58.497749
58.634983
58.634983
58.909439
59.183914
59.476692
59.732853
59.787746
60.565384
59.85178
60.940506
61.590057
61.544312
62.568977
63.328358
63.950478
63.831543
64.179199
64.22493
64.179199
64.362167
64.353035
64.966003
64.728134
64.590889
64.966003
65.606422
65.194717
66.045555
65.679588
66.246826
66.466415
67.28981
66.521301
66.438965
65.50576
65.578972
64.865341
65.057457
64.856216
65.405144
65.49707
65.929115
64.844391
66.094589
65.644135
65.690094
66.462296
65.975067
66.287628
65.818802
65.947502
65.451096
65.855576
66.131355
65.993469
66.802399
66.811607
66.40712
67.22525
67.096573
66.949493
67.179298
67.721657
68.705254
68.72364
68.493835
68.650124
68.355965
68.33757
68.025017
67.758446
67.868752
67.740059
66.07621
65.423523
63.502285
63.888371
63.860786
63.281651
64.072205
65.19371
65.06501
65.267235
65.607368
66.306015
66.416321
66.921921
67.436699
66.204872
64.347984
65.671722
65.451096
65.423523
66.214081
64.89035
64.678917
64.844391
64.439919
63.894894
64.366013
64.80941
64.938728
65.114235
66.546036
66.167305
66.619957
66.555275
66.582993
66.740028
67.497475
66.933998
66.924774
66.139603
66.703079
66.462898
66.370529
66.139603
66.148834
67.007912
67.192635
66.998672
67.746895
67.02639
67.534431
67.24807
67.525192
67.63604
66.601471
65.437531
65.298996
65.28051
65.262054
64.523056
64.94799
64.80941
63.525417
62.878811
61.973534
62.453888
62.490826
62.315319
62.509304
62.250652
62.278374
62.952702
62.195229
62.78643
62.167522
62.620163
63.442291
63.405331
64.181274
63.922619
63.654755
63.479233
63.340672
62.86034
61.483952
60.412426
59.7658
59.932079
59.848938
59.496071
60.043961
60.257526
60.387543
60.05323
61.538998
61.548302
61.69688
61.167572
62.579071
63.201214
63.071217
62.51405
63.61911
63.684113
63.721241
64.213409
64.640572
64.974861
64.352715
64.213409
63.804825
64.046249
64.176277
65.142021
63.990547
64.166977
64.185539
64.250565
64.817024
65.188446
65.086304
64.798439
64.361992
63.711971
64.009125
64.408424
63.879124
64.204124
64.436279
64.074127
63.990547
63.925549
63.693394
63.164074
64.417709
64.891312
63.61911
64.018387
63.154812
62.829788
62.866924
62.662632
63.191944
63.51696
63.711971
63.498371
63.776962
64.027679
64.195747
64.550514
64.345108
63.803623
63.999691
63.738262
64.307762
63.616901
64.307762
64.839943
64.634537
65.306747
65.120018
64.961296
64.373116
65.297424
65.372108
64.821266
64.410461
64.541183
64.998642
60.965416
60.433258
59.919758
58.846096
59.30357
59.228886
58.883442
58.855442
59.677017
60.30254
60.022453
60.66666
61.152142
61.74966
61.105453
61.74033
61.59095
61.852352
61.805672
61.264172
61.562935
61.992393
61.730988
62.571228
62.393864
62.365837
62.543221
62.505882
62.739285
63.411488
63.038052
63.159428
63.46751
63.635574
63.150097
63.056732
63.056732
63.028725
66.47377
66.380409
66.072327
66.585831
66.977921
66.865883
66.567131
66.698517
65.966499
65.750656
66.848679
66.567131
66.229294
65.694328
66.097893
65.872658
66.754837
66.614067
66.557755
67.252251
67.177147
66.904991
66.773598
67.515007
67.036377
66.820511
66.839294
67.195923
66.933151
66.276207
67.439934
66.632828
66.773598
67.008232
66.94252
66.407608
66.144821
66.416977
66.398209
65.919579
66.351295
66.360664
66.37944
67.31794
66.895599
67.674561
67.862259
67.505638
67.956108
68.594276
68.434738
68.519211
68.575493
68.096878
67.759018
67.421165
67.299156
67.055138
67.224075
68.143806
68.031197
68.040558
66.904991
66.914368
66.801758
65.947739
67.16777
67.186531
67.242844
66.903229
67.006996
67.120232
66.865509
66.544762
66.440994
66.554199
66.422134
65.950447
65.997612
65.422165
66.318352
66.290039
66.063644
65.469345
65.441025
65.299522
64.856148
64.242958
63.563736
62.054359
62.610943
62.912819
62.62981
63.592037
63.214691
63.997684
64.497665
64.507088
64.441063
64.856148
64.686333
65.158012
65.441025
65.441025
65.856102
65.158012
65.507072
65.79007
65.639145
65.544807
65.742905
65.591957
65.516495
65.233498
65.601402
65.214615
64.771255
65.054237
65.025955
64.384476
64.507088
64.818413
64.129761
64.610855
64.384476
63.384499
62.743015
63.243
62.375095
62.62981
62.997707
63.110916
61.893982
63.676949
64.63916
64.31842
63.544865
64.759026
64.237328
64.142479
63.696648
64.009674
63.032639
62.757557
63.649208
64.446007
64.597786
64.768517
64.721107
65.470467
65.603287
66.181892
65.755035
66.267265
67.083046
67.471962
67.927269
68.866356
69.122467
69.018143
69.274239
69.454468
69.463966
69.492424
68.809448
68.780991
68.7715
69.056068
68.629211
68.7715
68.866356
69.113007
69.084534
70.507385
70.108994
70.090012
69.558815
69.283722
69.558815
69.492424
69.473457
68.762024
69.511398
68.752533
68.154938
68.183372
69.226822
70.459961
72.366592
72.632195
72.83139
72.689095
72.622704
72.403389
72.327103
70.849098
70.515343
69.32341
69.008736
70.849098
72.012421
71.163765
70.238815
70.419998
70.429527
70.486755
70.906319
72.155464
71.49752
71.688225
70.734665
70.868172
69.533188
68.522423
69.22805
68.074257
69.247139
70.009964
70.267426
70.486755
70.88723
70.343697
70.858635
70.534416
70.858635
71.173309
71.10656
72.250816
71.793114
72.317558
71.878929
71.907539
71.955208
71.878929
71.878929
71.898018
71.754967
71.364006
71.259109
70.038567
70.400925
69.151772
68.82756
69.552254
68.636848
69.247139
68.674995
69.123154
69.037361
69.495033
69.800186
71.631012
72.460602
73.280655
73.738373
74.396309
73.528587
73.116417
73.672363
75.023888
74.650063
74.66922
74.650063
74.525452
74.324158
74.563797
74.34333
74.266663
73.298531
73.490242
73.049309
73.701118
73.058907
72.694664
72.589218
72.819267
72.330421
72.177063
73.001404
73.356041
72.675491
72.637154
73.413567
73.883232
73.720291
74.257057
73.998253
75.675674
76.039917
75.72361
76.308319
75.924904
76.087845
75.512741
75.110161
75.560661
75.598991
75.244339
75.062225
74.774673
74.765076
74.007851
73.538162
73.51899
73.356041
73.912003
73.94075
73.777802
73.634018
74.956787
75.023888
75.829041
75.953659
76.883438
76.931351
78.043251
78.167862
78.081589
76.835503
77.592728
76.269974
76.643799
76.097443
77.238083
76.327477
76.481621
77.069275
77.647293
77.762901
77.098167
77.647293
77.078911
77.078911
77.242683
77.512428
77.165596
76.963303
76.895859
78.157867
78.417984
79.005646
79.005646
79.034523
79.583664
80.479591
80.373634
80.518127
81.568192
81.510384
81.568192
81.41407
82.078773
81.886108
81.645264
80.450684
78.986366
77.011482
74.48745
73.235077
75.238876
76.173347
76.992203
76.375656
74.76683
76.279312
77.146339
75.884338
77.926666
76.953667
77.127075
77.888145
78.128975
78.822594
80.152039
80.161682
79.612549
80.13279
79.448792
79.525864
80.103867
80.373634
78.51432
78.215675
79.169411
75.79763
76.703194
78.678085
78.456528
78.822594
80.110168
80.371559
80.691025
79.926231
79.151749
79.20015
80.032722
79.984314
79.722931
80.284439
82.820839
82.452965
82.501373
81.67849
81.610725
81.939888
81.300934
81.852753
82.259346
82.3368
83.120964
81.455826
80.884659
81.116989
81.542961
79.722931
79.16143
80.642624
80.071449
81.988281
82.017334
81.494553
82.42392
82.559456
82.98542
83.28553
83.179039
83.953522
82.78212
81.843071
83.701813
84.611839
83.779259
83.421074
82.462646
81.175079
81.891472
82.03669
83.663101
82.085091
81.010498
81.930191
82.801483
84.089058
83.934151
84.408531
84.894981
84.252861
83.241058
81.995735
82.131943
81.986015
81.421738
81.36335
81.820625
83.192406
82.579483
82.725418
81.441193
79.077057
78.123604
77.617706
79.475952
78.746269
80.526672
79.962395
83.095123
85.585732
85.780312
85.313316
84.622566
83.503731
83.562096
85.488449
85.848412
88.047165
87.891495
87.239655
87.930405
88.786568
88.465515
89.525963
89.04924
90.352928
90.382126
91.549591
90.995033
90.732361
90.849098
90.985306
91.209084
91.384193
90.751816
91.063141
91.325821
91.111794
91.676071
91.753899
91.228539
92.181969
93.145134
91.870644
91.588501
91.471741
93.242439
93.719139
94.721222
96.890793
97.046455
96.783783
97.805321
97.980446
96.404335
96.910255
97.14476
97.740791
96.275124
96.63665
94.506546
92.659798
92.884529
92.904083
92.816124
91.584976
89.298523
89.660057
91.155045
90.930305
90.871674
91.233208
91.633827
92.161469
91.457947
92.552315
92.630493
93.314461
94.77037
95.737717
95.278473
96.587799
96.08947
96.52919
94.164558
93.079956
93.871422
93.373093
93.529442
94.49678
94.506546
95.288239
95.54229
94.848534
95.034195
94.956017
96.226265
95.288239
95.630226
96.52919
97.809196
97.525833
96.695282
97.105675
97.408577
98.170723
97.770119
97.887352
98.522491
97.877586
100.056564
99.245552
99.323715
99.685249
100.359459
104.228836
103.447151
104.619682
104.228836
103.90509
104.935204
103.934517
102.776855
103.267395
102.874954
103.031929
102.904396
103.022125
102.060669
101.854652
102.286324
102.384422
101.511284
99.657051
100.029861
100.314377
100.245705
99.500092
98.362045
98.725037
98.420914
98.813332
98.98011
99.59819
99.66687
99.853271
99.274437
98.460144
99.195953
99.539322
99.931755
100.589073
100.471344
99.715919
99.715919
99.382362
100.26532
99.451035
100.029861
99.245003
99.931755
100.049484
98.685799
97.714531
94.359276
96.184059
95.507118
95.065651
96.193886
94.045341
94.555489
94.408333
94.643791
95.359962
94.879242
94.8302
95.703346
95.919174
95.546371
98.028473
95.095078
94.643791
94.015907
93.848381
94.173584
93.937065
92.7939
93.040268
93.237366
93.069839
92.961426
93.473877
92.84317
92.291298
92.182884
92.517952
94.518501
94.055321
93.158524
94.015907
94.479088
93.434464
93.424606
93.483734
91.995636
92.872726
94.380531
93.178246
90.241478
90.192192
90.576538
90.724358
90.537117
90.073936
89.876839
90.546967
91.493042
89.758583
90.960876
91.039711
91.778831
89.876839
87.491951
87.758034
88.290192
89.068726
90.586388
90.093643
91.088989
92.015358
92.340561
90.753922
91.010155
91.098854
91.286087
91.424057
91.867531
91.512756
91.699997
91.699997
91.908005
92.77964
92.442871
