Adjusted
50.942432
50.286945
51.925663
52.00539
51.792801
52.572304
52.908913
52.91777
52.731747
52.714035
52.253422
52.412857
52.598877
52.953201
52.669746
53.963013
56.000351
55.238567
54.928535
54.264187
54.255325
55.017117
54.025017
54.345219
54.487526
54.398582
54.612053
54.380798
54.692108
55.323616
55.127937
55.305824
54.665421
52.041546
51.347786
51.11652
49.933559
50.11145
51.712452
52.068241
52.005974
51.899239
51.908134
51.765823
52.735317
53.562508
54.700993
55.056786
54.932247
55.448132
55.759438
55.083462
54.558685
54.674313
53.402409
53.108887
52.761997
52.237225
52.192757
53.019947
52.708626
51.623512
52.050446
52.788681
52.601902
52.406219
53.322353
53.437984
53.909389
52.655277
50.885273
51.498997
51.570137
51.045372
51.169884
51.863659
51.854767
53.349037
54.105057
53.242298
55.003414
55.003414
53.84243
54.02998
54.324692
54.592602
55.566032
57.423599
57.012787
56.512676
54.744423
55.048065
54.905174
54.574738
54.253239
54.726566
53.8335
52.949379
53.601315
53.386978
54.280029
55.199879
55.280258
54.315754
54.458649
55.190945
53.520935
53.610245
53.985329
53.628105
51.788403
51.261497
52.42247
51.672302
51.993805
52.672527
52.020596
50.752453
50.627426
49.287846
49.930843
49.037788
48.046501
48.055424
47.653557
47.787502
47.966122
48.001839
48.662704
50.413101
49.653996
50.770313
50.100521
50.127319
48.332268
48.466228
48.251892
48.225098
47.903603
47.733929
46.778355
46.894447
46.983757
47.519588
39.309536
36.86895
37.577797
36.770256
37.182999
36.501072
37.111214
39.013432
38.143078
39.345425
39.874821
39.255703
39.68639
38.466095
37.775196
37.667522
36.761284
37.048405
37.586777
38.026443
36.940731
37.209915
37.272732
37.371429
36.958679
37.945679
37.748272
37.829037
39.758175
40.852848
40.314491
39.820988
41.265583
40.870792
40.377289
40.493938
40.143997
40.170925
40.126057
39.803043
39.991467
39.650494
38.968575
38.600697
39.471043
40.915653
40.628521
41.364292
40.951553
40.754135
41.131001
41.507847
40.799015
40.745178
40.709278
41.211754
41.732174
41.821899
41.929573
41.768063
41.839848
40.951553
41.220722
41.875736
42.109032
41.884708
41.139973
41.364292
41.929573
41.319416
41.588612
42.135948
43.078091
43.185757
43.087059
43.248566
43.212669
44.011246
43.454941
42.871716
42.449997
41.651424
42.629444
42.315403
42.118004
42.064163
42.979385
42.593559
41.853893
43.233994
42.36805
42.205681
41.493088
40.906773
39.995724
39.499611
39.66198
39.761208
40.158092
40.392616
40.302414
41.24052
41.944096
42.115486
42.340996
42.413151
42.40414
42.63866
42.395111
42.241772
42.016262
41.808788
42.340996
41.610352
41.989201
41.628391
43.324196
44.478783
44.487808
43.784229
43.585777
43.089672
42.413151
40.933838
40.320457
40.726372
40.302414
40.527916
40.284374
40.27536
40.699306
40.464783
41.682514
41.898994
42.232754
43.261051
43.279095
42.963383
43.098694
43.215954
42.801022
43.630878
43.324196
43.297138
43.306152
43.414398
43.639912
44.072876
44.181118
44.398712
45.196564
45.332573
45.087776
45.232838
44.253654
43.782196
43.211002
43.428596
43.537399
44.00885
44.36245
44.462181
44.108585
43.909122
44.144848
43.990715
44.153915
44.580048
45.332573
45.151237
44.897377
44.806705
44.580048
43.773129
43.782196
43.954456
43.591805
42.793941
43.011539
43.854717
44.099522
44.172047
44.326183
44.462181
44.280846
44.235527
44.806705
45.096844
45.278172
45.368824
45.169369
45.269096
45.069641
44.117649
44.199257
44.063251
43.936317
44.172047
44.66164
45.332573
44.697903
44.706974
44.879234
45.042442
45.332573
44.861103
44.906441
44.942707
44.725113
45.214695
45.323502
45.187496
44.604321
44.531418
44.494976
44.412968
44.713665
44.750114
44.476753
44.285389
44.267166
45.242172
45.606659
45.615772
46.135178
46.144283
46.280975
45.679558
45.524651
45.524651
45.287735
45.059929
44.968807
44.713665
44.823006
44.431179
43.911789
43.775105
43.137245
43.073463
43.374165
43.255714
43.565525
43.328609
43.547306
43.037014
43.073463
43.283047
43.137245
42.91856
43.246601
43.009682
42.991455
42.016445
41.95266
42.772762
42.92767
42.854771
42.116688
42.171352
42.37183
42.399155
41.661072
41.879765
42.326263
42.818325
42.92767
43.155476
43.328609
43.255714
43.310379
43.310379
43.693092
43.711315
43.519966
43.419205
43.281799
42.961197
43.290955
43.181034
42.347458
42.310818
42.283344
42.40242
42.512344
42.851265
42.878757
42.80547
42.539818
42.2925
41.971889
42.118458
41.623806
41.687927
41.605484
40.680309
39.599411
39.3246
39.031479
39.434532
38.921555
39.562763
38.518513
38.124622
37.611652
37.987225
37.923092
37.465092
37.336842
38.289505
39.049801
39.214684
38.875755
39.718494
39.315445
39.562763
39.132244
39.663525
40.588707
40.121536
39.855892
40.213146
40.478783
40.332218
40.405502
41.046715
41.376484
41.587173
41.358162
41.468086
42.84211
43.602402
43.263474
43.245159
41.642124
41.706245
41.770367
41.926094
40.964275
41.314316
42.226276
42.21706
42.355232
41.434067
41.793327
42.290756
42.060459
41.084034
40.687923
40.337883
40.862946
41.645931
42.38287
42.465775
42.732918
42.484196
42.355232
42.539467
42.484196
42.051258
42.161793
41.406433
41.959133
42.180214
42.677643
42.336815
42.70528
41.86702
41.913074
41.848595
42.364449
43.893581
44.372589
44.823963
44.160725
44.529186
44.777905
43.939644
44.418655
44.851597
45.22007
46.168869
45.450352
45.864883
45.781979
46.509705
46.776833
47.15451
47.937504
48.204639
47.909874
48.51783
48.840248
48.895523
48.794193
48.996845
49.337677
49.006058
49.061325
49.31004
48.689968
48.032871
46.672401
45.376713
45.654369
44.728878
44.284637
44.182838
43.340645
43.405426
43.766365
44.006992
42.877899
43.035225
43.377659
43.423931
43.062996
43.248089
42.618767
43.831154
42.628014
42.081974
42.452171
42.470673
42.424408
42.572483
42.572483
42.433655
42.220795
42.211544
42.526211
42.590992
41.943157
41.646992
41.360092
41.323078
41.535938
41.637741
41.276798
40.999157
40.749271
40.721508
41.628483
41.332321
40.823311
41.036175
41.174995
42.072723
41.646992
41.49892
42.035698
42.165272
43.146278
43.201817
43.127769
43.757111
43.895931
43.525738
43.007473
43.118523
43.062996
42.433655
41.980175
42.152431
42.282791
41.509949
41.258541
40.997826
40.904716
41.53788
41.761356
41.472702
41.388908
41.528572
41.779976
41.928959
41.752045
41.891716
42.152431
42.124504
43.027702
43.34428
42.739044
43.623623
43.51189
43.437397
43.251167
42.776295
41.994133
41.630997
41.938271
42.23624
42.580753
42.320034
42.152431
42.14312
41.854473
41.761356
41.156113
40.932644
39.936337
39.377659
39.815289
39.778038
39.880466
39.982887
39.815289
40.951275
41.509949
41.565815
41.342346
42.161739
40.830219
40.55088
40.355347
40.299473
40.802284
40.588123
39.638371
38.62344
37.189491
35.606564
34.9827
36.239727
37.757481
38.213737
38.018196
36.757332
37.207314
37.844765
37.188553
37.779144
37.104187
36.982319
36.691711
36.260483
36.832325
36.94482
36.4011
34.666821
34.160599
31.760738
29.979582
30.420183
30.129574
29.023384
29.098383
29.164001
28.254677
29.051508
30.054583
30.073332
31.395128
31.770107
31.807606
31.010777
31.348253
33.120033
32.745052
32.745052
32.023224
32.585686
32.25758
32.960667
33.391891
33.176277
32.126335
32.398201
32.491943
31.676371
32.323204
34.226219
31.292009
30.626417
30.467058
30.598297
29.773346
29.857718
29.6796
30.195194
30.635794
29.74522
29.95146
30.288942
29.304621
29.023384
29.557732
29.492109
29.107758
29.660849
30.091131
29.041437
29.344053
29.202202
30.30863
28.388929
29.164375
28.436211
27.774246
27.140648
27.868814
28.455124
27.273041
26.989342
25.759974
27.140648
28.379471
28.1336
27.405432
27.301413
26.809666
26.09096
26.87586
26.762379
25.003439
24.142885
23.556572
22.506878
23.225588
22.828403
23.698421
24.086143
23.480915
22.629816
23.282326
22.554163
21.182945
21.608496
21.343708
21.750345
22.790583
22.620361
20.899244
22.629816
23.452545
23.509287
22.298832
22.56362
22.147526
23.405264
21.665234
22.261007
23.925379
24.322559
23.07428
23.792988
23.055368
23.613308
24.038858
25.362793
25.202032
25.894787
26.898088
27.222971
28.293161
29.019363
27.834505
28.790035
28.14983
27.423634
28.14983
27.270746
27.805841
28.541599
28.39827
28.39827
27.853619
26.773872
26.047672
26.716539
26.726095
26.869425
25.799236
25.646347
24.662157
24.241724
24.27039
23.6493
23.849958
23.763966
24.394609
25.340582
24.337278
24.948814
25.32147
26.964977
27.251638
27.433186
27.280302
27.02231
27.280302
27.270746
27.299412
26.745205
27.251638
26.286554
25.904343
24.920149
24.834152
23.821295
24.901037
24.910595
24.308615
23.735298
24.652603
25.034813
24.107952
24.528381
24.786373
25.139921
24.805485
25.311916
24.967926
24.547495
24.368807
24.368807
24.774473
25.788633
27.391972
28.039103
27.063576
26.590303
26.049416
25.991463
25.392628
25.402285
25.015938
25.827269
25.962488
26.049416
25.827269
27.044258
25.991463
23.84724
24.397785
24.745497
25.286383
25.663071
24.600616
24.368807
24.137003
24.610275
24.813108
25.576141
26.474398
27.218115
27.710707
28.280567
27.70105
28.019783
27.903879
27.314703
27.652754
28.33852
27.89422
26.706207
26.07839
25.721022
26.329517
26.368153
25.537508
26.339176
27.353336
27.247089
26.928354
27.150505
26.252247
27.459581
27.111868
26.851084
27.005623
27.111868
27.420946
28.270908
27.46924
27.527193
26.657913
26.995966
29.410633
29.043602
28.174324
28.4834
27.932549
27.854553
27.542566
26.333616
26.567606
25.826641
25.183167
25.300161
24.900431
24.64694
24.461699
24.685938
24.910177
24.19846
23.535488
23.389244
23.847473
23.642733
23.847473
24.266705
24.022964
24.4422
24.227709
23.964468
24.20821
24.237457
23.194254
22.658026
22.570278
22.258293
22.80427
23.243
24.071716
23.701231
23.896223
23.983969
24.19846
23.330746
23.194254
22.940765
23.710981
24.110714
23.545237
23.886473
24.481195
25.524403
26.099628
27.523066
26.7236
27.581566
27.250078
26.528608
26.645603
27.552317
28.322531
26.684605
26.7626
26.743101
26.665104
26.65033
27.970043
28.649599
28.383684
28.728386
28.935205
29.772337
29.723097
30.944323
29.782188
29.073088
28.935205
29.289757
29.112482
27.349583
27.733677
28.344292
28.905661
28.738235
29.585217
28.620052
28.885963
28.885963
