Adjusted
28.590176
27.790678
27.938068
26.910769
27.491413
27.880003
28.045263
27.687943
27.969334
28.701843
28.916235
29.202091
29.121693
29.974802
30.184729
30.662643
30.671574
30.662643
32.145531
32.556446
33.14603
34.039326
34.302856
34.24926
34.745041
35.294422
36.370846
36.486984
36.129662
36.47805
37.143559
37.031425
37.771519
35.986324
36.147808
36.569424
35.560211
36.12986
37.112164
37.17495
38.130348
40.274376
39.807888
39.713684
39.597073
39.928993
39.422138
39.915531
38.94669
39.336918
39.440083
39.803398
39.610531
40.875401
39.94693
40.77673
40.453785
40.785706
40.220547
40.189148
40.292305
38.341156
36.506638
37.058334
36.946201
37.390251
38.036156
37.829823
36.811634
36.013241
34.77079
35.376308
34.36261
34.533054
35.322483
35.878674
36.578396
37.058334
36.609798
36.488693
36.964146
35.14756
32.954205
33.999302
35.030933
36.035671
36.52906
35.259693
35.196896
34.707985
34.290852
35.079399
35.768826
35.381302
37.255814
38.120964
37.345928
37.152172
37.111626
36.97644
37.737957
37.719929
37.64333
37.174709
36.958412
36.332069
36.016655
37.287357
37.68388
37.134148
35.985115
35.72377
36.404175
35.872467
35.597591
35.56155
35.286678
33.249954
32.808361
31.713406
32.47942
32.637135
32.015297
32.019802
31.713406
31.222246
31.871117
31.087063
31.289837
31.596243
30.776154
32.222584
33.002129
32.939041
31.510639
31.429525
30.771643
31.361929
31.470074
32.339741
31.717913
32.465912
32.402828
32.54702
32.898483
33.042683
33.835743
32.411835
32.303699
32.046848
32.317204
32.664181
33.002129
32.916512
33.76815
33.20491
31.844072
31.542177
31.301918
32.181355
32.571217
33.935711
34.026382
33.913044
33.137863
33.563995
33.378132
32.870403
33.292007
33.391743
32.684544
32.117901
31.555773
30.871256
30.694456
30.340866
30.776062
30.349932
30.014477
30.037146
29.651817
29.243834
28.554783
29.153164
29.2257
29.076097
29.438759
29.157696
29.144098
29.620081
29.570223
29.570223
28.976372
28.332651
28.151321
29.606483
30.485933
30.458736
31.025385
31.256578
31.814169
32.068024
32.154156
32.865871
32.680012
31.374443
31.682693
32.276558
32.104294
32.870403
32.485085
32.122433
32.498688
32.058964
31.9139
31.927498
32.480545
32.729877
33.550392
34.044506
35.749004
35.739937
35.28875
35.926796
35.275078
35.904007
36.573959
37.271259
37.166443
38.437984
37.708782
39.837132
39.645718
37.945774
38.214664
39.741417
38.989445
39.882706
39.18541
39.057804
38.834476
39.354046
39.235542
39.841686
39.062355
39.768772
40.456947
40.721287
40.807877
40.621021
40.3339
41.805984
40.780537
40.224522
40.429611
40.561775
40.415939
41.491512
41.459606
40.178951
40.607357
39.490765
39.057804
38.866383
39.344925
39.003109
38.939308
37.818157
38.055145
37.904755
39.431511
39.878151
39.673065
38.437984
37.941219
37.512806
37.977669
38.497227
37.608509
38.492668
38.374176
39.003109
40.171001
40.166431
39.854984
40.280926
39.987804
40.35878
41.169437
40.322147
38.540531
38.471832
38.183292
38.787861
39.470272
40.981667
41.219818
41.714458
41.810638
43.280815
42.387714
43.042656
42.854874
43.115925
41.975513
42.094601
41.535843
41.041199
41.512939
40.807617
39.978642
40.152683
39.864147
41.009136
39.919106
39.923683
39.891624
38.966476
38.426025
38.984787
38.714569
38.146656
38.732887
39.653473
40.661064
41.1786
41.283936
41.398441
41.604538
41.558743
41.554157
42.557175
42.767849
42.570911
43.711327
43.853306
43.880787
44.283821
43.60141
42.497639
41.810638
42.144974
42.025902
42.053375
41.174026
40.784718
40.899765
40.784718
40.352165
39.99324
40.099075
40.011635
40.20491
41.327717
41.134449
41.286304
40.536232
40.421188
40.448803
40.352165
40.264736
39.431828
39.431828
39.873589
39.76775
39.514656
39.841377
40.789322
41.240288
41.235683
40.945782
39.781548
37.259827
37.241421
36.537373
35.925343
36.173832
36.758255
37.227619
36.56958
35.814907
35.934547
35.621635
36.288879
35.929947
36.362503
36.091003
35.317921
35.391552
34.940586
34.87616
35.253494
35.63084
36.160034
35.796497
36.643204
36.344097
38.41486
38.456272
38.870419
39.128117
39.919605
39.804558
40.264736
40.076065
39.836773
40.232521
40.913567
40.991795
41.690571
42.389347
42.250519
41.676693
41.847912
41.921951
41.847912
41.736847
42.00988
42.116322
41.422165
41.843285
42.097805
42.403229
42.754929
42.444885
41.847912
41.139885
40.195839
40.968658
40.806694
40.811317
40.413345
41.019566
39.834888
39.196266
39.099083
39.001904
39.339722
39.052814
39.182384
38.150417
37.460892
37.40073
37.428497
37.40073
38.992645
37.854248
37.757065
36.937973
36.29472
35.295151
36.303982
36.674194
37.317432
39.311954
38.67334
39.117599
39.700684
39.992222
41.241692
40.450356
41.949722
42.065414
42.398605
41.940468
41.977482
43.097382
43.53701
43.546261
43.791527
43.967384
43.291744
42.750305
43.043438
43.680874
43.64365
44.27644
45.095333
44.72311
44.313663
44.513737
41.91745
42.243149
43.801849
44.676582
44.979012
42.875931
41.280006
41.298618
39.577065
39.02803
38.711639
37.860172
38.246346
39.423531
39.097824
40.572781
40.614651
41.121811
41.233471
41.745293
42.368767
42.173347
41.996552
42.638641
41.45216
41.042717
41.38237
42.354809
41.172989
39.744572
37.622875
36.120007
35.757084
36.087433
37.418152
37.664749
39.069912
40.554161
41.033405
41.261398
41.545219
41.880226
43.08065
43.708797
44.58353
44.75568
45.272148
46.00729
46.607513
47.542732
46.956474
47.179813
48.386192
48.545174
48.92392
49.400864
49.363453
49.728168
49.181091
48.93795
50.050808
49.096931
47.59129
48.054199
47.698837
47.577267
46.052921
46.651432
44.944729
45.295425
44.734318
44.98214
45.851852
45.702225
47.231247
46.787033
47.815731
47.890545
47.553883
48.199154
47.170464
46.595322
48.114998
47.876518
47.58194
45.393612
46.076302
45.936024
46.123058
46.69352
46.955368
45.454411
45.842506
45.837826
46.75898
46.160469
46.445698
46.76366
47.754944
47.54921
48.231892
48.133698
47.932632
47.941978
46.090328
48.002769
47.343464
47.61467
47.23592
48.0168
49.040813
47.825085
47.380875
47.825085
48.96133
48.372169
48.992386
48.987686
49.020573
48.705772
48.43325
47.192818
47.437149
48.28759
48.61179
48.654083
48.409756
48.019768
47.141132
47.418343
47.202213
46.671272
47.827126
48.893703
47.953987
47.982182
48.104343
48.20771
48.809135
48.771545
48.76215
49.044067
48.564812
48.339272
48.837334
47.784832
49.156834
50.528831
50.75436
51.459152
52.192135
50.71677
50.162334
51.205429
55.236828
55.246235
54.043385
54.954914
55.048885
54.06218
53.70509
53.629906
52.934521
52.925121
51.177235
51.224216
52.445858
50.68858
51.374569
49.993191
49.044067
48.564812
49.006481
48.085548
50.049568
52.492847
54.315903
53.554733
52.304901
52.805832
52.437218
51.510975
50.367325
45.726616
43.307022
41.369453
43.023476
44.110401
44.630238
44.715305
43.533859
44.242725
44.4034
43.7985
45.102818
44.847626
45.518688
45.244583
43.968628
44.658592
44.110401
44.261627
43.56221
43.637825
43.420437
43.722885
44.110401
44.734203
42.560345
43.042374
43.789047
45.3013
45.736069
47.805958
47.295574
47.531872
48.278542
46.917511
47.040379
46.104675
45.925102
47.352287
48.325798
46.369324
44.743656
44.214367
45.036652
45.925102
46.04797
46.293709
47.106544
48.429768
48.959049
50.017624
51.633839
51.794518
52.5979
52.900349
51.340843
51.766163
51.841774
51.70945
50.735939
51.125782
51.591679
52.941853
53.065464
53.179558
53.635956
54.377594
55.195305
55.689732
55.537601
56.42186
55.157265
51.762829
52.894306
51.049717
50.136921
49.423798
49.775608
47.179863
45.63002
46.742481
47.255924
48.796261
47.873962
48.872326
49.062489
50.117905
50.05135
49.062489
49.594955
49.728069
49.290691
48.720196
48.111664
46.324127
45.63002
43.918533
43.471649
44.1087
40.200813
41.512955
39.38311
39.173927
38.508354
37.662113
40.72377
38.765076
39.516224
37.899826
38.242123
39.734917
39.715893
38.289661
35.37064
33.221767
30.711599
29.218805
29.855858
30.112581
29.313889
30.486057
31.264305
31.667839
30.140171
30.351547
32.071373
30.370764
32.638245
32.878445
32.878445
32.907265
33.272369
33.349228
35.856907
35.607105
35.414948
33.791199
35.607105
34.915329
36.24123
35.587891
35.193958
36.884964
36.049076
36.731232
36.913784
37.057903
35.780045
35.424549
35.530235
35.222782
35.14592
35.722401
34.963367
35.213177
34.857685
35.040234
35.991421
37.182812
36.500645
37.461441
38.105167
37.874577
36.414169
36.913784
36.827312
37.903404
39.123619
39.834602
39.565578
39.834602
39.748135
39.373421
37.547913
37.067513
36.500645
34.80003
34.675129
34.473362
33.579823
34.060219
34.49258
33.618256
34.098652
34.54464
34.971233
35.620831
35.000324
35.514183
34.486469
34.719158
34.593117
33.49754
34.040482
33.769012
35.329967
35.562656
34.379818
34.215
35.533573
35.756565
35.824432
35.291183
32.92551
31.810547
32.188663
32.372875
32.479523
33.53632
34.127739
34.185905
35.504478
34.253777
31.926886
34.612507
36.124985
36.803661
38.073761
37.598682
35.388138
34.399208
35.291183
35.329967
36.396461
35.853516
36.251022
35.436615
35.911686
36.386757
36.64854
35.998947
36.667927
35.775955
37.433865
36.677628
37.007263
38.190102
37.618073
37.608383
39.964359
39.39233
40.633339
40.652729
39.78014
39.741367
40.623646
40.43943
40.302513
41.202259
41.280495
41.554333
41.084896
40.194935
41.00666
41.04578
40.977325
40.928421
41.358734
41.740143
41.573883
40.987099
41.388073
42.023758
42.141117
42.493191
41.309837
42.385609
41.564106
40.947983
42.776802
42.659443
42.767021
41.613007
42.258469
41.749924
41.348953
40.56657
40.928421
41.701023
38.864891
39.696171
40.058018
40.468773
41.339172
41.427193
40.850185
41.534771
41.035999
40.742607
40.644806
40.732826
40.928421
41.789043
41.710804
42.101997
43.119095
42.815922
42.727901
43.285351
41.867283
41.877056
42.630104
41.407631
40.097141
40.273174
40.322075
41.661907
40.899082
42.610542
42.855042
42.991955
42.982098
43.218754
42.883495
42.755306
42.706005
46.512169
47.202408
47.04464
47.527805
46.393845
45.338764
46.364262
47.074223
47.133385
47.340454
46.571335
48.957588
49.361866
48.750511
48.405396
48.553303
47.744736
48.198322
49.411167
48.750511
48.691353
48.306793
49.637962
50.071823
50.407085
49.628105
49.746426
49.64782
