Adjusted
35.726341
36.581905
36.27079
36.40041
36.452271
36.806595
36.970795
37.359688
37.454758
37.048565
36.763378
36.94487
37.143635
37.333763
37.005356
37.160919
37.558453
37.10043
37.731297
37.593018
37.376972
36.149799
35.302879
35.804115
35.510284
35.432507
35.588066
35.760902
35.821392
35.562138
35.59671
35.795464
36.486843
36.867092
36.728817
37.134991
36.74609
36.659683
37.134991
36.927582
36.841164
37.454758
37.376972
37.748581
37.39426
37.134991
37.731297
38.923908
38.906456
38.627243
38.470188
38.068813
38.129894
38.496357
38.208424
38.304394
38.121166
38.731941
38.478909
38.566166
38.697044
39.185661
39.578312
39.543404
39.377632
39.68301
39.709183
40.869656
41.192501
41.105251
40.538097
40.974373
40.799854
40.625355
41.436817
41.811996
42.431511
41.838188
41.314648
41.768375
41.724747
41.009258
39.866238
39.901146
39.848793
39.246738
39.499779
39.25547
39.691738
40.093109
40.285061
40.70388
40.773674
40.459568
40.128006
39.447426
41.297211
40.756229
41.297211
41.14888
41.550232
40.895832
41.070347
40.747505
42.274448
43.13826
42.518768
42.405323
42.047585
42.283169
41.497887
41.227402
42.178391
42.222427
42.090336
42.046322
41.896618
40.778316
41.38591
40.866379
40.707882
41.112926
41.632454
40.9016
40.787121
40.989658
40.989658
41.526787
41.746925
41.931839
42.231232
42.539421
42.741947
42.724335
42.468979
42.380924
41.738121
42.081535
42.019897
42.204819
42.063931
42.416145
42.697922
42.565842
42.31049
42.416145
42.777176
42.741947
42.733143
42.653896
42.750755
42.680317
42.609871
42.680317
42.645092
42.768368
42.24004
42.002289
41.896618
41.879013
41.790958
42.099148
42.028706
41.931839
41.482761
41.46516
41.473957
41.641266
41.570812
41.984684
41.83498
41.817375
42.037518
42.24884
42.389732
42.514118
42.460808
42.816208
42.656273
43.002781
42.878399
42.656273
42.363068
42.229797
42.354191
42.363068
42.460808
42.300884
43.304871
42.976139
42.967247
42.851742
42.54966
42.425266
41.998798
42.194267
42.016575
41.536785
41.376858
41.909946
41.856647
41.412395
41.323544
41.28801
41.36797
41.065891
41.350204
40.292896
40.49725
40.195171
40.061893
40.186283
40.621639
40.301785
40.834881
40.710491
41.581203
41.758907
42.283115
42.060989
42.487465
42.709583
42.656273
42.709583
42.762901
43.198254
43.482567
44.122284
44.051201
44.273327
44.273327
44.584301
44.211128
43.811317
43.367069
43.882389
44.03344
43.917927
43.491451
43.321114
43.374901
43.114906
42.944557
43.841106
43.742489
44.217655
44.253521
44.298351
44.576279
44.63903
44.773514
44.872135
44.370075
44.585236
44.594208
44.92593
44.63903
44.396965
44.71973
47.624538
47.516949
47.086605
47.068668
46.575581
46.467983
46.03764
46.261776
46.602478
47.09557
47.400398
46.808678
47.974178
47.490051
46.692131
47.974178
47.992115
48.207287
49.103836
49.211418
49.937626
49.31004
49.399693
49.704525
49.928646
49.345909
50.036247
50.233482
50.36797
50.125893
50.448654
50.798302
51.094162
50.583138
51.156925
50.995544
51.336231
51.524506
51.39003
50.825199
50.932789
50.40873
50.327412
50.833393
50.923752
50.589443
50.228024
49.387718
48.592606
49.8666
50.616543
50.354519
50.580395
51.294197
50.932785
51.014099
50.788216
50.706902
49.8666
49.731071
51.592377
50.46294
50.526196
50.209949
50.643654
50.833393
51.023148
51.727905
52.197746
51.953796
51.980892
51.718876
51.212883
53.056114
52.911552
53.869305
52.604336
52.974792
51.60141
50.453907
49.541328
49.884678
49.956963
50.372589
50.932785
50.499081
50.48101
50.914715
50.598473
51.122536
51.041218
51.330349
51.221924
50.959892
52.134502
52.279068
52.342316
52.324245
52.342316
52.495918
52.270027
52.351349
52.848301
53.137432
53.073704
53.019089
52.864326
52.855217
53.173843
53.073704
53.638123
53.255775
52.727772
53.583504
53.283092
52.372734
52.664043
53.264885
53.756474
53.893024
53.273983
52.95536
53.3013
53.328609
53.201149
52.964462
52.71867
52.937145
52.436451
53.110119
52.800598
53.192055
52.900738
52.991772
52.937145
52.773289
53.328609
52.873436
51.653561
51.708172
51.94487
51.007202
50.916164
50.652157
51.480587
51.580723
51.917553
52.664043
53.510677
53.355915
53.182949
53.629032
54.147938
53.574398
53.865715
54.375515
54.803379
54.876213
54.621307
54.721451
54.430138
55.058281
54.694141
55.695534
55.577187
55.131111
55.313187
55.111435
54.607098
54.579582
55.010578
54.909702
55.304012
55.469074
55.551598
55.276501
55.349861
54.689625
54.460373
54.478718
54.359505
53.836815
53.965195
54.928043
54.634605
53.607578
55.184803
54.295319
53.790966
51.480145
51.654369
50.187176
48.995079
49.536106
49.563618
50.553974
50.902435
51.929466
52.828129
51.764408
51.214211
51.535164
52.553024
53.13073
54.029388
54.442039
54.625431
54.341167
54.414528
53.92852
54.442039
54.38702
54.597923
54.166935
54.524567
54.918869
54.689625
54.451206
54.707962
54.332001
54.414528
54.790497
55.386536
55.496574
55.735001
55.551598
55.86338
56.386066
56.743694
55.028908
55.0014
54.825855
53.329094
52.617664
52.479084
53.245941
54.49324
55.047604
54.474762
52.857891
53.088871
53.384533
53.338337
53.26442
52.469845
52.839409
53.624752
55.731304
56.923168
58.068836
57.8009
57.560677
57.459045
57.874817
57.17263
58.235149
57.847095
57.431335
57.828625
57.736221
58.041119
57.8009
56.775337
57.366653
55.694351
56.248699
56.378056
54.557919
54.668793
54.317696
53.892689
54.373131
54.271496
54.400852
54.336182
54.317696
54.326942
53.864967
53.911167
53.864967
53.920403
54.04052
54.474762
54.08672
54.123665
53.901932
53.476921
53.569313
52.516041
52.904087
52.275818
51.795376
52.316959
52.344906
53.201794
52.596382
53.695435
54.217022
54.561649
54.701351
54.608212
54.263592
53.648869
53.788578
54.338108
53.537102
52.959633
53.183167
53.257679
53.490536
53.229736
53.490536
53.32288
52.838547
53.79789
54.440567
53.872402
52.97826
53.65818
53.704746
53.732697
53.565041
53.648869
53.183167
55.865612
55.586185
55.474422
55.753841
56.480339
56.34063
56.1264
56.163662
56.573475
55.884239
55.362648
55.120483
55.679329
56.098461
55.893551
56.368572
56.312683
55.977383
55.30677
54.924892
55.381279
55.604816
56.713181
56.582787
56.107777
56.247486
55.390598
54.94352
54.831757
54.803806
55.520996
55.286362
54.310333
53.606472
54.160179
54.347881
54.98605
54.469883
55.211288
55.398987
54.657581
54.338493
54.892204
53.766014
53.428158
54.056946
54.122639
54.010021
54.422966
53.822319
53.850479
54.385414
54.310333
54.610657
54.638809
55.201904
55.201904
55.370831
55.061127
54.554344
54.498039
53.878639
53.48447
53.981873
54.939129
54.920361
55.33329
55.417755
55.089287
55.46468
54.835899
54.404194
54.817123
54.2071
54.67635
55.352062
55.539757
56.037159
55.990234
55.990234
53.446934
52.339508
50.668999
48.022469
51.072552
51.569946
51.964115
50.537613
49.298805
49.721127
49.411434
48.416634
49.448963
48.735722
49.477127
49.306736
49.543385
50.688728
50.991634
51.076824
49.344604
48.25605
48.028877
48.303371
47.886887
46.949787
45.832832
46.050549
46.751007
46.732079
47.460934
48.492691
47.139103
48.227657
48.293915
48.227657
48.000481
46.826733
46.892994
48.009945
48.729336
48.65361
47.697578
47.886887
49.23101
50.054527
50.082928
50.613007
52.15591
51.938206
51.739422
52.165379
52.165379
52.562935
52.108582
51.692093
51.341866
51.521713
50.849651
50.196514
50.196514
50.830715
50.840183
51.332394
51.379726
51.209339
51.124149
50.622475
50.849651
51.076824
50.177582
51.654228
50.944305
49.780025
50.773918
50.811779
50.613007
49.997738
50.821255
49.790119
49.83786
50.506187
51.5755
50.277039
49.303196
49.522797
49.742378
50.582565
50.458447
50.448902
50.92627
50.840343
50.429798
50.10519
50.744869
50.047905
49.608719
48.768547
48.930851
49.41777
48.367538
49.455963
48.825825
49.016777
48.262527
48.615776
49.026329
48.615776
49.121799
48.090672
46.973614
48.377094
48.453472
48.12886
47.785149
46.39122
47.145473
46.620358
46.935425
47.288681
46.63945
46.811306
47.527367
48.310261
48.042931
47.851986
48.472569
48.252975
48.272072
48.692165
48.348446
47.937912
49.408222
49.904694
49.742378
49.723289
50.25795
50.076542
49.99062
50.639851
51.236973
51.121399
50.485752
50.023468
49.628593
50.322025
50.851727
51.073242
51.121399
51.111771
50.880623
51.352547
51.256233
50.957672
51.718517
52.392693
52.238598
53.577309
53.375053
53.317268
53.018707
53.298008
53.895134
54.36705
54.068489
54.424831
54.761925
54.492256
54.511513
54.646351
54.145535
53.972179
54.232216
53.683247
52.816456
53.259483
53.047607
52.787563
52.094131
51.622211
52.10376
52.662361
52.306015
52.123028
51.89188
52.633472
52.315643
52.652729
52.566051
53.076496
52.893501
53.548412
54.482624
54.309265
54.395943
54.184059
54.25148
54.723392
54.550041
55.060482
54.896755
55.493874
55.07011
54.713772
54.48074
54.616669
54.461319
55.830376
54.267124
54.509861
54.616669
55.383736
56.00515
54.257412
53.703964
53.966125
55.39344
55.93718
56.257595
56.315857
57.442169
57.073204
57.626656
57.616947
57.869396
57.82085
57.917946
57.898525
57.306236
56.956688
57.082916
57.082916
57.112041
56.859592
56.665401
56.89843
56.733368
56.956688
56.956688
56.636272
55.976021
56.1605
62.005699
61.034733
60.675484
60.821121
61.782375
61.510502
61.48138
61.209507
61.452248
61.782375
61.520214
61.7047
61.733829
60.908512
60.510414
61.025028
61.180378
60.889091
60.96677
61.073574
61.151249
61.403702
61.044441
61.403702
60.675484
61.355152
60.455318
60.005398
61.012825
60.915016
59.98584
60.582466
61.325809
61.638798
61.580112
60.787868
61.198662
61.912659
60.553123
61.042168
61.149754
61.091072
61.423618
61.28669
61.394276
62.499516
60.572689
60.308605
61.139973
60.778084
60.171677
60.729179
60.514
60.562904
59.858685
59.418549
60.592247
59.535915
59.946712
57.550411
57.433044
58.000328
57.550411
57.149395
57.530846
58.733891
59.183807
62.773376
63.536278
62.54842
62.137615
62.254993
61.257347
61.325809
60.514
60.934578
60.347725
60.289043
60.84655
60.445538
60.826988
59.848904
59.428329
59.790222
58.929508
58.958847
58.743671
58.802353
59.888027
60.36729
60.899509
60.909363
61.471146
61.540138
60.258877
59.628098
58.573517
58.721359
58.701645
58.928329
58.415825
58.18914
58.021587
