Adjusted
28.695393
28.640993
29.021782
28.876724
28.958324
28.695393
29.266577
29.148724
29.067125
28.949255
29.302849
30.064426
29.991898
30.408962
30.517752
30.617489
30.626558
30.390823
30.762552
30.418022
30.47242
31.016409
30.980145
31.478802
31.188675
30.826014
31.306536
31.10708
31.379078
31.696396
32.04092
31.576298
32.532871
31.494301
31.321205
31.621845
30.009325
29.93644
30.446623
30.519501
29.96377
29.490038
29.644913
29.836237
30.373735
30.528612
30.719933
31.038788
31.312096
31.667397
31.949818
31.867828
30.938574
31.521629
31.11167
31.120787
30.719933
31.038788
30.984131
30.719933
30.610605
30.583277
30.237078
29.781567
29.590252
29.918226
30.492174
30.893024
30.79281
29.644913
27.895735
28.296591
27.321787
27.431112
27.194239
27.695307
27.959507
28.579008
29.034523
28.897871
29.699579
29.763348
29.052742
29.572031
30.546831
30.592384
31.27566
31.630959
31.685627
31.293877
31.394083
32.392036
32.044132
32.181458
33.097015
33.307583
33.042084
32.401196
32.2547
32.181458
32.483601
32.465282
32.181458
31.485641
32.465282
31.989193
31.174364
31.705376
31.796926
31.77862
31.156046
30.579256
31.467331
31.476492
32.034973
33.005459
32.657539
31.394083
31.375778
30.863077
32.053276
32.373722
32.153999
31.659603
31.888494
31.67791
32.199776
32.611767
32.804039
33.298428
33.179405
33.527309
33.728733
33.481533
33.133633
33.463223
33.646332
34.314678
34.085793
34.543571
33.701271
33.692112
33.335056
33.124466
33.21603
33.289272
34.351311
34.387924
34.635132
33.765354
32.163151
31.742004
31.632126
31.723686
31.458189
31.67791
31.723686
31.366621
30.02247
30.611689
30.197397
30.814238
30.731377
30.676138
30.731377
31.854568
31.79933
31.698055
32.379349
32.683159
33.042198
32.858074
33.364445
32.931725
33.594604
33.125069
32.747597
32.646336
33.079037
33.511745
33.530159
33.051418
32.729191
32.747597
32.646336
32.48061
32.130772
32.112358
32.259663
31.854568
31.357428
32.029503
31.965046
31.44949
31.495514
32.278072
32.093937
32.06633
31.955847
32.103149
32.130772
32.48061
32.232037
32.526657
32.084728
32.775223
32.766018
33.207928
33.134277
32.922531
32.4622
32.471409
32.683159
32.839664
33.557774
32.894905
33.502533
33.410473
32.97776
33.281582
33.53936
33.815559
33.787796
34.176476
34.481869
35.101929
34.805775
34.194992
34.037663
33.528675
33.35284
33.741524
33.519424
34.000648
33.602715
33.834068
33.695251
33.408367
33.028934
33.482399
33.13073
32.936398
32.251564
32.13126
32.307098
32.538452
32.556965
32.621746
32.649509
32.973415
32.575466
32.668018
32.307098
31.946173
31.862894
32.279331
31.835119
31.927668
32.057228
31.566746
31.983191
31.474197
31.622271
31.427929
31.724072
31.835119
31.196562
30.539505
30.465473
30.872671
30.576523
30.576523
30.345163
29.669594
29.928715
29.706608
29.438236
30.169331
29.863935
30.261869
30.807884
30.789375
30.919687
31.217524
31.031372
31.161674
30.956909
31.543283
31.673588
31.431595
31.012753
31.180292
31.217524
31.52467
31.282679
31.478134
31.869047
31.9249
31.580515
31.143061
30.593916
30.789375
30.88245
31.319902
30.984833
31.478134
32.008659
31.859741
32.176193
32.111046
32.101738
32.781189
33.060417
32.967331
32.930115
33.237251
33.125568
32.483341
32.827724
33.013874
32.94873
32.641575
33.079029
33.414104
33.944633
34.18663
34.037704
33.851559
33.944633
33.860863
33.581642
33.702629
34.34486
33.646797
33.805019
34.009789
33.926014
33.684017
33.060417
33.227955
33.423409
33.786404
33.953945
34.04702
33.711948
33.367569
33.339493
33.124279
33.638927
33.85413
33.947697
33.957069
34.200348
34.303276
34.303276
34.097416
34.44363
34.303276
34.686924
34.911491
35.407425
35.716206
36.006279
36.633205
36.567707
36.502209
36.380566
36.436707
36.77356
37.166565
37.578278
36.520908
37.1572
37.082352
36.90456
37.35371
37.203987
37.072998
37.727985
37.026211
36.90456
37.026211
36.85778
36.623852
37.138496
36.782921
37.681202
36.979424
37.241421
37.213345
37.615707
37.877708
38.092922
37.905777
37.64378
37.372425
37.110416
36.258919
36.127926
36.698708
35.987572
36.427349
35.641357
36.567707
36.595783
36.530281
36.633205
36.492851
36.511566
36.624458
37.377083
37.555824
37.903919
37.631084
37.979176
38.26141
38.46838
38.487198
39.221004
38.590683
38.835285
38.1297
38.487198
37.828655
37.687534
37.649902
37.649902
37.23597
37.471165
37.743988
37.941547
36.991364
36.906689
36.417488
36.135246
36.398674
35.871834
36.257553
36.313999
35.363815
34.931065
34.71468
34.479481
34.46067
33.717453
34.018501
32.654377
32.202801
30.970385
30.622297
30.791636
31.516033
31.920574
32.231018
32.814312
32.014656
32.673199
32.456821
31.04565
32.240437
32.343918
32.089912
33.303516
32.522667
31.384329
31.58189
32.306286
32.353329
31.280848
31.167952
30.716375
30.057833
30.44355
30.131073
30.35833
31.030642
31.513571
32.034378
31.788181
31.352596
30.774975
27.384993
27.451275
28.152
28.90954
28.256163
27.678537
25.803635
26.305502
25.027157
24.856709
24.099174
23.483673
23.966602
25.254417
26.097181
26.731615
26.769493
27.176668
26.854717
26.760025
27.06304
26.911533
26.788431
27.081976
25.822573
25.434336
25.746819
26.267624
26.182404
24.84724
24.515816
24.582104
24.118111
25.188133
24.563162
25.178665
25.405926
25.112381
25.822573
25.538494
24.193863
24.212801
25.188133
26.419132
27.261896
26.494884
26.873657
26.475945
26.807367
26.873657
26.589579
27.252422
28.129993
28.263536
27.681669
27.672132
27.157036
27.22381
27.500433
27.719824
26.708714
26.575171
26.39393
26.460701
26.336697
26.079149
25.544973
25.087109
24.62925
24.600632
24.428934
24.591093
24.810486
24.381237
25.125265
24.505245
24.972645
24.715097
24.705561
25.192039
25.163422
24.705561
25.211119
24.905872
25.41143
25.821602
26.613325
26.861332
26.670559
27.443201
27.834293
27.567205
28.044146
29.284197
29.284197
29.112497
29.541742
28.74048
28.950336
29.141113
28.931255
29.007568
29.303272
29.7516
29.665747
29.350965
29.646667
28.587862
28.43524
27.586283
27.958296
27.090265
27.080727
26.851795
26.346237
26.403467
26.63415
26.268904
26.393858
27.085903
26.999399
26.605314
26.509199
26.163174
26.134338
26.038223
26.02861
26.02861
25.615307
25.90366
25.548025
25.692204
26.009388
25.884434
25.461519
25.41346
25.682589
25.509579
25.499966
24.913647
25.105881
25.57686
25.57686
25.769091
26.672598
25.653753
25.509579
24.788696
24.731024
24.144709
24.711802
23.769852
23.817907
23.510332
23.769852
24.106262
23.452663
23.327713
22.654886
22.337702
22.27042
21.472647
21.241959
20.578751
19.886705
20.376902
20.915163
21.011278
20.194281
19.771364
19.713694
19.021646
18.694847
17.685617
18.243097
18.146976
18.31999
17.320368
16.724438
16.889837
17.006584
15.790439
15.693148
15.303981
14.000274
13.659751
14.253232
15.537481
16.199066
16.821733
16.393648
16.413107
16.413107
15.916919
15.878002
14.50619
14.574294
14.681316
14.992648
15.031566
15.770981
15.985023
15.411003
15.673691
15.235877
14.885628
15.031566
15.323442
14.360252
14.564565
14.982919
14.895357
16.208796
17.561148
18.650818
18.650818
19.633463
19.059441
18.446503
18.086525
18.397856
18.903772
18.757837
17.784922
18.057339
17.531963
17.979502
17.804377
17.113607
16.646606
17.20117
17.074688
17.882212
18.49515
19.127546
18.874584
18.485418
17.794651
17.862755
18.271379
16.831461
16.734169
16.675791
17.436892
17.280766
17.466166
17.212465
16.997797
17.105131
18.051622
17.671072
17.017313
17.085615
17.202703
16.265976
16.148882
15.729305
14.421781
14.558389
14.148568
14.382751
13.992446
13.621655
14.109538
13.446018
12.470254
12.167768
12.216558
12.382437
13.621655
13.592383
12.665408
12.714196
12.079949
12.28486
12.509284
12.45074
11.00661
10.411395
10.099152
9.386843
8.967264
8.333017
8.850172
7.942714
7.493862
7.669499
8.57696
8.801386
7.942714
8.2452
8.537929
8.947749
9.494176
9.503933
8.528171
9.19169
8.967264
8.254958
7.630469
7.113314
6.957192
6.888888
7.360596
7.272151
7.281978
6.810271
6.613726
7.360596
6.908544
7.095261
7.262323
7.891266
8.068157
7.822476
8.94278
9.79775
10.809954
10.839437
9.945158
10.298938
10.407038
10.96719
10.8984
11.114598
11.32097
11.252179
11.42907
11.232526
11.114598
10.013948
10.112221
9.984467
10.22032
10.348074
10.947536
10.377557
10.348074
10.446347
10.829609
11.026154
11.576478
11.468379
12.893328
12.696782
12.8835
12.785228
13.12918
13.708987
13.817087
13.620543
14.092249
13.59106
14.190522
14.583611
14.102077
13.846568
13.315898
12.569029
11.959741
11.861467
11.822158
11.242352
11.733715
12.244729
12.116976
12.087494
12.610464
12.689402
12.492055
12.570993
12.936085
13.015024
12.84728
13.360381
12.99529
12.728871
12.896616
13.054493
13.202504
13.143299
13.77481
14.426054
14.337249
14.070829
13.241973
13.103829
13.054493
12.886749
12.501923
12.985421
14.287911
14.889819
14.55433
15.067431
14.396452
13.478789
14.583931
14.939157
14.810881
15.471993
14.524728
14.643137
14.544462
14.722075
14.495125
15.393054
15.087166
15.067431
15.008227
14.978626
14.55433
14.643137
14.228708
13.92282
13.399849
13.597198
12.95582
13.172902
13.459055
12.748606
12.728871
13.241973
13.232105
13.686005
14.060962
14.228708
13.794544
14.258309
14.524728
14.752449
15.019776
15.544527
16.514824
16.633635
15.485123
16.267298
15.900963
15.851459
15.792052
15.831656
15.396013
14.871263
14.96037
15.336608
15.485123
15.534628
16.57423
15.514825
15.316806
14.197996
13.871264
14.118789
14.098986
13.950472
13.732651
14.504925
14.722747
14.346511
14.267303
13.920769
15.029678
15.742547
15.653439
15.821754
15.475222
15.960369
15.920766
15.405914
15.564331
14.930667
14.792053
14.633639
14.435619
14.03958
14.059381
14.504925
14.55443
14.495026
14.44552
14.03958
14.108887
13.811857
13.584136
13.049483
13.138592
12.653444
14.009877
13.554433
14.009877
14.108887
14.732649
14.990074
14.74255
14.831958
15.596902
15.457822
15.358478
15.517427
16.37178
16.441319
16.669809
16.173094
15.437953
14.851827
17.941402
17.77252
18.080486
18.269236
18.2295
18.299042
18.259302
18.130157
18.36858
18.676544
18.080486
18.120222
18.467924
18.388449
18.189762
17.961273
17.921537
17.941402
18.020878
17.732784
17.454622
17.196329
