Adjusted
14.82674
14.678381
14.660929
14.643476
14.512571
14.739469
14.547482
14.556209
14.44276
14.835464
14.791831
14.669656
14.259498
14.486393
14.355494
14.207139
13.919155
13.831888
13.735894
13.735894
13.840615
13.980243
13.910428
13.901704
13.936609
14.023876
13.945334
13.683535
13.683535
13.788255
13.796982
13.814435
13.999451
14.686646
14.686646
14.809991
14.801179
14.87166
14.74832
14.686646
14.78356
14.836419
15.030245
15.144782
15.382656
15.576482
15.554454
15.514809
15.567671
15.717442
15.602908
15.657535
15.65577
15.594102
15.550049
15.505997
15.611719
15.664581
15.761493
15.858409
15.594102
15.699821
15.594102
15.585291
15.735064
15.831976
15.840789
15.831976
15.743876
15.849597
15.594102
15.488379
15.153592
15.276932
15.127159
14.933334
14.968575
14.854045
15.224072
15.065487
15.065487
15.127159
15.109541
14.995004
15.312172
15.259315
15.417897
15.382656
15.373846
15.53243
15.514809
15.602908
15.611719
15.80555
15.840789
15.840789
15.823166
15.673395
15.585291
15.400276
15.418053
15.515801
15.657984
15.426935
15.551345
15.835711
15.862374
15.871261
15.835711
15.640209
15.915687
15.755738
15.711303
15.684644
15.737963
15.49803
15.462481
15.489145
15.61355
15.373613
15.409162
15.338069
15.218102
15.373613
15.524687
15.480255
15.675757
16.537748
16.564405
16.697704
16.466656
16.626608
16.795454
16.742134
16.919865
17.115366
17.328646
17.577465
17.772968
17.293097
17.43528
17.861832
17.959579
17.950695
18.03956
17.888491
18.466114
18.137314
18.492773
18.546093
18.403904
18.395021
18.821573
18.608299
18.617184
18.581638
18.626068
18.581638
18.634958
18.706562
18.634958
18.796066
19.055632
19.234638
19.046682
19.234638
18.643908
18.858715
18.68866
19.028776
19.243591
20.004385
20.201292
20.004385
19.843273
19.655315
19.547909
19.677689
19.342049
19.53001
18.885572
18.706562
18.724464
18.438044
18.384342
18.053175
18.097925
18.02632
17.999468
18.035271
17.60565
17.865211
17.623549
17.42664
17.498241
17.722004
17.42664
17.453489
17.668299
17.945763
18.867668
18.796066
19.073528
19.109333
19.30624
19.395748
19.646364
19.879074
20.022285
19.673214
19.37785
19.386799
19.440502
19.521053
19.404701
19.422602
19.556858
19.154083
17.46244
17.945763
18.054035
18.035992
17.720203
17.675093
17.476595
17.287123
17.629978
17.395395
17.738251
18.144262
18.099146
18.649521
18.676592
18.721703
18.676592
18.342754
18.189371
18.189371
18.117197
18.342754
18.261553
18.369823
18.333735
18.144262
18.270578
18.35178
18.279602
18.432983
18.396891
18.35178
18.306667
17.981859
18.487118
18.523207
18.595387
18.487118
18.297644
17.909678
17.95479
17.783363
17.629978
17.810427
17.720203
17.666071
17.666071
17.846519
18.063059
18.017948
18.153284
17.855543
17.891634
17.287123
17.196901
17.422462
17.44953
17.548777
17.440506
17.260056
17.476595
17.404419
17.38637
17.44953
17.48562
17.68577
17.340055
17.36735
17.340055
17.194498
17.64938
17.767647
17.67667
17.36735
17.412836
16.957958
17.271826
17.221792
17.340055
17.376448
17.130814
16.880627
16.776007
16.475786
16.566759
16.785103
16.785103
16.930668
17.258177
16.894274
16.857882
16.712322
16.703222
14.938289
15.065653
15.165728
15.338582
14.938289
15.102044
14.76543
14.910992
14.756334
14.301454
14.401527
14.346941
14.128599
14.283257
14.246868
14.174088
14.201379
13.983037
14.201379
14.47431
14.001233
13.928452
13.455377
13.428082
13.491765
13.437181
13.300715
12.79125
12.63659
11.881489
10.953531
11.390216
11.826901
11.872391
11.635852
11.235558
11.207907
11.198688
11.005131
11.336946
11.327727
11.650325
11.475199
11.465982
11.401464
11.659539
11.56737
11.668757
11.659539
11.429113
11.493635
11.521286
11.465982
11.207907
10.719403
10.359938
10.101862
10.175598
10.581148
10.719403
11.041999
11.152604
11.023566
10.949829
10.940612
10.848443
11.088084
11.300077
11.309294
11.668757
11.880751
11.945268
12.489073
12.442986
12.360034
12.7195
12.203345
12.157259
12.424552
12.350817
12.360034
12.194127
12.221779
11.936051
11.724061
11.530502
11.281642
11.078868
11.041999
10.959045
11.097302
10.783923
10.922178
10.968263
10.940612
10.811575
10.848443
10.97748
11.29086
11.18813
10.963994
11.244164
11.132097
10.945316
10.963994
11.56169
11.533672
11.356233
11.538343
11.925912
11.65508
11.132097
11.020028
10.926638
11.346893
11.776487
10.702501
10.730519
10.581095
10.693161
10.739859
10.590433
10.207535
9.59116
9.507109
9.339006
9.348346
8.797346
8.778666
8.405107
8.180969
8.37709
8.55453
8.629241
8.283699
8.825361
8.84404
8.433124
8.92809
8.694616
8.180969
8.573209
8.909413
8.881395
8.349072
7.938155
7.98485
7.854105
8.526513
9.021481
9.254955
9.460413
9.264295
9.67521
9.563144
9.609839
9.955381
9.890007
10.114145
10.216874
10.321128
10.681278
10.804486
10.795008
10.520158
10.614934
11.050904
11.344711
11.098292
10.937173
11.06986
11.316277
11.771203
11.771203
11.723814
11.268889
11.335233
11.193069
11.287845
11.344711
11.344711
11.041426
11.06986
10.842396
11.003515
10.99404
11.202546
11.515307
11.771203
12.036577
12.017622
12.046054
12.121875
12.273517
12.557846
12.576802
12.965384
12.747397
12.946428
13.230756
12.77583
12.955906
12.936949
12.46307
12.282994
12.406203
12.434636
12.482024
12.548368
12.083964
11.837545
11.666949
11.847024
11.932323
12.083964
11.771203
12.027099
12.055533
12.301949
12.633666
12.652623
12.77583
12.993816
13.032174
13.070532
12.715719
13.022585
12.869152
12.88833
12.667771
12.418443
12.226653
11.651281
11.71841
11.564976
11.622513
11.756767
11.737587
11.574565
11.843073
11.190984
10.558075
10.951246
11.219752
11.45949
11.795124
11.306058
11.325238
11.651281
12.169116
12.571877
13.080122
13.060943
13.176017
13.29109
13.310271
13.204786
13.780157
13.703442
13.808925
13.588367
13.636314
13.530829
13.511651
13.617136
13.415755
12.984226
13.262323
13.655494
13.93359
13.770567
13.626725
13.051353
13.080122
12.936278
13.252733
13.339039
13.943179
13.962359
13.569187
13.780157
13.914412
13.76098
13.76098
13.665083
13.588367
13.818516
13.94458
13.94458
14.041551
13.94458
14.254889
14.235496
13.79912
13.963973
13.382141
13.149408
13.411233
13.168802
13.35305
13.372443
12.877887
13.304564
13.45972
13.45972
14.051248
14.119129
13.876699
14.031855
13.896093
14.196706
14.332467
14.264586
14.119129
13.934882
13.682755
13.682755
13.479114
13.488811
13.154256
13.197894
13.042739
12.810006
12.635457
12.790611
12.751822
12.742126
12.441513
12.509393
12.393026
12.635457
12.86819
12.8294
12.916675
13.149408
13.052437
15.292491
16.330091
16.533731
17.057383
16.892529
17.154354
17.154354
17.086473
17.183445
16.911924
17.309509
17.115564
16.960409
16.669495
16.865259
16.571609
16.307325
16.640127
16.669495
16.914202
16.728222
16.943565
16.346479
16.013678
16.023466
16.444361
16.023466
16.336691
16.375843
16.336691
16.277962
16.307325
16.326902
16.101772
16.033251
16.082195
