Adjusted
23.900644
24.475893
24.568672
24.373833
24.216106
24.466618
24.707844
24.661455
24.791351
24.856298
24.911968
25.116087
25.171757
25.515051
25.403708
25.52433
25.700613
25.774843
25.886179
25.951126
26.275864
26.572767
26.312977
26.730497
26.906782
27.148018
27.342852
28.187172
28.344904
29.365507
28.391289
28.827372
29.217054
28.808809
28.743862
29.096436
28.604696
29.179939
29.495403
29.374784
29.300554
29.718073
30.107759
29.903641
29.690243
29.718073
29.977871
29.903341
29.921968
30.36912
30.341175
30.098972
29.800867
29.754286
29.847443
30.145552
29.940599
30.285276
30.164175
30.089649
29.819492
26.000065
26.335434
26.614902
26.791901
27.01548
26.782585
27.01548
27.173841
27.183161
26.586954
26.680113
26.363379
26.028015
26.055958
26.223648
26.521746
26.270222
26.763956
26.931637
27.108635
27.462631
27.248369
27.9191
28.375566
28.077461
28.151991
28.450092
28.16131
28.412834
28.394197
28.804087
28.999714
28.655035
29.120819
29.195345
29.055611
28.859978
28.804087
28.617773
29.316454
29.428242
29.949919
29.307131
28.934507
28.729563
28.915876
29.670446
30.629963
30.667223
29.921968
29.313992
30.473829
30.492533
30.904091
31.044392
30.595419
30.632832
30.464474
29.791021
30.258696
30.333523
30.735725
30.670252
30.969555
30.922798
30.604776
31.147284
30.997623
31.09116
31.119219
31.914268
32.082642
31.932974
31.596254
31.493355
31.932974
31.699131
31.577545
31.65237
30.688963
31.081802
30.791845
30.876028
30.361584
30.305466
31.053747
30.847969
30.501883
30.427055
30.155806
30.221281
29.847139
29.893906
29.847139
29.893906
29.126919
28.799543
28.790192
29.201746
29.50106
28.490877
28.836962
28.668592
28.004494
27.910959
28.116735
27.929667
27.854839
28.060614
28.313164
28.537645
28.687304
28.977259
29.118158
29.390549
29.352982
29.512659
29.615982
29.841412
30.076237
30.132597
30.113811
30.226522
30.104412
30.592852
30.245314
30.160772
30.423775
30.414385
30.348631
30.902819
30.320457
29.860201
30.076237
31.01553
31.156425
31.494568
31.306715
31.635466
32.011189
32.076942
31.644855
31.541534
33.373165
33.485878
33.532848
33.551632
33.824024
33.56102
33.279236
33.157124
33.307411
33.175915
33.344994
32.988052
33.748878
33.730091
33.673733
33.983707
34.941792
34.829079
35.317501
35.890472
36.144081
36.557369
37.205494
36.91431
36.435272
36.294373
36.904919
37.008236
36.660698
37.524857
36.501015
36.519806
36.547989
36.52919
36.482079
36.557468
36.33128
36.491508
37.047543
37.32085
37.188911
37.66013
37.471645
37.613014
37.678978
37.622433
37.537605
37.509335
36.943871
37.49049
37.584736
37.763798
37.867474
37.924023
37.622433
36.896751
37.452793
37.245457
37.678978
37.433949
37.132366
37.226604
36.472649
35.435951
35.172077
35.483086
35.058987
36.199337
35.954304
34.993011
35.615021
35.954304
35.671574
35.379414
35.351135
36.16164
36.368984
36.463226
36.491508
36.859055
37.292583
37.207756
36.689419
36.868477
36.821354
36.142788
36.208763
36.180492
36.142788
37.528194
37.735523
38.357544
38.442364
37.952282
37.273727
37.254818
36.706394
37.188622
37.566845
36.403816
35.458256
35.448811
35.496086
36.016144
36.072876
35.552822
35.117863
34.720734
34.928749
33.831909
34.966579
34.455975
34.323605
33.841366
32.914722
32.980915
32.990372
32.8769
32.536503
32.271751
32.839077
33.103828
33.548244
34.626171
34.616726
34.295235
34.087223
34.323605
34.512711
34.890934
34.919304
34.843658
34.70182
34.323605
34.862568
34.569443
34.38979
34.824745
34.522175
34.541077
34.247955
34.096676
34.238499
33.803543
34.323605
34.380329
34.465435
34.90984
35.344791
35.656826
35.836487
35.713566
35.978313
36.082333
35.647377
35.562279
35.666286
35.117863
34.624187
34.937485
34.871021
34.700138
35.364712
35.972305
35.630535
35.867878
36.902714
35.810921
35.64003
36.095734
36.304604
36.665363
37.339436
37.643234
37.91856
37.700203
36.95018
37.140057
36.646385
37.130562
38.203377
38.004002
38.260338
38.554649
38.915417
38.981876
39.352135
39.067318
40.083164
40.216076
40.671783
40.681278
40.728748
40.05468
39.845821
40.13063
39.570492
39.608471
39.380619
39.523029
39.845821
39.475559
39.912277
40.092659
39.988216
40.206589
40.339497
40.567352
40.586338
40.605331
41.260403
41.412304
41.507244
41.583191
41.269901
41.317364
41.184456
40.937607
40.937607
41.089516
40.776226
41.300213
41.281155
41.786098
41.595551
41.890888
41.786098
41.652721
41.8242
41.204945
40.557095
40.766689
40.014038
40.385605
40.347492
40.414192
39.966408
40.099789
40.719055
40.195057
39.27092
40.156952
39.556744
39.404301
38.089558
37.899017
37.918064
37.851379
38.261047
38.813625
39.242348
38.994633
39.347137
38.947002
39.051804
39.842548
40.42371
40.747635
41.214466
41.471703
41.624134
41.671772
41.8242
41.805145
41.948063
42.176712
41.948063
41.719406
41.709877
41.662235
41.909946
41.900421
42.071911
42.014748
42.529213
42.472054
42.710228
42.786442
42.176712
42.938889
43.386662
43.767746
43.520035
44.072609
44.215515
43.766289
44.894142
44.072147
44.406677
43.718498
44.473587
45.744808
46.53812
47.111607
46.968235
46.585915
46.547688
46.691051
46.480774
45.840382
45.744808
45.505852
45.477184
46.127125
46.843979
46.356518
45.257343
44.64563
43.642033
43.737621
44.244194
43.919216
43.680267
44.483147
44.502258
44.511818
44.043476
43.049435
43.173687
43.584679
44.741207
44.970608
45.4963
46.165359
47.06382
46.346962
46.404308
47.00647
47.551281
47.293205
47.713764
47.704201
48.076965
48.688679
48.545315
48.411503
48.545315
48.401939
47.943161
48.669563
48.363708
48.765152
48.535755
47.971828
48.45929
47.446133
47.302334
47.925488
48.174751
48.711624
48.836254
47.474899
48.328144
48.356899
48.25145
48.098053
47.129772
47.503662
47.647469
48.606174
48.836254
48.37608
48.040531
48.491123
47.944664
47.858379
48.069298
48.491123
48.241863
47.657055
47.465309
47.743332
46.669594
46.343632
46.707939
46.822983
47.70499
46.564133
46.266933
47.283161
46.938026
46.621658
47.024311
47.57077
47.388618
46.947613
47.829617
48.462364
48.711624
48.414429
48.654102
49.325191
49.075932
49.641563
50.111328
49.689503
50.111328
50.446869
49.78537
49.91
50.17844
49.612808
49.363541
49.468998
49.804543
49.210152
48.443188
47.963837
48.069298
48.907551
49.225502
48.888279
48.502872
48.743748
49.186966
49.408562
48.551048
48.772655
48.695576
47.924767
48.136738
47.886227
46.778198
47.028713
46.932358
47.337032
46.98053
47.057613
46.113377
47.423748
48.637768
48.830463
49.292946
49.360394
49.977032
49.948132
49.861416
49.341122
49.842144
49.649441
49.996307
49.302574
48.791927
49.129147
49.129147
49.16769
49.129147
49.504921
50.555145
50.853825
50.998352
51.595722
51.364483
51.10434
51.672806
52.279816
52.1931
52.327991
52.058208
51.123608
49.668713
47.828423
47.057613
47.876595
49.427834
49.610909
49.32185
48.194557
48.926819
49.283306
48.464333
50.063751
49.32795
49.695854
50.102478
49.734573
50.083115
50.189617
49.32795
48.863232
49.540939
49.415085
50.325153
50.28643
51.777401
50.363884
50.160568
51.632175
50.944782
50.954464
51.941994
51.680584
51.564404
52.067852
51.399818
52.406712
51.903255
51.961353
53.161877
53.219971
53.675003
54.052586
53.500729
57.218483
56.850586
56.540768
57.073261
57.39275
57.334663
56.047005
57.770332
57.412117
56.308411
56.753765
56.385864
55.843685
56.705357
56.627911
55.872738
54.788395
55.417702
55.727512
56.821533
57.470207
58.060783
57.344341
56.627911
56.589176
56.995804
56.753765
56.850586
56.647274
55.165977
57.063576
56.42458
56.076054
54.662533
54.419407
53.349693
54.53611
55.207111
55.323811
54.53611
54.39024
54.915379
56.412975
56.383801
56.393528
57.482693
57.745258
57.39518
56.568569
54.983444
55.819771
55.654449
55.528027
54.273552
55.703072
55.994812
54.195747
55.907295
54.934822
55.887844
54.750057
54.24437
56.140686
55.04179
56.918659
56.694992
57.268749
60.293125
60.040287
60.604321
59.90414
58.20232
57.764709
58.55241
59.797173
59.203964
58.319019
59.622128
59.962494
61.2267
61.148907
61.197529
61.800461
61.401745
61.907433
62.734035
62.092201
61.547619
62.500637
62.714577
63.405033
63.152195
62.471458
63.084122
63.570362
63.423923
64.409897
65.239662
65.444664
65.024902
64.28299
62.974873
62.740582
63.863224
64.077988
62.496532
63.140827
64.009651
63.619175
64.800369
64.517273
63.990131
63.433697
63.404408
62.730824
62.135338
62.750343
61.647236
62.4282
62.154861
62.906544
62.613674
62.64296
62.603912
62.291534
62.467251
62.64296
62.877254
62.603912
61.364136
60.241501
61.510567
60.788174
61.090805
61.696045
62.506294
62.965111
63.052967
62.106052
62.652725
62.164627
62.213436
61.041985
61.549614
61.539856
62.106052
62.057243
64.058472
63.941315
63.472736
64.107269
64.439186
64.038933
63.599651
63.521545
63.580124
63.345833
63.983517
64.415169
64.336685
63.875595
63.659763
63.571476
63.659763
62.668915
61.89389
61.776169
61.89389
63.188869
61.805595
60.265362
61.413181
62.874931
63.443928
63.542034
63.365452
63.512608
63.689198
64.630997
65.170563
66.033882
65.896538
66.092751
66.230095
66.31839
66.77948
66.455742
66.092751
66.504784
67.142464
67.201324
69.496964
69.526398
69.418472
70.065964
69.850128
70.173874
70.075768
69.830513
69.163399
68.898529
68.986824
68.702316
68.820045
68.761169
67.966522
68.878899
68.986824
69.104546
69.143784
69.222267
68.947578
69.281136
69.153587
69.752029
69.98748
69.85994
70.281799
70.311226
70.144447
69.555817
68.878899
67.672226
68.16275
67.75071
67.701424
68.519478
68.470207
68.795456
68.618042
69.652924
69.426247
68.46035
67.849266
67.563446
67.22834
66.508842
66.567978
66.08503
65.828773
65.907623
66.380707
66.065315
65.464096
64.991013
65.503525
65.878052
66.272285
65.424667
65.257118
65.444382
64.784035
65.227547
65.345825
65.404961
63.758999
63.029648
63.167625
63.049355
62.605831
62.842377
63.236626
63.749142
64.517906
64.439064
65.966751
66.134308
65.48381
63.798416
63.552021
63.778706
63.926552
64.902298
65.020569
64.636192
64.399635
64.744606
63.650578
64.034966
63.167625
62.635399
62.960651
63.926552
65.562653
66.636971
66.794655
67.632439
67.799988
68.263229
67.589897
67.936462
67.391861
67.035393
67.342354
66.827454
66.550201
66.510597
66.867065
66.678925
66.352173
66.46109
