Adjusted
24.539558
24.790449
25.031862
25.069733
24.804651
24.828318
24.875654
25.136009
25.178614
25.391628
25.434235
25.315889
25.225948
25.315889
25.131275
25.495766
26.295767
25.798727
25.52417
25.377428
25.585709
25.420031
25.401096
25.50997
25.637777
25.883936
25.841328
26.139553
26.078014
25.827129
25.855532
26.011747
25.784527
25.571512
25.817665
25.784527
25.580976
25.689852
25.72299
25.879803
26.050877
26.008112
26.088898
26.278978
26.240963
25.989101
25.913069
25.418854
26.065136
25.989101
26.03187
25.737244
25.580429
26.055632
25.47113
28.289106
28.303366
28.260595
27.775883
28.042006
27.685591
27.989725
27.99448
28.198814
28.022993
28.488693
28.460178
28.650265
29.082703
28.788074
28.355635
28.750059
28.940145
28.597992
28.949648
29.158737
29.310799
29.239523
29.496138
29.410601
29.762251
30.223202
30.109156
30.090141
30.674648
30.394274
30.370516
30.365765
30.289732
30.774443
30.722172
31.320938
31.282919
30.622381
31.040558
31.045313
30.997791
30.627131
30.094898
29.838285
30.071136
29.904812
29.757006
29.399405
30.05262
29.93342
29.44232
29.637802
29.919117
30.05739
29.633036
29.280209
29.447088
29.509069
29.532911
29.633036
29.44232
28.979826
28.879694
28.584084
28.793869
29.489998
29.714094
30.362541
29.718863
29.857134
29.971565
30.34347
30.381613
30.481741
30.324392
30.381613
30.357773
30.205193
29.895277
30.19566
30.190895
30.205193
30.176588
30.12891
29.861902
29.795153
29.814219
29.900042
29.966797
30.00017
31.454409
31.611753
31.659431
31.726179
31.292294
31.492554
31.616524
31.711884
31.378124
30.681993
30.271952
30.348236
30.853642
30.815496
30.577095
30.925158
30.615244
30.476971
29.947727
30.214731
30.367813
30.05208
30.755306
31.157146
31.276741
31.085394
31.286318
31.965624
32.333969
32.568382
32.487064
32.621006
32.683193
33.238129
33.247688
33.185497
32.998924
33.214207
32.970226
33.649521
35.228191
34.749813
34.644566
34.391022
34.271427
34.51062
34.127918
33.620827
33.912636
35.132511
35.142086
35.429119
35.261684
35.649166
35.658741
36.323689
36.400238
36.338051
36.146694
36.122776
36.213665
36.122776
36.314133
36.419376
36.242374
36.385883
36.534191
36.931244
36.72076
36.213665
36.892982
36.912109
36.77338
37.242195
37.620117
37.897579
37.591415
37.223053
37.2374
37.35701
37.730148
37.854523
38.079365
37.950199
37.859314
37.835384
37.854523
37.706226
37.768414
38.203751
38.165474
37.897579
36.759022
36.58147
36.663052
36.682243
36.835815
37.694798
37.55563
37.114143
37.003773
37.267704
37.522041
37.507656
37.785973
37.737988
37.546032
37.445263
37.157333
37.186115
36.994171
36.994171
36.912586
36.077591
36.072796
36.197559
35.890442
35.218597
35.391361
35.271397
34.901878
34.383606
34.503582
34.892277
34.441193
35.482544
34.959461
34.014095
33.83654
33.879726
34.316422
34.882683
34.873081
35.50174
35.564114
35.928833
36.024807
36.091995
35.904835
36.269554
36.701447
37.354084
37.483643
37.632416
37.555397
37.690182
37.252144
37.844208
37.266582
37.651672
38.248554
38.017502
37.930855
38.012688
37.800888
37.699806
38.017502
38.335197
38.099331
38.157097
36.202782
36.034313
35.451878
35.244888
35.29303
35.398922
35.552952
35.808075
35.880276
35.615532
35.061966
34.09444
35.100483
35.40855
34.874249
34.296608
34.840546
34.792416
35.187122
35.634785
35.572205
35.788826
35.668484
35.326714
34.994583
34.498787
34.888683
35.114922
35.100483
35.134174
35.278584
34.777977
34.744282
35.163059
35.355598
35.923595
35.904346
35.418175
35.110115
35.591461
35.856205
35.264137
35.721428
36.043941
36.510849
36.876694
36.713024
36.882034
37.137951
37.046211
36.481236
36.761311
36.635761
36.809601
37.022053
36.848228
36.283264
36.104595
36.032166
35.998367
36.259117
36.799942
36.5247
36.263947
36.432953
36.206005
36.925488
37.113815
37.509769
37.446999
37.664288
37.562889
37.88158
37.978157
37.504944
37.997471
37.422852
37.321445
37.640141
37.678776
37.142784
36.95446
37.43251
37.094494
37.200726
37.360085
37.95401
37.529087
37.857437
37.712582
38.441719
37.24419
37.075172
37.258675
37.142784
37.249012
36.867538
37.210384
37.210384
37.051044
37.302132
37.326275
37.24419
37.929874
37.910557
38.103703
38.118187
38.287201
38.63488
38.378948
38.494839
38.175175
38.044403
38.397968
38.175175
38.707935
39.734734
39.909088
39.637856
39.942989
39.628178
39.637856
39.526459
39.327881
39.478031
39.700825
39.623329
39.090565
38.804806
39.153526
38.625607
43.347858
43.163811
43.202557
42.476051
43.250992
43.73048
43.212242
42.655254
43.02335
42.248417
42.229042
41.357239
41.211948
41.255535
42.156403
42.224205
43.057259
43.900002
43.522217
43.769222
44.025928
44.384331
44.776638
44.534473
45.043026
45.028492
45.260971
45.503143
45.856705
45.817959
45.420799
45.992317
45.953568
46.404003
46.55415
46.25386
46.525082
46.723663
46.956142
47.125664
47.183777
47.440472
47.120819
47.367825
48.089481
47.314548
47.48407
47.706867
47.973248
48.10886
47.329075
46.994884
47.300018
47.081448
46.712284
46.352859
45.274536
45.901127
47.154301
46.066273
46.595718
46.615143
46.77058
47.032864
47.261162
47.057152
46.702579
46.158566
45.415401
45.148251
46.080849
47.144592
46.624866
46.561722
46.148849
45.517403
45.080254
45.167683
45.468826
45.420261
46.556854
46.707439
46.799713
45.901127
45.323112
46.080849
44.808243
44.647957
45.342541
44.949104
45.337681
44.584808
44.283661
45.051109
44.351665
44.68681
44.706242
44.618809
45.473694
45.512547
46.109993
46.148849
46.348
47.028011
47.247215
47.310555
48.104572
47.724613
47.505402
47.963314
47.208248
47.461559
47.013401
46.443447
47.27158
46.672401
46.979301
47.028011
47.500534
47.895115
49.678024
49.424713
49.030132
48.221493
48.387119
48.655048
49.147053
48.874256
48.494289
48.547878
48.581978
48.523518
49.122688
49.064236
48.698883
48.357887
48.484543
48.630688
48.664787
48.007156
48.708626
48.854767
48.786575
49.254219
49.176281
49.171406
48.645298
48.796314
48.148418
49.093464
49.117817
48.918095
48.820671
49.419846
49.902111
50.072609
49.868015
49.765709
50.389248
51.139439
51.027393
50.973801
50.959194
50.856895
50.871506
50.379494
50.096958
49.969963
49.662228
49.706192
49.877155
50.072544
49.798996
49.838074
49.549881
49.505913
50.47797
50.741737
50.69289
50.482849
51.073891
51.166698
51.777287
52.036167
52.163174
52.363438
51.88475
51.396275
53.589489
52.593018
52.763973
53.452721
53.667648
53.652992
54.361263
53.374565
53.457603
53.985142
54.908348
54.874153
54.659229
54.874153
55.098846
55.260033
55.191647
55.728958
55.685001
55.191647
54.576191
55.426113
56.134388
56.178356
56.280926
56.090427
56.549587
57.028278
56.232082
55.93412
56.349319
55.909691
55.225842
55.489616
55.860847
56.163704
56.085545
56.153927
54.854614
52.202248
50.736855
50.570774
53.125446
55.010921
54.952309
54.585953
53.061947
54.073063
54.283646
53.715584
54.724377
53.79884
54.053478
54.758652
54.792931
55.747852
56.599941
56.448128
56.340405
57.079849
56.790928
56.526485
56.21307
61.212948
59.812389
58.602825
60.218845
60.639996
61.315777
60.855461
60.326588
59.792809
61.168869
61.183567
61.913223
61.609608
61.624298
63.06892
63.891621
65.233421
64.82206
64.871033
64.84166
63.921005
64.337257
64.063034
64.293182
64.20993
64.165855
64.244209
64.347046
63.837757
64.572311
64.533134
63.896515
63.661465
62.398026
61.692856
59.675278
60.458805
60.02787
61.594917
61.594917
64.959183
64.866142
64.890617
65.683952
65.781883
64.777985
65.282387
64.959183
63.230522
64.802475
64.601212
64.650299
63.246346
63.148178
61.994583
62.765278
63.13345
64.272308
63.923782
63.089272
63.717609
64.72393
63.182537
62.028942
62.647465
63.089272
62.097672
61.361332
60.399189
61.243519
60.369736
58.759609
57.79747
58.465076
58.847969
57.709106
57.444027
56.511333
57.257488
57.964375
59.45668
59.770851
59.594124
59.996658
58.494537
60.085018
60.880253
62.009304
61.410419
61.351517
59.073784
56.128433
54.037247
54.665585
56.364063
54.979755
55.392101
56.737141
57.110218
57.532383
58.229454
59.073784
59.113052
59.299595
61.243519
61.459511
60.467911
61.773678
61.086433
60.505688
60.298985
58.320515
58.871731
57.414951
57.956322
59.137497
59.856045
60.436787
60.889572
62.188866
62.001842
63.704708
63.881886
61.460472
60.682869
60.377728
60.525379
61.06675
60.505688
60.623802
59.029221
58.733921
59.363888
59.354042
58.487846
57.011379
57.6315
58.64534
58.556755
58.566597
58.635498
58.625652
58.684711
59.137497
58.497692
58.281143
58.605968
58.340206
57.621655
58.015377
58.655178
58.586281
58.182716
57.277142
57.513382
57.798836
58.271297
56.11565
57.080284
56.410954
56.243614
56.204243
55.239616
56.145187
55.593971
55.111656
55.702244
55.111656
54.964008
55.308521
54.353737
54.068287
53.831356
52.765198
53.604301
52.863914
53.426613
54.236111
54.403931
54.206493
53.426613
53.614182
52.784939
53.02187
53.66354
54.068287
53.87085
53.426613
51.916218
51.225182
52.409813
54.423672
54.492779
54.897526
54.492779
55.085091
55.203552
55.993305
56.101898
57.316135
57.247036
57.740627
57.128567
57.000237
57.019978
57.019978
56.259846
56.003174
56.407921
55.647785
55.075218
54.739578
54.788937
54.700085
54.216362
54.048538
54.088032
55.134449
55.262783
55.055477
54.423672
56.003174
55.726765
56.042664
56.151257
56.131512
56.477028
58.145374
57.908451
58.856148
59.448467
58.481022
58.244091
57.878834
57.256905
56.901512
57.950851
57.436085
56.832218
57.139099
55.604698
54.773159
55.446312
54.812752
54.575169
54.911747
54.624664
54.39698
54.317783
54.783051
54.852348
54.594967
53.852516
54.783051
52.714088
51.635056
52.120125
52.139923
51.615261
51.595459
51.506367
51.268784
51.268784
51.298481
51.912235
51.506367
51.100494
50.516426
50.704517
51.278675
51.367775
51.248985
51.347973
50.536228
51.446972
51.367775
51.496468
49.674984
49.120621
49.219616
49.229511
49.457195
50.39764
50.565929
50.605522
49.882866
50.259045
49.704681
49.625484
50.169952
51.070793
50.58572
50.763908
51.189587
50.823311
51.001499
50.496628
50.120457
49.566093
50.321159
50.132393
51.513367
50.241676
51.761745
51.215313
51.384212
51.205383
51.960445
51.453758
50.957005
50.589401
50.519855
51.453758
51.960445
51.801483
51.572975
50.957005
50.688755
50.728497
50.499992
