Adjusted
15.295546
14.811509
15.121291
15.034164
15.218099
14.908315
15.005123
14.763103
14.317792
14.521087
14.395237
15.160014
15.450436
15.208418
14.898635
14.646936
14.453321
14.201624
14.792147
15.382671
14.976082
15.460117
15.227778
15.150333
15.208418
15.072887
15.382671
15.014804
15.440756
15.421393
15.692453
15.818304
15.489159
15.663412
15.440756
15.615007
15.469798
15.411714
15.324587
15.392352
15.585966
15.469798
15.198737
15.198737
15.256821
15.208418
15.247142
15.353629
15.227778
15.256821
15.266502
15.198737
15.276183
15.518202
15.721496
15.673093
15.818304
16.021599
16.505634
16.563719
16.350742
16.418509
16.457233
16.505634
16.331383
16.108725
16.002237
16.495953
16.263617
15.7699
15.653732
15.547242
15.402032
15.624688
15.363309
15.334268
15.402032
15.295546
15.37299
15.702135
15.886066
16.031281
16.05064
16.244257
16.263617
16.312023
16.312023
16.457233
16.563719
16.737974
16.602442
16.737974
16.902544
16.796057
17.038074
17.202646
17.192966
17.11552
16.854141
16.708929
17.038074
16.863823
16.602442
16.670206
16.699249
17.192966
16.863823
16.921906
17.105839
16.999352
16.989668
16.921906
17.125202
17.289774
17.38658
17.086477
16.941267
17.018713
16.902544
17.212328
16.960629
17.076797
17.038074
16.931585
17.096159
17.202646
16.796057
16.941267
16.80574
17.183287
17.328497
17.328497
17.202646
17.163923
17.338177
17.444666
17.3769
17.251049
17.018713
16.84446
16.737974
16.786377
16.84446
16.602442
16.747654
16.660524
16.534678
16.534678
16.224895
16.118404
16.002237
15.653732
15.866708
15.721496
15.702135
15.682775
15.450436
15.024485
15.024485
15.11161
15.508521
16.854141
16.950949
17.35754
17.086477
17.096159
17.11552
17.183287
17.028395
16.941267
17.11552
17.367218
17.38658
17.454346
17.444666
17.744768
17.541471
17.812531
17.715725
17.696365
17.338177
17.192966
17.144564
17.260731
16.786377
16.873501
16.83478
17.144564
16.989668
16.950949
17.018713
16.912226
16.80574
16.486275
16.476595
16.486275
16.670206
16.883184
16.883184
16.563719
16.573402
16.534678
16.505634
16.650846
16.29266
16.011919
16.234573
16.099045
16.253939
16.341063
16.408829
16.466911
16.679888
16.728291
16.58308
16.58308
16.660524
16.476595
16.747654
16.757332
16.84446
16.592762
16.534678
16.563719
17.425303
17.280092
17.154242
16.641167
16.331383
16.505634
16.486275
16.215212
16.370106
16.621805
16.544357
16.670206
16.563719
16.573402
16.515316
16.708929
16.815418
16.912226
17.154242
17.125202
17.096159
17.047756
17.067118
16.747654
16.679888
16.573402
16.699249
17.018713
17.105839
17.067118
16.815418
16.931585
17.144564
17.444666
17.405943
17.367218
17.522112
17.677004
17.696365
17.541471
17.560835
17.638279
17.415623
17.51243
17.599556
17.686684
17.647959
17.473707
17.638279
17.551151
17.522112
17.531794
17.706045
17.560835
17.483385
17.299458
17.280092
17.086477
17.202646
17.270412
17.086477
17.067118
16.863823
16.602442
16.786377
16.699249
16.563719
16.757332
16.699249
16.650846
16.602442
16.892864
17.018713
16.931585
17.096159
17.057436
17.11552
17.105839
17.067118
16.873501
17.038074
17.038074
17.183287
17.057436
16.737974
16.912226
16.728291
16.573402
16.505634
16.495953
16.495953
16.486275
16.670206
16.505634
16.379784
16.370106
16.176489
16.437868
16.263617
15.827984
15.469798
15.305226
15.402032
15.421393
14.976082
15.469798
14.985761
14.627574
14.172582
14.317792
14.230665
14.133858
14.240345
14.424279
14.917997
14.772785
15.014804
15.227778
14.9664
15.034164
15.034164
14.995441
14.985761
15.063208
14.666297
14.811509
14.84055
14.666297
14.753425
14.753425
14.782467
14.511405
14.7147
14.55981
14.530768
14.705019
14.656616
14.685658
14.9664
14.956718
15.179377
15.024485
15.063208
15.23746
15.285863
15.208418
15.314904
15.005123
15.189056
14.850231
14.84055
14.569489
14.288749
14.162899
14.414599
14.540447
14.734062
14.888955
15.11161
14.985761
15.072887
15.23746
15.266502
15.189056
15.092249
14.637256
14.43396
14.395237
14.850231
14.917997
14.792147
14.743743
14.617894
14.530768
14.579172
14.453321
14.472683
14.7147
14.69534
15.043845
14.956718
14.656616
14.453321
14.414599
14.463002
15.11161
15.092249
15.227778
15.740858
16.186171
16.234573
16.224895
16.30234
16.350742
16.563719
16.418509
16.495953
16.592762
16.767014
16.737974
16.883184
16.776695
16.718613
16.883184
16.660524
16.544357
16.554039
16.29266
16.147449
15.711814
15.876386
16.215212
16.166811
16.379784
16.215212
16.350742
16.157129
16.30234
16.341063
16.234573
15.89575
15.663412
15.634371
15.702135
15.49884
15.595647
15.663412
15.731177
15.605329
15.547242
15.431073
15.411714
15.556925
15.469798
15.440756
15.382671
15.092249
15.150333
15.024485
15.063208
15.063208
15.034164
15.072887
15.460117
15.285863
15.276183
15.537561
15.653732
15.508521
14.511405
14.492044
14.656616
15.208418
14.859913
14.772785
14.898635
15.053526
15.179377
15.179377
15.130973
15.130973
15.043845
14.850231
14.947039
14.859913
14.666297
14.743743
14.675978
14.734062
14.521087
14.521087
14.366196
14.095135
14.182261
14.114496
13.949924
13.746629
13.746629
13.76599
14.075773
14.492044
14.569489
14.511405
14.356514
14.279068
14.7147
13.988647
14.124177
14.172582
14.133858
13.843436
13.89184
13.707906
13.727267
13.795032
13.969286
13.969286
13.969286
14.191941
14.337152
14.424279
14.114496
14.143538
14.250027
14.385556
14.356514
14.317792
14.356514
14.327472
14.259707
14.075773
14.095135
14.133858
13.572375
13.659502
13.89184
13.514292
13.669183
14.705019
14.69534
14.763103
14.646936
14.550128
13.804713
13.465887
12.623665
12.526856
12.797917
13.185145
13.3594
13.194828
12.652707
12.710792
12.894725
12.410688
12.923767
12.797917
12.594623
12.633345
12.496769
12.623589
12.721144
12.886988
12.604079
12.613835
12.477258
12.438236
12.51628
12.438236
11.989484
11.960218
12.311415
12.418724
12.721144
13.082097
13.169896
13.296719
13.706448
13.618649
13.569871
13.569871
13.63816
13.94058
14.233245
14.223488
14.213732
13.891802
14.330799
14.633218
14.350309
14.330799
14.633218
14.750285
15.023438
15.247813
15.033193
15.062459
14.974661
14.516152
14.067401
14.086911
14.028379
13.76498
13.443049
13.794247
13.794247
13.921068
13.843024
13.911314
13.969846
14.077156
14.077156
13.901558
13.999113
14.272265
14.057645
13.443049
13.716205
13.530849
13.169896
13.169896
13.413783
12.994298
12.935765
13.130876
13.33574
13.03332
12.857722
13.03332
12.984542
13.365005
13.286963
13.189408
13.384518
13.189408
13.03332
12.886988
12.457747
12.399214
12.116304
12.272392
11.911439
12.12606
11.891929
12.399214
12.204103
12.048018
11.852906
12.067527
12.389459
12.194349
12.487014
12.389459
12.526035
12.652856
12.389459
11.82364
11.940705
11.911439
10.828582
10.301786
10.233497
10.340808
10.145698
10.48714
10.672494
10.731027
10.584695
10.652983
10.828582
10.623716
10.526161
10.604206
10.652983
10.555428
10.506652
10.623716
10.643227
10.731027
11.134671
10.750717
10.918081
10.918081
11.56785
11.380795
11.390639
11.873045
12.247153
12.119168
12.188084
12.444053
12.345603
12.306223
12.650798
12.660643
12.552348
12.572038
12.828007
12.562194
12.414518
12.572038
12.394829
12.217619
12.099479
12.276689
12.503122
12.532658
12.503122
12.266844
12.345603
12.345603
12.542503
12.601573
12.424362
12.591727
12.473588
12.345603
12.227464
12.414518
12.040408
11.961649
11.981339
12.503122
12.089634
12.129013
12.010874
11.754904
11.4694
11.56785
11.50878
11.430019
11.341416
11.6663
11.518624
11.626921
11.843509
11.676144
11.725369
11.774594
11.833665
11.951805
11.78444
11.971494
11.685989
11.617075
11.50878
11.331571
11.37095
11.2725
11.489091
11.223275
11.105136
11.23312
11.37095
11.479245
11.676144
10.957461
10.455368
10.563662
11.055911
11.174051
11.302035
11.065755
11.055911
11.183896
11.489091
11.6663
11.941959
12.069944
12.138858
12.109324
12.247153
12.306223
12.286532
12.207773
12.424362
12.414518
12.601573
12.542503
12.581882
12.768937
12.660643
12.483433
12.463742
12.542503
12.631107
12.640953
13.113511
12.946147
13.182426
13.300567
13.438396
13.467932
13.546691
13.536845
13.527
13.605761
13.635296
13.62545
13.674676
13.76328
13.82235
13.792815
13.84204
13.753436
13.7239
13.546691
13.566381
13.595916
13.152891
13.787722
13.529822
13.599257
13.529822
13.529822
13.509983
13.599257
13.81748
14.025784
13.93651
13.708367
13.847238
13.906753
13.777803
13.867075
14.313441
14.164652
14.501906
14.402715
13.996025
13.80756
13.55958
13.361196
13.43063
13.262003
13.271922
13.400872
13.539741
13.400872
13.30168
12.865234
12.547818
12.805718
12.121292
12.071696
12.022099
11.952665
11.744362
11.734443
11.793958
12.121292
11.555896
11.88323
11.853473
12.022099
12.071696
11.912989
11.922908
11.903069
11.774119
11.63525
11.585654
11.704685
11.704685
11.744362
11.446785
11.466624
11.665009
11.565816
11.714604
11.694765
11.734443
11.823715
11.952665
11.912989
11.784039
11.784039
11.595572
11.516219
11.63525
11.555896
11.625331
11.645169
11.63525
11.813796
11.595572
11.565816
11.367432
