Adjusted
27.882814
27.92659
28.162958
28.031643
27.97036
27.979116
27.882814
27.821533
28.250504
28.084166
27.97036
28.031643
28.3468
28.425591
28.259256
27.786518
27.874062
27.97036
28.521894
28.259256
28.583168
28.767014
28.635693
29.195976
29.125944
29.08217
29.169716
29.169716
29.274769
29.353558
29.519894
29.73875
29.703733
29.511141
28.898329
28.994627
28.898329
28.880825
29.038393
28.985872
29.195976
29.344807
29.712488
29.572418
29.817543
29.756262
29.721241
29.668711
29.870066
29.983881
29.756262
29.581177
29.686224
30.106438
29.905079
30.150213
30.071424
30.500387
30.430347
30.692991
30.929354
31.402094
31.043159
31.174475
30.544161
30.692991
30.833059
31.340807
31.594692
31.63846
30.938101
31.218252
31.191982
30.929354
30.990637
31.130701
31.559671
31.550919
31.761017
31.402094
31.629711
31.874828
31.778526
32.303799
32.71526
32.487637
32.461372
32.54892
32.759026
33.039169
32.855324
33.441868
33.835823
33.214252
33.722008
33.424358
33.441868
33.249279
33.223007
33.144222
33.494396
33.117958
33.056671
32.592693
32.72401
32.478882
32.093693
32.146217
32.522655
32.461372
32.163723
32.006149
32.487637
32.513905
33.126709
33.09169
32.706505
32.163723
32.540169
32.601448
32.942875
33.258026
32.041168
31.96237
32.093693
32.33881
32.531414
32.925362
33.301804
33.398102
33.686993
34.045918
34.492405
34.159729
34.194748
34.317314
34.457386
34.448627
34.492405
34.317314
34.334827
34.352333
34.37859
34.37859
34.343258
34.837921
35.72123
36.01273
35.783073
35.791893
35.624065
35.553398
35.685902
35.650566
35.606403
35.350239
34.926254
34.731922
34.76725
34.926254
34.608257
34.846756
34.723087
34.564091
33.981106
34.042938
34.087093
34.166603
34.069435
34.307934
34.405094
34.599415
34.926254
35.323738
35.765392
35.579899
35.624065
35.906727
35.968555
36.145222
36.313049
36.207054
35.924393
35.959728
35.853733
36.03923
35.641739
35.897896
35.314915
35.279575
34.908581
34.935081
35.032246
34.943913
34.820255
35.500401
35.986225
36.12756
35.968555
36.366055
36.569218
36.772377
37.328861
37.735191
37.68219
37.850021
37.982517
38.221016
38.221016
37.668888
37.642181
37.392834
37.401733
37.32159
37.32159
37.214729
37.588745
37.428452
37.579842
38.087433
38.399117
38.586124
38.675179
38.817661
38.568317
38.853283
38.737514
38.737514
38.951233
38.96014
38.942337
38.817661
38.942337
38.7197
38.007286
38.621742
38.728615
38.630646
38.292255
38.301163
37.962757
38.44363
38.203209
38.577217
39.984245
40.206875
40.500732
40.456211
40.643215
40.58979
40.669941
40.545254
40.12672
40.269199
39.921902
40.153439
39.859566
39.654743
39.51226
38.80875
38.969048
38.862179
39.138248
39.271812
38.986858
38.924526
38.550503
37.472977
37.294868
37.659988
37.419544
37.967316
37.554253
36.279091
36.66523
36.584404
36.826866
36.728096
36.575428
36.970551
37.239952
37.302811
37.347706
37.284847
37.275864
37.060349
37.132195
37.293827
37.060349
37.392601
37.311787
37.50037
36.979534
38.021202
37.751804
37.733849
38.290604
38.10202
37.994267
38.075081
37.437508
37.554253
37.931408
38.326523
38.227749
38.542042
38.470203
38.03019
38.137947
37.644047
38.182842
38.218769
38.254692
38.164883
38.44326
38.434284
37.239952
37.123207
37.087288
37.033401
36.485634
35.848053
36.189289
36.530529
36.710133
36.755028
36.67421
36.80891
36.710133
36.746052
36.270115
36.530529
36.719105
37.545265
37.186066
37.17709
37.257912
36.638287
36.323986
36.930901
37.0396
37.420055
37.456284
37.030544
36.613853
37.003365
37.193588
36.949028
36.704449
36.604801
36.976185
37.247952
37.202656
37.537811
37.238888
37.030544
36.641033
36.985256
37.238888
37.320412
37.456284
37.257004
37.112072
36.976185
37.22982
37.184536
37.329468
37.510635
37.338535
37.718975
37.664627
37.546871
37.492512
37.374752
37.329468
37.646511
38.162846
37.275116
37.637451
37.528751
37.918262
37.773327
37.97261
37.97261
38.190014
38.353062
38.20813
37.700867
38.144718
38.06319
38.217182
38.099426
38.552349
38.389297
38.253429
37.927322
37.918182
37.488533
37.497681
37.351414
37.040607
37.177731
36.97662
37.790207
38.018738
37.854187
38.000458
38.128426
37.98217
38.475803
38.548927
38.256409
38.475803
38.329536
38.311253
38.37524
38.35696
38.192417
38.073589
38.302116
38.603779
38.70433
38.69519
38.823174
38.430099
38.46666
38.420956
38.366108
38.494083
38.302116
38.896305
39.289375
39.271099
38.832314
38.768322
40.112095
39.929268
40.22179
40.432041
40.404625
39.746437
39.591038
40.514309
40.843395
40.112095
40.532593
40.066391
39.682453
39.563614
39.801292
39.353363
39.389927
39.764725
39.993256
40.843395
40.870819
41.145058
41.583847
41.839806
42.050049
42.050049
42.538578
43.266758
43.377369
43.552502
44.031807
43.847458
43.626236
43.782932
43.580147
43.773716
43.71841
43.534058
43.534058
43.773716
43.653896
43.626236
43.61702
43.71841
43.681545
43.644669
43.699978
43.598591
43.699978
43.672321
43.626236
43.690762
43.423447
43.054752
42.962582
43.202236
42.492496
42.870403
42.796658
43.48798
44.013367
42.676846
43.349709
43.663109
43.377369
43.497196
43.368153
43.19302
42.557011
42.62154
42.695274
42.391102
43.165367
43.838234
43.451107
43.395798
43.395798
43.451107
43.395798
43.598591
43.819809
43.644669
44.206936
44.594074
44.409725
43.939632
43.211452
43.099937
42.059151
42.709637
43.592457
43.741142
44.131447
44.354462
44.084976
44.540321
44.754055
44.986374
45.311619
45.311619
45.497475
45.748386
46.05505
46.027164
46.43605
46.389584
46.408165
46.315239
46.83564
45.841309
45.339504
45.70192
45.48819
45.794842
45.534649
45.52536
46.70554
46.389584
47.4025
47.4025
47.671989
47.61623
47.969357
47.634819
47.671989
45.720509
45.543938
46.045757
46.473217
46.110798
45.99929
45.766972
45.729797
45.664745
45.850605
45.897064
45.794842
45.590405
45.441727
45.516064
45.571823
44.865562
45.516064
45.590405
45.794842
46.017876
45.748386
45.794842
45.785557
45.385971
44.967789
45.395252
45.897064
45.618282
45.534649
45.703224
46.012287
45.956093
45.899899
45.862438
46.761524
46.630402
46.939465
47.136139
47.08931
47.070576
46.695957
46.180866
46.564846
46.433735
46.274509
46.274509
46.040382
45.890533
45.131931
45.356709
45.010189
44.663662
45.047642
45.188126
44.953999
44.476357
44.682396
44.766682
45.178768
45.047642
45.693863
45.703224
45.094479
45.169399
44.94463
43.830143
43.905064
44.307777
44.626202
45.113205
44.963356
44.317142
44.420166
44.747952
45.319244
45.113205
44.729218
44.869709
44.438896
44.298416
44.270317
44.270317
43.689663
43.183937
43.343143
43.652195
43.745853
43.689152
43.849812
44.908253
45.068905
45.617035
44.946053
45.002758
45.456379
45.24847
45.182312
45.48473
45.645382
45.711536
45.78714
45.371323
44.700348
43.178829
41.572266
40.561073
42.167633
42.763016
42.479504
42.205441
41.071392
42.044785
42.24324
41.874687
43.074879
42.848068
42.810265
43.197731
42.819721
43.443447
43.736404
44.123863
43.972668
44.086067
43.500141
43.840363
43.793102
44.123863
43.244984
43.481243
45.012207
45.494175
45.144512
46.004498
45.862743
46.751083
47.214149
47.308651
47.544914
47.044037
46.817234
47.129093
47.469311
47.686668
47.63942
47.544914
48.764011
48.943573
49.283779
49.227081
49.368835
49.311676
49.14019
49.454586
49.292629
49.368835
50.054779
50.302483
50.235794
50.59782
50.65498
50.350113
49.883293
50.835995
50.807415
51.379032
51.493355
51.864906
51.741058
51.617207
51.826805
51.502884
51.683895
51.588627
51.359974
50.15958
51.169441
50.978893
50.950314
50.483498
50.59782
49.7785
50.283424
50.569237
51.502884
50.826462
49.96904
50.111942
50.216743
51.39809
51.274235
51.245659
51.693424
51.236126
50.388222
49.111607
49.073498
48.378033
46.139194
45.310345
45.17696
45.215076
44.186161
45.081696
44.49102
45.253181
44.443386
45.14838
45.910542
45.167439
45.453247
44.786358
44.632553
46.007195
46.478222
46.478222
46.2379
46.084099
45.218941
44.997841
44.853649
45.151653
45.891842
47.04538
48.054733
48.650734
48.881435
49.265953
49.910015
49.429371
49.631248
50.121494
49.67931
49.400532
50.573307
50.188789
50.419498
50.544472
50.554077
50.025375
50.102272
49.86195
50.900146
50.957817
51.073177
51.236591
52.130589
51.899879
52.149815
51.957558
51.861427
51.899879
52.072914
52.380527
51.226978
51.919106
52.072914
51.380787
51.053947
51.563431
50.823242
50.986652
50.640594
51.034721
51.005886
50.88092
50.823242
51.351944
51.486526
51.323109
50.265694
50.246464
50.534855
50.611755
51.063564
50.775173
50.102272
50.563694
50.371433
50.265694
49.606724
50.304455
50.381985
51.254147
50.595177
50.498272
50.110641
50.449818
49.878067
50.130024
50.110641
50.420742
50.130024
51.438271
52.010021
52.300739
52.649609
52.543011
52.775585
53.240742
53.017853
53.221359
53.405483
53.415176
53.502392
52.872498
52.552696
52.891876
52.833733
53.201981
52.901569
53.550842
53.793106
53.599297
54.548988
52.950016
52.591465
53.812489
54.403622
57.659702
57.601559
58.231457
58.95826
58.715988
59.433102
59.345886
59.122997
59.219906
59.229595
59.035778
58.88073
58.82259
58.638458
58.473721
58.861351
58.88073
59.316811
58.386509
57.810356
57.888481
57.868946
57.497871
57.136551
57.263504
57.966599
57.693176
58.054489
58.113079
58.493931
58.620872
58.689232
57.898247
58.07402
58.425568
58.73806
58.962658
59.226322
59.265377
59.30444
59.079842
59.226322
59.333736
59.245846
59.558342
59.685287
59.802471
60.095428
59.636459
57.898247
58.445099
57.136551
57.009605
57.624813
56.863121
57.234203
57.829891
58.279091
58.952892
58.503693
58.279091
58.85524
56.150261
55.818245
56.511574
56.111202
55.720592
55.46669
55.4081
55.193268
55.339741
54.714767
54.851475
54.919842
54.880779
54.431576
54.822186
54.997959
54.919842
54.685471
54.851475
54.529232
54.265564
53.953075
54.209106
54.356819
53.441021
53.509953
53.007744
52.830494
53.63797
53.362244
54.33712
55.144596
55.814209
55.44001
54.829483
54.90826
55.065815
55.075668
56.267181
56.621685
57.16328
57.094349
57.104202
58.551743
58.049534
57.783657
57.448853
57.93137
57.773808
59.319832
59.349373
59.241051
59.270592
59.329674
59.556164
59.812195
60.304558
60.609821
60.984016
60.452263
60.560581
60.787071
60.708294
60.403027
60.462109
59.950058
