Adjusted
26.059778
25.862694
26.274778
26.041861
26.158321
26.310612
26.579361
26.158321
26.131445
26.113529
26.014988
26.436026
26.436026
27.143734
27.197487
27.376652
27.573736
27.582695
27.681236
27.528946
27.779774
27.34082
27.170609
27.54686
27.430405
27.34082
27.681236
27.824566
27.932068
28.182899
28.326235
28.388943
28.917484
28.308319
27.690193
28.317278
27.502071
27.627485
28.344151
28.317278
28.263529
28.568108
29.042904
29.186234
29.456896
30.151583
30.566601
30.512466
30.810202
31.01771
30.756063
30.359095
30.214746
30.359095
30.088436
30.25083
30.079416
30.467358
30.304964
30.701933
30.350077
30.611712
30.079416
30.368114
30.196701
30.359095
30.756063
31.405653
31.983074
31.983074
30.99966
31.504894
30.810202
30.295944
30.981613
31.134985
31.811642
32.118389
32.280792
32.244705
32.316875
32.569492
32.136433
32.470257
33.12886
33.372456
33.616039
33.643112
33.282227
33.42659
33.516804
34.166386
34.373894
33.958881
34.409988
34.319767
34.409988
33.904755
33.616039
33.579956
34.292698
34.419003
34.954533
34.355473
34.219315
34.164856
33.810863
34.310089
35.01807
35.145149
34.500706
34.518852
35.099766
34.527939
35.172375
35.290367
34.673153
33.792713
33.402409
32.785198
33.574867
34.00148
34.46439
33.992405
34.328239
33.847176
33.556717
34.409927
34.782082
35.090683
34.86377
35.263134
35.308525
35.172375
35.208679
35.816822
36.152668
36.016514
36.969566
36.679111
36.388657
36.724499
39.02092
38.594311
38.712299
39.35675
40.709187
40.273502
39.78336
39.402138
39.075371
39.129837
38.930145
38.630615
38.984604
38.87569
38.095085
38.558002
38.022469
38.376457
38.131393
38.530769
38.403694
38.24939
36.851574
37.024033
37.359879
37.142029
37.799736
38.219933
38.439171
38.402637
38.987259
39.964676
40.037766
39.681499
39.361782
40.046894
40.1017
40.165646
39.462257
39.498806
39.233898
39.352654
39.535339
39.72718
39.453133
39.115139
39.288696
39.297836
38.923313
39.654091
38.822834
38.101177
38.402637
39.57188
40.138237
40.302662
40.110828
41.042583
41.672882
42.348862
42.303181
42.568092
42.239246
42.705112
42.796452
43.006557
43.773891
43.435894
43.353676
43.371952
43.673397
43.362816
43.801285
42.896946
44.24889
44.002251
43.70993
44.102734
44.705624
44.93399
44.997936
44.897457
44.769573
45.390739
45.820072
45.737858
46.212868
46.240273
46.249413
45.938828
45.399876
45.198914
45.152996
45.419296
45.355019
45.198914
44.47345
44.372433
44.152035
44.17041
43.720432
44.510178
44.262238
44.7673
45.208084
45.364201
45.511127
45.34584
45.143806
45.281559
44.647926
44.960148
45.006058
45.033607
45.116261
45.722336
45.511127
43.821457
44.399979
44.280609
44.023479
43.564327
43.463314
43.371487
41.948112
40.377808
40.203335
40.680847
39.826832
40.680847
40.01049
38.302444
38.80751
38.917709
39.248302
39.937027
39.532974
40.157421
40.368626
40.827778
40.901249
41.130825
40.589016
40.488007
40.846142
41.21347
40.754311
40.772686
41.011444
41.645073
41.139999
42.581741
42.646019
43.135674
43.680759
43.597614
43.163399
42.932426
42.313435
41.916164
42.2118
42.618313
42.488972
42.525917
42.88623
43.357403
43.071003
43.117195
41.842247
42.32267
42.488972
43.301979
43.828579
43.662277
43.117195
42.03627
41.823776
42.479725
40.936859
39.985264
40.696648
40.862942
41.472702
41.759106
41.574337
41.860729
41.722141
41.380318
42.766129
42.618313
43.015575
43.274265
42.96014
43.098717
42.775368
42.119415
42.849274
43.218819
43.034054
44.096512
43.837818
43.00634
41.805298
42.03627
42.294941
41.943882
42.609066
42.876991
42.923183
43.237305
43.080246
43.080246
43.209587
43.680759
43.717716
44.521484
44.809799
45.460842
45.916557
46.046764
45.414333
45.274826
45.339935
45.330635
45.851456
46.390888
46.46529
46.846607
46.800106
46.511799
46.772213
46.846607
46.753609
46.948917
47.404648
47.302334
47.934769
47.851063
47.804565
47.906872
47.637154
47.851063
48.027775
48.120781
48.223083
47.516247
48.241692
47.999874
48.250988
48.09288
48.157982
48.167286
47.962673
47.39534
47.627857
46.20488
45.730553
46.111874
45.925865
46.688507
46.037468
46.688507
46.948917
47.255833
47.544151
47.804565
47.497643
48.362595
48.585808
48.902031
49.729767
49.218243
49.701862
50.2878
50.557518
50.157593
50.492409
50.734219
50.799324
50.705734
50.883549
50.73381
50.078697
50.406254
50.49984
50.574718
50.125496
50.275234
50.415607
51.108166
50.949062
50.509201
50.088055
50.808681
49.648197
49.975754
49.601398
49.105385
47.439529
47.542473
48.188232
48.16016
47.111973
48.197594
46.840569
46.176098
45.380604
45.661369
44.809723
45.043694
46.194817
46.017002
47.383381
46.644043
47.355301
47.12133
47.130695
47.907467
48.075924
48.412834
49.011803
48.665527
48.890141
49.442303
49.039879
49.432938
49.844727
49.975754
49.957039
49.835373
49.470383
49.442303
49.676277
49.545254
49.638844
50.013184
50.46241
50.612148
50.705734
49.854095
49.283207
49.685627
49.882164
49.590187
50.362526
50.560322
50.023445
49.382969
50.202404
47.649906
46.830463
46.152309
47.263729
49.222847
49.646694
49.740891
50.221241
49.985771
49.976357
50.014027
49.797398
48.92144
48.799
47.197796
46.52906
47.329659
48.723652
48.120842
47.310822
46.604412
45.464733
44.701805
45.238678
44.899601
45.172752
46.453705
45.926254
46.463131
45.963932
45.153912
45.28577
44.202602
45.163334
46.067539
45.634266
46.086372
46.76453
46.434872
46.830463
47.178963
48.13026
48.601204
48.780163
48.375156
48.601204
49.081573
48.346897
48.902603
48.893188
48.667137
48.19619
49.411221
48.808418
47.546291
48.105999
47.90678
48.068054
46.834808
47.204781
48.419048
47.878319
49.140022
48.466488
48.542374
48.058563
49.196945
49.253857
48.893375
48.238808
48.200859
47.897301
48.656216
48.732105
48.400082
48.77005
48.75108
48.656216
49.177975
49.291809
47.698078
48.191372
48.390591
49.045155
49.187454
48.162918
48.200859
48.3811
49.07362
48.675186
48.969269
48.836452
49.434105
49.282322
48.494946
49.00721
49.53846
48.912354
48.637241
48.988239
49.699726
49.642815
49.035667
48.997726
49.320274
48.675186
49.519485
49.804081
50.126617
50.16457
49.889458
48.969269
49.310783
49.642815
49.035667
49.016701
49.680756
50.430191
49.474705
49.570255
49.350494
49.369602
50.296413
50.506626
50.286865
49.732689
49.94289
49.809132
50.525734
50.162647
50.6595
50.91748
50.669052
49.761349
50.105324
48.48101
49.006519
49.484261
49.188061
48.81543
49.082962
47.95549
48.337688
48.949188
49.866451
49.876007
50.067104
50.726387
50.468407
50.812378
50.783714
50.688164
50.143539
52.035389
51.882515
51.911179
52.465359
52.828442
53.038643
53.401726
53.258411
53.277512
53.086422
52.771111
54.051449
53.52594
53.487717
54.385868
55.398678
55.102478
55.11203
54.605633
53.621487
51.528988
48.39502
46.598717
47.840836
49.13073
48.633888
48.108368
46.168747
46.688793
46.919933
45.812416
47.006607
46.01466
45.658329
46.399883
46.03392
47.449612
47.565174
47.257
46.274685
46.891037
46.13023
45.812416
45.648697
46.274685
44.676018
45.061241
45.590916
45.619808
45.870201
47.276264
46.968082
47.700005
47.882984
47.632587
47.594067
46.650276
46.005032
46.968082
47.122173
47.314785
47.507393
46.862144
47.931137
48.643791
48.720837
47.179955
49.115688
48.923077
48.306725
49.462395
49.500912
48.932713
49.048275
50.03059
48.595638
48.720837
48.653427
47.228111
46.968082
47.863724
47.892612
48.971233
48.846039
48.951973
48.923077
48.874924
49.029015
49.520172
49.558697
50.194309
49.269779
46.76651
47.678555
47.591232
46.815022
45.825359
46.019409
43.884834
43.651978
44.408783
45.340229
43.884834
42.516773
42.856361
43.477329
44.340862
44.302055
44.214725
44.787182
44.117702
43.642277
42.730232
42.827255
41.061382
39.033543
38.946217
38.334953
38.499901
37.160942
37.830421
36.782536
36.413837
35.385368
35.744362
36.928078
36.122761
36.811646
NA
NA
NA
NA
NA
NA
NA
NA
NA
NA
NA
NA
NA
NA
NA
NA
NA
NA
NA
NA
NA
NA
NA
NA
NA
NA
NA
NA
NA
NA
NA
NA
NA
NA
NA
NA
NA
NA
NA
NA
NA
NA
NA
NA
NA
NA
NA
NA
NA
NA
NA
NA
NA
NA
NA
NA
NA
NA
NA
NA
NA
NA
NA
NA
NA
NA
NA
NA
NA
NA
NA
NA
NA
NA
NA
NA
NA
NA
NA
NA
NA
NA
NA
NA
NA
NA
NA
NA
NA
NA
NA
NA
NA
NA
NA
NA
NA
NA
NA
NA
NA
NA
NA
NA
NA
NA
NA
NA
NA
NA
NA
NA
NA
NA
NA
NA
NA
NA
NA
NA
NA
NA
NA
NA
NA
NA
NA
NA
NA
NA
NA
NA
NA
NA
NA
NA
NA
NA
NA
NA
NA
NA
NA
45.718624
45.767143
46.261978
46.242569
46.562759
46.824726
47.668854
48.027851
48.008278
47.822392
47.988712
47.939796
48.037628
47.900661
47.323429
47.881092
47.401695
47.342995
47.900661
47.323429
47.763695
47.969143
48.693134
48.800755
48.722485
48.350704
49.329067
50.30743
49.407341
50.395485
50.297653
50.062843
51.491253
51.412983
51.129257
51.686928
51.364067
51.569523
50.884666
51.197746
51.129257
51.491253
51.608658
51.657578
51.481472
51.853249
51.81411
51.863033
52.401134
54.074135
53.418629
52.978367
52.303295
52.176109
51.980434
53.144688
53.311012
54.886173
56.627663
56.060211
56.069996
56.461338
55.884106
56.539608
56.412418
56.549389
56.431992
57.146191
57.067928
55.825401
55.952587
56.441769
57.476768
56.954338
58.62019
58.570904
59.822754
59.99033
59.438332
58.590618
58.669476
57.880909
58.235767
56.974052
57.013485
57.91048
58.265335
57.585194
57.575336
57.890766
57.171196
57.023338
57.033199
