Adjusted
59.747902
59.369049
59.48959
59.084908
58.990189
59.308765
59.644596
59.601536
59.954544
60.169815
60.188915
60.47538
60.709736
60.718403
61.360748
61.126385
63.582901
64.034248
65.101952
65.171387
65.240837
65.90052
65.318954
65.709549
66.100174
66.100174
65.752953
65.805038
65.952621
66.456062
66.647018
66.438705
67.167847
66.90744
66.872711
66.8293
65.90052
66.039421
66.620995
66.126213
66.395302
66.560211
66.881393
67.011604
66.75119
66.994232
67.1418
66.98555
66.664391
67.176529
66.265091
66.108856
66.933479
67.341461
67.020271
67.072372
66.560211
67.185219
66.890076
66.890076
67.44561
68.53933
67.810188
68.174759
67.905663
68.391762
67.931702
68.782364
69.155647
69.511513
69.138268
69.528885
68.626122
69.329247
70.683342
70.65731
71.646873
67.433998
66.961807
67.416504
67.923653
67.127953
67.320313
67.993599
68.369621
67.984848
68.151001
68.588203
68.387085
68.868019
68.719345
69.488831
70.54686
70.127144
69.969742
69.15657
68.902969
68.920471
68.815536
71.59613
70.704254
68.990433
69.15657
67.119209
67.906166
67.65258
67.031769
67.171677
67.984848
68.264679
68.308403
67.853699
68.579445
68.229691
69.042885
69.112846
67.862442
65.798851
67.705048
66.961807
67.057991
67.678825
67.914917
67.320313
68.220955
68.588203
68.701874
68.500763
68.868019
69.576271
69.777397
70.625572
71.30761
71.272614
70.800446
70.555527
70.740547
71.683159
71.55101
71.313148
70.714096
70.83744
70.819817
70.555527
70.863884
70.740547
71.921013
71.612686
71.709579
72.009102
72.202911
72.387909
71.921013
71.903397
71.938637
71.577446
70.899101
70.388145
70.115059
70.06221
69.930046
70.273628
70.485054
69.190056
68.68792
67.701248
68.106483
68.617439
68.494125
68.265045
67.956718
67.965538
68.855309
68.670296
68.952194
68.943405
69.639336
70.61721
70.3265
70.740547
70.581955
69.93885
69.841972
69.260544
68.467674
68.7584
68.018387
66.591263
67.093391
66.890785
66.811478
66.970062
66.644104
67.243149
67.78936
68.617439
69.137215
69.366249
68.361954
69.553436
70.512321
70.503433
70.112785
71.364632
71.835197
71.568848
71.02726
72.181458
73.211334
72.376785
71.69313
72.048279
72.208107
72.296875
73.522095
73.087051
73.25573
73.033775
73.513222
74.13472
74.86274
75.324409
75.084686
74.880478
75.191238
75.173477
75.422073
75.830475
75.146851
74.827225
74.773949
73.992638
74.427689
74.001518
73.41555
75.040298
75.271126
74.267891
74.596382
73.069305
73.131439
72.527718
71.835197
73.140312
72.714157
72.660873
72.190331
72.190331
72.589859
72.811821
72.80294
72.279121
71.506683
71.426781
71.595474
72.287987
71.240334
71.400162
71.293617
71.036148
71.799698
71.728653
71.52446
70.920723
71.18708
70.875778
69.99015
70.831024
70.195908
70.76841
69.453423
68.76461
68.54097
67.717972
68.066841
68.388893
68.791451
69.158211
69.802307
70.526894
69.319229
69.596565
71.02784
69.748619
69.900696
69.703888
69.748619
69.650215
69.882813
69.650215
69.945427
70.365868
69.310287
70.178009
69.614426
69.829132
70.115387
70.249557
70.625275
70.88472
70.839989
70.65213
71.421432
71.35881
70.473228
70.061707
69.668106
70.938377
71.3946
71.11731
71.251488
71.349876
72.101303
71.868721
71.680862
71.65403
71.35881
72.002899
72.772217
72.897469
72.53965
72.244431
72.289177
72.316002
73.040604
73.139
72.960083
72.682762
72.460953
73.173302
73.407745
74.787346
74.336487
74.435692
74.246315
73.867615
73.669228
73.155258
74.020897
74.084015
74.291405
73.696297
73.588081
73.19133
72.614243
72.433907
72.073212
72.343727
72.578163
72.72245
72.605217
72.208481
72.226517
72.497025
72.848679
72.460953
72.073212
72.010094
72.235519
72.163391
72.217491
72.271606
72.190445
71.919937
71.811737
71.856819
71.757614
71.946983
72.352745
72.073212
71.703522
71.243652
71.523178
70.891975
71.25267
70.864937
71.487114
71.739601
72.118309
72.307655
72.641296
73.642181
73.588081
73.182327
73.326599
73.272484
73.566971
73.076157
73.212502
72.967087
72.803482
72.703499
72.948914
72.31266
72.040009
71.48558
71.040215
70.276718
72.394485
72.003647
72.176353
73.7033
72.839836
73.57605
74.057777
74.003235
74.057777
74.484962
74.330444
74.930351
75.157562
75.266624
75.693802
75.793793
75.930122
75.784706
75.721092
75.466591
75.539299
75.421143
75.348434
76.075546
76.139175
75.730164
75.430222
76.021004
75.884674
75.675636
76.23008
76.420944
76.493668
76.520927
76.775414
77.084442
76.748154
77.475273
76.64817
76.875389
76.748154
76.111908
75.566566
75.484764
76.157364
75.95739
75.584747
76.511826
76.0392
76.975372
75.775612
75.939217
75.393875
74.748535
75.684715
76.511826
76.902657
77.144455
76.228569
77.996223
78.719765
79.196022
79.260147
79.62648
79.928719
80.029465
81.183479
81.513199
81.4216
81.632256
81.925331
82.126823
81.952812
81.146835
80.698051
80.450768
80.551521
81.265915
81.027771
81.146835
80.698051
81.330025
81.403282
82.822906
82.502342
83.409058
82.429054
82.960274
82.777107
83.125137
83.079346
82.429054
82.804573
82.016922
81.696358
81.842903
83.070183
84.260834
84.306633
84.810356
85.442314
85.304924
85.598015
84.846992
84.627174
83.427376
82.832062
82.438232
82.062714
82.493172
83.436539
82.658043
82.355789
82.703842
82.419922
82.30085
83.573906
83.518974
83.688683
84.509621
83.089149
82.62793
79.777748
78.54174
79.02137
77.748489
78.514061
79.279648
79.132057
79.971451
78.966026
78.449501
78.763115
78.993721
79.353447
79.233528
78.855331
79.565598
78.597092
78.283463
78.763115
78.864578
78.827682
78.560188
78.523285
78.78157
78.550964
77.803818
78.062096
76.244987
76.641609
75.211914
75.073547
75.719215
75.479401
77.075119
76.420219
77.250397
76.909096
78.163567
78.274239
77.407188
76.567818
75.774551
75.922119
76.300323
75.580856
75.931366
76.032837
76.59549
75.995941
76.346436
76.457123
76.881439
76.955215
77.112022
77.029015
77.019783
76.125061
76.43869
76.632393
76.641609
75.268272
75.314774
74.942856
74.775459
74.245476
73.929352
74.654594
74.710396
74.450035
74.756889
74.570908
75.277557
74.635994
74.338463
74.106003
74.914948
75.361259
75.073013
75.156708
74.831261
74.76619
74.338463
73.585327
73.817764
73.761986
72.887947
73.315674
73.027435
73.046021
72.664803
71.995331
72.255684
73.36216
73.957245
73.836365
73.334267
72.636902
73.548119
74.459343
75.147392
74.887062
74.80336
74.189697
73.929352
73.817764
73.771263
72.822868
72.748482
74.124603
74.31987
74.431435
75.98423
75.305458
74.998627
75.268272
76.160904
76.281776
76.384056
76.523521
76.467728
76.421234
75.900543
75.772125
75.650246
75.265907
74.965935
75.209671
75.575264
72.547379
71.900543
71.619331
71.159988
71.02874
71.00061
70.756889
71.600571
71.4506
71.609955
71.038132
70.88813
70.803764
70.428787
69.481995
69.285141
67.344658
64.813614
64.138657
66.463478
67.007187
66.754074
66.247871
64.588638
65.441704
65.554176
64.45739
65.601059
64.194923
64.044922
64.138657
63.801189
65.104218
65.713539
65.84478
65.563553
66.229134
65.797905
65.863541
66.894707
68.122719
67.27903
67.757126
67.4384
67.447777
67.888374
68.638306
68.807037
69.107033
69.744484
69.819466
69.678864
69.472618
69.566353
69.622589
70.213188
70.456917
69.772598
69.605171
70.796944
72.85891
73.293991
73.104836
72.367065
72.849434
72.244102
72.452187
72.877831
72.887268
72.253563
71.477974
71.317169
71.667122
71.846848
70.617241
69.955132
71.222588
71.005043
71.790108
72.092766
71.714424
71.856308
72.310318
71.790108
71.600922
70.787491
71.827934
71.68605
71.638748
73.615585
74.126358
73.539925
73.492622
73.577759
73.568298
74.050674
75.36541
76.604477
75.942383
73.899338
74.674934
75.289749
75.592415
75.469452
75.592415
76.008591
75.734291
75.110039
74.126358
74.362816
73.643959
73.000778
71.856308
72.518394
72.367065
71.742805
72.026558
70.919914
72.575142
72.349045
73.198181
73.8088
73.322212
75.19223
75.182693
76.155869
77.940033
77.396194
76.537514
77.377113
76.995476
77.472511
78.827347
78.846405
77.873245
76.232201
77.272163
77.730125
78.665146
78.216721
78.035439
78.359825
78.05452
77.81601
78.560188
77.377113
76.604294
77.501152
78.760551
79.037231
79.657402
79.285294
79.247131
79.151726
78.502953
77.997269
77.443901
77.577469
77.606094
78.951378
79.333
79.495193
78.941826
79.018158
79.084938
78.827347
78.999077
78.884583
78.531563
79.695564
79.390251
79.342545
79.962708
79.418869
79.380714
78.932281
79.027702
78.674683
78.886299
79.16526
79.675064
80.107925
78.443817
77.722389
77.866669
78.309158
76.520012
76.847046
76.722008
77.068291
77.88591
78.010963
78.491913
78.203346
79.001724
78.992111
79.338409
79.020973
79.271072
78.136009
78.520775
77.54924
76.808571
77.13562
76.972099
77.145233
77.88591
78.376495
78.126396
78.328392
77.953255
78.674683
78.828583
79.328781
79.617348
79.184494
79.501915
80.002106
80.030968
79.424973
80.175262
79.790497
80.232986
79.963638
79.877075
80.232986
80.386879
81.002495
79.126785
78.136009
79.31916
80.713928
81.444984
81.550804
82.185661
81.791267
81.598892
82.503082
82.483841
82.483841
82.618515
82.599274
82.73394
82.656998
82.887848
82.713348
82.655182
83.101128
83.178688
82.664871
81.879616
82.218933
82.975098
83.770042
84.10936
83.343483
83.421051
83.159302
83.1399
83.362877
83.673103
84.080269
84.380791
84.361404
83.934845
84.303246
84.768585
84.64254
84.196594
84.729805
84.64254
85.214523
84.904305
85.602303
84.865524
84.64254
85.611992
85.505363
85.931915
85.262993
85.098183
83.60524
85.553833
84.390488
84.351723
85.369637
85.359947
85.670174
85.873749
85.117584
86.271217
85.078804
85.166054
85.660477
86.72686
85.534439
87.008003
85.951302
85.650772
86.135498
86.494194
87.250366
86.339081
85.834969
85.864052
85.544128
85.728333
85.14666
84.778275
83.566872
82.97094
82.384789
82.160088
84.96389
85.383972
84.582893
84.836884
84.797813
84.846657
84.739197
84.602425
83.117493
84.563339
85.442589
83.947884
81.046387
81.652084
81.085457
81.691162
81.271088
81.153847
80.108536
80.733765
80.851006
80.77285
81.534851
81.153847
80.978004
80.557922
79.971756
80.499306
81.075691
80.997536
82.238243
81.573929
82.423866
83.166328
83.215179
82.423866
82.726707
82.726707
82.75602
82.619247
82.335938
82.521553
83.000252
82.648552
82.130783
82.40432
82.140549
