Adjusted
53.330441
53.518551
54.172409
54.665051
53.966396
53.894753
54.763577
54.141472
53.600513
53.889027
53.898037
55.908615
55.755344
56.007793
55.755344
55.773376
55.872566
55.872566
55.818455
55.737316
55.719288
56.981533
56.341396
56.972515
57.107761
57.38726
57.116776
57.702808
58.397049
57.856091
57.585602
57.585602
57.261032
56.954479
56.251236
56.711044
54.835709
55.124222
55.611099
56.251236
56.602859
57.27005
57.396278
57.847073
58.433113
58.622452
59.388828
58.983093
59.442921
59.740448
60.227306
59.731441
59.731441
60.137157
59.533081
59.695366
59.632252
59.758492
59.677349
59.956837
59.3167
60.236332
58.72163
59.145386
58.820808
59.569141
59.821602
60.578945
60.687122
59.725128
57.855618
58.799454
59.035416
59.20784
59.198765
59.362141
60.995697
62.11198
62.347935
61.80341
62.084755
61.603756
60.959404
60.968475
61.812481
61.94862
62.402382
62.592968
62.366081
62.229942
62.402382
63.682034
64.299141
63.945198
64.898109
64.689384
65.524315
64.653091
64.380821
64.535088
64.462494
65.161308
66.141449
65.01609
65.18853
64.516945
63.373447
63.772774
64.526024
66.186829
65.115921
64.290062
65.125015
64.435249
64.698463
65.106842
64.326378
64.480659
65.079628
64.008736
65.978096
66.413719
66.82209
66.177734
66.695023
67.021751
67.130676
68.900368
69.290611
69.208923
67.693344
67.64769
68.387161
68.524109
68.012848
67.145576
69.300095
70.468628
70.459496
70.422989
70.386452
69.382248
69.290955
69.263565
68.962303
69.427887
70.888565
70.687737
70.441231
69.866096
69.190544
69.583107
69.345726
69.482666
69.363991
69.272697
68.396294
68.387161
67.492493
68.095016
67.921577
68.460182
68.487572
67.7481
65.949654
66.232651
66.260056
65.977036
66.168747
66.223526
66.962997
66.816933
66.597839
67.236862
67.154701
66.743896
66.871712
67.729866
68.259346
67.921577
67.602043
67.602043
66.606964
66.387863
66.689117
66.132233
66.305687
66.141357
66.342216
66.351341
66.113983
66.616081
65.620995
64.762848
64.698936
66.710739
67.023071
67.041443
66.609695
67.859039
68.603104
68.933815
69.007301
69.411507
69.117546
68.73172
69.227776
69.356384
69.080795
68.722527
67.546677
67.399719
67.215973
67.326218
67.868202
66.967964
69.374756
69.282883
68.143791
68.226456
68.603104
69.025681
69.181839
69.356384
69.080795
70.118843
70.568977
70.10965
70.376076
71.110977
70.688377
71.193642
69.466621
69.558487
68.915451
69.97187
70.072929
70.330124
69.33802
69.650345
69.24614
69.33802
68.575562
69.485001
69.815697
70.155594
70.752678
70.85376
70.973167
71.836678
71.202843
71.267151
70.366859
70.697571
70.605728
71.129349
72.314384
72.746124
72.360275
71.473465
72.055458
72.831429
74.762138
75.990784
77.699791
77.792183
76.360306
74.854507
74.642059
75.048508
73.782944
75.399559
73.792183
72.452667
72.86837
72.803719
73.746002
73.801399
73.755211
74.826828
74.845291
74.956146
75.399559
75.334908
73.598175
73.884544
74.115501
75.1409
74.558922
74.946907
75.1409
75.547379
74.80835
75.778297
76.618958
76.50811
77.579697
77.681328
76.87764
77.099319
76.480392
76.545052
77.755219
78.170929
78.5774
80.027748
80.249451
80.323341
79.83374
78.817581
78.651291
79.196335
80.36953
80.609734
80.93306
80.748291
79.676697
78.355682
78.180161
78.143211
75.944603
75.396355
75.814499
76.334869
78.407021
77.840172
77.775139
78.667198
78.732231
78.295502
77.933105
77.087509
77.514961
78.091072
77.840172
78.732231
78.202583
77.078232
77.92382
77.92382
78.221169
79.419846
78.778702
77.394165
76.790184
76.920265
77.319832
76.780876
77.607887
78.137543
78.527809
78.704361
78.537094
78.760117
79.234009
79.559235
79.382683
79.614983
80.497734
81.138885
82.244652
82.161026
81.79863
81.166786
81.594208
81.482704
82.105278
82.356163
82.28183
83.090256
83.015907
82.328293
82.458374
82.402626
82.988029
82.746445
83.034477
82.653519
83.601295
82.765007
81.817223
82.012352
81.259689
81.596062
81.399849
82.446297
79.587227
77.868034
78.372597
78.372597
78.185722
78.456665
79.017258
79.250854
78.353889
77.980164
78.587479
77.139244
76.625351
76.896317
76.475861
76.176872
75.896576
76.354401
76.335716
76.429146
76.849609
76.849609
76.653389
77.456924
77.531677
78.045563
78.998581
78.811714
79.540512
79.521812
79.362991
78.98925
79.185463
79.605919
79.568542
79.512459
79.746063
79.858177
79.241508
80.119797
80.138496
80.558937
80.633682
80.829903
81.455917
82.166008
82.119286
81.549332
80.353386
80.979401
79.848854
80.241257
80.063751
79.960976
79.026627
78.680901
79.428375
79.428375
77.793297
79.260216
77.569046
76.807838
76.168785
76.676262
73.30246
74.120071
74.965874
74.843689
76.272148
76.140587
76.648064
77.550247
77.869751
79.025696
79.692932
80.275581
81.187172
81.32814
81.713463
82.361893
83.057327
83.1231
83.339272
82.925758
82.737808
82.540451
82.145767
82.023582
82.164543
81.826233
81.694641
81.619469
82.681427
82.850594
82.756607
82.202148
81.37513
82.230331
83.010338
83.047935
84.748924
84.8899
85.350395
83.423843
83.592995
82.455879
82.17395
81.619469
84.05349
86.79763
86.18679
86.318359
87.333305
87.004379
86.938599
87.088959
86.854019
85.735687
85.350395
82.737808
80.595116
81.525505
83.094917
81.544296
80.971046
79.874786
78.438309
77.89019
79.799179
79.969292
80.120491
82.275185
81.538063
82.010574
80.800919
79.052597
80.838722
79.893684
81.44355
82.794952
82.927269
83.938446
85.469421
84.590538
85.242599
84.855141
86.527863
87.302788
87.302788
86.291603
86.584564
87.198845
86.584564
87.264999
87.198845
87.094894
86.905876
87.841461
87.255554
87.009842
87.454002
88.578598
89.334625
87.775307
88.191132
91.319199
90.430878
90.686035
90.553734
90.75219
89.655952
90.695496
89.882759
89.259026
87.416206
87.406731
86.981491
88.691994
88.115532
87.416206
88.162773
87.406731
87.907616
87.737511
88.370697
88.342339
88.674919
88.959999
87.610664
87.192581
86.403877
86.879005
86.660439
86.859993
86.850494
86.47039
86.299355
86.859993
87.287598
87.16407
87.420631
88.627411
88.47538
88.047775
87.772209
88.988495
88.988495
89.197533
89.501617
90.233284
89.07402
89.919724
90.803421
90.309303
90.233284
90.480339
89.900711
91.116989
91.221527
90.926956
89.910217
89.929214
91.240524
90.223785
91.706123
91.497086
92.713379
94.243225
93.863144
93.521065
92.960411
93.635094
92.608841
93.017441
92.295273
93.321518
94.072189
93.017441
92.551826
92.760895
90.898445
90.888954
92.219261
91.668121
91.392563
90.936447
89.454102
90.176277
91.506599
92.595612
93.140121
93.923462
94.783211
94.391541
95.079338
94.764099
95.327713
94.59214
93.942566
93.149658
93.751503
94.143166
94.257797
93.789719
93.445816
93.541344
94.171829
94.133629
93.426697
95.394577
93.541344
91.774071
92.089317
93.226089
93.665535
94.573051
93.589111
90.828339
88.153542
84.857826
82.011063
85.048874
87.24601
87.150497
87.04541
83.291145
84.962898
85.545631
83.740143
86.911682
85.937279
86.481781
86.309845
86.606003
87.857399
87.666351
85.803543
83.520416
84.896027
83.864319
84.017174
83.873878
85.297241
83.443993
83.921638
85.211266
85.077538
84.217773
86.539124
85.927734
86.510452
86.902138
85.803543
85.698463
85.150833
82.816223
83.796181
84.170883
83.306206
84.564789
84.142059
85.967484
87.658386
86.774498
86.11158
89.27243
88.532654
86.716858
88.321297
88.157967
88.599915
89.003426
91.462929
90.915314
91.559013
91.37648
89.599091
88.695984
89.675941
89.579872
91.37648
91.366859
91.635864
91.174713
91.414909
91.00177
91.731941
91.760773
92.567787
91.482155
90.165924
93.374809
92.702286
91.136284
89.887306
90.646301
88.744034
89.128326
91.117058
93.192276
91.924095
90.069839
90.751991
90.857674
92.394859
92.462105
92.173897
93.144241
92.327606
91.568604
89.503006
89.627922
88.00425
85.775314
84.507141
84.814568
85.506317
83.01799
83.955444
83.433563
82.46711
81.346024
81.307373
82.863358
79.954338
81.616631
82.196503
82.061203
83.742828
83.201607
80.988441
81.036766
82.04187
80.766159
79.02655
79.442123
78.775276
75.54734
78.214722
80.476219
81.239723
79.809372
80.041321
81.616631
80.031662
79.53878
80.157295
81.152748
78.581993
81.645622
82.766708
83.675171
84.371017
84.042419
82.21582
81.78093
82.283485
83.501205
82.940674
82.911682
81.848587
82.341476
83.269257
83.307915
82.969658
82.486443
81.954895
82.032211
81.635963
82.486443
81.732613
82.428444
82.457443
80.157295
80.988441
78.736618
79.074867
79.171524
80.079979
82.822243
82.355484
81.840088
82.666656
83.891922
85.321396
85.09774
85.661751
85.292229
86.429977
86.536942
85.758995
85.360298
85.486725
84.475388
83.016739
82.997284
83.250114
82.647209
84.203094
83.959984
83.804398
82.404091
83.094528
82.880592
85.943748
85.457527
85.758995
85.399193
86.575836
87.742767
87.023155
87.752495
87.266273
87.266273
87.528831
86.128525
87.451035
86.643913
87.03289
85.895134
84.601807
83.959984
82.083199
81.89843
81.558075
81.373322
81.703949
82.199883
82.423546
84.280899
78.844986
75.733192
76.793159
78.125381
79.146439
78.699127
76.657013
77.191849
77.29882
78.397667
78.825539
80.070259
79.836868
81.119347
80.336159
80.365524
80.639648
80.864807
80.717957
81.089981
81.021461
80.952927
80.884392
81.275993
80.913757
80.688591
79.944565
82.088554
82.11792
84.624146
84.673088
84.438141
83.596199
83.703896
83.214394
83.831154
83.870316
83.978012
83.664734
83.625565
83.733261
83.909485
83.870316
84.066124
84.868896
86.073059
87.003098
88.20726
88.099579
88.638016
87.600296
88.520546
88.814224
88.031044
88.990456
88.031044
87.414276
88.422646
87.512169
88.217049
88.4618
88.833817
88.109367
87.531754
85.926201
86.689827
87.531754
87.120575
88.197472
87.521965
88.598854
89.597427
89.891129
89.499527
89.763863
88.608643
88.481377
86.619751
86.708397
86.885696
88.510925
90.224808
91.899277
91.524979
91.623482
91.741684
92.864563
93.997307
93.672256
94.164749
94.135201
93.347206
93.475258
93.229012
94.952744
95.189133
99.729935
104.388916
104.339661
106.477089
107.146873
105.895943
108.939552
109.569946
109.047905
109.097153
109.471451
110.387489
108.151573
107.619675
108.880455
110.909531
109.412354
109.826042
109.8162
110.978477
113.096199
113.29319
112.35746
112.977997
112.485504
113.894035
113.135597
114.061493
116.297409
115.873863
115.667015
116.189056
116.533798
115.302567
114.356987
115.204079
