Adjusted
22.103439
22.187017
22.194614
21.974268
21.875486
22.004658
22.035053
21.997065
21.997065
21.966665
21.814707
22.027458
22.323788
22.490952
22.331383
22.422571
22.490952
22.490952
22.696108
22.642916
23.015236
23.076023
22.89366
22.916458
23.000038
23.022833
23.030432
23.091219
23.189997
23.152002
23.197592
23.106413
23.152002
23.159603
23.114014
23.395151
23.060823
23.174797
23.334362
23.417944
23.417944
23.592707
23.790257
23.657249
23.465038
23.557295
23.272827
23.365088
23.472725
23.226696
23.441975
23.195946
23.188255
23.265139
23.188255
23.134434
23.157501
23.51886
23.657249
24.07242
24.026293
23.957098
23.741823
24.057051
24.172369
24.349203
24.203123
24.341516
24.526039
24.595232
24.218502
24.495285
24.472221
24.649055
25.041159
25.018099
25.141115
25.217993
25.241062
25.394829
25.610104
25.663925
25.571661
25.325632
25.164177
24.587545
24.910458
24.595232
24.456842
24.47991
24.395336
24.510662
24.610613
24.556793
24.71825
24.456842
24.464529
24.041668
23.834082
23.51886
23.111368
23.095997
22.988356
22.834587
22.803831
22.834587
22.642382
22.889174
22.80353
22.678965
22.562183
22.149557
22.569969
22.678965
22.678965
22.935883
22.616684
22.204054
22.562183
22.640039
22.967024
23.130522
23.114948
23.55872
23.278444
23.161661
23.0371
22.850245
23.239519
23.278444
23.356297
23.675499
23.706642
24.049202
24.025843
24.197124
24.570826
24.56304
24.555258
24.609758
24.259409
24.337261
24.391758
24.672033
24.70318
24.734324
24.897812
24.858885
24.921171
24.648678
24.812172
24.796604
24.835531
24.70318
24.492971
24.36062
24.04142
23.784494
23.784494
23.940207
23.652145
23.792284
24.04142
23.846779
23.940207
24.165981
23.986923
23.901279
23.831211
23.916851
23.73
23.696903
23.854519
23.909678
23.767828
23.594456
23.641743
23.578699
23.807232
24.382513
24.177618
23.72843
24.138216
24.240665
24.027887
24.012125
23.909678
23.9412
24.153978
24.185503
23.830877
23.744188
23.625978
23.665382
23.641743
24.059414
24.035765
23.767828
23.302874
23.47625
24.012125
23.87816
23.870275
24.090931
24.153978
24.114574
24.264311
24.256428
24.358873
24.248545
24.138216
24.217024
24.295828
23.956963
24.177618
24.16186
24.043652
24.020008
23.799353
23.901796
24.303711
24.49284
24.350994
24.177618
23.949081
24.090931
24.19338
24.209143
23.9412
24.035765
24.20126
23.972723
24.224903
24.311588
23.870275
23.91655
23.980371
23.645313
23.382057
23.350149
23.33419
23.461832
23.366102
23.677225
23.398012
23.677225
23.741047
23.820822
23.733067
23.81284
23.892618
24.004301
23.653288
23.629358
23.733067
23.868685
23.653288
23.693184
24.163853
24.044188
23.964417
23.685204
23.820822
23.605425
23.8288
24.052164
24.060144
23.8288
23.733067
23.980371
23.98835
24.243628
24.387224
24.323404
24.171833
24.020256
24.163853
24.203743
24.522842
24.794073
24.802053
25.025423
25.145086
25.352507
25.216883
25.360479
25.368454
25.376432
25.456207
25.639688
25.496094
25.759359
25.535978
25.775312
25.528006
25.320564
25.699928
25.611141
25.55464
25.982433
26.127724
26.450586
26.442513
26.474804
25.998575
25.998575
26.184223
26.127724
26.127724
26.160011
26.48287
26.62009
26.749233
26.450586
26.168076
26.208439
26.402155
26.474804
26.870308
26.660446
26.652372
26.313372
26.434444
26.805735
26.975237
26.749233
26.587807
26.587807
26.725023
26.951023
27.080168
27.144741
26.999454
26.910667
27.612894
27.28196
27.733969
27.604824
27.846972
27.499893
27.144741
26.725023
26.951023
27.080168
27.257746
27.556395
27.104385
26.85417
26.894524
27.096313
26.942955
27.717821
27.959972
28.072977
28.323195
28.072977
28.242481
28.137548
28.177908
28.278254
27.919271
28.302732
27.511335
27.348156
27.764254
27.960064
27.756092
28.302732
28.376158
28.245623
28.123238
28.155874
28.196671
28.35984
28.710669
28.98807
28.686193
28.009018
27.764254
27.80505
27.837681
27.739779
27.935589
27.60108
27.233934
27.356316
27.454222
27.193144
27.609236
27.552128
27.446066
27.470539
27.560284
27.274733
27.772413
27.495016
27.029966
26.915743
27.038126
26.956537
26.548599
26.059072
26.426218
26.923903
26.923903
27.038126
27.168665
27.478699
27.584761
27.454222
27.813208
27.80505
27.976377
27.878477
28.000858
27.682665
27.984537
28.10692
28.25378
27.960064
28.147718
28.090607
28.204823
27.794909
27.481499
27.192827
27.36603
26.912403
26.920649
27.629959
27.596964
27.448505
27.745428
27.481499
27.308296
27.036116
27.069109
26.986631
27.168083
27.085608
27.300045
27.341288
27.613462
27.605215
27.69594
28.265034
27.794909
27.860893
27.745428
27.704191
26.796934
27.258812
27.506243
27.992859
27.992859
28.339264
28.331017
28.479473
28.594942
28.726912
28.462976
28.718658
28.858875
28.982588
28.817633
30.013559
29.683649
30.11253
30.335218
30.162016
29.576429
29.452709
29.230021
29.394978
29.378481
29.188782
29.081562
29.287752
28.990835
29.032078
29.065067
29.304247
29.361982
29.592928
29.609417
29.386728
29.073313
29.359236
29.542625
29.159172
29.442595
29.192514
28.692358
28.508966
29.042469
29.892735
30.017773
30.026112
30.334539
30.834698
31.126463
31.626616
31.026428
30.284527
30.30953
29.609312
29.600975
29.734348
29.617647
29.4676
29.317554
29.009127
29.359236
29.442595
29.450932
29.667664
30.026112
29.759357
29.817715
29.767698
29.759357
29.609312
29.926077
29.592646
29.926077
30.326208
29.851057
30.27619
29.359236
28.884087
29.42592
28.950771
29.050804
28.917431
28.817394
29.525951
29.309217
29.159172
29.317554
29.384241
28.859076
28.575649
28.425606
27.842091
27.925451
27.717051
27.850426
26.757044
26.757044
26.664312
26.470425
26.900354
26.807623
27.229126
27.220699
28.70439
28.400909
28.965723
28.797121
28.502068
27.911968
27.836094
27.945686
28.291317
28.375618
28.384045
28.535786
28.982584
28.61166
28.729681
28.426197
28.70439
28.266026
28.54422
28.291317
28.207018
28.063705
28.493637
28.333467
28.636951
28.864563
29.151186
28.679104
28.974154
29.007874
28.687531
28.822411
29.041595
28.451488
28.139578
28.156435
28.57794
28.451488
28.358757
28.063705
28.308178
28.603231
28.898281
29.168045
29.378798
29.134329
29.0163
28.932003
29.227057
29.336645
29.260775
29.311356
28.791126
28.474344
28.46529
28.012739
27.594069
27.575747
27.685682
27.969687
27.621552
27.410843
27.511614
27.813942
28.235365
27.969687
28.042978
27.539097
27.227612
27.154324
27.255096
26.980255
26.998577
27.071873
27.300905
27.502453
28.336138
28.262848
28.070457
28.427752
28.372784
28.391106
28.610981
28.785048
28.491888
28.436914
28.308653
28.381947
28.134588
28.125429
28.455238
28.601818
28.675112
28.8675
29.142342
29.206472
28.885822
29.069048
29.398859
29.646217
29.692022
29.911898
30.461576
30.369965
30.562357
30.763905
30.626486
30.708939
30.57152
30.140934
28.739241
27.978848
28.656788
29.087372
28.739241
28.391106
27.484129
27.621552
27.722326
27.181807
27.727448
27.291306
27.393383
27.532576
27.699612
27.913038
28.145029
28.581171
28.729643
29.072987
28.803883
28.840996
29.304977
29.666883
29.601925
29.889593
30.520607
30.251495
30.659801
31.068102
30.678362
30.279335
30.7062
30.65052
31.012424
31.021708
31.253696
31.726957
31.977503
31.819752
31.810472
31.782633
32.246609
31.717672
31.856869
31.829029
31.012424
31.35577
31.921831
31.689833
31.875427
32.033184
31.754797
30.696917
30.669077
30.882509
31.541367
30.910351
30.678362
31.578476
30.966028
31.198015
31.652721
32.014622
31.522808
31.485685
31.225859
31.225859
31.587761
31.736233
30.789715
30.631964
31.309376
31.151621
31.074659
31.374989
30.905725
30.699249
30.755562
31.215435
31.750401
31.834864
31.572081
31.328066
31.731628
32.135201
32.153965
32.04134
32.322899
32.229046
32.03196
31.609623
31.947496
31.844254
31.47823
31.337446
31.806715
31.48761
31.440681
32.060108
31.243597
31.562698
30.783716
31.187281
31.919327
31.6847
31.750401
31.759783
32.210278
32.904789
33.711922
34.134262
34.434586
34.406433
33.937168
33.777622
33.909016
34.040405
33.693153
33.542984
33.815155
33.777622
34.275047
34.031025
33.787006
33.852703
33.72131
34.11549
32.679543
32.839092
32.688934
32.773396
33.092491
33.477295
33.843311
34.108898
34.58316
34.66853
34.678017
34.488316
34.630592
35.028969
35.636024
35.152279
35.275589
35.104855
35.152279
35.275589
35.256615
35.664478
35.759335
36.110287
36.22411
36.072346
35.408382
35.626537
35.436832
35.474777
35.275589
35.531685
35.199707
35.142792
35.607571
35.787788
35.854183
35.142792
34.402943
34.630592
34.66853
34.58316
34.96257
35.351471
35.702419
36.375874
36.11977
36.394844
36.34742
36.328445
36.461239
36.4897
36.717342
36.907047
36.888077
36.812195
36.328445
35.550659
35.949039
36.005951
35.522205
36.1008
36.043888
36.565578
36.688889
36.556095
36.650948
36.584545
37.27697
37.201088
37.220058
37.229633
37.593597
37.660648
37.143429
37.354153
37.19133
37.354153
37.392464
38.005451
37.995872
37.651073
37.775578
35.610958
35.026699
35.1129
35.486443
36.156902
36.013233
36.032387
35.725891
35.409817
35.879139
36.05154
35.725891
35.936607
35.524757
35.582226
35.745049
35.601379
35.390663
35.563068
36.109013
35.946186
35.754627
35.457706
35.668427
36.118587
36.013233
35.591797
35.534332
35.400242
35.208679
35.093742
34.720207
34.509483
34.863873
34.729778
33.925228
33.494225
33.877342
34.078484
33.666626
33.925228
33.77198
33.77198
33.829449
33.197304
33.503799
33.053631
33.312237
32.986588
33.551685
33.819878
33.606865
33.829552
32.561192
33.122753
32.677376
33.0453
33.577816
33.974789
33.994152
33.664959
34.323345
34.681587
34.565399
34.623493
34.120022
33.994152
33.713371
33.47131
32.871017
31.854391
31.612335
31.467102
31.225046
31.476782
31.166952
31.486467
31.951208
31.873751
32.0093
32.348183
32.29977
32.512783
32.26104
32.464367
32.628963
32.764515
32.6096
32.73547
33.248623
32.91943
32.832291
33.016251
32.938797
33.45195
33.63591
32.512783
32.057713
32.096443
31.815662
32.183582
31.825342
31.786613
31.796297
32.280403
32.26104
31.767248
32.26104
33.064663
33.103394
32.396591
32.048031
32.280403
32.193264
32.028671
32.420456
32.430252
32.822037
33.24321
33.507668
33.086494
33.448902
33.919048
33.870075
33.791714
33.723152
33.752533
33.586029
33.507668
33.164852
33.556641
33.350952
