Adjusted
104.390419
105.671959
106.121956
106.660004
106.493675
107.256721
107.833893
101.59259
102.199112
102.815414
102.414322
101.465424
101.739342
101.944763
101.318672
99.401276
100.878456
99.146927
97.09259
97.180611
98.325188
102.991501
103.451279
104.615417
104.24369
104.527374
105.945854
108.978485
109.125206
109.291519
110.700203
111.111076
112.236107
111.649139
111.111076
110.846947
112.108894
111.199127
111.747391
110.797729
110.680252
112.197762
112.579567
114.243927
113.020126
113.264923
113.960014
115.134872
114.567017
114.253731
113.783783
114.743248
114.841148
115.183815
115.790802
115.771233
115.604836
115.076111
114.713882
116.250969
116.378258
117.230011
116.015991
116.02578
115.575455
116.2118
115.908302
117.171265
117.230011
117.406242
114.841148
115.927887
115.379631
115.232773
116.965652
117.249588
117.464989
115.330681
116.525093
116.319489
117.562889
116.906921
116.045364
116.123695
116.730698
116.348854
113.852341
115.800613
114.57679
117.13208
116.906921
117.85659
118.512543
117.298553
116.975441
116.534897
116.162849
115.595024
115.389412
116.427185
116.838379
114.663315
114.829834
113.497345
113.605148
112.302032
110.851967
115.143379
114.447754
115.016014
114.780876
114.114601
115.682259
116.201553
117.09314
118.709778
117.661392
116.054565
117.191109
116.103539
116.387695
117.18132
118.43544
118.553001
119.473999
119.542572
119.660141
121.266983
121.80587
123.863388
125.254662
125.61718
125.891548
125.734749
125.362442
125.264473
126.381424
126.753746
127.557159
126.665543
127.380783
129.693039
131.515442
122.638672
123.657646
121.874435
122.873825
125.793564
124.637436
125.303673
125.891548
126.322647
125.773933
125.70536
125.058716
123.863388
119.836517
117.573235
116.338699
116.613052
116.103539
117.357674
116.965744
116.808998
114.467331
115.957733
118.683632
119.183693
119.624931
121.321243
120.97805
121.527176
120.830994
121.331062
121.174179
120.527008
121.036888
121.497757
122.213539
122.566528
122.890114
122.546913
122.017441
121.938995
120.742722
120.468208
121.291832
120.97805
122.762627
122.674377
122.772446
126.537666
126.684792
125.684608
125.929756
127.312279
127.067184
128.400696
128.086929
129.371414
129.616547
130.067612
128.69487
128.46933
126.831848
126.684792
128.067307
128.263397
128.057495
126.116058
135.205597
139.608231
140.931931
139.725815
142.451752
142.363464
145.854172
146.697388
147.109238
147.776016
149.540955
150.148911
149.325241
149.246811
149.835114
151.982513
152.257034
153.394485
153.492554
152.854874
152.943161
153.914444
152.295609
151.962067
152.678299
152.68811
151.589218
151.481323
148.25351
150.774933
148.950119
148.184845
150.353073
152.727295
148.29245
149.391418
148.940033
148.743805
149.303055
149.253983
150.225357
150.568756
150.215576
151.324249
150.048737
151.667679
155.052673
155.955322
158.653519
157.848999
155.033051
154.728867
154.199051
153.090363
152.285828
154.110764
152.236755
149.911392
150.431381
154.091171
150.784637
152.962799
152.72731
149.204971
152.854874
150.392166
143.730072
142.994232
144.544464
145.04483
146.065262
147.919632
146.467514
153.198288
151.805069
157.99614
156.063293
157.485931
158.113876
159.994034
163.292877
161.447113
161.947815
164.549606
163.911392
160.907104
161.486343
162.311096
160.926743
162.831451
159.856583
162.477997
162.144165
164.431747
163.135788
161.015076
156.115921
153.101791
155.17337
152.718887
151.24617
150.372375
151.845108
153.013443
154.338882
149.989502
148.281143
144.314713
145.571411
146.936127
141.624588
137.52066
137.923187
138.29628
140.711502
139.405731
142.508163
148.791702
147.201187
145.01181
144.029984
144.363785
143.038345
142.223434
143.362335
142.635803
143.146378
140.387482
128.173935
124.560883
127.152832
128.43898
128.920044
128.871002
129.96077
130.382935
130.746201
130.481125
130.716782
134.339615
136.106857
133.36763
134.335449
136.379166
135.789642
136.241623
135.111633
134.158585
136.909775
136.526535
137.587708
136.978531
138.707809
140.191483
137.941422
139.208923
139.032074
141.115082
139.385818
141.400055
141.783264
142.471024
145.359756
146.303009
143.424118
143.217789
147.796494
150.636108
150.636108
148.513763
146.244064
145.477676
144.701462
143.600922
156.079483
150.763855
152.640518
149.21138
152.109924
148.454819
152.620865
154.53685
154.330536
152.286819
151.156876
151.942886
151.205978
147.825989
148.946106
147.393631
145.516968
140.329071
139.091034
140.781036
139.768997
136.575684
136.723068
146.686203
145.939453
145.300812
148.209183
146.823792
145.17305
146.617416
145.408905
145.536606
146.328156
147.517868
146.249496
146.455948
147.429398
143.624176
143.820831
142.404953
140.782593
143.447189
142.719559
142.080475
141.274185
142.827728
143.555359
144.184662
144.804092
147.252365
146.91806
150.329956
148.245483
148.196335
147.222916
147.675201
146.682068
148.92395
152.561951
150.457794
147.449051
148.894409
149.838364
146.691971
143.280029
144.715576
143.407837
143.250549
143.33902
145.984009
147.645706
147.744064
151.332901
152.552109
152.217865
153.555084
152.404663
158.628677
158.746643
157.27179
157.173447
155.846024
149.936676
153.161758
153.938507
152.837296
152.27681
152.925781
151.873703
150.74295
157.261948
156.150864
151.68689
151.913025
154.263
153.953094
156.764023
157.71907
155.749908
155.572693
157.118454
156.576981
154.706284
155.789291
156.665588
154.96228
154.125381
151.043655
151.821442
151.398087
156.695084
162.30719
165.546432
166.15686
161.617981
163.547745
163.400101
165.11322
164.463409
164.581543
164.059753
162.366257
162.061035
164.768631
168.529724
167.131607
166.708252
161.263519
160.180481
156.064987
158.043976
159.471603
156.439102
153.800461
154.578278
155.100113
153.603516
151.142105
151.624588
149.399414
150.04924
149.005554
149.143433
152.638657
148.011139
145.569412
147.646866
145.490662
148.355743
148.572342
149.556915
148.277008
149.251694
149.035141
149.70459
151.112549
150.496704
152.979874
152.211243
155.246231
153.935715
155.689667
157.66037
154.536758
157.808197
156.615921
158.89209
164.045639
163.986542
169.258286
169.957916
171.16008
167.878769
170.342224
163.937241
163.493835
160.626404
161.917236
163.543091
165.799637
163.129257
161.592041
161.335846
162.58728
162.301514
192.148605
195.79451
195.646729
198.928024
200.711548
200.238556
196.090134
196.070404
195.183578
190.000504
198.553574
198.681671
190.069473
185.526886
183.664505
182.038635
180.600006
183.536407
185.191849
185.379105
187.093628
188.207092
189.783722
190.749374
191.419434
190.956314
191.31105
191.65593
195.469345
194.789429
194.651443
195.360931
195.567886
192.887634
191.778397
191.245956
187.637161
190.289536
191.591049
193.139084
190.181061
188.583725
186.286331
185.536987
185.369354
184.294617
181.98735
180.735107
188.573883
185.694702
185.645432
182.411346
182.283157
186.739914
186.513107
186.562424
187.883682
181.563354
182.243698
182.470474
181.109787
183.062073
180.380142
177.796814
177.491135
178.329254
181.445038
183.584686
184.067825
184.195969
183.259277
185.014359
184.452332
186.404648
187.055435
183.890335
190.890991
189.382385
190.131729
188.751343
189.510574
189.806366
187.972412
186.996246
185.605988
187.548431
191.275528
190.102188
183.456512
189.806366
193.257401
194.302567
192.803818
192.705231
189.964157
184.274887
176.002289
175.509262
181.315994
185.813477
183.078445
180.659409
177.19371
179.296844
175.702805
176.542053
178.368698
174.833908
175.919998
177.401077
178.970993
181.143204
180.086731
178.793259
176.314957
172.622208
169.798309
168.712173
167.122528
158.868118
150.643311
152.943863
155.283951
154.395294
158.700241
159.786362
157.693146
154.148483
156.340424
158.571915
159.490143
156.182449
158.877975
160.566406
164.051804
163.567993
160.556503
153.279587
145.815018
148.668549
152.321838
154.27684
158.41391
163.716095
155.748001
157.337677
157.722763
160.240555
158.473145
160.20105
157.703003
160.971191
159.026093
154.573044
145.044891
147.118408
151.561539
153.67453
152.677307
152.963593
146.52594
148.230606
148.85318
148.714828
147.627792
147.449936
146.11586
143.872635
145.947861
145.60199
146.639603
146.412308
147.133698
145.453751
147.232529
147.548767
147.687119
144.534729
142.627472
142.578064
143.556412
145.957733
145.799606
144.11969
144.86084
143.526779
142.993134
140.819092
140.996948
142.578064
142.607712
139.030441
141.91597
144.84108
141.392258
143.694748
143.299469
144.771896
144.11969
145.058487
146.827347
147.301712
147.183136
142.815262
141.540466
142.874557
142.004929
142.311264
143.961548
142.41008
142.182816
136.19429
137.133087
135.838531
133.47673
136.965088
139.544312
143.457581
128.861801
127.814331
122.616371
123.377281
124.915733
127.77494
127.854095
124.90583
124.866257
124.470512
125.07402
125.261993
127.705696
127.685921
130.010895
132.45462
134.552017
138.647964
132.939377
131.653229
129.813019
127.092316
129.872406
131.504822
128.84346
128.922623
126.152428
128.210266
128.23996
126.56794
125.38073
127.171455
127.141777
129.318359
129.971313
127.329742
125.875397
124.421043
126.429436
126.666885
126.627304
127.567184
129.229294
127.250595
127.309944
120.057999
98.341705
98.490112
96.204697
95.423103
95.640762
95.086723
95.581398
94.681084
96.036507
91.406334
92.78154
92.079086
91.762505
88.091995
87.419243
87.785301
89.32869
92.553993
90.961128
92.78154
92.504517
95.235146
95.537346
95.319351
95.725609
94.962646
96.062485
97.251503
96.339928
98.351334
98.202713
99.401634
99.560173
97.608208
98.15316
107.140129
97.291138
97.637932
97.142502
95.864326
95.567055
92.951225
94.328506
90.176872
86.946716
86.4711
90.711929
89.839981
90.285858
90.057961
91.990112
92.227921
92.871964
92.812508
94.110527
94.615845
92.772873
93.833084
91.623505
92.198189
93.981705
90.68219
91.613586
91.673027
89.948967
90.503838
90.246216
90.553391
90.266037
90.77137
93.387199
91.395592
92.297272
92.58461
94.219513
85.21273
85.014557
87.154778
87.481758
87.848381
88.720329
89.968788
90.989365
90.68219
90.702019
87.183891
87.80912
87.938126
88.364868
90.329857
90.300079
90.558113
90.061905
91.371887
89.704636
90.012276
88.037361
94.507942
92.870445
92.22538
93.237625
92.592567
92.572723
92.662041
92.979607
96.383598
96.661484
95.004143
96.036247
96.542389
92.53302
91.629921
93.068924
93.35672
95.996559
94.120888
90.260376
92.026894
88.553429
87.332756
87.233505
85.734955
85.774658
87.57093
87.511383
87.838882
89.625237
89.922966
89.48629
90.022194
90.310005
86.399879
82.559227
84.057762
82.281349
79.343788
81.765282
83.32338
79.988861
82.876808
88.434341
88.593117
90.855835
88.424408
85.734955
87.719788
87.471687
88.63282
87.315727
88.943657
87.460098
87.808594
85.418968
85.966591
85.428925
85.588234
84.293861
84.104675
83.576973
81.595573
82.143204
81.944069
83.377831
82.850128
82.252724
82.521553
84.184334
84.3536
84.423294
83.975243
84.612473
84.811607
82.48172
81.954018
82.870041
