Adjusted
57.104088
56.839508
56.001698
56.451473
56.363289
57.218742
57.130554
57.236385
56.654316
56.8307
57.13937
57.448032
57.042366
57.042366
57.227551
56.795425
56.142811
56.151619
55.957607
56.028152
58.224129
58.850277
57.888996
59.0443
59.247147
58.682716
59.0443
59.247147
58.109474
57.721432
57.791985
57.703793
57.915459
57.562687
57.165836
57.27166
57.148182
57.562687
57.888996
57.888996
58.471058
58.762081
59.943859
59.014427
59.120651
58.996727
59.040997
59.341942
59.085247
58.925926
57.509644
57.146709
57.288345
58.191219
57.846001
58.350548
58.12925
58.970173
59.023281
59.253429
58.42136
58.642651
58.394806
58.253185
57.67783
58.297436
58.385967
59.563229
59.333084
59.023281
57.969929
58.253185
56.854618
56.332352
56.589062
57.164429
57.846001
58.42136
55.270157
54.455795
54.535461
54.526604
54.809864
55.66848
56.447437
56.527096
56.624466
56.757244
56.748394
57.217525
57.37685
57.819447
58.014187
58.102703
58.961319
58.509872
58.208931
57.739784
56.571354
56.881172
56.71299
56.748394
56.810349
56.190731
56.279743
56.706974
56.208534
56.048321
55.273945
55.211636
54.882317
54.392773
55.149334
54.633091
55.247242
55.52317
55.104839
54.22366
54.001141
53.29797
55.015823
54.535183
54.36607
54.374973
54.259254
54.22366
54.21476
54.250359
53.395889
52.861835
53.796413
54.561886
55.202744
54.544079
55.05143
55.763496
54.401676
54.704292
55.371861
55.451958
54.641991
56.448856
57.508049
57.178715
57.419048
57.463535
58.095505
59.412823
58.967785
58.38031
58.042099
59.056786
58.985577
59.154701
59.857853
59.599739
59.590828
59.546337
59.038994
59.377213
59.252602
59.751045
59.768848
59.590828
58.763058
59.243702
59.377213
59.30563
59.726181
60.200397
60.692535
60.862545
62.007858
62.714725
60.925182
61.569397
61.363628
60.925182
62.115223
62.312077
62.151016
61.793118
61.721539
61.300976
61.515732
61.623104
60.28989
60.23621
60.388317
60.558315
60.048286
60.862545
60.119884
59.368267
58.795609
59.806709
60.441994
60.620953
60.996761
61.623104
61.471001
61.202557
61.533607
61.667831
59.985664
59.896187
61.086243
61.327827
61.676796
61.775204
62.177864
62.544704
62.249447
61.748383
62.401558
60.030396
60.35252
60.504639
61.300976
62.661037
63.725811
64.575851
64.370056
64.280571
63.555801
64.164253
65.28273
64.862175
65.900108
66.133873
66.151863
66.025986
65.909111
65.792236
65.837173
66.313675
65.963058
65.972046
65.639397
65.387672
65.252792
65.441605
65.558487
65.792236
65.11795
65.549492
65.486557
65.666367
66.061951
66.349648
66.14286
66.754204
65.918106
65.531525
65.36068
65.846176
66.241768
66.448563
66.412582
65.828201
65.981033
66.987976
67.176765
67.185753
67.842056
68.129753
68.210678
66.601395
65.810219
64.722374
63.940205
65.864166
66.727249
65.918106
65.189873
65.064011
65.846176
66.898071
67.149803
67.985909
68.705139
68.723137
68.579277
67.967941
68.12075
68.282593
67.976913
67.815102
67.347595
67.473457
67.599327
67.689224
66.505966
68.746017
69.251839
69.549911
69.360237
69.613152
69.287971
69.522812
68.312462
67.508583
69.567978
69.956367
69.378281
70.543488
70.624779
70.218315
70.958977
70.733154
71.401573
71.609291
71.229958
72.349968
72.386108
72.756432
70.931877
70.525406
71.25705
72.196419
70.516388
70.462189
71.482864
71.798996
72.422226
73.451927
73.099663
72.810616
72.900948
70.335724
70.100883
70.498322
70.922821
71.094467
71.347366
71.347366
71.862206
71.636398
71.654465
71.808014
71.808014
72.232536
72.593849
72.62999
72.060936
71.735764
72.08802
72.133179
71.961571
71.862206
72.15126
72.67514
72.458366
72.431259
72.666107
73.074707
73.002068
72.566223
72.33017
72.983902
72.593468
71.894325
71.921555
72.039604
71.83075
71.413101
71.876167
71.903404
72.411865
72.511757
72.121315
71.531113
70.868301
71.522049
71.721794
71.912476
72.39373
72.793213
73.537773
73.383415
73.229065
73.33802
73.029305
72.275681
72.203033
72.130409
72.293831
70.922775
72.084991
72.339233
74.028076
74.091644
69.161278
69.097717
68.852577
68.380424
69.043243
66.936722
65.874374
66.519058
66.055977
66.183083
65.819901
67.082001
67.853783
67.318069
67.644951
67.881027
67.563232
68.126175
68.216965
69.406456
69.706078
69.751472
69.542625
69.924004
69.88768
69.315636
69.47998
68.530457
68.375244
68.576103
69.215218
69.297379
69.242592
69.324768
69.489113
68.776962
68.548721
69.123909
69.233467
69.790398
68.959564
69.65345
69.233467
69.607803
68.302185
68.530457
68.311333
68.265678
67.453102
67.252243
68.347847
68.220024
67.115288
68.649155
67.635712
65.024498
64.558846
65.608818
65.006248
64.951454
66.129242
66.896156
68.47567
67.836563
68.6035
69.388672
69.242592
69.909096
70.201271
70.639503
71.680344
71.43383
70.402115
70.484299
64.44017
63.235004
63.326298
63.58194
64.175407
64.504082
64.686691
64.275826
65.745781
64.339729
64.558846
65.252739
65.453613
65.983162
66.359673
66.947411
65.928055
67.333115
68.297394
67.351479
67.379044
66.681099
67.048439
65.661728
66.111725
64.816856
64.624008
64.568909
66.313759
67.369865
67.434143
68.471863
68.508606
68.563698
69.445328
68.866745
68.89431
68.260658
68.214737
67.893318
66.929039
67.709648
68.425949
68.343307
67.562714
67.011696
66.322937
65.551544
65.46888
66.561707
65.744377
66.038254
66.286217
66.681099
65.909691
65.193382
58.489452
57.359882
60.179207
61.492451
61.492451
62.401608
60.93224
61.630199
64.522987
64.477066
64.642372
65.092361
65.018898
64.780106
65.184204
65.680092
65.147469
65.542351
65.827042
66.130089
66.589272
67.115776
65.961159
65.443871
65.517769
66.05352
67.161964
66.404518
64.908134
64.076805
63.402515
64.658752
64.492477
64.871201
64.501717
64.695671
64.723396
63.707344
62.081631
62.03545
61.915363
63.624203
64.049095
64.132233
62.783634
62.589668
62.183231
62.127823
63.559532
63.882839
63.485653
63.707344
63.236244
62.728222
61.989262
63.402515
63.337845
63.679634
63.125401
63.033043
63.947502
64.335464
63.430214
62.811348
63.199299
63.790459
63.153114
62.635853
63.208534
64.113762
63.781227
63.541084
64.409348
65.139061
65.637848
65.046684
64.307732
63.993687
64.741867
64.206131
64.067574
65.600906
65.212967
64.363159
64.56778
64.502686
64.97702
64.084129
63.488853
62.577358
62.168102
62.605251
62.874996
62.344833
61.972786
61.814671
61.898392
62.651768
62.205322
62.651768
62.298332
60.782253
60.698551
60.149788
58.243076
58.252384
58.503506
58.698826
58.698826
58.410496
57.582706
57.536198
58.345387
58.99646
59.470806
59.415005
60.038177
59.84285
59.331295
60.586937
59.703335
57.461788
57.331577
57.647808
58.689526
58.754635
59.907967
59.889355
59.926567
59.015068
59.415005
58.447697
58.61512
58.736031
58.177971
58.205875
57.694317
57.582706
57.731518
57.033939
56.903725
55.945717
53.583256
51.416115
50.113976
52.699661
53.350735
53.434448
53.068642
51.605453
52.393326
52.10257
50.920761
51.774284
50.948902
51.896229
51.267799
50.939518
51.464767
51.774284
51.56794
51.070831
51.014557
50.592484
50.236065
49.964066
49.917168
49.279366
49.176201
50.395515
49.87965
51.652351
52.74036
52.824783
53.096779
54.081615
54.194168
54.203552
53.940926
54.991421
55.582321
56.19199
55.432251
55.338459
55.310318
56.679714
56.96109
55.535423
55.601078
56.529644
56.276398
55.732388
56.876675
57.0924
56.520264
47.900597
50.104752
49.654549
49.026123
49.570129
49.316875
48.716599
49.49509
49.692059
45.021122
45.386917
46.540585
45.930923
46.343616
46.052853
45.977077
46.213879
46.696953
49.112312
48.686073
49.576439
49.661682
46.867447
46.024441
46.005493
44.954102
44.357372
45.484531
45.531895
45.029881
44.925686
46.185459
46.479095
46.450684
46.93375
46.962166
48.193523
47.748344
47.350521
47.473656
46.545399
46.0718
43.7038
43.457527
43.637493
44.063736
43.665909
45.209846
43.4007
43.656441
43.504887
44.56575
45.531895
45.067772
45.958134
45.020401
41.288445
42.946037
43.675385
40.87167
42.368252
43.249146
41.695732
41.572598
41.307381
40.691704
40.729591
42.207226
44.262646
45.853939
46.488567
46.810612
48.572399
47.757813
48.799732
48.913399
48.894455
48.559826
49.821865
50.529366
50.080009
50.34771
50.959614
50.15649
49.668892
49.735817
49.927032
49.802742
49.362938
49.047428
49.12392
49.324696
49.917469
49.735817
48.751041
48.626747
47.986172
48.464218
48.751041
48.894455
48.645874
48.425968
47.871437
48.397282
47.833191
48.339924
48.760605
48.588505
49.640202
49.544601
48.817966
49.286453
49.554161
49.802742
49.40118
50.32859
50.127811
50.586739
50.577179
49.840984
48.301678
48.865772
48.50246
48.272999
48.884895
48.684113
48.95182
49.860107
49.860107
49.248203
49.066555
49.630642
49.707134
50.472004
50.443321
52.126038
51.800968
53.149055
53.521931
53.292473
53.350391
53.012543
52.887058
52.973927
53.031845
52.983585
52.935322
53.031845
53.070461
51.960403
50.995132
50.869644
51.429504
51.56464
51.690128
52.018314
52.008663
52.163109
53.620663
50.309788
49.363823
50.686241
51.690128
51.709431
51.159225
50.13604
50.551105
51.09166
52.307896
52.240326
52.722961
52.925671
52.973927
52.848446
53.427605
53.224903
53.881283
57.848537
59.026161
58.620754
59.219219
60.338928
60.261707
60.406502
59.701851
58.495266
58.891026
58.862068
59.846645
59.441231
59.836994
59.566719
59.595673
59.566719
60.261707
59.914211
60.116917
60.850521
60.580242
60.647816
60.898788
60.435459
60.464417
60.782955
61.308624
61.269684
61.396236
61.785618
61.6688
61.415699
60.77322
61.026318
58.913906
60.597992
59.663471
59.955509
60.880302
61.318359
61.191807
61.036053
61.882965
61.834293
61.084728
60.656406
61.629864
61.766151
65.659996
66.682129
65.329018
64.910431
65.066177
65.747612
66.380363
65.465302
64.33609
64.306877
63.95644
63.95644
63.459972
64.345825
64.044052
65.55291
66.127258
66.253807
65.913094
66.390091
68.229927
66.584785
66.896301
66.526367
65.309547
65.173264
64.959106
66.643196
66.458229
66.078583
64.550247
65.105118
64.180344
64.998039
64.54052
64.900696
65.523712
65.319283
66.497177
66.321945
66.477707
65.830193
65.506439
66.840698
62.945831
64.59404
65.104195
66.173569
67.04673
67.252762
67.22332
67.174271
68.027794
66.281479
66.742592
65.202301
65.751701
65.643799
65.889061
65.496635
65.594734
65.977356
64.505745
64.790253
63.966148
