Adjusted
181.199997
180.710007
181.070007
182.529999
176.630005
183.399994
183.770004
179.460007
179.399994
174.839996
170.029999
169.589996
167.970001
175.070007
176.160004
173.139999
174.479996
170.899994
174.960007
174.759995
173.940002
172.880005
170.679993
169.940002
167.630005
163.990005
165.880005
170.350006
168.179993
170.330002
169.240005
164.929993
160.419998
158.419998
159.309998
160.380005
159.369995
161.630005
164.800003
167
171.729996
172.649994
174.639999
174.550003
171.940002
172.970001
171.75
172.190002
172.839996
171.929993
171.839996
170.110001
175.279999
175.509995
171.330002
172.399994
170.139999
169.710007
170.899994
176.399994
178.509995
185
182.690002
185.089996
185.410004
188.470001
191.080002
201.130005
208.350006
215.839996
209.050003
216.759995
213.080002
206.660004
212.580002
213.809998
212.850006
210.619995
216.75
216.600006
215.479996
215.139999
237.289993
248.630005
266.160004
262.75
262.190002
263.73999
261.950012
273.5
280.51001
282.799988
274.109985
264.660004
266.970001
263.640015
259.959991
262.420013
254.869995
250.309998
251.449997
247.710007
252.179993
241.880005
236.070007
232.880005
229.639999
252.169998
257.5
252.830002
248.880005
237.490005
239.520004
236.929993
232.710007
242.759995
231.380005
219.610001
215.470001
218.380005
220.169998
228.740005
234.570007
224.880005
230.139999
231.119995
232.929993
233.479996
229.020004
235.919998
236.699997
247.869995
266
268.640015
262.709991
269.519989
267.480011
274.859985
277.98999
268.339996
267.929993
267.829987
269.209991
269.200012
273.670013
270.059998
278.290009
272.390015
270.98999
254.5
253.229996
252.490005
250.009995
245.960007
244.389999
241.270004
233.820007
230.979996
227.649994
233.300003
232.369995
237.350006
238.850006
245.009995
239.169998
243.070007
243.580002
242.309998
259.149994
268.209991
268.640015
267.570007
276.799988
276.640015
276.850006
273.600006
289.970001
294.359985
296.619995
309.170013
307.109985
300.799988
295.76001
295.109985
292.230011
305.529999
305.649994
312.869995
316.630005
313.670013
303.570007
308.600006
298.950012
287.679993
281.559998
294.079987
290.299988
295.630005
290.429993
307.649994
307.859985
303.559998
294.890015
304.48999
299.790009
304.420013
302.23999
302.959991
298.529999
291.170013
287.600006
285.790009
281.700012
302.320007
288.269989
276.98999
283.070007
279.200012
286.890015
277.200012
288.829987
280
274.369995
273.790009
274.679993
276.410004
293.679993
294.100006
295.119995
292.880005
293.859985
296.690002
287.5
287.26001
283.200012
282.73999
279.48999
277.5
270.019989
274
269.589996
268.450012
261.880005
271.720001
270.549988
278.690002
278.01001
275.690002
278.640015
277.040009
278.079987
275.23999
274.589996
271.75
268.859985
274.070007
273.5
267.619995
274.380005
268.679993
300.320007
287.48999
290.480011
292
295.700012
295.380005
291.589996
279.609985
270.73999
278.670013
281.540009
292.970001
288.589996
283.809998
287.230011
281.899994
287.029999
299.790009
304
326.519989
320.380005
326.980011
323.98999
332.779999
324.359985
327.619995
334.980011
347.619995
339.859985
336.480011
338.540009
332.5
339.51001
345.609985
345.48999
338.450012
328.109985
329.200012
328.769989
339.75
328.070007
329.5
328.089996
333.140015
329.329987
328.690002
310.790009
306.369995
308.869995
308.429993
311.859985
300.089996
300.279999
306.880005
306.890015
298.600006
285.339996
287.190002
286.440002
306.26001
293.619995
288.359985
290.01001
288.079987
300.140015
296.73999
302
311.679993
303.079987
293.429993
284.420013
281.26001
299.579987
296.890015
299.079987
293.589996
298.980011
290.829987
286.660004
281.200012
279.410004
291.390015
283.450012
287.380005
289.600006
295.429993
302.140015
292.769989
291
298.279999
297.769989
307.940002
304.859985
306.220001
306.959991
309.269989
310.809998
311.890015
308.540009
311.209991
313.73999
309.470001
310.23999
310.470001
306.269989
308.399994
302.619995
305.299988
297.690002
285.25
280.220001
278.109985
280.880005
279.799988
277.290009
282.470001
303.390015
308.540009
311.160004
311.570007
310.519989
310.929993
314.48999
316.109985
317.950012
312.149994
306.119995
296.410004
305.920013
303.730011
306.019989
310.269989
304.440002
303.089996
302.160004
304.51001
322.179993
316.220001
324.309998
325.440002
333.200012
340.690002
338.730011
338.320007
338.809998
338.149994
343.059998
347.73999
348.619995
349.459991
346.790009
345.279999
341.51001
340.790009
347.910004
354.049988
350.01001
346.920013
350.459991
359.5
361.899994
352.079987
350.660004
348.100006
346.390015
354.320007
350.339996
346.059998
346.029999
355.470001
359.100006
362.73999
358.920013
359.920013
357.220001
364.410004
355.540009
358.179993
354.959991
360.519989
355.609985
353.690002
361.600006
359.190002
354.209991
360.149994
355.040009
343.51001
332.100006
328.070007
334.75
340.709991
369.640015
366.130005
381.01001
384.459991
393.959991
402.5
407.160004
397.890015
387.700012
392.799988
393.720001
395.26001
372.390015
368.51001
376.940002
377.839996
385.970001
398.359985
401.109985
402.630005
395.200012
399.649994
413.220001
415.25
406
405.25
409.75
413
415.839996
416.109985
408.720001
421.23999
424.410004
423.209991
423.230011
434.950012
432.670013
422.929993
424.350006
416.440002
401.01001
396.130005
410.98999
423.790009
427.640015
412.970001
394.049988
400.119995
413.480011
413.869995
408.339996
410.25
410.160004
412.470001
396.890015
407.720001
403.25
411.040009
413.329987
406.48999
404.309998
397.119995
408.690002
421.109985
418.109985
420.809998
420.209991
423.769989
415.73999
408
414.640015
416.660004
413.089996
409.200012
401.359985
413.869995
406.859985
399.720001
400.709991
398.98999
401.73999
402.399994
404.179993
405.799988
426.600006
423.779999
425.109985
420.640015
423.040009
419.869995
413.839996
418.440002
412.51001
413.040009
428.950012
422.130005
426.869995
422.839996
424.549988
425.160004
429.380005
451.769989
467.799988
472.109985
486.019989
488.869995
478.320007
473.73999
453.98999
448.380005
454.5
459.779999
451.480011
441.179993
438.269989
440.230011
441.649994
453.190002
455.040009
461.390015
456.980011
455.070007
453.890015
457.420013
447.519989
452.420013
463.220001
472.630005
480.079987
480.089996
473.480011
466.339996
469.700012
457.459991
471.160004
474.170013
465.5
470.01001
468.619995
481.290009
477.559998
479.399994
477.459991
491.429993
489.01001
496.73999
504.149994
512.77002
516
513.880005
506.630005
515.369995
512.119995
512.559998
513.809998
508.899994
514.219971
518.619995
539.400024
526.090027
526.090027
512.320007
501.100006
492.290009
499.059998
501.76001
512.890015
527.969971
522.280029
520.710022
521.049988
516.590027
519.23999
520.630005
504.970001
510.130005
506.51001
511.079987
512.23999
517.609985
509.299988
509.029999
526.01001
536.210022
542.900024
543.380005
551.530029
551.97998
561.169983
560
556.530029
556.609985
541.849976
540.030029
552.450012
546.27002
547.099976
553.659973
554.27002
580.940002
592.400024
582.469971
579.039978
581
566.98999
579.25
574.099976
576.299988
576.76001
569.669983
568.909973
546.650024
527.179993
504.579987
499.019989
535.469971
538
536.700012
513.5
496.420013
518.780029
508.51001
499.98999
542.76001
527.349976
531.219971
533.299988
531.400024
541.450012
540.98999
550.969971
550.359985
529.380005
530.179993
536.5
522
490.670013
453.980011
451.820007
465.140015
472.970001
479.070007
473.140015
459.820007
485.76001
491.209991
503.920013
526.830017
508.040009
509.279999
519.349976
514.590027
523.559998
514.669983
518.530029
525.109985
536.700012
545.869995
567.789978
571.140015
560.02002
557.390015
579
578
564
564.159973
562
558.52002
564.859985
566.409973
552.530029
548.900024
558.380005
570.909973
587.090027
581.349976
579.570007
570.849976
567.469971
561.690002
563.099976
544.5
545.73999
546.880005
535.72998
558.659973
546.609985
556.330017
547.390015
548.169983
534.51001
539.940002
556.450012
559.669983
551.48999
544.22998
532.549988
528.340027
535.849976
537.630005
540.280029
550.210022
548.190002
542.869995
516.549988
508.980011
519.47998
501.959991
491.679993
480.820007
474.980011
459.570007
479.079987
462.950012
447.019989
461.950012
461.570007
482.98999
473.119995
463.559998
434.160004
415.109985
420.089996
418.269989
409.890015
421.01001
412.589996
396.609985
390.529999
365.970001
367.480011
367.23999
379.01001
391.76001
397.26001
387.299988
394.980011
395.790009
386.829987
393.630005
393.98999
394.230011
384.019989
410.209991
407.809998
401.940002
403.820007
408.279999
394.809998
374.75
377.559998
377.119995
373.269989
367.220001
368.459991
365.470001
364.51001
371.040009
378.309998
365.380005
370.799988
363.850006
367.369995
359.679993
360.440002
405.25
405.299988
403.649994
427.200012
418.480011
404.940002
396.140015
408.070007
410.519989
406.829987
406.730011
422.380005
413.779999
399.75
409.570007
404.380005
406.920013
406.660004
390.279999
391.299988
376.709991
384.519989
371.320007
360.640015
377.730011
369.950012
375.470001
385.869995
371.859985
365.640015
369.459991
391.950012
386.380005
390.279999
383.299988
386
392.640015
397.700012
394.48999
393.540009
396.220001
398.929993
404.309998
407.130005
400.75
403.890015
394.470001
388.970001
381.079987
372.029999
367.230011
366.48999
367.910004
366.519989
354.209991
352.660004
345.140015
351.920013
357.140015
339.480011
331.049988
339.779999
347.859985
349.230011
358.5
359.609985
371.570007
371.450012
378.350006
375.73999
368.75
364.5
365.269989
373.809998
381.540009
377.149994
384.700012
389.519989
391.339996
394.899994
398.269989
415.089996
411.040009
425.119995
434
434.899994
441.369995
433.399994
423
421.040009
419.23999
415.480011
421.350006
421.540009
422.869995
413.640015
411.679993
410.869995
404.299988
418.649994
420.609985
405.25
400.25
402.970001
399.380005
395.220001
392.549988
393.399994
388.640015
398.309998
399.890015
401.829987
384.429993
399.51001
390.98999
397.559998
402.75
408.630005
402.829987
406.23999
406.519989
408.01001
410.390015
404.119995
421.450012
419.100006
406.359985
402.019989
402.820007
397.200012
392.600006
388.600006
390.059998
393.859985
386.049988
373.470001
375.790009
371.679993
366.730011
371.529999
368.359985
371.23999
363.529999
362.25
366.929993
363.079987
365.350006
355.829987
345.019989
346.549988
343.660004
336.01001
341.390015
365.390015
367.769989
418.420013
423
419.790009
444.519989
428.649994
420.079987
404.559998
397.480011
405.480011
398.970001
402.410004
398.160004
390.380005
387.26001
379.23999
375.559998
372.709991
369.820007
368.950012
362.01001
369.149994
372.829987
387.100006
382
381.5
378.01001
378.850006
371.75
371.019989
365.059998
372.380005
381.779999
385.950012
378.75
373.720001
367.089996
