Adjusted
6.706125
6.724473
6.962996
6.843734
6.788691
6.696952
6.742822
6.641909
6.596039
6.687778
6.770343
6.834561
6.816212
7.118951
7.027212
7.036387
7.054734
7.073082
7.073082
7.164822
7.137299
7.229038
7.164822
7.274907
7.284082
7.302431
7.274907
7.284082
7.274907
7.201517
7.25656
7.201517
7.302431
7.073082
6.962996
7.128126
6.862082
6.88043
6.990517
7.018039
7.073082
7.201517
7.265734
7.37582
7.540952
7.476732
7.623517
7.458387
7.577794
7.632905
7.67883
7.596164
7.614534
7.71557
7.550237
7.541054
7.60535
7.623721
7.550237
7.522683
7.366535
7.384904
7.228755
7.320607
7.338978
7.384904
7.421646
7.559423
7.550237
7.449201
7.164459
7.320607
7.155274
7.045052
7.192015
7.100163
7.357349
7.550237
7.64209
7.688016
7.733942
7.798237
7.74313
7.770683
7.880905
8.000314
8.018682
8.092166
8.092166
8.092166
8.119721
8.266685
8.395277
8.220756
8.31261
8.40446
8.413646
8.285053
8.257498
8.358538
8.477943
8.505499
8.615722
8.386092
8.376907
8.248313
8.156463
8.294241
8.459575
8.597349
8.46876
8.358176
8.450329
8.275237
8.266025
8.395038
8.358176
8.348964
8.385821
8.385821
8.54248
8.782076
8.947948
8.782076
8.975594
9.049318
9.104607
9.381062
9.353416
9.399493
9.334987
9.104607
9.215189
9.150683
8.975594
9.196759
9.427139
9.427139
9.602227
9.602227
9.417923
9.381062
9.427139
9.27048
9.252048
9.224405
9.454783
9.436355
9.445568
9.23362
9.132253
9.150683
9.141467
9.076961
9.104607
9.169113
9.040099
9.067747
8.920304
9.086176
9.067747
9.27048
9.159897
9.040099
8.717569
8.699138
8.745214
8.662275
8.616202
8.745214
8.818935
8.800505
8.791291
8.901873
8.82792
8.763213
8.80019
8.864898
8.911116
8.883385
8.51363
8.58758
8.384215
8.495139
8.550604
8.485896
8.596825
8.559847
8.689262
8.624556
8.596825
8.716998
8.569092
8.522874
8.578338
8.753969
8.864898
8.985068
8.846409
9.068264
9.188432
9.345578
9.28087
8.948093
8.864898
8.818677
8.772456
8.837165
8.7817
8.818677
8.901873
8.82792
8.735481
8.818677
8.735481
8.559847
9.040531
9.059016
8.911116
8.938849
9.068264
9.105238
8.929605
8.855655
8.883385
9.003555
9.114483
9.077507
9.022043
9.077507
8.994311
9.003555
8.82792
8.938849
8.837165
8.975823
8.901873
8.837165
8.735163
8.827892
8.837164
8.874256
8.827892
8.902076
8.892801
8.929896
9.10608
9.133901
9.161721
9.115354
9.124627
9.170996
9.170996
9.152448
9.337907
9.365727
9.504822
9.690282
9.7181
9.560459
9.616096
9.857194
9.7181
9.801557
10.070474
10.218842
10.126113
9.78301
9.653188
9.764462
9.560459
9.671736
9.430637
9.10608
9.245178
9.180266
9.523366
9.486275
9.458456
9.551186
9.504822
9.551186
9.59755
9.616096
9.365727
9.477001
9.495548
9.681007
9.690282
9.755194
9.801557
9.866468
9.764462
9.996287
9.949925
10.042655
10.246661
10.107565
10.014836
9.996239
9.921846
9.884653
10.042732
10.052032
10.312398
10.507673
10.312398
10.293801
10.330995
10.228707
10.033433
10.182214
10.330995
10.461179
10.312398
10.303099
10.20081
9.986938
9.912548
9.940444
9.568491
9.456905
9.466204
9.549895
9.614985
9.5034
9.559192
9.66148
9.680077
9.587091
9.438308
9.363916
9.382516
9.429008
9.494101
9.521996
9.531297
9.401114
9.531297
9.456905
9.540595
9.773066
9.698677
9.475503
9.336021
9.18724
9.326721
9.280228
9.391815
9.382516
9.363916
9.410412
9.391815
9.391815
9.475503
9.614985
9.707973
9.754468
9.856755
9.884653
10.089227
10.098526
10.023788
9.911689
10.005106
9.893003
10.033133
10.023788
9.986423
10.061158
10.005106
9.883663
9.977079
9.977079
9.967738
9.921031
10.051817
9.995764
10.154576
10.061158
9.87432
9.930372
9.855638
9.911689
9.921031
10.023788
9.930372
9.538013
9.575382
9.519331
9.435255
9.435255
9.61275
9.678141
9.566042
9.509989
9.622091
9.47262
9.332495
9.285784
9.201709
9.192366
9.070923
9.117634
9.080264
9.098948
9.25776
9.248418
9.136314
9.295126
9.229734
9.304468
9.453938
9.435255
9.547358
9.584725
9.491304
9.444595
9.481963
9.509989
9.453938
9.47262
9.47262
9.481963
9.341836
9.576554
9.651666
9.717388
9.651666
9.585944
9.745554
9.895775
9.801885
9.707998
9.557778
9.557778
9.445111
9.501446
9.445111
9.426335
9.285503
9.30428
9.482668
9.370003
9.257337
9.388781
9.125894
9.003839
8.85362
8.93812
8.54379
8.506234
8.54379
8.600122
8.69401
8.69401
8.834842
8.863008
8.825453
9.041395
9.16345
9.16345
9.32306
9.416945
9.39817
9.492055
9.604723
9.539001
9.604723
9.567165
9.585944
9.548388
9.548388
9.482668
9.473279
9.454501
9.416945
9.426335
9.557778
9.520222
9.520222
9.454501
9.172839
9.257337
9.351225
9.492055
9.736165
9.736165
9.811274
9.565994
9.594294
9.443353
9.301843
9.358446
9.641465
9.849011
9.858443
9.915048
10.056556
10.065989
10.075425
10.122593
10.094293
9.962217
9.915048
9.575427
9.254674
9.311277
9.452787
9.179203
8.999959
8.858448
8.641469
8.481091
8.556563
8.245243
8.216943
8.66977
8.49996
8.565997
8.462226
8.245243
8.349018
8.207511
8.424489
8.594301
8.528262
8.679206
9.018826
8.830146
8.820714
8.792413
8.999959
8.981092
9.132033
8.971656
8.990524
9.113165
9.02826
9.122598
9.075431
9.075431
9.065996
9.150902
9.075431
9.009392
9.150902
9.207505
9.207505
9.009392
9.047328
9.379252
9.398219
9.369767
9.379252
9.189579
9.009392
9.142162
9.056809
8.943007
8.772302
8.829205
8.753336
8.857655
8.961974
8.971457
9.085261
9.056809
9.123196
9.132678
9.170612
9.094745
9.142162
9.047328
9.208548
9.199063
9.094745
9.094745
9.085261
9.227514
9.123196
9.085261
9.066294
9.142162
9.293899
9.32235
9.32235
9.464602
9.398219
9.407702
9.379252
9.417185
9.549954
9.644791
9.730145
9.663759
9.464602
9.682724
9.85343
9.730145
9.711177
9.69221
9.654276
9.74911
9.69221
9.568923
9.464602
9.606856
9.76808
9.69221
9.976717
9.891365
10.005168
10.157771
10.071932
10.091007
10.014706
10.110083
9.957476
10.014706
9.957476
10.11962
10.262688
10.176847
10.081469
10.043317
9.814411
9.881175
9.928866
9.795336
9.699957
9.575965
9.37567
9.537814
9.671342
9.728569
9.747646
9.833486
9.909789
9.652267
9.728569
9.928866
10.205462
10.129159
10.071932
9.928866
9.919327
10.033781
10.081469
9.909789
9.890712
9.890712
9.995628
10.081469
10.129159
10.300839
10.091007
9.871638
9.928866
10.062393
10.062393
10.014706
9.776258
9.47105
9.223066
8.564957
8.364663
8.822478
9.11815
9.175377
9.146764
8.784328
8.908319
8.994159
8.832015
9.08
8.964821
9.13759
9.127991
9.204778
9.339151
9.18558
8.916829
8.580885
8.72486
8.56169
8.590487
8.56169
8.715264
8.446511
8.475307
8.648075
8.667272
8.552092
8.676869
8.72486
8.840041
8.888033
8.72486
8.715264
8.61928
8.465706
8.715264
8.657674
8.580885
8.840041
8.667272
8.840041
9.0704
8.945622
8.868835
9.271964
9.252769
8.974417
9.195179
9.156784
9.204778
9.339151
9.723085
9.588709
9.665496
9.550318
9.406343
9.319958
9.415939
9.473529
9.684691
9.732684
9.675095
9.675095
9.723085
9.684691
9.761479
9.732684
9.838265
9.694292
9.569512
9.847863
9.627102
9.252769
9.12721
9.281743
9.04994
9.040282
9.436278
9.600471
9.397644
9.030624
9.069259
9.175502
9.359011
9.378327
9.301061
9.42662
9.320376
9.272084
9.11755
9.098233
8.943698
8.653947
8.460776
8.383511
8.441461
8.045465
8.07444
7.919905
7.804005
7.630153
7.562544
7.659129
7.311425
7.552886
7.678445
7.736396
7.842639
7.668787
7.369376
7.552886
7.630153
7.53357
7.272793
7.388693
7.253475
6.838163
7.340401
7.572203
7.552886
7.359717
7.388693
7.630153
7.311425
7.166549
7.253475
7.485277
7.263134
7.707421
7.842639
7.997173
8.103416
8.093757
7.77503
7.658258
7.755568
8.018304
7.98911
7.8918
7.804223
7.901533
8.008572
7.98911
7.959918
7.862608
7.843147
7.833416
7.687451
7.687451
7.638796
7.67772
7.658258
7.453908
7.599873
7.395523
7.463639
7.551218
7.755568
8.173999
8.251845
8.50485
8.524313
8.738394
8.913551
8.923283
9.088708
9.049784
9.147094
9.331983
9.166555
9.127633
9.195748
8.991398
8.796779
8.796779
8.835703
8.806511
8.981668
8.971937
8.884357
8.748126
8.806511
8.923283
9.380637
9.21521
9.254134
9.21521
9.390368
9.584987
9.468214
9.604448
9.565525
9.662834
9.730951
9.468214
9.682295
9.565525
9.619401
9.501853
9.32553
9.168798
8.904313
8.91411
8.786766
8.904313
8.982679
8.982679
8.933702
9.25696
8.355752
7.748418
8.061881
8.247999
8.336163
8.189226
7.856171
8.022698
8.081473
8.267591
8.394935
8.649625
8.679012
8.894518
8.933702
8.972884
8.698604
8.737786
8.757377
8.845539
8.786766
8.963087
8.91411
8.972884
8.982679
8.835744
8.718195
8.855334
8.855334
9.198185
9.198185
9.178594
9.070841
9.110023
9.041453
9.364714
9.34512
9.354918
9.433283
9.492056
9.46267
9.472466
9.433283
9.452873
9.590014
9.658584
9.766337
9.766337
9.648788
9.727155
9.68797
9.821089
9.791507
9.692902
9.781647
9.47597
9.387225
9.495691
9.426667
9.525273
9.515411
9.544994
9.633739
9.6436
9.426667
9.574575
9.692902
9.535133
9.732344
9.781647
9.939415
10.166208
10.176067
10.185928
10.22537
10.116904
10.097183
9.811228
9.909834
9.870391
10.107044
10.392999
10.462023
10.491606
10.462023
10.471884
10.60007
10.688815
10.501465
10.560629
10.688815
10.363419
10.314115
10.373279
10.807142
10.738118
11.379053
12.010127
12.276361
13.084926
13.341297
12.710225
12.98632
13.075064
12.927155
12.966598
13.114506
13.17367
12.897574
12.99618
13.351159
13.646975
13.548369
13.824465
14.041395
14.323709
14.412862
14.46239
14.224652
14.155313
14.204841
14.383144
14.06616
14.145406
14.442578
14.393049
14.412862
14.422768
14.502013
14.293993
14.036443
14.224652
