Adjusted
39.067745
41.568623
43.782238
44.365215
44.23848
44.576439
45.615654
45.700142
45.564964
45.531166
46.207073
46.730904
47.128006
47.102657
47.254749
46.975933
47.956001
49.147301
48.767097
48.496738
47.91375
48.986771
48.14188
47.972897
47.761681
47.508209
47.634941
47.102657
47.432167
48.209473
50.102024
47.53355
47.53355
45.89447
44.914398
45.015781
43.292206
43.300655
44.475048
44.18779
44.061058
44.094852
44.804558
45.159412
44.88905
44.965092
44.779217
45.015781
44.627129
45.421329
45.252354
45.007336
44.120197
44.753864
43.765339
43.64706
43.047188
43.00494
43.883629
43.900528
43.123226
42.675434
42.176945
42.143158
42.531811
43.05563
43.148571
43.418926
43.824482
42.675434
41.25602
41.534824
40.554764
40.875816
41.002548
41.272915
41.703815
42.928905
42.95425
43.224613
43.326
43.486534
43.723103
44.213139
44.981991
45.89447
46.257771
46.688671
46.392952
46.164833
46.046543
46.528133
46.561935
46.240871
45.649441
45.286144
45.117168
44.196236
43.900528
43.985016
44.196236
44.452446
44.17062
42.898106
43.419067
43.658192
42.940811
43.07745
43.282421
43.07745
42.283203
41.266907
41.625599
42.095314
42.402767
42.488167
42.27467
41.335228
40.967987
40.020012
40.592216
41.010693
41.369385
40.950916
41.198578
40.523895
40.472649
40.814266
41.326687
41.924503
41.779316
42.180717
42.693142
42.530876
42.035534
41.881805
42.112389
42.479633
42.360065
42.752926
42.018456
41.41209
40.728855
40.165195
40.224979
40.276226
40.993614
41.292519
41.395012
41.352306
41.403549
41.488956
40.575134
40.669079
40.583679
40.122498
40.438488
40.139576
39.738182
39.917526
39.684143
39.917526
40.513958
40.246002
39.571774
39.48534
39.347034
39.009922
39.174156
39.234661
40.150921
40.168205
40.65226
40.885643
41.127674
40.963436
40.444813
40.349724
40.427525
40.833786
39.64957
38.949413
38.95805
38.906193
38.966702
38.940769
38.8284
38.465351
38.88026
38.923477
39.053139
39.286522
38.906193
38.378914
38.361629
38.750607
39.061783
39.26059
38.906193
39.087715
39.148228
39.666859
40.254646
42.65765
42.32053
42.372402
42.787304
42.009354
41.680889
40.877007
40.686836
41.110394
41.819191
41.672237
42.381039
45.337254
46.201653
47.861271
47.662464
48.291218
47.741055
47.540211
47.356823
47.129776
47.103577
45.741299
45.488052
44.536201
44.012245
44.134502
43.994778
43.855053
43.750267
43.916183
43.409691
43.462097
43.287434
43.007996
42.396713
42.466576
42.10854
42.099812
42.029953
41.933887
41.174149
41.043163
41.20908
42.021214
42.064873
42.667423
42.649963
43.156448
42.711086
42.501507
42.580097
42.877007
42.353054
42.353054
42.379246
41.471066
42.187134
41.505985
41.217815
40.772453
40.824852
40.894714
39.67215
38.641705
39.514957
39.270454
38.292397
38.135208
37.79464
37.087299
37.043636
36.336296
36.991241
36.965046
36.903915
38.292397
37.716045
37.864502
37.663654
37.550133
37.859802
38.027905
38.169472
38.859604
38.417213
38.054451
37.647453
37.514736
36.868847
37.160824
37.541279
37.656303
37.222755
37.036961
36.877693
36.09024
34.984261
34.36491
34.426853
34.674591
35.223152
35.497433
35.745171
35.285088
35.948677
35.80711
35.709782
36.444149
36.57687
36.461849
36.638802
36.559174
36.815758
36.559174
37.187366
36.178719
35.922131
34.904629
36.320278
36.709587
35.904442
35.904442
35.869045
36.320278
36.647648
38.160625
37.93943
37.815563
37.974819
38.10754
37.461651
38.036758
37.912891
38.09869
38.337589
36.691895
36.930782
37.612061
37.443951
37.33778
36.939629
36.806908
36.656498
36.532635
37.107735
37.700539
37.647453
38.364128
37.832924
38.148037
38.256084
37.472775
37.895943
37.697865
38.103024
38.382137
38.769287
38.346119
38.11203
39.435551
39.912739
40.272881
40.597008
40.443943
40.272881
40.858112
41.416332
40.263874
40.308891
39.723663
40.092808
40.542984
40.200851
40.263874
39.921741
39.5616
39.138435
39.453556
38.940353
38.616226
39.057396
39.264484
40.020782
38.985367
38.5532
38.877331
39.309502
38.967365
37.841923
37.877937
37.346722
37.283703
37.157654
36.320316
36.410355
35.555019
34.726692
34.348545
34.42057
35.041817
35.627048
35.230892
34.744698
34.94278
35.275909
35.33894
35.59103
35.535969
35.490078
34.847637
34.397934
35.352413
35.416656
35.251457
35.471725
34.856819
34.921062
34.654907
34.508064
34.196026
34.09507
34.186848
34.296978
32.911152
32.635826
32.461445
31.910786
32.259537
31.277525
30.864532
30.680979
30.304691
29.818275
30.534132
29.910051
29.341036
28.496689
28.983107
27.670696
28.395735
28.386557
28.597645
27.367834
26.367466
26.541843
26.587732
27.019083
27.670696
26.413357
26.908949
27.97356
27.000727
27.964382
27.725763
26.174738
27.432079
27.441257
27.064972
27.37701
26.495956
25.100946
26.514309
27.459612
27.266878
26.872242
26.35829
25.519573
24.775099
24.548923
24.690283
24.360453
23.898687
24.049467
24.435841
24.124857
23.851566
21.929117
19.799343
18.83812
18.263269
18.442322
17.603605
17.6413
16.764891
17.179535
16.387939
16.039259
15.520951
15.313629
15.81309
17.160688
17.207808
18.564831
18.235001
18.037098
17.688421
17.801504
17.70727
17.603605
17.273773
17.075876
15.869632
15.511528
15.360747
15.332478
15.172273
14.61627
14.625695
14.578576
14.333557
14.81417
14.493761
15.134577
15.181697
14.767051
15.539801
16.001566
15.539801
14.842442
15.360747
16.284279
17.339739
16.708349
16.906248
17.443401
19.26219
18.055948
17.320892
17.556488
17.952284
17.952284
17.422546
17.079195
16.686796
15.951048
15.646936
15.735228
15.489978
15.823516
16.166866
16.196297
16.284588
15.695987
15.225108
14.302968
13.998858
14.146008
13.998858
13.34159
13.616269
13.75361
14.960238
13.890948
14.705178
15.028908
14.548218
14.950427
15.038717
14.214678
14.430498
14.391258
14.440309
14.705178
16.196297
16.049147
15.754847
16.353256
16.255156
16.049147
16.833946
18.540884
18.246586
17.638365
17.677607
16.706417
16.529837
16.647556
16.088387
16.058958
16.176676
17.216536
18.462406
18.472216
18.060194
18.619364
18.629173
17.962095
18.894045
19.198154
19.825993
20.983572
20.414593
20.394974
19.767134
18.609554
18.894045
19.708273
19.767134
18.943094
19.081509
18.794792
18.636604
18.369659
19.061737
18.834339
18.339998
18.95298
18.903547
18.527849
18.864
17.924753
17.56883
17.410643
17.361206
17.282112
16.777885
16.46151
16.748226
16.777885
16.441734
15.818868
16.313208
15.769434
15.93751
15.413509
15.413509
14.751094
15.551924
14.97849
14.879622
14.454491
14.73132
14.938943
14.345736
14.444603
13.327395
13.198868
13.198868
13.011019
13.515245
13.109887
12.961584
13.960151
14.296302
13.792075
13.109887
12.279396
12.08166
12.200302
13.683321
13.416377
14.296302
14.325962
14.879622
13.910716
13.584453
13.732755
13.910716
13.495471
13.099999
12.78
12.26
12.2
11.6
12.93
13.59
14.23
13.71
13.44
13.38
13.45
14.19
14.47
14.82
14.24
14.62
15.38
15.8
15.77
14.31
14.34
14.49
13.66
13.01
12.58
11.99
12.35
12.92
12.5
13.56
14.69
15.75
16.34
16.299999
16.98
15.69
15.59
16.07
16.370001
15.91
15.16
15.5
15.47
15.88
15.75
15.09
14.76
15.35
15.27
15.83
16.700001
16.82
16.85
15.47
15.07
15.05
14.98
14.53
14.17
14.24
14.45
14.51
14.7
14.17
13.91
13.97
14.59
14.48
14.12
14.36
14.2
13.83
14.04
13.5
13.27
13.26
13.07
13.15
12.69
12.64
13.38
13.33
13
12.26
12.12
12.55
13.12
12.98
12.34
12.71
12.27
12.38
12.55
12.15
11.52
11
10.75
10.34
10.28
9.8
10.54
9.86
9.29
9.08
9.72
9.77
9.29
9.7
9.84
10.03
10.42
9.79
9.05
9.35
10.19
10.28
9.55
8.91
8.78
8.61
8.86
8.66
9.13
8.66
8.33
8.83
8.54
8.2
8.23
8.65
8.65
9.07
9.84
10.83
12.71
12.71
11.41
11.17
10.96
11.25
11.26
11.04
11.22
11.71
10.78
10.53
10
9.27
9.38
9.31
8.88
8.89
9.14
8.58
8.55
8.64
8.68
8.41
8.67
8.87
9.59
9.89
9.26
9.72
9.75
10.68
10.76
10.53
10.79
10.26
10.32
11.16
11.1
11.08
11.01
10.43
10.14
10.07
10.72
9.96
10.24
9.98
9.68
9.25
9.48
9.68
9.57
9.08
9.32
9.05
9.22
10.11
9.91
9.85
9.79
9.83
9.74
9.74
11.17
11.39
11.53
11.47
10.75
10.97
11.14
10.88
10.52
11.31
11.18
11.39
11.4
12.03
11.27
10.6
11.04
11.62
11.89
12.75
12.06
11.9
11.96
12.14
11.78
12.84
12.46
12.41
12.15
12.26
12.09
12.15
12.13
11.38
11.09
11.14
10.68
10.74
10.99
10.25
10.05
10.45
10.83
11.02
11.31
11.01
10.26
10.37
9.9
10.43
10.11
10.11
10.62
10.49
10.1
10.25
10.01
10.07
10.09
10.11
9.97
9.7
9.55
9.63
9.92
9.93
10.47
9.83
9.81
9.31
9.12
9.27
9.16
8.96
8.84
9.14
9.65
9.1
9.52
9.42
10.02
10.63
10.66
9.85
9.52
10.08
10.07
10.12
10.38
10.23
10.08
9.91
9.7
9.78
9.9
10.46
10.59
10.5
10.11
10.03
10.32
10.38
10.21
9.61
9.59
9.29
9.87
9.67
9.73
9.85
10.25
10.5
10.37
10.63
10.82
10.83
11.01
11.21
11.66
11.53
11.77
11.66
11.4
11.02
12.9
13.37
13.35
13.98
14.25
14.55
14.84
15.42
15.54
15.35
14.58
14.92
15.01
15.13
15.13
14.84
14.74
14.73
15.22
14.91
14.71
14.74
