Adjusted
141.582718
146.339401
148.368652
150.35141
151.030914
154.130646
155.899231
154.456436
154.838074
155.405899
155.219711
156.439163
156.104019
153.888641
152.836777
153.944473
158.319504
157.15593
156.336792
155.843414
154.96843
150.369995
151.151932
153.506958
162.554901
165.747696
165.282242
164.770309
164.565506
163.485748
162.768936
163.895309
164.798203
161.512314
158.822159
159.287582
157.202469
158.356689
161.326111
161.475067
162.126663
162.340759
164.844742
165.151932
164.928513
165.189178
164.295532
162.350098
161.065506
161.186523
159.455139
157.518982
155.638596
158.719757
156.932495
156.764969
155.862061
156.356583
158.353378
157.980133
155.591446
156.692459
157.438919
158.269394
157.438919
158.250702
158.698593
161.049957
163.280029
162.374924
159.417038
159.818329
157.289658
156.151276
157.821518
154.826309
159.32373
159.967575
163.643951
163.849228
165.155533
169.429016
166.620483
165.659378
167.264313
168.813187
172.629486
172.965408
171.332535
172.620209
171.49115
174.066452
174.215729
172.433594
174.495697
174.187729
176.875031
175.475418
171.397827
168.859863
166.52713
165.46344
163.821228
163.373352
163.895859
164.521057
162.113693
162.906784
164.166443
164.035812
162.151016
160.919373
162.757507
161.563141
164.31572
166.92836
165.911331
158.9319
157.774841
157.298965
158.866531
159.343552
162.41127
162.495483
162.68251
161.494705
161.606918
162.766678
164.571762
166.133652
168.369003
171.380585
170.594971
169.98703
168.499924
166.975418
168.331604
167.620773
168.808563
168.481216
167.536606
167.658173
169.266861
168.621521
169.884155
170.277008
174.887909
175.86058
176.113129
177.244781
161.924911
166.199142
167.36824
166.554565
166.975418
165.320007
163.150131
160.942856
159.212601
160.839981
160.737137
161.204727
160.540695
159.193893
155.050629
154.835495
155.387344
154.704559
156.303909
155.882996
155.256393
154.489441
155.013214
152.487946
153.292267
152.506668
155.583755
156.388077
155.892349
157.239182
157.41687
156.500275
154.321106
154.489441
152.820633
155.192596
155.286362
154.442566
154.630081
153.767563
154.20816
156.280182
154.086349
151.039261
152.258087
153.420624
151.264267
151.039261
148.817276
148.77037
151.583038
153.664398
153.392548
156.130142
153.955078
154.414459
154.264435
154.742584
155.267639
156.402084
155.295761
158.258392
158.999084
160.49913
169.24649
162.01796
162.589874
161.755447
160.780441
165.074387
165.636902
164.914993
162.26178
162.439896
161.258545
161.239807
164.089966
164.549362
164.408737
163.424301
164.286835
163.180542
162.336716
162.786758
162.664902
161.530441
160.489746
161.005417
160.405365
162.214874
164.249359
164.596222
163.461807
166.030685
164.202484
164.118088
163.94931
165.462677
165.406281
165.406281
165.754044
165.970245
164.8423
166.55304
164.19371
164.870483
161.975388
162.50177
163.507523
157.444733
157.41655
157.989899
153.506256
152.735504
151.240936
150.263382
149.126007
148.157852
147.528076
147.330673
146.1745
148.731247
147.47168
144.435562
144.924347
139.782715
143.091415
146.531693
145.930145
147.387085
145.225143
146.776093
148.881653
147.71608
147.546829
148.195435
148.891022
149.708786
150.38562
152.387711
152.077515
151.410156
150.648788
152.218506
151.757919
152.425323
154.201859
154.427444
152.491104
152.810699
149.840424
150.4702
151.814316
153.966873
151.579346
150.836777
151.372543
150.404373
146.907669
147.510986
147.98233
149.170151
151.705917
154.336029
154.043823
153.355637
149.547211
146.662582
146.983109
148.416
144.975159
144.748947
145.540771
146.43634
146.162964
145.531372
145.097717
145.983871
145.022324
145.748199
144.315292
142.788162
143.580002
142.693893
144.60759
146.115829
146.926544
145.069473
143.815689
143.278381
140.280655
138.894882
140.610596
139.064545
139.017441
141.185608
142.335693
141.647522
142.175415
143.193527
143.966522
144.701828
143.853409
144.287048
144.682968
144.390747
145.427689
146.502319
145.427689
145.644485
146.408081
145.785873
144.645248
143.938278
144.739517
144.230469
145.823624
147.058548
145.408829
146.653168
147.143372
148.849609
147.422104
148.499863
151.657379
151.912628
152.8013
152.631104
153.983002
153.037643
152.092255
154.020828
151.231964
150.437851
150.749847
150.182617
149.369568
148.603821
149.076553
149.152145
150.532394
150.787659
152.697281
150.919998
151.184708
149.681564
150.645828
147.346481
146.108032
147.762436
148.017685
148.310745
149.483032
151.676285
153.869568
153.888474
153.37796
154.266602
154.606949
156.327545
157.87796
160.080704
160.023956
160.496674
160.676254
159.768707
160.41156
159.815979
159.957794
160.534454
159.815979
163.039719
163.455673
163.077545
164.04184
165.157349
163.805481
164.297089
161.650009
163.172089
163.342209
163.398972
162.585968
160.562805
160.723557
158.865692
156.325348
157.007828
156.429657
156.145264
154.846634
158.410721
157.728241
155.822968
154.619125
157.453339
154.543335
152.069366
149.320496
149.510025
148.552689
149.453171
148.107162
149.007675
152.761307
152.202072
152.780289
151.898743
152.941422
152.533798
153.35849
157.453339
156.249527
157.045746
155.595505
156.192657
162.458191
164.932159
162.960556
162.154846
163.917938
164.145447
165.159653
166.875336
167.358734
170.297211
170.410934
170.666885
171.870712
173.121902
172.581619
175.264114
171.832779
171.169266
173.728531
173.614807
173.747513
173.538971
172.932327
170.714294
171.491531
172.174011
170.647919
167.396683
169.86116
171.178711
169.500992
170.837463
174.514999
175.180176
175.91188
177.441803
176.966675
175.949875
173.992371
169.031998
165.734619
169.887222
169.687683
167.236023
165.744125
165.002899
163.729584
161.030838
161.591461
159.852509
161.08786
162.332703
160.375153
160.869308
159.16832
157.932999
161.572464
158.588669
159.4534
162.332703
132.760635
134.71817
131.962448
129.320709
128.389465
128.446457
129.045135
128.474976
129.558243
129.634293
130.156937
132.371048
131.772385
131.221191
131.553802
130.641556
130.575043
131.192703
129.16864
128.22789
127.610229
125.367607
126.251373
123.970764
121.310028
123.989754
123.543106
123.24855
122.678383
125.719231
126.042313
126.55545
127.211113
127.07811
126.725189
125.876289
125.160912
126.162437
125.427994
126.572556
128.451614
131.456146
132.762863
133.001343
133.783463
131.742264
131.17952
130.759872
131.217728
130.979248
127.602699
130.626312
129.672485
130.092178
131.026932
130.168472
129.434052
128.632797
127.879318
127.249771
129.834641
129.672485
129.147903
127.75531
127.88884
128.184525
128.422989
127.049477
123.215096
125.6092
126.963623
126.410416
124.664909
125.323067
125.456604
126.887321
122.509277
122.33757
125.761818
124.378761
125.523354
129.119278
130.540497
130.75032
130.769409
130.130341
130.015854
129.31958
129.500824
129.004822
127.860222
128.165466
128.489777
133.058578
133.764404
132.829651
133.115784
131.766068
130.349335
131.009857
128.10936
126.702202
127.563736
128.999619
126.95108
128.071075
124.002747
123.476257
124.155891
128.530548
129.497375
126.922356
127.305267
125.170593
124.931274
124.70153
124.471786
123.313538
121.427727
119.656799
121.19799
121.494736
121.686203
120.508766
118.019897
118.039047
116.306419
115.033272
115.061981
115.387459
113.913284
112.956024
112.27639
112.956024
112.946457
112.218948
110.773491
108.074028
105.910629
102.991005
100.530869
102.225197
104.513039
106.14994
106.437119
103.804665
104.819366
106.216949
104.321602
106.303108
104.187576
104.45562
105.020378
103.297333
105.020378
109.701347
109.079155
104.704483
106.743454
105.633018
103.921371
105.007973
104.161751
100.853821
100.055679
113.624023
112.085434
112.854736
114.701027
115.383774
114.06636
116.595398
115.912659
115.951118
114.172142
114.172142
112.787422
112.470085
112.710503
113.229774
111.364235
112.200829
109.325623
109.248688
107.873581
108.113991
106.094604
106.517723
106.594635
109.787193
109.21022
125.490311
131.971573
129.182907
128.08667
120.162979
117.441612
115.124138
116.008827
114.739487
114.806801
117.999352
118.960968
121.355385
120.191818
120.788033
119.230209
119.441772
120.037971
120.893799
117.480072
116.201134
114.999123
114.114441
113.65287
111.402702
108.642876
108.700577
110.14299
111.412315
108.421707
107.37355
106.363861
108.006012
110.614166
109.522606
108.566292
110.102188
108.82711
107.687256
107.764534
107.107658
104.422241
101.002678
100.065681
98.568413
100.423088
97.351288
97.602425
97.254684
97.93087
99.882156
102.335724
103.330681
102.905655
105.407539
104.769989
105.900185
108.672546
108.508339
107.957726
111.628426
86.88974
84.281601
82.330322
80.852379
81.62516
80.350067
83.982155
85.324852
86.20388
85.807854
85.276558
87.904022
86.744843
86.899391
88.792709
87.759117
87.67218
90.502495
91.352554
92.511726
93.854439
95.342041
93.815811
93.84478
92.975395
95.139191
95.216476
93.989677
92.473099
93.806145
94.781776
95.873329
94.434029
92.627647
92.299225
93.149277
93.216904
94.110222
93.469368
94.440369
91.080681
91.129219
93.682983
91.818649
88.594887
87.750122
88.439537
90.857346
89.86692
91.731262
92.430382
92.061386
92.080818
91.352562
91.255463
91.643852
92.216766
92.139076
91.284599
90.507782
92.469223
91.789513
90.352425
88.361847
87.497658
87.682144
86.759689
82.050285
84.36129
83.021294
83.99231
85.555634
86.41983
86.575188
88.973587
90.02227
90.682564
91.206909
91.129219
91.342842
91.595306
92.692551
93.809219
93.032402
93.537331
91.333145
91.022415
93.391678
93.022697
91.10981
88.711411
91.818649
91.274879
92.877052
93.411102
94.352982
93.615021
94.430656
87.002434
84.846802
85.342003
86.650612
87.519753
87.968979
86.445518
88.047096
89.609596
91.06469
93.759995
96.26001
96.220947
96.601799
96.552979
96.836182
96.484612
97.695557
96.855705
96.57251
97.422119
98.584221
96.924072
94.629135
95.791245
95.390869
91.211166
90.683823
92.060776
93.799065
93.711174
92.842033
100.722908
106.152611
105.654564
106.611588
106.260025
104.980743
106.064713
106.37722
105.50808
106.53347
105.342064
104.58033
103.926041
103.95533
102.051033
101.191658
101.10376
100.810799
100.156494
102.383064
100.469002
98.37915
99.414314
98.115479
97.431877
97.71508
97.724846
97.607666
96.455315
96.787346
96.650627
97.568611
94.502174
95.56665
96.135963
97.814461
99.277016
99.070885
98.442665
97.912613
99.542046
101.112572
101.721146
100.445099
99.83651
97.853729
95.723686
95.39978
95.841484
97.156807
95.792397
94.850082
96.783798
96.018173
96.243935
96.027992
96.332268
96.293007
96.842697
95.959282
95.841484
96.773979
97.991142
97.088097
100.268402
104.302711
105.127228
109.534523
111.085419
109.858444
111.478058
108.248657
108.533318
111.586029
110.447395
110.103844
108.867058
106.609421
102.683098
102.447517
103.772652
106.197151
105.441338
106.952972
106.874443
106.992233
101.858566
101.848747
99.875778
95.144562
93.004715
91.522522
91.208427
91.100449
89.058769
87.802345
88.440369
88.815453
89.565613
89.151054
