Adjusted
77.76136
77.851715
78.845291
78.520126
76.695541
77.815567
78.041382
77.571686
77.427162
77.255554
77.228455
78.646568
79.251747
79.893066
80.760201
80.525337
80.976974
81.374374
81.193756
79.594978
80.561493
82.106049
81.266014
81.916374
82.187332
81.76281
82.178291
82.133141
82.503464
82.602829
82.484802
82.403084
82.484802
81.304504
80.541855
81.767555
80.04248
80.605415
82.058067
82.021767
81.059357
79.978928
81.268196
81.404381
82.430351
82.25782
81.767555
80.38752
80.723442
81.14109
80.38752
79.397858
78.726013
78.853111
78.226646
78.026909
77.336876
77.037262
77.20977
78.399162
76.864777
76.565155
76.801208
78.943893
79.888145
79.071007
79.506813
80.623573
80.796074
79.561295
75.657234
76.955559
76.102112
75.239571
75.521034
76.283684
77.20977
78.35376
78.853111
77.05542
77.037262
76.973709
74.740234
75.357628
77.255165
78.272026
79.815521
80.578178
80.322441
80.295067
80.980019
82.185516
81.875015
81.664978
83.062271
83.025742
82.824821
80.906937
80.231125
79.829285
80.861282
80.313332
80.916077
80.386368
80.541626
79.902344
78.221924
77.993614
78.879463
78.906868
77.911407
76.952477
79.126053
79.171738
79.336113
80.468552
79.345253
76.340576
76.578026
74.714943
76.048325
76.240112
76.906799
75.929604
77.619156
77.454758
77.436516
79.217369
79.893219
80.514229
79.911469
82.158134
83.025742
83.427582
83.117073
84.22213
85.199341
84.770081
84.6605
84.971016
84.039467
83.464111
82.934418
82.69696
87.33638
88.450592
90.578506
91.418716
91.418716
90.770309
90.140137
91.370399
90.635925
90.782814
91.02153
90.709389
88.781342
89.093506
88.92823
89.341385
89.258751
91.627472
90.709389
90.92054
89.11187
89.093506
89.763725
89.267944
89.974892
90.966446
91.599953
91.847832
93.876854
95.501907
95.24485
95.942604
96.438393
98.210335
97.641113
99.587494
100.193466
98.605118
98.173622
98.421494
98.559219
99.293701
98.40313
98.1828
99.119263
98.201157
97.540115
98.357246
97.944092
97.099419
95.841614
99.486526
99.69767
99.86293
97.641113
97.659492
99.229454
101.377831
101.111565
101.230934
101.387009
102.598907
101.543091
100.707596
101.827721
101.047295
101.368645
100.468903
100.781052
99.881302
100.101654
102.424469
102.571373
103.461945
103.700668
104.435143
103.909126
103.33699
102.847878
102.543358
102.395699
102.838654
105.265678
104.545868
105.108803
105.533272
104.813492
103.217018
102.580292
100.485474
100.780785
103.07859
103.318542
103.244698
101.205276
101.998901
101.989662
102.395699
101.998901
104.379753
105.228752
107.517349
107.369682
108.061798
108.717003
108.873894
108.615494
109.039986
107.397369
108.735458
107.52655
108.006424
107.480438
107.443512
107.93261
106.188492
109.113815
109.685959
110.424217
110.027405
110.581093
109.870514
107.97876
104.269028
104.241341
106.13311
106.206947
106.216156
105.976227
103.327744
102.598732
101.426765
102.100418
103.678429
103.392349
104.721214
106.640671
108.004044
108.514153
109.90535
109.441612
110.359818
110.665886
111.815948
112.084915
112.9011
113.318459
113.930588
112.771255
115.006454
114.533432
114.505615
115.67424
114.765305
113.216423
112.966026
111.528427
111.296555
113.383369
114.338684
113.36483
113.893486
114.116074
113.272072
114.700378
113.309166
112.947456
115.238327
115.516563
115.78553
116.954147
117.677559
115.479469
113.142227
114.051147
114.950798
112.752708
112.038544
112.641396
113.550316
116.58316
117.807419
118.484467
118.410271
117.937271
118.382446
116.02668
115.498016
107.243507
110.536026
111.500603
110.897751
111.14817
110.202141
110.907021
110.301239
109.87252
113.162453
112.482094
111.494186
111.624664
112.016098
113.162453
110.823166
111.466217
111.72718
113.013329
113.973289
112.901497
112.183853
112.845573
114.318123
114.15036
114.029205
116.778572
117.747849
119.136513
118.027451
117.589409
116.778572
117.07682
117.114098
118.297729
117.142075
116.815857
118.586639
117.878319
115.827927
116.256653
116.228714
117.281853
116.648102
117.142075
116.731972
117.608063
116.731972
115.641556
116.098236
114.569756
114.812073
115.156906
114.858673
114.858673
112.463455
114.169006
114.15036
114.597717
114.299492
114.318123
114.690918
114.047836
111.811066
105.622643
104.066208
103.973
105.203247
104.672005
104.168716
104.505989
106.004959
106.54834
106.108017
106.988647
107.560135
107.072983
108.365837
108.937309
110.042801
109.977226
109.096565
109.939751
109.012268
109.021629
109.021629
109.246475
109.780472
109.134048
109.593117
109.789848
109.209007
108.609421
108.506363
108.82489
108.112892
108.197197
108.946693
108.80616
110.286385
109.733643
107.738144
107.054237
106.145493
104.449776
105.714531
104.44043
102.941452
102.482399
102.529228
103.334938
101.94838
99.194038
101.236374
96.449059
94.172493
92.373741
94.594086
94.416092
96.608322
98.528877
98.482025
102.079552
98.491394
100.870995
102.407448
101.123955
103.878311
102.323128
103.288094
105.255478
103.840828
102.351227
103.269363
104.712097
105.19928
105.630226
105.733276
105.339798
101.91925
103.766151
103.822685
104.491722
103.832115
103.992294
107.083038
107.667282
108.185547
108.03479
108.750931
105.179611
109.014786
111.125519
109.589569
107.695557
105.217316
104.651917
100.70369
100.722519
98.75312
97.415039
98.78138
101.702515
105.010002
105.339798
105.905182
106.75325
106.414032
106.48941
106.564781
105.867493
104.783836
104.63308
101.118279
99.959267
100.128868
103.07827
101.306763
99.883881
98.451591
98.819077
98.75312
98.649475
99.365601
100.251381
102.258476
100.69426
101.061752
101.05233
102.296165
103.671928
102.635391
105.434029
107.733231
105.63192
106.517677
106.150185
108.392838
108.364586
108.67556
110.760353
111.726952
111.651138
112.248154
111.660606
112.011238
111.54689
112.219711
111.423706
111.262611
110.911972
111.565857
110.997261
108.836632
108.22068
106.477013
106.448586
104.903923
104.221634
107.310928
105.680992
108.599739
107.102455
109.63266
108.504959
110.068573
109.215698
110.049622
107.756325
107.462555
107.216171
109.471558
109.916946
107.301468
106.893982
108.391243
106.903465
105.709427
105.85157
105.709427
105.45356
105.680992
108.163818
108.343864
106.429619
108.163818
107.765808
108.050095
108.050095
106.259056
108.827164
107.59523
106.448586
112.390297
114.892067
115.811287
113.906525
114.522484
113.186325
113.792809
114.332954
115.290077
117.147453
118.519279
118.481163
119.138489
119.090858
119.081337
119.719612
119.20517
117.880997
118.757439
117.957199
117.071251
117.966728
119.58625
120.319786
118.633591
119.243286
119.071808
119.195648
120.719894
120.881836
119.910149
118.033424
118.214432
118.709785
119.643387
118.481163
119.89109
119.643387
119.243286
118.147736
118.814598
117.090302
118.73838
120.291199
120.157829
119.481453
119.271858
115.00399
115.737534
116.38533
118.509743
119.081337
117.071251
117.652359
117.880997
117.538033
115.089722
114.603874
112.317513
111.955513
110.812332
113.584541
110.850433
111.555397
111.250557
109.850159
109.516724
110.536049
110.907585
110.412209
113.308273
111.212448
110.355049
110.355057
111.293915
112.089081
110.824493
109.224586
106.561264
104.367393
100.75563
99.222786
102.60463
106.551689
106.982803
107.136093
103.035736
103.802147
103.457268
101.799881
105.018852
101.732826
100.736473
101.454987
100.535294
102.077705
103.064484
101.397507
99.433563
99.644318
98.772522
97.143867
96.808563
96.070877
95.706833
96.147522
97.210938
96.147522
98.111488
99.663475
99.95089
98.791679
100.995132
101.148422
101.090935
100.152077
99.491043
100.822685
99.902985
98.829994
99.970055
99.55809
102.556725
103.505173
103.054901
100.822685
104.156631
104.003334
104.578156
105.919388
105.517014
105.028442
104.376961
104.424873
103.265663
99.807175
99.548523
98.082733
98.331825
100.257462
98.724617
101.617859
102.018173
101.458687
100.773804
100.330093
101.410461
103.223938
102.67411
103.137131
101.545502
100.397614
102.953857
103.059944
100.233627
100.137154
100.031044
97.986069
99.683784
97.947472
99.722366
96.481255
96.095413
97.185432
98.400848
100.513351
100.146805
99.57769
101.246475
100.301155
98.979614
97.928177
97.050377
94.455559
90.124413
90.163002
90.1437
90.982925
89.680687
89.314133
88.436325
88.031189
86.536034
86.873642
88.339867
87.452423
91.127617
90.548843
89.835014
92.188698
91.127617
89.449173
91.696747
95.15007
95.333359
93.953964
93.828537
92.169411
91.357788
93.632263
97.452194
99.386475
99.065712
98.754669
102.127487
99.784988
99.541985
101.126335
101.942818
101.174934
103.809052
104.333923
103.984009
104.372795
105.791908
102.42881
102.273293
103.118912
103.624367
104.53804
104.178398
106.472321
109.815979
110.331123
110.875443
110.865723
109.88401
108.445457
108.756493
109.592422
111.147606
110.564407
110.37973
108.814819
108.25106
108.455185
107.871986
108.367699
108.843979
109.825691
112.313995
113.149918
113.587311
113.781708
112.936073
112.382042
111.769676
111.886314
111.55584
112.673637
112.450081
111.040688
110.292252
110.068695
109.213333
107.940033
108.552376
109.048103
108.173309
110.613007
110.729637
111.526901
110.617157
112.084488
111.262779
109.805222
107.829224
108.748741
109.355247
111.19429
113.228996
114.226776
113.972443
113.522469
113.630081
114.911537
115.606071
116.320183
116.241913
116.427773
116.15387
114.15831
113.414864
113.590942
113.062698
113.365944
114.15831
115.429993
114.666985
115.420204
117.895111
109.922623
105.755394
107.467285
109.188957
112.31926
113.365944
110.225861
110.392159
110.509552
113.180084
114.950668
116.437561
116.251694
116.144096
116.564735
116.731026
116.408218
116.907112
115.879974
115.948456
115.606071
118.012497
114.383293
113.698547
111.908401
111.48777
110.587799
112.162735
112.54425
114.588722
115.420204
115.987579
116.731026
117.139465
115.781273
116.981995
117.06073
117.070564
117.424889
116.558792
116.283218
116.962311
115.958427
115.830482
116.007645
116.43084
115.49585
114.098282
114.590393
115.230118
114.659279
114.600235
114.373856
110.722481
112.907417
112.375938
112.740097
113.62587
112.090523
113.123932
113.222359
115.180908
116.706421
113.940811
112.779457
113.793182
115.840317
115.269493
120.407005
118.664978
117.306778
119.324387
118.763397
117.808716
115.19075
113.379822
114.432915
114.462448
114.954544
113.694763
114.137657
115.594261
116.145432
121.046738
117.779198
116.745789
118.714188
116.34227
116.922951
117.828407
117.080414
116.440681
115.61396
115.702538
122.276993
123.054504
125.609268
129.47113
130.421753
130.926743
132.174423
132.075409
130.659378
129.916718
130.421753
130.421753
130.570282
131.619888
129.223572
130.055359
132.402176
135.848145
135.452042
134.887634
135.065857
137.571106
136.264038
138.194962
136.056076
135.729324
134.243988
134.877731
133.590439
133.51123
134.243988
134.243988
134.243988
134.679672
134.699493
133.422104
133.531036
133.085419
