Adjusted
111.369934
111.496407
112.381691
111.914749
111.671539
112.070389
111.360229
111.272659
111.175377
111.214294
111.039192
112.089844
113.198875
114.862419
114.502464
115.378029
115.601799
115.280724
115.961723
114.512192
114.259254
116.049278
114.28846
115.485039
116.0979
115.202919
116.0979
115.883904
116.321671
116.52597
116.60379
116.778908
118.354904
118.296516
118.685661
120.932899
118.004677
118.938583
121.010735
121.224754
121.545792
121.643074
122.333771
121.584702
122.158684
122.440796
122.810486
121.234474
121.273392
122.489456
121.351212
121.098305
121.915474
122.645096
121.039909
122.236511
121.497139
122.683998
122.703453
123.851418
122.499168
121.283127
120.07682
120.57296
119.298561
119.96006
119.454193
121.173553
121.134583
120.170189
116.000862
118.124496
117.423111
119.18631
119.332436
119.322701
120.744934
120.754677
120.46244
120.121483
115.611214
116.556129
115.065689
115.465088
116.673012
117.091896
117.910172
117.949142
117.754326
118.484924
117.871239
119.147346
118.874565
118.134232
120.589073
120.715729
121.572968
120.024071
119.946136
119.877953
123.063393
121.076149
122.011322
121.007965
122.23539
120.754677
118.952522
118.962265
120.55011
120.608566
118.163475
116.478195
118.358292
117.354935
120.335793
121.592438
120.559853
118.134232
118.923302
116.91655
117.16008
117.277
120.79364
121.007965
122.186676
121.45607
121.329414
124.534355
123.63813
125.138329
125.026138
126.986671
127.201279
127.240295
125.777191
126.050293
127.425629
128.459534
129.035019
128.752167
128.518051
128.322983
127.981606
123.699608
123.582565
122.860771
124.821297
124.275085
123.563049
123.231415
122.919296
122.733971
122.655945
124.050774
124.411652
123.543541
121.973167
122.402336
121.543991
121.856102
121.066055
122.402336
122.899788
122.392601
120.119904
120.705154
120.958755
120.656387
121.553734
123.163139
123.328964
123.328964
124.909111
126.508759
126.616051
126.850159
127.503647
128.566849
128.683853
130.537155
131.297943
130.693176
130.224991
130.99556
130.400574
131.68811
130.146957
129.600723
130.283539
128.810669
127.29879
126.72332
126.811127
124.840828
124.02533
127.170143
127.814766
127.824539
126.691605
126.96505
128.244461
128.98674
128.937866
130.520065
129.514099
128.498398
129.934067
121.359062
125.158226
122.755669
123.84951
124.279243
123.361183
121.847389
123.175629
120.685165
122.990082
123.410034
122.697067
123.31237
123.517456
124.02533
123.370949
122.745918
123.663948
125.187546
125.929787
125.998169
126.642738
126.96505
126.672028
126.818558
125.207054
124.591774
124.162048
126.320442
127.111542
126.642738
126.457191
126.447433
126.867371
128.967194
128.625366
130.266144
130.813095
132.248703
133.596512
133.801636
134.875961
135.198227
135.325195
135.442429
134.85643
135.002914
134.446243
134.7099
135.277206
136.480225
136.323715
134.954422
136.587814
137.48764
137.771271
136.969284
138.808044
138.436371
135.952057
132.695068
132.440796
134.7099
133.193863
134.749023
134.230667
128.909927
129.095795
129.027328
129.858688
130.963898
130.083633
130.690048
131.981079
133.497086
133.868759
132.910263
132.088669
132.567947
131.961533
132.343002
132.333221
132.020218
131.65834
132.646164
131.736588
133.330841
133.995956
135.619553
136.441101
134.054596
131.286652
131.139969
130.993225
131.130188
133.634033
133.93721
132.382095
132.069092
131.756149
131.276871
131.863708
130.269485
129.575043
129.868469
130.582443
131.638794
133.506851
133.868759
132.029968
129.897797
130.504196
131.209473
128.466751
127.506805
126.889694
126.35096
128.339432
127.67334
128.692047
129.260208
129.01532
129.01532
126.654625
134.902328
135.21579
136.107162
135.274567
135.117844
135.137466
134.343994
136.087585
137.772385
136.332458
138.458084
138.193619
137.096542
135.872086
136.577332
136.988754
135.499863
137.25322
137.811584
138.761719
139.29071
138.193619
138.4189
138.781311
138.869476
138.556015
137.968307
140.466141
141.749329
143.571304
143.512497
142.660324
142.611343
143.179459
143.169662
143.590866
144.031647
144.403915
145.892792
144.590027
143.453735
143.424332
142.993347
144.266754
143.02272
143.394958
142.621124
143.434128
142.768036
142.288071
142.484253
141.228714
141.934982
142.209625
141.925171
141.817261
139.776993
140.306702
140.581329
141.356247
140.365524
140.228195
140.032043
145.426926
144.092926
144.750092
141.317001
140.728485
142.543137
141.336624
140.650009
141.640671
144.544128
143.945816
143.43573
144.642227
145.289612
144.573532
147.172943
147.614304
148.045898
147.849716
147.496628
148.320572
147.94783
147.918427
147.506424
147.682968
147.359283
146.751144
145.986053
146.711884
146.280334
145.368073
145.319046
144.838425
144.318527
144.240051
145.054214
146.770752
147.359283
146.682449
144.740295
144.112534
145.162125
142.778519
144.563766
144.210648
143.494568
142.572556
142.062469
143.788834
143.994812
140.826569
144.510025
140.708694
139.284424
136.17067
139.127243
138.007446
138.606689
141.907043
142.1035
146.05217
144.028717
147.859512
148.497986
148.262238
151.680496
151.42514
152.083252
155.491699
155.796173
154.745163
154.273666
155.422958
155.452393
155.717621
154.627304
153.978989
153.959366
154.460297
153.625397
153.507507
153.910278
154.421005
155.413132
155.786377
157.633026
156.699875
155.020218
153.026215
154.195099
156.817719
155.972977
155.314896
152.633316
153.301254
150.34465
150.31517
147.230881
148.124756
148.252426
149.254303
154.794296
153.625397
155.118393
156.709686
156.915955
156.974869
156.788284
155.501511
153.576263
153.841492
149.332901
147.250519
148.75589
149.75946
148.933014
146.768417
146.433899
145.656631
143.531403
143.403458
143.688828
145.174515
147.811371
147.289902
153.193314
154.64946
152.07164
153.911545
151.855179
154.767548
157.089539
155.574341
159.500076
158.526016
159.293457
160.749664
160.749664
162.412445
163.553772
165.118179
165.462509
164.70491
165.590454
165.698685
165.167358
165.324753
165.856094
164.872192
165.836411
164.655746
164.104736
165.895447
163.337311
165.393661
162.943726
163.297943
165.88562
164.232651
167.636963
166.062714
168.25679
166.446426
168.670013
168.738937
169.04393
167.902603
167.735336
168.65036
171.218338
169.230865
167.036774
168.62085
169.358765
168.197754
167.29126
167.99086
167.813492
166.650787
167.133575
168.710159
168.148483
164.630844
166.611359
165.773834
166.453705
167.557297
167.429199
170.02066
170.395065
168.641174
165.704849
167.025208
167.902161
165.773834
165.852676
166.404449
169.813736
168.611618
169.90239
171.616898
173.764954
173.498917
173.626984
174.021118
174.297043
174.602493
174.553223
173.134338
175.085297
174.582794
172.39534
172.346054
173.154007
173.833923
171.774536
172.503708
171.942047
172.503708
174.444855
175.105011
173.262436
171.419815
171.528244
171.882935
174.415283
173.567871
175.183807
174.316757
173.114639
172.523392
173.400391
170.040375
169.931976
171.469116
172.030762
171.025711
172.454453
169.050171
169.286972
170.066498
173.618805
174.467392
173.569473
174.733841
174.615417
174.645035
172.65181
172.681427
171.507141
169.829681
162.073837
162.073837
164.56044
164.856461
165.053833
163.21846
164.530838
165.172226
164.738037
166.040558
167.718048
166.681946
166.277359
166.820084
167.481186
168.941605
169.109375
166.977982
163.514496
159.597092
152.966125
152.206314
155.363937
161.087082
161.87648
159.942444
153.794983
156.626953
156.63681
154.209427
158.501785
156.251984
156.932861
156.222397
156.577621
158.452484
160.189148
159.330643
155.403397
156.123718
152.975983
151.30838
151.870819
152.16684
150.903824
151.091263
154.623856
155.659958
157.593964
162.142883
162.833603
165.788498
171.925507
171.658676
172.182434
172.103394
171.510452
172.587631
171.668579
172.498703
172.133026
170.917511
173.437531
174.78154
180.760468
180.938339
182.035263
182.074829
184.160034
186.630646
184.772736
185.592987
185.70166
185.158157
183.478134
183.873428
185.266876
182.163757
182.311996
184.762848
183.567093
188.854187
187.213699
189.239624
190.02034
190.247604
191.561996
192.540344
191.216125
189.427368
185.889481
185.415085
187.25325
186.047577
184.090851
183.270615
184.328018
181.116226
181.956238
180.987732
184.229202
182.430588
181.165649
182.984024
185.019791
187.846176
187.609009
187.945007
190.356323
188.340317
187.559586
184.318115
185.355804
181.505341
176.0811
173.834167
171.706009
174.269699
169.023575
169.102768
167.707092
167.796188
165.915512
164.707916
166.806351
164.401062
167.55864
166.548996
167.994141
173.883667
162.065063
157.274292
160.461548
165.272125
161.461258
160.223969
160.184372
158.620453
158.343307
161.926483
165.588867
167.984283
168.766235
168.607834
171.250702
169.518494
168.489075
169.261154
168.607834
166.222336
170.132187
169.686768
170.627121
170.745895
171.676331
169.043396
168.875122
168.726639
172.042572
173.715378
174.012344
175.625748
177.951859
180.000793
179.476212
180.169067
178.130035
178.694229
180.149292
180.663986
180.159164
180.911453
182.782242
178.565567
176.902634
177.418213
175.058441
176.43663
175.177429
175.980576
176.644867
175.395538
175.643448
177.309143
178.221329
177.031555
177.200089
177.110855
178.132095
177.319061
177.70575
175.296417
174.592453
175.990479
174.701523
172.133545
172.88707
174.642029
173.174622
176.000381
174.47348
175.643448
174.820496
177.388458
178.855881
179.599503
178.459274
181.542862
171.241196
172.490494
172.599548
170.249695
170.537231
169.625061
169.416824
170.190216
170.319107
172.302094
172.54007
172.460754
172.768082
170.676056
167.463577
167.602402
166.948044
167.185974
166.244049
169.010345
168.831863
168.484833
171.439514
165.946609
163.368729
165.11377
165.72847
169.109482
168.47493
165.510345
165.619629
166.146057
168.89743
169.463623
169.394073
168.927246
170.86412
170.754868
169.562943
170.069504
172.562637
170.695282
172.145462
162.232513
164.358154
166.41423
167.983612
169.215271
170.327759
168.440536
167.93396
168.430603
169.562943
170.526413
170.18869
170.556229
173.277802
171.549515
172.622223
171.559448
171.718369
172.056076
175.214691
175.323944
175.800735
175.373627
175.641815
176.605301
177.370132
177.598587
176.356979
179.495743
180.926071
179.207687
178.502457
178.9991
174.876999
178.591858
176.38678
175.075623
176.992676
175.999405
175.512695
174.807465
176.853622
180.906219
178.889847
177.151596
178.373352
181.61142
180.081772
181.243912
180.866455
180.727402
181.384048
180.38913
178.9664
178.488846
175.961731
175.474228
172.996887
172.061646
170.559311
171.643768
173.673416
172.300415
171.524384
170.638901
170.469757
168.86795
167.624283
167.057205
172.429764
170.708557
169.206223
169.494751
168.609268
171.972107
173.156052
176.051285
178.896744
178.041122
178.667923
180.727402
180.359299
180.498566
179.20517
181.115417
182.856537
183.264435
182.199905
181.155228
180.180206
180.19014
180.906494
181.393997
180.717453
182.1203
182.577957
182.35907
184.856323
183.950943
187.084946
185.71196
186.020386
184.060394
183.493286
185.383652
184.866272
185.065247
184.985657
185.254303
182.87645
182.199905
182.150146
