Adjusted
149.216034
147.749451
151.235062
150.93985
153.292206
154.44455
154.625488
153.596924
153.501694
153.34935
153.749298
155.082611
156.206436
155.901627
156.958755
157.89209
157.625427
156.273071
155.387344
154.577866
154.415955
156.034973
155.463562
155.387344
155.244522
155.130203
155.968292
156.663513
156.82547
157.568314
155.873062
158.758743
156.282578
151.739838
148.950195
150.803589
147.450241
148.978821
154.032669
154.376617
155.226883
157.997452
157.500671
156.45932
157.481506
158.475113
160.242538
160.146973
161.551392
161.522751
161.150162
162.306107
161.914429
164.436569
161.369843
160.662888
160.701096
161.847549
161.723343
161.350739
160.089676
160.414459
157.586609
158.2267
158.417801
158.427368
158.914566
160.758423
163.385681
163.118179
161.083267
166.738983
163.26152
167.073364
171.047668
172.623993
173.350067
172.948837
176.005966
175.041077
174.553848
174.936005
173.015732
175.910446
179.588577
179.387955
180.830551
181.15535
179.989838
179.607681
179.321075
184.90036
185.398453
181.969391
182.774002
180.75296
181.940659
179.239563
178.233841
181.222305
183.808426
181.978973
182.888916
180.580536
179.40239
174.900558
171.3853
173.837402
175.532745
176.117004
173.789474
170.705246
176.70134
175.369934
175.733887
176.528915
174.067245
168.483109
165.801193
166.490814
168.368134
170.599899
171.624771
169.153564
171.050064
172.055817
172.256943
174.785629
174.613251
175.963791
177.055695
179.000107
179.459854
176.624664
175.053818
175.465714
160.858765
165.571243
164.316498
164.555969
164.805023
165.647888
165.542572
166.960129
167.601883
166.826035
168.990723
171.50029
169.373886
169.699539
168.109528
169.680389
169.60379
170.341293
168.377747
163.353943
162.316559
162.037979
160.914139
165.131027
164.362549
165.131027
165.716965
165.073364
160.606735
162.691162
165.265457
165.601715
164.33374
165.553696
167.484375
165.880219
168.012711
168.320114
169.645676
167.743774
168.022324
170.500565
168.752319
174.861557
174.419708
173.007645
174.342865
172.901978
172.767532
175.33226
173.315048
174.996002
177.243744
177.407059
175.706833
179.126465
174.150726
169.492004
168.396942
172.219986
173.065262
172.988449
172.978851
174.285233
177.704819
177.282181
175.985428
179.03038
177.282181
179.625946
187.377731
185.216492
186.772568
181.037979
180.586533
177.387833
178.684586
177.282181
178.223526
173.881775
178.194717
177.099686
177.224548
178.553711
180.123703
179.988861
178.99678
178.842651
177.840973
179.709534
180.663101
178.033615
177.513504
176.781479
176.290237
174.469849
173.188843
174.412064
175.038147
178.023972
178.688583
177.88916
174.518021
172.832443
171.416595
170.780914
170.780914
173.294769
173.516312
175.442642
174.739548
175.962784
176.088028
175.7798
175.539001
176.742966
175.693069
176.068741
175.962784
180.70163
182.695358
181.915161
185.739029
184.149796
186.355423
186.027969
186.384354
186.971878
190.7379
190.073334
187.935089
183.774139
183.552628
184.621735
182.156006
176.974152
176.511795
170.36673
171.397339
169.133865
172.59166
175.83757
175.6353
176.665909
179.950348
183.408173
184.130508
184.409866
185.970184
186.278397
186.461426
187.366821
190.102219
191.248428
192.030731
193.634064
192.687515
196.232224
196.338425
196.068008
199.651337
199.062149
197.980392
197.265671
195.285675
195.179413
197.246338
197.806519
195.32428
195.218063
193.566467
191.789276
191.209763
189.084915
187.578186
188.041779
190.398438
192.291534
193.238068
193.653351
187.269104
183.821014
185.347
187.993484
183.540924
182.092133
183.618164
185.018646
185.685074
190.842743
191.006958
195.807205
195.053864
194.174911
193.875519
192.030731
192.96759
193.0159
193.064178
194.001068
192.842072
191.654068
192.446045
190.717194
192.97728
194.947617
193.421585
192.656403
192.104385
193.54747
193.15036
194.01239
194.128586
194.128586
196.036499
195.658829
195.358612
196.966324
198.167267
197.160049
197.353729
197.450562
197.528076
197.992966
197.86705
197.983246
196.850082
195.852524
196.346466
195.959045
196.385239
197.305298
196.917877
197.566818
198.147873
198.322235
199.561951
198.825867
200.927536
200.394852
200.820999
200.08493
200.927536
198.777451
196.81134
198.661179
195.910645
196.375488
196.82103
195.949402
195.377945
204.307648
205.498901
205.886307
207.2229
207.852432
206.748291
206.070328
205.954102
204.104279
203.542526
199.736221
198.312546
201.818573
198.564362
200.869415
199.36824
202.331879
202.264053
203.988007
205.619385
205.677658
206.638977
207.930511
208.144119
208.814102
210.960159
210.678543
211.290298
211.494232
211.329178
211.814697
211.795258
211.270889
210.94075
211.154358
211.970016
211.610748
210.251312
210.523193
211.72728
209.309372
208.950089
210.251312
210.804794
213.494598
214.154907
212.708054
212.154526
214.611282
212.047714
214.397659
215.028854
212.64978
207.551773
208.299469
209.736618
208.425735
205.318359
210.484329
207.813965
206.969116
198.171478
199.812515
204.425003
205.46402
210.727097
213.43634
220.398773
219.379166
219.272339
222.282578
219.146057
217.51474
215.426971
218.641159
222.913757
222.641846
221.661102
223.719711
226.467819
229.206161
229.866455
230.740402
231.742905
233.232056
233.251495
232.920593
234.876953
234.419464
235.772385
235.587448
235.567963
233.417007
234.176147
238.322433
236.5802
238.020691
239.869995
241.096329
240.278748
242.838547
242.916428
240.210617
247.422791
240.63887
240.0354
239.101059
245.592972
250.245331
253.126312
254.664124
256.065735
257.486755
257.778748
257.730103
257.856567
256.017029
255.433075
254.673843
253.904968
258.236145
265.302277
267.093201
263.861816
261.954102
262.031982
263.365417
266.509186
265.234192
265.925232
269.711304
266.694183
267.939972
266.859589
263.69635
267.531219
264.027313
265.574799
266.265869
266.781738
270.480286
272.825928
267.063965
272.58255
270.528931
275.463531
277.390656
278.461304
280.359283
279.10376
282.013916
281.828888
282.860748
280.067291
280.67215
278.233246
283.784241
278.945404
278.925903
282.106232
279.442932
278.759979
274.584564
274.087067
278.262482
278.272217
281.101379
279.062408
275.891754
277.540588
282.915985
280.828186
278.877075
274.477203
272.496857
274.799225
277.296661
277.550323
278.838043
277.403992
279.872192
280.574585
283.550079
283.940308
283.550079
282.720795
283.101318
281.677002
276.877167
275.247986
275.02356
275.521149
274.760162
275.462555
275.716248
275.999146
274.994354
272.379761
271.209076
275.267487
273.199219
268.21405
271.101807
274.526031
280.184357
279.940491
281.657471
281.549866
284.845154
284.766998
284.600769
285.959961
281.295624
281.080475
280.161346
280.044006
283.319824
283.486023
281.794342
281.852997
280.171143
280.894806
275.956665
274.167206
272.13327
272.006165
276.230438
276.504211
274.685425
272.680847
272.925293
274.020508
277.227844
275.741547
278.860809
278.215454
275.73175
276.338013
276.817078
270.148224
268.925934
274.587677
271.517273
273.7565
277.345215
274.714813
271.263
272.045258
275.829468
277.980774
275.907776
255.441544
260.115601
261.689911
261.073853
267.625458
264.486542
261.201019
260.144897
267.772125
272.622192
271.761688
271.605194
272.045258
271.370605
268.58371
265.699127
263.371796
267.429871
265.014587
267.778961
270.562927
273.856598
279.071594
279.444092
276.356293
263.612854
256.1922
249.300964
243.742828
250.506699
254.251297
253.016144
250.761551
243.625229
249.104889
250.820374
248.850052
256.466675
252.202545
250.614517
250.614517
246.977753
245.722992
245.683807
248.173645
241.782318
239.44931
232.567841
228.029205
223.304321
223.000443
216.207214
214.619186
218.383408
227.343033
232.322769
236.410477
232.009064
234.400925
239.390472
238.067139
238.959183
240.066818
237.72403
231.420929
238.370987
238.07692
234.87146
233.65593
242.056793
240.919678
242.360687
237.13588
241.890152
253.016144
261.564026
264.504883
264.661743
265.357666
262.818817
261.956177
261.299408
260.002197
261.525421
257.565002
258.095673
262.301819
265.07312
267.903351
268.109741
269.544556
270.68454
271.549316
271.018677
272.050537
271.30365
272.767914
268.492981
261.417297
267.716675
265.928101
266.183563
263.087982
261.938202
257.358612
258.793427
258.84256
264.866699
258.655853
251.806183
256.582306
257.329193
262.537628
260.591827
259.668091
260.316681
257.918823
255.118011
250.35173
251.363953
244.091721
237.399292
237.59584
237.792389
242.165558
236.996384
239.040451
237.920135
235.217621
241.133682
241.723312
245.693573
239.924927
245.11377
247.894897
245.349625
251.255859
250.449997
244.651871
252.425308
255.766647
251.698074
242.371918
248.071793
248.34697
243.600342
252.218933
254.469406
254.675751
250.381226
251.098618
253.349075
250.312439
255.226105
261.723358
269.186798
266.692413
277.202362
269.837494
268.161407
272.913574
272.391022
272.302307
271.33609
275.664307
280.820709
279.696716
278.760071
282.970001
283.048889
284.626343
269.443115
278.030518
279.006561
277.389648
279.933319
281.579865
280.4263
280.662964
283.600983
283.088318
283.196777
286.677063
288.609497
292.799683
290.561615
293.470093
292.898224
290.354553
292.257416
292.592621
294.101074
295.796875
293.184174
294.889832
295.03772
295.895447
294.57431
285.533386
283.265778
285.434814
284.931976
284.931976
284.81369
286.391205
287.692566
291.833466
289.861603
292.010925
289.043304
293.489807
288.560181
287.957031
285.099518
286.355225
289.430298
288.639313
287.976807
285.178619
288.510742
287.818634
288.065796
288.748077
287.729645
290.171906
290.527832
291.981323
289.736816
288.767822
288.174561
288.866699
287.650543
287.27478
285.069855
286.305817
284.268951
286.661774
285.682892
280.561096
277.169647
286.800201
287.146271
290.369629
290.498169
291.34848
296.420868
298.704865
303.075195
303.737671
302.244659
303.441101
302.808228
302.462158
303.797028
305.527344
308.592529
287.36377
290.280609
291.872528
289.608276
289.014984
294.542175
296.361542
294.018127
298.339081
298.121521
296.658142
297.004181
294.2258
291.971405
293.128265
293.405121
292.485565
292.999695
288.253693
285.239136
286.161346
285.358154
285.477142
288.690002
284.406158
284.108704
283.4245
284.277283
284.307007
281.332153
282.879089
284.029358
282.740295
284.088867
280.975189
272.090302
277.008728
271.455658
273.300049
274.420563
271.683716
271.237488
272.86377
276.046814
277.276428
280.628143
277.960663
280.013336
279.55719
274.975861
274.341248
273.528107
268.728699
269.80954
271.77298
266.48764
268.470856
265.168793
266.775208
267.201569
266.150482
267.330536
268.579956
269.224518
273.518188
274.817261
275.551025
245.534729
247.141144
245.524811
242.678864
242.807785
238.613235
240.447723
239.495789
240.507202
245.891724
250.07634
255.579834
262.78891
259.566132
261.172546
263.502899
260.608124
261.33429
258.926971
264.746338
267.372498
270.98349
273.53009
272.585052
274.873047
267.263092
264.487671
263.671967
265.004974
265.064667
268.367279
269.938995
269.501312
269.342133
268.178284
265.094482
266.318054
270.336914
267.471985
264.796082
269.789764
268.794983
270.874054
270.953644
268.884521
269.710205
267.332703
