Adjusted
129.958069
128.917114
128.974014
129.893005
129.42131
130.055664
130.039368
130.104416
129.665268
130.275192
129.893005
130.039368
130.031265
130.893311
131.340576
131.877335
132.031891
132.3246
132.389709
131.243011
130.26712
131.722794
132.161972
131.552048
131.503235
130.763199
132.365295
132.967117
133.474915
132.721359
131.509277
130.960526
131.45192
130.649292
129.420761
130.81308
128.888412
129.306091
130.387207
130.108734
131.034195
132.238159
133.180038
132.614914
131.107956
131.042404
131.86142
130.649292
130.469116
130.944153
130.714828
130.002258
128.667267
129.789307
129.453491
130.338058
130.518204
130.493637
130.387207
129.863052
130.485458
131.836868
132.680435
133.990875
136.144852
138.495468
138.503662
139.86319
142.729752
142.230164
139.592896
142.901764
141.525833
141.615891
144.23674
143.737122
144.179382
144.83461
144.154861
143.835419
144.138458
145.842026
144.613495
145.80925
146.964066
146.906723
146.497223
147.701172
146.52179
146.906723
147.389969
146.792068
148.061508
146.363449
148.251099
147.517456
148.564316
145.110504
143.090973
143.81633
144.615921
141.673111
140.131683
137.197174
137.395004
136.554199
135.119919
137.296097
137.873108
136.232697
133.718613
131.616638
136.09259
136.875687
138.895233
137.906082
133.965897
127.420921
129.069504
127.750648
129.27562
130.462555
132.449142
130.174103
129.951538
134.056564
131.047882
131.451767
131.245697
133.306442
132.548065
135.24353
134.361526
134.279129
134.361526
134.196686
135.779388
135.977203
136.875687
136.817993
135.523834
135.012756
135.630966
134.402802
133.306442
131.938126
131.039566
129.918533
129.341553
128.879913
129.300339
128.879913
130.198822
129.654785
127.931992
126.785965
124.311172
120.665489
118.93811
121.188675
120.374825
121.545799
122.492477
122.185211
121.030891
120.640572
121.52916
120.939537
119.951302
120.059258
118.373421
120.366501
123.273109
123.513947
123.837837
123.156853
123.339561
125.988701
125.756195
128.272491
128.322311
125.399086
125.639908
124.568634
124.767944
125.623299
124.651672
123.098732
124.18663
125.889061
123.55545
123.879356
125.448875
123.771385
123.954086
126.852402
127.882141
128.156235
127.832314
130.531342
131.710526
131.220612
130.190826
132.665588
131.876678
133.288406
132.624069
130.838577
130.116089
129.435104
128.347198
130.049637
130.481476
128.895309
129.684235
128.986649
127.068268
126.628166
124.402542
125.306656
127.299133
128.529785
127.617249
127.34935
125.61644
126.152214
125.222977
124.603455
125.683395
127.02285
125.448982
124.603455
124.628555
125.038795
126.244301
127.876747
128.705566
128.186539
125.942886
124.209984
126.939148
127.483299
127.751221
129.819016
128.923233
129.517609
128.889755
129.023666
129.115768
128.270248
128.420944
127.382851
127.324272
128.881317
129.752029
129.659912
129.216217
129.090668
130.34639
129.90271
130.798477
131.585419
131.769577
131.191956
132.196503
131.819794
130.706406
128.245087
127.190315
127.290779
126.09359
128.044159
129.62645
126.562378
128.429276
128.864624
130.028275
131.409592
132.556519
133.276443
133.268036
133.934616
135.16655
135.23407
135.158142
134.938705
134.634995
134.930298
134.466232
135.900665
135.326874
136.094742
136.643188
138.68515
138.474243
138.0186
136.449127
135.765671
136.761322
136.921646
136.474442
135.909058
137.301392
137.934204
134.702484
135.284714
136.086304
135.284714
136.617889
134.592789
136.1707
138.26326
138.381393
139.157669
138.777969
138.710464
139.554276
140.98024
141.174347
141.275604
140.963379
140.389648
141.82402
143.401962
144.785751
143.326004
143.984131
143.984131
144.085419
144.397614
143.916672
144.574814
145.317352
146.144257
146.523956
146.034561
146.861496
146.313004
148.279037
148.549072
148.211517
148.549072
147.317154
148.150238
148.668793
149.731476
149.204376
149.051361
148.260742
147.937729
148.991837
150.088516
149.569946
149.368683
150.425995
150.733246
149.892838
150.706131
153.480392
153.335831
150.913956
149.72113
148.826492
148.103546
148.329437
147.760147
148.916855
150.462143
151.157959
151.302551
150.606735
150.344666
150.046448
149.820541
150.968201
150.263321
150.805542
150.679016
150.127762
150.444077
150.651917
151.510422
152.016479
152.71228
153.091843
153.868988
154.402161
153.272568
154.555771
153.995529
154.826904
154.004532
154.808838
152.694244
154.049759
153.715424
153.769623
151.989349
151.51944
152.161026
150.335632
149.377731
149.350601
150.263321
151.853821
151.031464
153.48143
153.235489
153.781937
155.047897
154.710892
155.302917
155.248276
154.301071
154.109818
154.146255
154.383041
153.90036
154.856644
154.938599
155.548828
155.102539
157.725525
157.006027
157.051575
155.220932
154.756454
150.730896
150.767349
152.297394
152.561508
151.204498
150.949478
150.40303
149.674408
149.000473
148.18988
149.965866
149.747269
149.747269
150.193558
149.811035
151.013229
151.277374
149.710861
153.089767
153.608887
153.399414
152.525101
154.537872
151.149872
151.43219
153.390305
155.148102
156.678162
156.140823
157.051575
157.434128
158.645416
161.222839
160.275681
161.104462
163.217438
166.140961
166.696533
165.430588
164.009796
163.42691
166.004379
164.492493
163.584305
164.721848
163.318283
163.731064
164.382431
161.795441
164.088867
163.703568
163.822815
164.217285
165.758499
165.85939
165.474091
166.822632
166.593262
167.006088
165.886917
167.749146
167.171204
167.611542
167.749146
165.529129
165.419067
164.345734
167.859238
170.143448
168.36377
171.969009
170.941574
169.822388
169.372894
171.097504
170.216858
167.061096
170.0242
170.72142
175.473358
178.702438
178.445587
180.326187
180.500488
180.619766
182.215958
183.536987
184.20665
183.133347
183.674576
187.169724
186.325729
188.20636
187.766037
186.692719
187.839386
182.2435
182.931519
183.555298
185.15155
186.426666
178.95932
178.069473
178.656586
177.797272
179.922485
178.434814
178.157623
179.515915
175.385605
177.233612
178.896851
175.616608
176.004684
172.918503
175.893814
175.598129
175.200821
173.30661
172.909256
166.857056
166.727692
166.247192
165.72052
169.647537
169.998657
172.853851
171.985275
176.947189
177.501572
182.343384
182.528183
181.872131
179.395782
178.009781
179.497437
182.001495
180.772552
182.94397
184.209869
185.540436
183.221161
182.454285
178.453308
176.73468
175.866119
176.873245
175.598129
175.65358
173.953384
174.267563
174.480087
174.7388
174.692596
174.369217
175.450272
173.944138
169.185547
167.697891
170.174225
169.435013
166.746155
167.808762
169.231735
173.389771
170.174225
170.414459
168.933258
172.119247
172.911087
172.137894
171.439194
171.029312
170.982697
171.057236
169.62262
171.541687
171.243561
168.989105
170.842987
169.68782
166.688126
166.781281
164.52684
163.595276
162.635727
164.284653
165.123077
164.769073
163.772293
165.13237
167.284348
169.445602
167.2005
164.452332
163.250595
162.002274
160.567642
162.011597
159.300674
161.182465
162.803406
162.766159
163.753632
166.492477
166.138489
165.933533
166.604294
167.042114
167.675613
168.998474
170.880249
170.535568
170.414459
169.324493
169.902084
168.970505
172.016785
173.06015
173.609772
173.712265
173.404846
174.410934
175.5009
175.649948
175.789688
176.907593
178.575134
176.218216
178.444702
178.882538
179.145523
180.018921
181.765778
182.930328
181.437073
180.516708
178.412964
170.993576
166.316544
170.899643
174.430893
173.106674
168.410873
164.363068
166.35408
167.096039
164.278564
166.739151
163.978012
164.410034
168.241821
168.053986
170.063782
172.261414
173.632645
172.806152
174.487244
172.092377
172.336563
170.204666
171.669769
169.199753
171.33165
172.543182
174.590561
176.074448
180.141037
180.065887
182.404419
183.090012
183.212097
184.677185
183.099396
182.291718
185.569382
186.51796
190.265228
189.842606
190.875671
192.368927
190.68782
190.997757
193.64621
193.195419
191.955719
189.203949
193.251755
191.495514
191.345261
190.650284
183.043045
179.859253
182.629822
181.784576
180.951218
176.462479
177.693558
176.926498
180.155746
180.913315
182.040253
180.960678
177.314774
178.498505
179.928452
176.367767
178.65947
173.318451
172.058975
177.428421
177.873459
177.996597
177.324234
175.221893
174.814682
176.112076
179.644379
183.0914
183.214508
180.420883
181.670929
182.390656
183.744827
184.047867
183.792206
185.411545
184.814941
184.133118
182.144409
185.771378
185.316833
181.405762
176.235184
176.812881
175.704865
174.502182
175.818512
174.407486
176.519287
171.064606
173.015411
177.390518
175.335541
180.061035
176.17836
176.888611
176.405655
177.96817
176.244644
178.318573
177.636719
174.227585
172.807083
169.445221
173.15274
173.420303
175.369583
178.064209
178.790405
180.844788
181.026352
181.007263
181.246124
180.75882
183.40564
181.934097
181.2939
185.909149
186.606689
188.632446
189.693069
190.772842
188.899979
188.97644
189.215317
192.359024
190.237717
190.763275
191.623245
196.009171
195.846741
193.973862
193.371902
192.540573
192.483246
194.040771
197.738693
196.582489
198.455353
199.802658
199.477768
197.843796
199.382202
197.595352
197.891571
197.490265
198.856659
198.407562
198.703781
198.627319
199.774002
199
194.66188
190.428818
193.152115
194.61409
194.881638
195.47406
194.604538
192.22522
195.4263
195.846741
198.388458
199.171982
201.446167
203.567444
204.408325
194.203217
194.967636
189.237259
192.020584
188.254913
186.347977
186.694702
187.92746
188.524567
190.33519
188.85202
189.853622
190.470016
190.344803
190.94191
190.113663
192.126541
191.336777
192.145798
194.014175
194.206772
192.868103
194.283829
195.333618
196.681931
198.59848
198.290283
199.320816
200.736526
200.890625
201.372162
198.877777
200.274231
205.224533
206.996613
208.893875
209.125031
212.100967
209.510254
207.632263
211.455704
213.555252
213.285583
215.962952
213.96936
214.710953
214.075317
214.797623
214.999893
215.924454
216.983841
216.194092
216.213364
213.516724
215.799255
218.659607
219.198944
215.356216
214.104187
211.513489
211.600159
211.850571
212.486206
210.89711
206.63063
207.275894
207.770859
205.334854
207.664108
208.032913
205.655121
206.227737
205.723068
207.926178
209.197556
207.460297
209.333435
209.537247
209.119904
209.653717
210.30397
211.730637
212.49736
210.692169
203.714066
206.023926
200.821884
201.65654
201.782715
202.578537
203.413193
202.539719
204.655472
207.198273
207.198273
208.430832
206.654755
206.344193
201.462433
200.909241
195.891586
193.009125
189.95195
190.68956
191.009827
191.679504
189.786972
193.057663
192.931473
191.18454
191.6698
192.591812
192.611221
191.446564
190.757507
191.203949
191.456284
182.828278
177.830032
177.490387
180.479599
177.849472
174.384674
174.044998
174.96698
176.568359
177.849472
175.452255
176.91774
177.228333
181.762848
180.430893
179.16748
176.954102
177.100998
175.974716
177.835541
177.03244
177.56131
177.590698
178.540695
175.945328
173.173706
175.661331
177.03244
176.395859
179.960785
179.87265
179.647385
182.281921
183.564896
177.541733
176.288116
177.551514
178.863892
179.206665
174.49585
172.605667
172.32164
172.331436
170.607712
172.351028
174.00618
