Adjusted
52.113449
51.701923
51.533573
51.608402
51.346523
51.206226
50.785355
50.383183
51.056587
50.991116
50.23354
50.504765
50.822765
50.766651
52.085381
53.254471
53.291885
53.189011
53.478939
53.665997
53.796932
54.563854
47.044262
42.012489
41.722553
40.974327
39.908123
41.413906
41.180092
41.460674
41.956371
42.040558
43.041294
42.929058
42.88229
43.324574
42.863472
43.164589
43.964462
43.804493
44.472622
44.359695
45.347767
45.1031
44.914894
44.75491
45.724167
45.592434
46.43935
45.987656
46.015884
45.535965
44.971359
45.667706
45.724167
45.517147
47.079239
47.370964
47.483871
49.008335
48.50959
48.763664
48.246109
48.340206
48.500179
48.86718
48.387257
48.86718
48.763664
48.744846
48.208469
48.942463
48.754257
48.443718
48.791893
48.933056
48.86718
48.754257
48.50959
48.933056
50.297531
50.91861
50.824501
50.673927
51.219742
51.078575
51.389114
51.746704
51.51144
52.405411
51.925491
52.320721
52.621853
52.226616
52.414829
51.746704
52.292484
51.473824
50.843319
50.559544
51.458183
51.164932
52.224361
51.60006
52.025723
51.666271
50.890625
51.146023
51.779789
51.855457
51.505474
51.590595
52.091934
51.770329
52.073021
53.047321
52.508148
51.618977
51.467628
50.323063
50.171719
50.275768
50.389275
50.31361
51.136559
51.070343
51.344658
51.902752
52.67841
52.508148
52.867599
54.447289
54.333775
55.620232
54.447289
54.466206
54.816193
55.326996
55.809418
54.731068
56.263466
56.84993
57.228298
56.556694
57.020187
58.514759
59.224194
59.366085
59.60257
59.914715
59.479603
59.545807
59.366085
59.318787
60.132282
58.202599
57.039112
57.379646
56.755341
56.897228
56.045891
56.764786
57.021389
57.182953
55.557842
55.766926
55.700397
55.472313
56.945366
56.831329
56.878845
57.049904
58.142811
58.874592
59.131191
58.950619
58.675007
59.881962
61.288494
61.535587
62.172325
62.419418
62.324387
62.752037
62.229355
62.723534
62.647499
62.333889
63.702393
63.341259
62.523964
62.752037
62.599995
62.295872
62.723534
64.529213
64.481705
64.519714
63.873466
65.356026
65.783699
65.508072
66.325378
67.142693
67.256737
67.874458
67.807938
66.933601
68.140572
67.104668
66.220848
67.551346
67.779419
67.503815
67.351768
66.401428
67.874458
67.978996
67.636871
67.693901
68.701286
68.539719
69.223953
69.908226
69.651627
70.088799
70.861511
70.422699
70.308197
71.147728
71.071404
70.861511
70.022034
70.537186
70.308197
71.290825
70.871056
70.413147
68.648285
68.695999
68.877251
70.270073
69.487785
70.832909
70.422699
72.502357
72.721779
73.208313
73.637619
73.904716
74.009644
74.601112
74.171822
73.971489
73.818848
74.467567
74.353088
74.553413
74.448463
73.103371
73.990578
73.761627
72.922104
73.21785
73.027054
73.036583
71.634262
69.897995
70.432243
71.710571
71.529305
73.236931
72.540535
70.966461
73.47541
73.360954
73.790222
76.289658
75.68866
76.709419
77.787392
78.140388
77.777855
77.51075
76.79525
76.928825
76.528145
76.748383
76.595184
76.183426
76.307915
76.279182
75.063095
76.825005
77.409111
78.069817
78.232605
78.558189
77.504868
78.433701
76.441978
76.173851
76.863297
75.972771
75.484413
74.143822
73.60759
72.535126
72.726639
72.267006
71.366913
71.826546
73.061783
74.50769
73.645905
73.128822
71.979752
71.673317
71.855278
73.349045
70.294449
68.925133
69.882698
70.265717
72.228699
73.416092
73.262886
73.454384
73.463959
72.764938
71.864845
71.883995
70.907288
70.792374
70.92643
70.92643
72.420212
72.956459
72.841553
74.277878
75.350349
76.097252
75.74295
74.220428
73.157562
74.670486
75.206718
74.277878
75.302483
76.26004
76.490715
77.894051
78.163185
78.509193
78.595703
79.18203
78.3554
78.278526
79.124336
80.441162
80.960205
81.133232
81.411957
80.643028
80.123978
79.556885
79.326195
79.806786
79.585724
79.499207
79.758736
79.729912
79.355034
79.499207
79.970184
79.806786
80.546906
80.546906
81.219742
80.162422
79.441544
79.105125
78.489975
78.826401
79.662621
80.056694
79.422318
78.259285
79.335808
78.605316
79.326195
79.883682
78.461136
78.691818
78.816788
77.836365
78.489975
77.105865
76.192749
76.558006
75.4142
75.221954
74.924004
75.500717
75.644875
75.164284
75.894791
76.221588
76.365776
76.846344
76.288872
76.029358
76.384987
75.941162
76.973526
77.475227
77.755043
78.0252
78.276054
79.0672
79.597847
80.910019
81.575737
82.202866
81.228401
82.251106
82.550209
82.89753
82.501976
83.032623
83.148392
83.515022
83.100151
82.318649
81.672218
82.270401
81.141548
81.942375
81.826584
81.479248
79.800461
80.321465
79.98378
79.655739
78.584785
80.7267
78.034836
76.394638
75.043892
74.79303
73.905373
73.731735
76.751633
77.455948
78.903183
79.211914
79.98378
81.093315
81.64328
82.685272
84.441261
86.216537
87.297134
87.065567
86.467392
87.355011
86.824356
86.776138
87.412903
86.264778
87.326096
87.509392
87.924255
88.059349
89.111
87.876015
87.673424
89.047997
89.483612
89.8321
90.170898
90.470993
89.948257
90.141876
90.054733
90.374184
90.71299
88.864075
88.873756
88.62207
87.828285
85.688972
85.175934
83.791664
85.718025
87.934784
87.170044
87.605644
87.470131
87.799255
87.044205
87.160378
87.27652
86.134262
85.824509
84.30471
83.085007
84.188553
84.943596
84.217575
83.017265
87.983185
86.056831
85.466324
87.867012
88.050926
87.799255
88.747917
88.88343
89.260963
88.467178
86.192345
87.402367
86.579567
87.412056
90.97435
91.806847
92.813591
94.430183
93.800972
94.681854
95.020668
98.921799
98.921799
99.899475
101.651596
101.525757
101.283752
101.118668
101.002136
100.681694
100.497177
100.118462
100.497177
100.623413
99.584358
99.827126
98.49675
100.47776
98.613281
99.594055
101.934387
101.27404
102.808342
103.895958
104.614548
104.400925
105.449684
103.42012
102.274254
100.778778
101.176941
100.817627
102.264542
100.409775
101.876114
101.439117
101.487686
100.778778
101.429405
102.206291
102.07032
102.351936
100.817627
100.623413
100.128159
99.885391
100.594284
100.565155
101.235191
102.215996
103.157959
102.245125
102.614128
102.604424
101.28376
101.20607
102.672394
101.895531
100.973015
101.905251
103.546371
104.45919
103.012276
101.934387
102.740356
102.643257
104.119316
104.332939
103.614349
103.779434
103.107315
102.026077
102.756645
102.610519
101.061714
101.061714
100.993538
100.905869
99.444733
99.396027
98.792091
99.269409
100.740273
101.733849
101.013008
100.84742
101.256538
101.344208
102.668968
102.026077
103.107315
102.405968
101.256538
100.642868
100.915611
98.003075
97.847229
98.82132
99.43499
98.977158
98.61676
97.671883
98.275833
100.487007
101.061714
101.6754
101.928665
102.552071
102.065041
103.117058
103.194977
103.633316
103.740463
102.844299
97.009506
95.850349
98.85054
100.175301
99.113548
98.597275
98.47065
98.96743
97.993347
98.110237
100.672089
99.571373
98.801834
98.568054
99.064842
100.097382
99.89283
99.912292
97.701118
93.980103
90.519981
91.086899
94.097382
96.853737
97.20562
94.801147
90.676369
91.546295
91.624481
91.077118
93.989876
91.008698
91.429001
92.435753
90.695938
92.758308
92.523727
91.937263
90.138786
90.607956
89.180901
89.073395
87.186951
87.128304
83.599762
83.472702
84.54789
86.395226
87.304237
88.35009
87.147858
86.903496
87.558365
87.714745
88.193703
88.193703
88.868126
90.998932
90.559074
90.959831
90.930504
89.865112
91.057579
93.237259
92.728989
91.829758
91.859077
92.132744
90.549301
90.168114
95.50489
95.104156
95.387596
96.443222
94.097382
94.009415
94.791374
93.520699
92.56282
93.149277
93.051544
93.589111
94.214684
94.7034
94.144363
95.017242
95.017242
94.987816
94.615135
95.595901
95.546852
93.908966
96.439369
95.154549
93.997238
92.633965
93.232239
90.888191
92.594734
93.2911
94.664162
93.487228
92.055321
93.330315
94.056084
96.096107
95.615509
95.595901
98.077248
97.939949
96.684555
92.977242
93.2911
92.27108
89.368011
86.808189
86.768944
87.014153
82.747787
83.267586
81.619904
81.727768
80.923538
80.197769
83.856041
82.257393
82.737968
81.904327
80.796028
83.385292
82.522202
80.109512
79.217003
85.327225
84.111053
81.767014
81.982773
83.140091
80.67836
83.875679
85.641052
87.161263
86.131454
86.258934
87.73011
85.868958
87.109718
88.734543
87.936905
88.370186
90.851715
91.107742
92.880272
93.608978
92.703018
92.515923
91.826607
91.491806
93.67791
92.407593
91.708435
93.155998
94.485397
96.29731
94.731575
95.716316
95.736015
94.918686
95.903412
97.941818
97.429756
97.469147
97.784264
96.691208
94.908829
96.218536
95.253494
95.745857
95.115616
96.28746
98.306175
98.552361
98.247086
99.418922
101.565651
102.540527
101.920143
101.792137
101.585342
105.130386
106.272682
106.272682
105.219009
105.534126
102.904877
102.698097
103.072281
102.678406
102.924583
103.357872
103.535118
104.342598
103.318466
104.86451
104.086571
105.415962
105.219009
106.420395
107.178627
110.320496
109.915398
109.06572
110.132774
110.468689
109.470802
109.125
108.324715
108.937294
108.304962
108.719917
108.719917
106.220276
105.943642
105.578079
105.795433
106.200508
105.459503
106.022667
106.536438
105.844841
109.292976
102.890701
98.187805
100.371284
104.728386
105.973274
106.566071
104.896347
105.499031
106.022667
107.563965
108.937294
111.624649
112.494095
113.818024
114.252739
115.458115
115.181473
115.705101
115.428467
115.902702
115.754517
116.139832
116.011391
119.943649
120.734047
119.7658
118.669121
119.064316
118.185005
119.449646
118.718521
119.133484
118.392479
118.965515
118.471527
118.817329
118.204758
118.659241
118.590073
118.856842
118.856842
119.815201
119.844933
119.993568
120.469223
121.489899
121.85656
122.421394
122.817772
124.294281
124.651016
124.551926
124.591568
121.11335
123.115051
121.014252
120.419678
122.986229
122.153831
123.551071
123.650162
126.404991
125.681602
123.848358
123.798805
125.711327
126.404991
123.887993
125.41404
123.828529
123.075417
123.025871
123.907814
122.738495
123.521339
121.63855
122.25293
121.559273
122.03492
121.440361
121.777283
121.569183
121.014252
122.867317
123.511429
123.124962
122.203384
121.747551
121.172806
120.746696
119.835022
118.378334
121.390808
121.479996
124.324013
125.275314
124.49247
125.186127
124.324013
122.599762
120.825974
121.252083
122.847496
120.697151
120.627785
119.71611
119.477577
119.189339
117.678596
118.881226
118.265007
115.551643
114.985115
113.583702
112.878029
113.643333
113.524071
114.299316
112.808456
115.979019
114.229736
113.603584
112.410896
111.91394
111.635643
111.019417
109.031609
108.355743
108.763252
108.017822
107.94825
106.884773
