Adjusted
26.907705
26.328352
27.05484
26.641014
26.650211
26.401918
26.300766
26.034077
25.831762
26.56745
26.880119
27.19278
26.79735
26.79735
26.760567
27.036449
26.990469
26.916901
26.56745
26.236391
26.089258
26.760567
26.383532
26.447901
26.429506
26.512272
26.898508
26.990469
27.05484
26.61343
26.475491
25.859354
25.463926
25.362764
25.252407
25.65704
24.939745
25.206432
25.538099
25.418327
25.381477
25.81448
25.796057
25.952675
26.311972
27.039793
27.389879
27.141134
27.297754
27.288542
26.772617
26.542299
26.311972
26.385679
26.063227
26.007956
26.265911
26.477806
26.293552
26.542299
26.054016
25.621012
25.206432
25.252495
25.832911
26.385679
26.634428
26.846325
26.698919
26.523872
25.676291
25.777628
25.436752
25.169577
26.081654
25.768415
26.072439
26.689705
26.966091
26.763405
27.02137
26.947662
26.662064
26.855536
27.058218
27.472801
27.905807
28.421726
28.145336
28.062422
28.136127
28.430941
28.753386
28.808668
29.370649
29.757591
29.619398
29.370649
29.250887
29.42593
29.794441
29.572649
30.12714
29.655825
29.794445
29.591135
29.156782
29.46175
29.803686
29.979271
29.295408
28.953474
29.526445
28.73168
28.971954
29.341614
28.879538
28.593058
28.861055
28.112497
28.851818
28.981197
29.295408
29.175268
29.563408
30.043961
30.422863
31.707428
31.476393
31.725908
31.356247
30.811007
31.393219
31.504112
30.931147
31.254589
31.698185
32.187988
32.419022
32.492943
32.428261
32.474464
32.243431
31.901495
32.030876
32.151016
33.038197
32.751709
32.733223
32.557636
32.252674
32.816399
32.31736
32.160255
32.271152
32.326607
31.772112
31.975426
31.402458
31.633499
31.310049
31.744387
31.642731
31.208385
29.979271
29.942196
30.053431
29.682631
29.57139
29.997814
30.173944
30.507668
30.591099
30.739416
30.832117
30.795031
30.878468
31.147295
31.48102
31.675682
30.720879
30.535473
30.173944
30.109055
30.248106
30.25737
30.220291
30.053431
30.405693
30.266642
30.21102
30.581823
29.932924
29.812412
29.914383
30.915541
31.063866
30.989708
30.785761
31.369778
31.545912
32.139191
32.037212
32.065029
31.249273
30.924818
31.249273
31.582989
31.536642
31.647882
31.184374
31.286348
31.323427
31.37904
31.684959
31.796198
33.112549
33.094006
32.574875
32.843716
33.325752
33.399914
33.335033
33.121811
33.21452
33.233047
33.752178
33.891228
33.909817
33.872631
33.677437
33.463627
32.933792
32.617748
32.56197
32.952389
33.045338
33.008167
32.720001
32.636341
32.524799
32.859428
32.775776
33.287029
33.565887
33.826157
34.17009
34.179386
34.123608
34.030663
34.012066
34.216576
33.947002
33.974888
34.207264
34.365295
34.644154
35.332024
35.685242
35.462162
35.490044
35.731728
35.332024
36.568317
37.060974
37.051685
36.41029
35.369209
35.183292
35.359917
34.90443
35.146114
34.411762
33.835453
34.290928
34.281635
35.043869
35.369209
35.294842
35.601589
34.514023
34.802174
35.173996
35.00668
34.31881
34.467548
34.597679
34.941612
34.672039
34.821178
35.035538
35.119431
34.681362
35.613411
35.939629
36.265846
37.039436
36.853024
36.470894
36.41497
36.032829
35.995548
36.489532
36.610695
36.890312
37.458855
37.61731
37.496147
37.635944
36.890312
36.312439
36.377689
37.086037
37.533424
37.635944
37.496147
36.983513
36.470894
36.387009
36.666622
35.529526
35.184669
35.240593
35.45496
35.566807
35.371086
35.893021
36.536133
36.387009
36.172642
35.827782
35.240593
35.361759
35.660007
35.380402
35.715931
35.660007
34.960972
35.604092
35.361759
35.417686
36.098076
35.995548
35.399044
35.072826
34.681362
35.361759
35.138077
35.501564
35.520206
35.715931
35.837101
35.837101
35.752785
35.902679
36.417984
36.530422
36.38052
36.727173
37.13942
37.907684
37.823364
37.767155
37.495453
37.720303
37.336166
37.935802
37.870209
37.645351
37.917057
37.870209
37.579777
37.757786
37.626614
37.682838
37.532921
37.589138
37.645351
38.188759
37.729671
37.120674
37.354904
37.148785
37.336166
37.308071
38.151283
37.813999
36.605373
37.214375
36.80212
35.837101
36.071327
36.455463
36.614738
36.239975
36.071327
36.258713
35.649719
35.153149
35.134411
34.665951
34.684692
34.244343
34.665951
34.291187
34.263081
34.600368
34.637848
34.487942
34.834606
34.918922
35.1063
35.977638
35.724674
36.024487
36.033852
35.770145
35.70422
35.86433
35.996178
35.967926
36.222214
36.259892
36.429409
36.222214
36.693123
36.796722
36.796722
36.928574
37.079266
37.408909
37.785629
37.521923
37.098099
36.787312
36.636608
36.146873
36.325813
36.109196
35.817242
35.449928
35.44051
35.760727
35.459343
34.894249
35.308659
34.310329
33.877098
33.547459
33.688732
32.70924
32.907024
33.754662
34.357422
34.99786
34.592876
34.931931
35.233307
35.647709
36.19397
36.372906
36.335232
36.862644
36.74963
36.777889
37.295887
37.503086
37.352398
37.512505
37.446571
37.531334
37.465405
37.258213
37.13578
37.314716
37.051018
37.154617
37.164036
37.578426
37.63522
37.550034
37.190338
36.773853
37.285004
37.720413
37.890797
39.111858
39.215981
39.462082
38.685905
38.827888
38.080105
37.871861
37.616295
38.382996
39.481014
39.708191
39.878571
40.332924
40.162537
40.200397
40.408646
40.304523
39.66087
39.49995
38.089577
36.991566
37.379654
38.023308
36.745457
36.357365
36.045006
35.372948
34.748215
36.149124
35.88409
36.404697
37.729885
37.341789
37.69202
37.095688
36.120728
36.821178
36.366833
37.143013
37.606827
37.474312
38.15583
38.960407
38.524994
38.771095
38.600712
39.339031
39.348495
39.443153
38.78056
38.49659
38.884686
38.799492
39.234909
39.291977
39.168327
38.997124
39.253937
39.396603
38.959076
39.206379
39.872185
40.033875
39.13028
39.387096
40.633099
40.357269
40.69017
40.813824
40.471401
40.071922
40.576027
39.881695
39.52026
38.559593
38.711777
38.569107
39.120773
39.082726
38.84494
39.349045
39.073219
39.177845
39.349045
39.482208
39.472698
39.862667
39.615368
40.195576
40.071922
39.387096
39.729511
39.444168
39.396603
38.911518
38.493015
38.645195
39.139801
39.662933
39.472698
39.643906
40.376297
40.10997
39.824623
39.700977
40.290684
40.566517
40.576027
40.804306
40.69017
40.090942
40.69017
41.489136
40.870892
40.804306
40.804306
40.633099
41.120926
41.140053
40.824409
40.154831
40.499187
41.082664
40.623535
41.149628
40.977444
41.522663
42.096581
41.962662
41.838318
42.01049
42.37397
41.981796
41.962662
41.694839
42.240059
42.565273
42.211369
41.905277
41.962662
40.776581
41.149628
41.905277
41.647018
41.608761
41.187878
40.594841
41.331364
41.962662
42.402668
42.813972
43.292233
43.378323
42.804405
42.718319
42.833103
42.75658
42.412239
42.383541
42.01049
42.268753
42.546143
42.747017
42.412239
42.096581
42.230492
42.699188
42.48875
41.962662
42.747017
42.077454
41.082664
41.484402
42.220924
42.240059
42.335712
41.924408
40.537445
38.959183
36.644398
36.003529
37.333092
38.940369
38.988491
38.853752
37.025112
37.487087
37.852818
37.352345
38.420654
37.939434
38.160797
38.026051
38.112671
38.613144
38.555401
37.583328
36.370655
36.880745
36.457272
36.572765
36.303288
37.102108
35.870182
36.168549
36.803753
37.140602
36.851879
37.756569
37.727695
38.064552
38.353279
37.949062
38.074177
37.833565
37.053986
38.035679
38.507271
38.391777
38.96925
38.719009
39.25798
40.181919
39.816193
39.604458
40.923
40.817139
39.960564
40.951874
40.990368
41.086617
41.760323
42.376286
41.606335
42.1068
41.818069
40.980747
40.393658
41.182861
41.336853
42.126053
41.96244
41.846947
41.79882
41.779575
41.915066
42.118301
42.021519
42.582844
41.963451
41.344067
42.911884
42.408638
41.750542
40.908562
41.460201
40.444023
40.637581
41.905388
42.650589
41.847321
40.831139
41.082764
41.42149
41.953773
41.963451
41.779575
42.398956
41.915066
41.460201
40.240784
40.424667
39.873028
38.20842
37.656784
37.463223
38.121319
36.872864
37.027714
36.234127
35.924431
35.372795
34.898575
34.134018
33.021061
33.892071
34.163048
35.1502
35.401821
34.946968
33.263004
33.350109
33.746899
33.214611
31.550016
32.091972
31.782284
30.349953
32.450062
33.185585
33.321072
32.798466
33.050091
33.727547
32.740398
32.574699
32.945087
33.666374
32.340767
34.124481
35.079697
35.625534
36.112885
35.810726
34.524113
34.163471
34.767792
36.054409
35.956932
35.908195
35.469578
35.70351
36.249348
36.171364
36.034904
35.70351
35.674263
35.849709
35.411098
35.567051
35.167419
35.693764
35.576797
34.845768
35.235649
34.455879
34.728806
35.118679
35.820477
37.477474
37.711403
37.496971
37.682167
38.247494
38.764088
38.861557
40.898693
40.92794
41.366554
41.493267
41.005917
40.684261
41.064396
40.382099
39.612083
39.339165
39.602337
39.339165
40.411335
40.352859
40.304127
39.534107
40.040951
40.060448
41.7272
41.542
41.473766
41.415295
42.019611
42.867599
42.475578
42.946011
42.946011
42.955811
43.161621
42.465782
43.093018
42.534386
42.622593
42.112961
41.632736
41.054504
39.937237
40.192055
39.937237
40.437069
40.80949
40.838886
40.85849
42.348171
39.73143
37.085281
38.418156
39.241398
40.260658
39.898037
38.71217
39.378605
39.888237
40.613472
41.034897
41.818943
41.887554
42.98521
42.632389
42.524586
42.406979
42.406979
42.308968
41.554329
41.456322
41.71114
41.505325
41.613132
41.446522
41.044704
40.544872
41.211308
41.113304
42.044361
41.789539
41.73074
41.0741
41.201511
41.005501
41.260311
41.270115
41.642532
41.995354
42.005154
42.024754
41.838543
41.848351
41.877747
42.299171
42.96965
43.38377
43.452785
43.176712
43.354191
42.782307
42.949932
43.26545
42.782307
43.511948
43.176712
42.802029
43.492229
43.097824
43.245728
43.166847
43.669708
43.531666
43.561245
42.121696
42.723148
42.979507
42.545673
43.186565
43.15699
44.103542
45.089539
45.148701
45.050095
45.513515
44.99094
45.059959
44.133121
44.399338
44.08382
44.72472
45.562813
45.779736
45.020519
44.813461
44.53738
44.91206
45.020519
44.586681
44.596542
44.675423
44.113403
44.281021
44.241581
45.533234
44.961357
47.465782
49.181416
49.871613
51.488644
51.646404
50.078671
50.680126
51.054806
50.995647
51.350605
51.626682
51.725281
51.091103
50.674923
51.477558
52.230644
51.566738
52.062195
53.300823
53.964729
54.291729
54.341274
53.608006
53.954823
54.628639
55.292542
54.767365
54.81691
55.659176
55.510544
55.639362
55.659176
55.877174
54.975456
54.192638
54.351185
