Adjusted
25.425646
24.972034
25.027742
25.051615
24.979996
26.643202
26.80237
26.492006
27.033148
27.423082
27.295759
27.868731
28.155209
30.152662
29.142006
29.340944
29.643358
29.770681
26.985397
26.969481
27.041103
26.794405
26.89786
27.025188
27.550409
27.645908
28.234795
27.892603
27.598158
27.860773
27.813026
27.415125
27.200264
25.863325
25.242609
25.338104
24.542307
24.932253
25.441555
25.592756
25.720085
25.497263
25.735998
26.277138
25.640507
25.863325
26.52384
27.805071
28.099506
28.561071
28.131336
28.083593
27.367378
27.813026
27.470833
27.629986
27.629986
28.553116
29.189753
29.094255
29.221586
28.871431
28.696358
28.919178
28.258671
28.632694
29.412571
29.985542
29.070385
28.720234
27.693657
28.123386
27.629986
27.001318
27.407166
27.701614
28.672487
29.014668
29.078335
28.966925
28.823692
29.205662
29.396652
31.53734
32.810616
33.399506
33.678032
33.678032
32.094395
32.229691
32.350182
32.816113
32.623325
32.60725
33.314186
32.968758
33.354351
33.876511
34.535252
34.422783
34.631653
35.153809
35.081509
34.607548
35.314472
35.941078
35.09758
35.443008
35.354649
35.322514
35.298416
35.001186
35.330547
35.121681
35.354649
36.141918
35.651886
34.414753
33.940777
33.12138
34.061283
34.302292
35.900906
36.013382
36.527508
36.326679
36.230278
36.728352
36.51144
36.736382
36.816715
37.202312
37.49955
37.52364
37.403141
37.507572
37.676277
38.174355
37.612007
36.398972
35.499237
33.997009
32.97678
32.374287
33.137455
32.864319
33.571247
33.016949
32.781811
32.676399
32.50613
33.171005
33.130466
33.519657
33.381824
33.300735
32.043949
31.784492
31.435839
31.800709
32.035847
32.498024
32.538563
32.514236
31.225021
31.516914
30.884476
31.070967
31.354752
31.800709
32.043949
31.995312
32.562893
33.300735
32.911541
32.538563
32.63586
33.195332
33.4548
33.762917
33.535885
33.568321
33.195332
33.892647
35.571064
34.979156
35.279163
35.481869
36.244049
37.257595
36.94136
37.192719
36.617031
36.317024
36.389999
37.330566
37.517048
38.376534
38.092747
38.935997
39.292767
40.573875
40.938755
39.844135
38.98465
39.37384
40.37928
40.419819
39.122494
40.136028
39.479248
39.892784
39.941429
39.300877
39.300877
38.490971
39.415409
39.186344
39.11272
39.898075
40.99432
40.037159
39.677189
39.145443
39.039093
39.456314
39.546303
39.644474
39.922623
40.102612
40.118961
40.77343
40.60981
40.871609
40.77343
42.066013
41.485165
41.673332
40.552551
40.421654
40.904324
42.000561
43.317677
43.072254
42.941364
45.534695
45.821022
45.76376
45.829201
45.534695
46.246429
45.943741
45.330173
46.483673
46.590023
48.103485
48.782497
47.457199
47.76807
47.890781
49.355167
49.772388
49.625134
50.066895
50.099617
49.903282
49.690571
47.915325
47.489918
42.147816
43.890343
43.440395
43.244053
41.796043
40.896141
40.176228
40.597137
40.869492
41.174858
40.745693
40.613647
40.935516
41.381184
41.026302
40.465088
41.282146
41.884628
42.223
41.835102
42.693436
42.850239
43.073078
43.155613
43.890133
43.378452
41.348179
40.679672
41.381184
41.166611
41.884628
41.075817
41.389442
41.859867
42.858501
42.643913
43.824112
44.145988
43.741581
45.499496
45.84613
45.235397
45.32618
46.349567
47.042831
47.174881
47.3647
46.267048
45.359188
45.837879
45.961674
44.525631
44.06345
45.243652
45.293171
45.945168
45.862633
45.961674
45.945168
44.657673
44.517376
43.510494
43.411453
44.145988
43.394955
41.884628
42.123974
41.686554
41.480217
41.257389
40.671417
40.894249
41.443726
42.259617
42.667557
42.36784
42.617607
43.058853
42.351192
42.600948
42.96727
43.250332
44.42421
44.2244
44.17445
44.732246
44.807175
44.58239
44.648994
45.256744
46.205845
45.498188
45.398277
45.373302
45.140194
46.089283
46.54718
47.304794
47.554554
47.10498
46.846897
46.580479
46.613781
47.263168
47.213207
47.388042
47.304794
49.019817
49.144691
49.336178
49.086426
48.861633
48.686806
48.978188
49.49437
49.677521
49.694168
51.042889
49.527668
48.944889
48.770061
49.319534
49.277905
49.602592
49.535988
49.227955
49.444412
50.027187
48.786705
48.445362
48.869965
47.771011
47.762623
47.678741
47.787785
47.812962
47.645191
48.593067
48.97892
49.280895
49.67514
49.9855
50.186829
50.690121
50.639786
51.134693
50.883049
51.319237
52.082565
52.493587
51.856087
51.755424
51.134693
51.436668
51.411514
51.025646
51.386345
51.059204
51.17664
49.356392
49.700298
49.473824
50.153275
48.911812
48.316246
47.636799
48.18203
47.192223
47.620018
48.022655
48.039433
46.202415
46.571491
47.041229
47.108341
46.345009
47.863285
47.167057
46.08498
44.440884
44.088581
43.585278
43.937584
44.415722
45.170658
46.311455
45.531349
47.410316
48.953751
49.272503
49.884853
50.522354
50.455246
52.703293
53.827324
53.592445
53.475014
52.899742
52.532803
52.712006
52.746143
53.181351
53.002148
53.6507
54.606453
55.169678
55.144081
55.929169
55.417152
56.347317
56.313171
56.193707
56.415592
56.270515
57.635887
57.047066
56.398514
56.663059
56.526516
56.116909
55.656097
55.895035
54.649128
54.367519
53.992039
55.476891
57.695618
58.369778
58.566048
58.583118
58.728188
58.676983
58.190582
57.388405
56.74839
56.338772
56.040096
54.495522
54.845394
55.8353
56.697189
55.502487
55.255009
55.118473
53.147217
54.111511
53.86404
54.009109
54.563793
54.597923
50.399399
48.701214
49.093754
50.09219
48.163597
49.324162
50.561539
51.141823
51.551434
51.611706
52.007793
51.835579
52.352219
52.662197
53.247715
52.653591
52.67942
52.920513
53.540478
53.376873
52.266117
51.680592
52.248894
52.627754
53.006615
50.647324
50.010151
50.320122
48.994099
49.062981
46.850071
46.807014
46.962002
46.290379
47.220322
46.212883
47.616409
47.969444
48.658287
48.089985
47.642242
46.161228
46.092335
45.429321
45.704861
44.800758
44.594101
45.162395
45.412102
46.281776
45.902905
47.091164
47.857506
47.711128
48.021103
48.796051
48.184708
49.450455
50.922867
50.294296
50.139301
50.587048
50.234016
49.872372
50.802311
50.550297
51.028259
51.819057
51.454071
50.141869
48.916565
49.038227
49.742123
49.324997
48.803593
49.177269
49.90723
49.437965
49.446667
47.925892
47.447933
48.117073
48.482059
47.439251
48.091007
48.986084
48.351711
47.969341
48.047558
48.377781
47.395802
47.300205
46.092285
45.727299
46.570236
47.187229
46.53548
46.379051
46.231319
46.21394
47.048195
46.361671
46.81356
45.440529
45.162445
44.050102
43.502632
42.598866
41.277966
41.338802
41.842823
40.860844
41.556053
40.32206
40.00922
39.931
40.217773
41.373558
41.10416
41.625576
41.842823
41.47784
41.808064
42.633625
41.721161
41.12154
41.634258
42.46851
42.946461
44.571514
43.971893
44.719242
44.658421
45.066849
44.597584
43.464642
44.913754
44.79958
45.335312
45.115742
45.686615
46.064262
45.712967
43.411945
42.72691
42.788387
41.822304
40.689369
42.059437
43.947678
44.509762
45.142101
44.439499
43.710552
43.464642
42.340481
43.57003
44.000378
43.227516
42.981602
42.445869
42.69178
43.166035
41.945263
40.092155
40.575191
38.458607
38.247829
38.730869
37.668182
36.948017
36.693325
39.345642
37.641838
37.922874
39.380772
40.575191
41.53249
42.445869
43.060638
43.051861
42.700562
41.980392
36.394722
34.743607
34.032227
33.830227
32.609459
34.46257
36.140034
34.734821
34.427444
34.550392
33.426231
33.426231
34.1464
35.45499
34.625263
34.678795
34.625263
34.152416
32.600037
32.225319
30.405291
29.504189
30.601564
30.226852
30.672937
30.583721
30.699703
30.958433
30.5748
30.842451
30.887058
32.064728
32.573265
30.815693
30.12871
30.73539
31.315298
31.609722
31.868458
32.314537
32.100414
30.039494
30.556953
31.02981
30.262537
30.423128
30.958433
31.627567
32.671406
32.698174
32.778469
33.14426
33.171024
32.707096
32.359146
32.412678
31.00304
30.815693
29.03134
27.969652
28.165928
27.719843
28.647705
27.559252
26.613546
26.069321
24.588314
24.918417
23.553392
24.748905
24.061928
23.874575
25.91765
27.131008
25.525095
27.229147
28.719074
28.74638
27.627098
26.762615
27.472401
26.416819
27.190304
28.509783
29.092169
30.129553
28.518883
29.328766
27.972893
28.282286
28.136688
28.837378
28.537081
30.238749
30.87574
31.621923
31.421728
32.286213
31.157831
31.130529
31.803925
32.914101
32.177017
31.503626
31.385332
31.785725
33.278095
33.250797
33.705788
31.667423
30.238749
30.520847
30.757441
31.09413
31.348934
30.657341
30.529943
29.902056
30.684639
30.129553
30.238749
31.831224
31.885824
30.87574
24.669651
23.286478
23.459373
23.049879
23.359276
23.140881
23.040783
23.923466
24.569553
24.878948
24.478556
19.810341
18.636459
17.690079
18.336166
18.208771
17.917505
17.720196
18.086624
17.588655
17.654427
17.936296
18.002064
18.453054
19.016794
19.279873
19.176521
19.542948
19.618114
20.181854
20.247623
20.350977
21.196585
21.619389
22.314667
22.211313
22.446205
23.160276
22.784449
22.681097
21.741533
21.309336
21.384499
21.346916
21.318731
21.816698
22.014008
22.41802
22.427416
23.000549
21.760323
19.608721
21.1684
22.502579
22.887802
22.577747
21.760323
22.098566
22.295876
22.558956
22.634121
27.576231
28.027222
27.425903
27.153427
28.327881
28.177551
28.656731
29.333218
29.671459
29.539921
30.488884
30.113056
30.629816
30.094265
30.470091
28.797665
28.872829
29.370802
30.188221
30.639214
30.526466
29.483547
29.831188
29.643272
30.06608
30.498276
29.859375
30.131849
30.376135
29.943935
30.178825
29.671459
30.113056
31.315701
31.691523
31.870043
31.700924
31.672731
31.870043
32.386806
34.303513
34.115604
33.908897
34.341099
33.955879
33.890106
34.247143
34.200165
34.372265
33.970699
35.079784
34.802517
34.859882
35.567406
36.733864
36.533081
36.131516
36.858158
36.7243
36.561764
36.848598
36.150639
36.227119
36.303612
33.55957
33.683865
33.636059
33.616936
33.473518
33.789036
32.813801
33.444836
32.985901
33.005024
32.765991
33.310978
32.737312
32.65126
32.804241
32.230572
31.217093
31.628223
31.551733
33.129318
32.976337
33.234489
34.582607
35.615211
36.332298
36.819916
36.580883
37.508316
37.565685
38.072418
37.250164
37.116306
37.355335
37.64217
37.766468
38.340134
36.437466
37.164116
37.441387
37.431828
38.502674
37.508316
37.651733
37.450947
39.047657
38.435745
38.818188
37.384018
37.617245
37.665833
37.8116
37.918491
38.005951
38.268333
37.694988
36.946724
37.092484
