Adjusted
39.606766
39.060963
38.88813
38.169502
38.051247
38.305954
38.515167
38.833549
39.024586
39.18832
39.561287
40.21624
40.789326
41.189587
40.807526
41.362419
41.044029
41.062237
41.407909
41.471573
41.09861
41.27145
40.152565
40.552822
40.125271
40.307209
40.398182
40.070698
40.225342
40.589211
39.997921
39.59766
41.025841
40.571011
40.470947
42.281178
41.917313
40.934875
40.743843
40.505627
41.449333
41.431015
43.03437
42.677052
42.677052
43.400848
44.491142
44.06052
44.711025
44.317066
44.399532
43.978065
43.822319
44.811813
44.491142
44.857628
44.518635
45.141647
44.42701
44.830147
47.551289
47.899441
46.745022
46.745022
45.957085
46.103676
45.783001
46.726696
47.148148
47.560452
46.360218
46.635078
45.96624
45.535625
48.238438
47.716198
48.577438
47.303905
47.010719
46.735855
47.193966
47.276421
46.699207
46.195301
47.010719
46.699207
46.470165
45.535625
45.343227
45.883793
46.076187
46.809151
46.781673
48.320908
48.852299
48.467491
48.16515
47.358879
46.983227
47.239773
47.532959
47.044353
47.06279
45.550892
45.716824
46.445126
45.92886
45.661503
46.703247
47.182636
46.629509
45.726044
45.947296
45.716824
46.085579
45.947296
45.301975
43.900696
44.057419
44.158821
44.352421
44.684303
44.767269
44.121941
44.398514
44.315548
43.826939
43.928349
44.444607
46.399033
46.399033
47.846405
47.293266
47.671242
47.090454
46.859989
47.016693
47.376232
46.970608
46.675591
45.993389
45.93808
45.901203
45.974953
45.984169
46.15012
46.933731
46.823109
46.168556
49.100182
48.666885
49.247684
49.044868
48.417984
48.325783
47.846405
46.786232
46.813885
46.196217
46.574188
45.984169
45.947296
46.518871
45.873554
45.615417
44.947338
45.086517
45.272099
45.058681
45.754604
45.64325
45.689659
45.550457
45.828838
46.125755
45.726765
45.968025
46.598988
47.04438
47.842373
47.777416
46.886635
46.66394
46.580429
46.793846
47.035099
46.76601
46.51548
47.267071
46.571156
46.153599
46.830963
46.292778
46.125755
46.33918
47.591843
48.027954
48.083626
47.57328
48.083626
48.872341
48.825947
49.642498
50.254906
49.772392
49.494026
50.004368
50.607502
51.312702
50.876591
50.106441
50.097164
50.301292
50.115719
50.746685
49.178539
49.911572
49.985809
49.967258
50.013645
50.087875
50.217789
50.097164
50.02293
49.401245
49.21566
49.781677
49.596092
49.63343
49.52142
49.166687
49.05468
50.342892
50.725613
50.417564
51.304379
51.397728
51.061672
50.688274
49.866802
49.652111
50.174862
50.212196
51.70578
51.313709
51.285702
51.285702
51.379051
51.70578
52.051167
52.051167
52.415222
51.547085
51.351051
51.155025
51.66843
51.547085
51.621758
52.349884
52.219189
52.900639
52.489902
52.415222
51.883144
51.444401
51.66843
50.8283
50.240204
50.632267
51.061672
49.857468
50.230873
49.138687
48.037174
48.055847
47.90649
48.233212
48.923988
49.026669
49.745461
49.568096
50.902981
51.360386
52.023163
52.387222
52.396564
52.835289
53.46072
53.442062
53.254143
53.470242
53.395081
53.197773
53.479645
54.01519
54.48497
54.719864
54.926556
54.522552
54.597713
54.146729
54.127937
54.729256
54.663483
54.259483
54.644695
54.964142
54.07156
55.067493
54.306454
54.560131
54.56953
55.30238
55.311779
55.903698
56.110397
56.17617
55.640629
55.640629
55.743973
54.522552
53.629974
54.062168
53.808483
54.992329
54.785633
54.644695
55.509087
55.029907
55.509087
55.020508
56.514412
56.523808
56.345295
56.824467
56.918427
56.890232
56.157375
58.20562
59.624348
59.953194
59.821651
60.159897
59.737099
59.878029
60.98671
61.033688
60.855171
60.620274
60.648472
60.507542
60.873959
60.760574
61.743317
62.111855
62.149651
61.979549
61.960648
62.036259
63.047363
63.415886
66.817741
68.102859
67.535896
67.309113
67.59259
67.564247
68.509201
69.132874
70.739296
69.643143
69.312408
69.794334
70.125069
70.304604
70.077827
70.115616
69.529739
69.737617
69.321846
69.142319
69.491943
69.284065
69.5392
68.943878
68.537544
68.461929
67.460297
68.509201
68.21627
68.452515
68.57534
68.991135
67.630386
66.486992
66.23185
65.296349
63.812767
63.916718
64.162384
63.510376
67.167358
65.863312
67.271301
67.961121
68.272957
68.55645
70.777084
70.739296
71.041664
71.070015
70.578651
70.389648
69.945511
70.484138
70.049469
69.945015
69.916527
70.229912
69.432175
69.327705
68.605927
68.520462
68.207069
66.659058
67.143417
67.979134
68.18808
72.176773
73.563354
73.12648
73.022003
72.727615
72.547173
71.806412
72.661125
71.113129
70.343864
70.486343
70.695282
68.928833
68.729401
70.286903
69.935501
69.508148
71.474022
69.89753
69.584122
68.245056
67.846169
64.921104
64.598221
66.440636
66.69706
68.226059
67.124413
67.751205
69.546135
68.634422
69.89753
69.232735
69.25174
70.638275
70.799736
70.552803
70.429352
73.173981
73.297409
72.79409
72.376213
71.568985
72.224281
71.682953
73.838768
72.490189
71.075142
71.284081
71.806412
72.961197
73.161598
73.008919
73.820114
72.388557
73.056625
70.327148
69.916763
71.500999
70.479828
70.241257
70.031281
71.376945
69.067375
68.752441
67.73127
70.298523
73.152061
72.445839
72.531723
73.304756
72.770317
72.445839
72.608078
71.481926
71.119263
70.489372
70.059929
69.725891
71.959099
74.18277
74.039619
73.447922
72.693962
71.558273
71.15744
71.625084
71.796867
73.161598
74.526352
74.526352
74.612236
74.011002
73.686501
74.46907
72.46492
72.751236
74.287758
74.125504
74.640862
73.638786
72.856209
69.869041
69.668633
70.41304
69.496834
72.436295
72.779869
72.035461
73.132965
73.295212
73.075714
72.61515
74.111977
72.816643
72.835838
71.703621
71.291039
71.425377
71.223877
71.78038
70.446678
70.696129
72.605553
72.020248
72.28891
70.820869
71.13752
70.187614
71.550117
70.753708
70.082077
69.084183
69.266495
70.293152
71.703621
71.434959
71.492531
72.346481
73.075722
75.071472
75.484062
74.764442
74.745247
73.52668
73.8433
73.766548
73.795341
73.852913
72.903008
72.855019
72.471222
72.077843
72.087418
71.57888
71.674828
71.070351
70.533028
71.041565
70.667358
69.966911
70.542618
71.022369
71.530914
71.895523
70.983994
71.598076
72.010666
71.962677
72.547989
72.624756
72.49041
72.029846
71.233459
70.667358
70.406845
71.921692
70.802437
70.512985
71.419968
72.133972
72.230453
70.059494
70.28141
69.914757
70.098091
70.165634
70.213867
68.891998
69.962997
70.406845
71.130501
70.609474
71.255936
69.692833
70.020897
69.634941
69.750725
68.110443
67.357857
67.782402
67.59906
66.981537
67.695557
67.628006
68.689377
68.59288
69.634941
69.123566
69.162155
69.644592
69.133224
69.200752
68.814796
68.853409
68.332367
67.541161
67.097328
66.875404
67.981911
68.011024
69.049583
68.117805
67.545128
68.341042
71.592606
70.845207
70.612267
70.389038
70.107567
69.515488
69.525185
71.078171
71.116989
71.243187
69.874611
67.923676
64.526527
63.274426
64.72065
65.128296
65.16713
66.089203
64.351822
64.83712
64.992416
65.293304
67.253944
66.428932
67.224838
67.31218
67.059822
70.505508
80.541687
80.172844
81.900528
81.211395
80.454323
80.357262
78.726631
79.881668
79.969002
79.590469
80.580498
80.794029
81.376404
81.784065
78.610146
79.794296
79.590469
79.211929
76.435974
84.035889
83.472931
85.181221
85.705345
85.540337
85.899475
85.326813
85.482109
85.880058
85.64711
84.162064
85.385056
84.919144
85.511223
86.103294
85.317108
84.851212
85.239449
84.996803
84.792976
85.715057
89.481056
89.413094
91.053436
91.121376
92.334648
91.325211
91.121376
89.781929
89.539284
89.403404
90.183357
91.03157
89.725128
90.836586
90.427094
89.656883
92.757248
92.377007
92.221008
91.372803
91.051071
90.358841
89.608147
91.372803
91.801788
91.372803
90.232109
90.4076
90.807335
91.606789
91.626297
91.099831
92.513512
92.172272
91.567795
89.978622
90.319847
88.525932
88.087204
86.985519
86.254288
87.336479
85.396332
84.567612
83.875404
85.016083
84.10939
84.401878
86.673523
85.406082
85.562073
85.55233
86.234787
88.213951
89.608147
89.257149
87.716721
85.435326
84.772346
81.798752
81.769501
82.071732
81.5355
82.03273
82.539711
84.080132
82.607964
83.407425
84.655365
83.456161
83.982643
84.460365
83.056442
83.134438
84.372627
84.460365
86.733032
88.378746
87.506905
86.595886
88.535477
89.936287
90.573013
90.612206
90.906097
91.288132
92.502823
91.55262
91.611389
92.894661
93.57058
93.364853
93.453026
94.148537
94.10936
94.217102
94.97139
94.050575
92.062012
92.071793
90.41629
91.219551
90.955055
90.974663
91.023643
93.776299
94.902817
94.706902
95.755058
94.804855
93.57058
93.678322
94.471794
94.040779
93.854652
93.717514
93.678322
94.795059
96.303635
96.166489
96.460365
96.293839
97.106895
97.900375
97.459549
97.694664
96.744446
97.773026
96.215477
94.736282
95.500374
94.746094
95.235878
97.14608
97.400772
97.332207
98.15506
97.155884
100.084862
100.261902
100.783173
101.265114
100.03569
101.894569
101.678185
101.983093
99.907829
98.894783
98.530876
99.179993
98.65873
99.386551
100.389755
99.838982
100.271736
96.465431
94.596718
95.049149
96.819511
99.465233
99.08165
98.786591
99.602921
98.206299
100.871689
99.947166
99.730789
99.534073
97.134247
96.908035
97.478493
96.416252
99.140663
98.481689
99.996338
99.504562
96.494934
91.596924
96.140869
100.478279
99.189842
99.130836
98.009598
98.255486
97.43914
97.360458
97.753876
97.950577
97.930916
98.147285
97.321114
97.291611
97.488319
97.370293
97.704689
98.107948
98.481689
98.993126
99.347206
100.202881
102.039658
101.822411
101.042267
101.190392
102.908661
105.278694
104.607185
103.017296
100.074501
102.434669
100.272018
101.081772
102.365532
101.516281
101.299019
100.923759
103.836929
105.446571
104.64669
102.958046
106.187202
108.241234
107.085854
108.428864
107.322853
106.473587
106.434082
106.384712
106.305717
108.458488
108.468361
108.873245
109.268242
109.860756
109.011497
108.734985
107.72773
107.174713
107.273468
106.947594
106.750084
104.784943
103.550552
103.185173
102.513657
103.994926
102.355667
101.733528
101.526146
103.688805
104.557808
101.802643
98.415489
97.813103
95.610947
96.499718
96.292336
96.716965
95.620827
97.319351
98.731491
97.655098
98.494476
98.990288
99.208435
97.205421
93.863777
94.825607
94.726448
94.676872
96.312988
97.284752
98.206924
98.563904
98.990288
97.968948
96.660049
97.026932
96.769119
95.202415
96.49147
96.025429
96.917854
96.669968
96.144417
97.195503
96.49147
