Adjusted
101.529999
101.989998
97.849998
96.32
95.089996
94.220001
94.32
93.389999
94.989998
94.599998
94.989998
95.660004
94.290001
96.169998
97.139999
98.010002
100.400002
98.540001
98.209999
97.839996
97.82
97.540001
97.370003
99.519997
99.660004
98.959999
99.32
99.190002
98.709999
99.489998
87.800003
87.959999
85.68
87.169998
87.669998
88.050003
88.07
86.199997
88.029999
88.559998
88.779999
89.790001
91.68
91.110001
89.910004
89.790001
89.82
87.190002
87.489998
88.370003
74.139999
73.959999
74.910004
77.379997
76.389999
77.519997
77.220001
79.300003
80.480003
81.169998
81.690002
82.480003
82
84.739998
84.050003
84.040001
84.529999
85.650002
88.139999
87.690002
85.760002
86.639999
84.470001
82.970001
83.699997
84.839996
86.459999
86.220001
85.639999
85.989998
86.720001
87.650002
86.559998
89.360001
90.18
91.120003
90.410004
91.480003
89.389999
92.18
92.989998
93.510002
93.610001
93.089996
93.970001
94.870003
94.879997
94.059998
93.220001
92.120003
92.089996
91.669998
91.440002
90.760002
89.739998
87.110001
86.089996
86.889999
85.650002
86.589996
84.129997
96.639999
97.010002
96.139999
96.019997
96.599998
95.040001
93.400002
94.150002
97.18
97.889999
98.709999
99.25
100.120003
99.010002
97.480003
98.660004
100.230003
100.160004
99.5
99.290001
100.730003
100.57
99.459999
98.940002
97.129997
97.800003
97.389999
98.669998
95.900002
94.059998
95.309998
99.68
98.889999
100.470001
100.900002
101.650002
103.470001
102.379997
103.510002
102.169998
106.029999
105.800003
105.279999
105.449997
103.5
99.209999
98.610001
99.309998
101.470001
101.519997
102.040001
103.75
104.18
100.309998
100.099998
100.989998
99.239998
98.540001
97.860001
98
97.239998
101.349998
103.669998
102.160004
100.160004
117.529999
118.349998
117.129997
119.989998
118.75
117.629997
117.110001
117.150002
116.779999
117.32
119.110001
119.459999
121.739998
121.419998
124.040001
123.919998
123.489998
119.989998
118.629997
119.809998
118.639999
118.220001
117.849998
121.580002
123.690002
126.209999
125.989998
126.110001
125.769997
128.279999
127.519997
127.290001
128.289993
128.559998
128.850006
128.630005
130.699997
131.5
131.410004
126.839996
127.889999
128.270004
129.529999
130.410004
130.440002
131.240005
129.979996
127.489998
125.800003
127.110001
128
129.149994
128.889999
128.470001
126.940002
126.93
125.010002
123.480003
118
93.760002
90.209999
94.389999
93.209999
91.239998
91.959999
91.18
91.629997
93.639999
93.440002
95.190002
93.360001
94.419998
94.809998
93.529999
94.370003
96.519997
95.910004
94.919998
92.910004
94.459999
94.169998
92.290001
92.330002
88.889999
88.760002
85.889999
82.75
83.559998
80.93
83.059998
84.620003
83.970001
83.110001
84.25
82.550003
85.970001
85.709999
83.93
83.5
85.82
88.339996
88.309998
87.720001
86.449997
86.419998
86.040001
85.709999
87.75
87.559998
86.150002
85.980003
87.440002
88.790001
90.220001
91.620003
89.690002
88.419998
89.059998
88.5
87.300003
87.300003
89.639999
91.5
91.389999
89.510002
95.260002
96.410004
98.639999
101.269997
104.300003
100.839996
101.260002
100.339996
101.43
98.75
97.889999
97.440002
98.980003
100.110001
99.769997
96.089996
93.75
95.870003
97.080002
94.849998
91.050003
90.129997
90.419998
90.220001
87.790001
89.589996
89.410004
88.220001
89.629997
88.110001
86.580002
86
87.709999
85.970001
88.120003
88.540001
87.550003
84.790001
85.860001
87.870003
89.879997
88.510002
87.150002
86.760002
87.870003
86.669998
85.330002
84.82
84.980003
85.43
87.220001
85.400002
85.029999
84.900002
86.800003
86.769997
87.029999
85.93
86.25
85.410004
85.309998
97.110001
95
95.110001
94.5
94.639999
94.889999
95.029999
95
94.669998
93.879997
92.610001
91.330002
92.089996
91.410004
93.410004
94.5
96.43
96
94.910004
94.419998
92.690002
91.639999
91.5
90.75
89.260002
89.75
90.440002
93.019997
92.089996
92.199997
93.139999
92.639999
92.290001
92.25
94.129997
92.330002
93.059998
94.599998
95.32
94.610001
93.919998
95
95.290001
92.970001
92.449997
93.730003
93.239998
94.529999
95.639999
97.489998
96
97.209999
97.400002
97.720001
98.139999
97.910004
97.309998
98.360001
99.160004
99.589996
99.449997
98.110001
96.989998
96.779999
97.480003
114.889999
114.410004
116.150002
118.5
118.400002
120.379997
118.919998
116.050003
120.410004
118.860001
118.650002
118.32
118.169998
115.830002
115.309998
116.199997
116
113.419998
114.870003
114.769997
114.220001
113.169998
111.959999
110.279999
113.849998
116.57
119.870003
118.970001
117.610001
117.839996
117.349998
117.720001
120.970001
121.559998
120.559998
120.809998
119.910004
120.110001
118.660004
122.080002
121.75
124.080002
122.18
125.040001
123.919998
123.75
124.199997
124.879997
127.260002
127.040001
127.379997
126.769997
125.699997
125.800003
126.489998
124.459999
122
124.68
125.739998
129.75
126.989998
127.529999
125.230003
129.440002
128.669998
128.339996
127.279999
130.860001
129.699997
129.220001
128.529999
128.559998
128.179993
127.830002
128.759995
128.770004
127.839996
126.839996
127.150002
126.949997
130.580002
132.240005
131.570007
129.839996
128.809998
128.75
127.139999
129.720001
127.160004
128.350006
132.559998
135.339996
136.080002
135.839996
133.860001
134.399994
131.940002
130.960007
133.850006
132
133.029999
133.259995
134.970001
137
135.899994
136.070007
136.660004
135.910004
136.619995
136.919998
138
137.25
138.389999
138.759995
140.589996
140.759995
143.619995
142.029999
139.910004
140.860001
138.589996
140.960007
140.470001
141.960007
144.820007
150.100006
150.179993
150.460007
150.990005
152.289993
152.020004
153.179993
153.770004
151.580002
150.009995
151.199997
151.580002
150.850006
150.979996
151.330002
153.270004
151.449997
152.169998
151.800003
151.679993
152
153.490005
153.559998
154.160004
152.050003
151.589996
152.970001
153.940002
156.990005
157.080002
155.910004
154.470001
151.830002
151.089996
154.270004
153.850006
153.470001
152.039993
153.839996
154.289993
154.270004
153.190002
152.130005
149.830002
151
151.509995
152.139999
150.830002
152.25
151.240005
150.160004
154.779999
156.270004
152.619995
153.869995
154.350006
156.259995
155.899994
156.279999
153.690002
153.770004
154.979996
155.369995
155.320007
154.570007
155.5
155.619995
156.479996
154.729996
155.690002
156.360001
155.589996
154.839996
157.979996
153.679993
154.449997
155.419998
156.229996
157.229996
159.419998
158.550003
159.910004
163.110001
166.949997
167
168.25
167.320007
166.910004
167.940002
166.789993
170.520004
169.220001
169.539993
166.389999
166.009995
166.490005
166.820007
166.029999
165.270004
165.070007
167.009995
164.800003
165.610001
168.360001
168.509995
166.940002
169.279999
171.039993
171.389999
173.320007
172.619995
171.300003
162.570007
158.720001
153.259995
158.050003
160.240005
159
158.089996
153.759995
158.509995
158.929993
157.699997
164.610001
163.399994
164.830002
165.059998
163
164.059998
164.720001
168.139999
167.229996
168.690002
165.779999
168.100006
168.009995
169.149994
164.360001
161.710007
163.350006
165.589996
165.759995
168.039993
165.910004
165.050003
163.940002
165.800003
166.070007
163.850006
159.259995
161.059998
166.110001
168.360001
169.210007
168.220001
168.020004
165.910004
169.199997
169.089996
172.960007
173.300003
173.960007
172.759995
172.949997
170.119995
172.529999
172.639999
171.559998
174.080002
170.690002
169.360001
155.199997
159.479996
162.699997
164.990005
164.5
170.509995
170.839996
170.830002
170.110001
170.979996
167
165.830002
163.520004
163.190002
184.080002
184.240005
185.080002
184.059998
183.110001
182.470001
185.539993
185.419998
187.270004
185.429993
184.940002
186.490005
186.119995
186.270004
184.929993
184.770004
185.309998
185.610001
185
181.809998
182.669998
183.210007
182.979996
182.169998
182
185.619995
179.089996
177.880005
170.449997
175.309998
174.259995
176.5
179.729996
175.660004
179.130005
173.929993
174.339996
181.169998
180.570007
177.029999
173.460007
168.880005
159.710007
155.339996
151.979996
153.839996
153.309998
158.490005
159.020004
158.919998
154.550003
150.070007
156.270004
159.169998
160.75
164.25
164.75
165.190002
168.410004
168.320007
169.380005
168.970001
164.639999
162.960007
159.009995
163.389999
191.619995
190.020004
187.869995
190.020004
188.009995
191.389999
192.350006
191.649994
191.570007
191.759995
191.910004
193.369995
194.110001
193.740005
194.179993
193.119995
193.75
194.669998
194.119995
200.509995
202.100006
203.940002
207.419998
205.669998
204.059998
206.910004
204.039993
204.419998
205.860001
205.389999
207.369995
208.130005
212.520004
206.990005
208.279999
210.720001
209.910004
209.970001
206.210007
208.679993
208.460007
208.270004
202.850006
207.429993
205.199997
208.130005
204.440002
206.449997
207.889999
208.470001
206.020004
206.589996
211.479996
213.690002
233.149994
233.009995
236.679993
237.059998
236.570007
236.740005
239.179993
239.360001
240.009995
239.979996
237.949997
237.880005
238.229996
239.820007
238.039993
240.199997
240.470001
238.229996
242.080002
239.160004
235.039993
236.210007
240.660004
243.639999
243.740005
244.720001
247.770004
247.289993
250.820007
252.289993
253.25
250.130005
255.110001
255.809998
256.089996
256.910004
255.800003
254.910004
258.600006
259.549988
259.019989
257.730011
260.480011
261.209991
260.570007
256.980011
258.910004
260.679993
262.350006
261.329987
261.910004
263.089996
265.950012
266.799988
266.970001
265.899994
265.790009
271.589996
274.549988
270.700012
275.890015
273.980011
271.450012
254.850006
254.089996
244.970001
247.210007
245.520004
246.460007
249.639999
246.740005
243.570007
238.729996
242.389999
236.759995
237.270004
232.990005
233.789993
234.550003
233.199997
239.740005
238.380005
237.009995
237.809998
243.660004
240.199997
237.119995
237.979996
237.600006
238.550003
235.600006
241.570007
239.070007
240.360001
236.660004
238.970001
266.140015
262.75
258.720001
256.040009
256.450012
254.429993
252.360001
252.25
246.990005
245.919998
239.860001
242.309998
243.339996
240.179993
239.289993
231.610001
228.169998
232.589996
232.630005
236.339996
236.610001
238.869995
240.410004
244.470001
246.619995
251.130005
250.089996
251
258.390015
262.019989
263.619995
261.600006
260.410004
259.5
257.410004
253.389999
257.600006
254.220001
253.940002
253.289993
251.139999
251.610001
255.020004
252.929993
256.690002
262.130005
259.970001
260.890015
262.950012
257.309998
256.859985
258.730011
255.75
257.339996
254.940002
