Adjusted
52.932968
52.543037
52.786755
52.608032
52.859852
53.022324
52.932968
52.957344
52.819244
52.981716
52.916729
53.233543
53.412262
53.590977
53.558487
53.688454
54.143379
54.102757
54.313969
54.15963
53.850945
54.468311
54.395203
54.062149
54.151505
54.151505
54.76889
54.996349
55.370037
55.329422
55.06134
56.434219
56.336723
56.523575
56.401718
56.97036
55.930553
56.499214
57.108475
57.498398
57.888332
58.172668
58.335129
58.138313
58.089123
57.679111
57.892319
57.777515
57.64632
57.826717
57.966133
57.572517
57.310108
57.506916
57.605309
58.203926
58.433521
59.03212
59.130527
60.024311
60.270329
60.696739
60.29493
61.213337
61.287128
61.951351
61.934944
62.443344
62.574547
63.28796
62.836945
63.771744
63.574947
63.730759
64.821373
64.878761
65.100166
64.952553
64.452347
64.296577
64.780357
65.296967
65.149361
65.81356
65.583954
65.903755
66.133369
65.321564
64.534363
65.001747
65.501968
66.034966
67.076363
66.608963
66.969772
67.486366
68.002983
66.182571
64.017754
62.861546
61.369137
59.499531
59.688129
58.523727
59.13628
58.142941
57.530388
59.0121
58.979
58.349895
57.902874
56.752281
57.530388
58.300224
59.103172
59.326664
56.760563
53.292183
54.18618
54.012341
55.767227
56.97578
57.770435
57.49728
56.793667
57.828381
57.298615
56.321838
56.321838
57.133053
56.826786
58.979
58.39957
58.515446
58.680988
59.285275
59.732273
59.13628
59.277
59.161106
57.083393
57.240673
56.644669
56.611557
56.14801
54.41795
53.573616
53.764011
53.9958
53.590183
53.143181
53.250793
53.482571
53.333561
52.331955
51.893242
50.560524
49.277462
48.722858
49.939686
50.701248
50.428082
51.628357
51.330357
52.033966
51.95118
51.777355
51.537304
50.966125
51.090302
50.030743
50.875072
51.454517
50.759193
51.361767
50.809402
51.428734
52.918442
52.633892
54.851734
53.839054
52.66737
52.290749
52.232166
52.700844
52.960285
52.441406
51.470566
52.818016
53.127666
51.914146
51.637959
51.989464
51.95599
51.930882
53.286682
53.638191
53.244835
52.97702
54.123608
55.086067
54.851734
54.249146
55.102795
55.23671
55.253452
56.349815
55.738861
55.328777
55.086067
54.600655
54.851734
55.086067
53.554504
53.587975
53.253212
51.529156
51.453827
50.826149
50.642021
50.94331
51.202751
51.001888
50.549961
49.520546
50.014332
49.503815
48.666897
48.106152
48.240055
47.562153
47.08511
46.842403
47.043266
47.436619
47.160427
47.922024
48.524609
47.143707
46.8512
47.461636
47.758373
47.970333
48.970783
48.02969
48.623161
48.445118
48.436646
48.546864
48.529896
48.911415
48.56382
48.173805
48.148369
49.343815
49.360779
49.08099
49.208172
51.463398
50.785141
50.819038
51.115791
51.887325
51.683834
52.396011
52.260361
52.116234
52.048409
52.022976
52.412979
52.226456
52.421455
52.896236
52.184059
52.55711
52.175587
52.396011
52.514713
53.371021
53.099716
52.379063
53.07428
52.158627
52.073837
52.489277
51.844933
51.395569
52.319714
52.13319
52.514713
52.938629
52.930145
53.235371
53.981453
54.054356
53.145302
51.884632
51.893211
52.450649
52.493526
51.867481
52.107609
51.987549
52.219093
50.529629
50.701153
51.138527
50.941284
51.507305
50.924122
51.404377
51.764572
51.944668
52.647892
52.562141
52.656479
53.162449
54.028625
54.894806
54.543182
54.140118
54.157269
55.040592
56.601421
56.112595
55.855309
55.74382
55.315025
55.392208
55.152081
55.186382
56.369873
56.53281
56.670029
57.15028
57.064522
57.441868
57.484737
58.213707
58.65966
58.110779
57.398994
57.133133
57.53619
57.82777
58.505295
57.836365
57.690571
56.875851
56.71291
57.484737
57.664848
56.798672
56.978771
57.287498
55.683796
55.606609
55.584919
56.955246
56.703735
55.801743
55.368095
55.220661
55.229332
55.194641
54.86507
54.388058
54.596207
55.628288
56.061932
55.801743
55.845112
55.281368
55.350754
55.628288
55.593594
55.793072
55.567577
55.428818
55.983883
55.706352
55.801743
56.027245
55.680325
55.715012
55.506866
55.862469
55.654305
56.139996
55.871128
55.775726
55.758381
56.096619
55.689003
56.235397
55.931839
55.385437
55.073223
55.211987
55.532887
54.691612
54.457443
54.500805
55.021183
55.211987
54.839054
56.200699
56.417534
56.313454
56.799137
56.894543
57.154736
57.137375
56.894543
56.755768
56.590988
56.842503
57.094025
57.050648
56.729752
57.276154
57.180744
57.241451
56.60833
56.157341
56.038929
56.223125
53.670712
53.846138
54.223297
54.258385
53.530369
53.609318
53.53915
53.240925
53.626862
53.881229
54.670628
54.468895
54.337322
54.802185
54.881134
55.030235
55.065331
55.056557
55.863506
56.609058
57.538792
57.714218
57.924728
57.942268
58.02121
58.24926
59.082512
59.354427
59.301804
59.503532
58.740452
59.117611
59.187782
59.038658
59.635113
60.091209
60.301704
60.635006
60.617466
59.521072
59.871925
60.178913
60.099968
59.950863
60.968327
60.222782
60.345577
60.547318
60.099968
60.213997
61.152515
61.161282
61.65247
62.275227
62.757629
63.520718
63.57336
63.450565
63.643524
62.32785
62.862881
63.485638
64.090843
64.617126
65.292503
63.783852
63.143566
64.248741
63.707848
63.743305
65.188606
64.390594
63.601452
64.168922
64.505875
64.629997
63.574848
65.002396
65.330482
66.78463
67.777718
67.449646
67.440765
68.221062
68.478203
68.824005
68.903778
69.160927
70.06868
69.65081
71.180038
71.50901
71.704613
71.802399
71.793503
71.971329
70.957771
70.939995
70.886642
69.855301
70.566566
67.579254
67.348099
68.166046
68.005997
68.477226
68.112694
68.005997
69.215164
67.872643
68.841751
68.975121
66.272293
66.174507
65.596596
66.21006
66.396774
66.263405
65.438156
65.321663
62.642498
62.723141
62.27512
61.934612
63.054668
62.821701
63.350368
62.982983
64.0672
64.389786
66.065384
66.361076
65.751762
64.515228
64.210571
64.801964
65.993706
65.429192
65.438156
65.617371
68.905846
67.176483
67.292969
66.414841
66.352135
65.70697
66.172913
65.563606
65.67112
65.330635
65.545677
65.223106
65.151413
65.465027
65.249969
64.801964
65.07077
63.502697
61.737484
62.131752
61.629955
60.698067
60.124603
61.343227
61.934612
60.841438
60.993771
60.115646
61.110249
62.185505
61.997345
62.015255
61.728523
61.217781
61.181942
60.680153
60.778728
60.151482
59.6049
60.160446
59.766186
58.759659
58.868473
57.635242
57.988888
57.33601
57.771259
58.097706
58.00703
57.635242
58.197449
58.396946
59.049835
59.113316
58.215584
57.653385
57.082104
56.057442
56.937023
56.565239
56.302269
56.7738
57.082104
56.973293
58.387875
58.152111
58.115841
58.532967
58.569233
58.260929
58.306274
58.569233
58.43322
58.315334
57.97982
58.288132
57.716858
59.294659
59.920349
60.056366
60.428139
60.174244
60.836193
61.15358
60.536964
60.23772
60.745522
61.117294
60.546017
61.18985
61.634171
61.525352
62.015026
62.132896
54.225731
54.452431
54.905827
54.044373
51.568851
49.836895
50.870628
51.704876
51.405628
49.891304
49.211216
49.374435
49.374435
48.150276
48.612736
47.92358
47.860104
48.420998
48.66927
49.487625
50.186451
50.986412
51.630074
52.200161
52.062229
52.29211
52.016254
52.338085
50.92205
51.381805
51.547314
51.271465
51.547314
52.705887
52.466816
52.935757
53.184025
53.009319
52.91737
52.402451
51.42778
51.482952
52.38406
53.358723
53.082882
53.588604
53.680557
50.692177
50.646206
50.710567
50.499077
50.462299
49.395676
50.103691
49.294525
49.138214
49.827843
46.729118
45.763645
46.113052
45.864788
45.965935
45.680885
46.45327
46.030296
46.98658
47.437138
48.494564
49.064651
48.540539
48.733631
49.349697
49.046265
49.616356
48.660069
47.887695
48.917538
49.487625
49.671528
49.487625
49.31292
50.002548
50.048523
50.094498
51.234684
51.066975
50.237747
50.34956
50.750198
51.616684
51.728485
52.045269
52.650879
52.762684
52.576344
52.86517
53.796883
53.303074
52.371361
52.41795
52.716099
52.073219
50.815411
50.908581
50.95517
51.830978
49.306042
50.312286
51.70985
51.225361
52.119801
50.116627
50.116627
51.542145
51.691219
51.020386
52.175701
52.520439
52.473854
50.042091
46.659988
46.585453
45.392868
45.122669
46.324577
47.032673
48.076183
48.625896
49.371265
49.762581
50.172531
51.318535
51.607361
51.86824
53.638489
54.421124
53.505928
53.543667
53.996544
53.26062
53.571976
54.043724
56.402473
57.1101
57.308239
57.629028
58.506485
58.355522
57.978119
58.072472
57.732815
57.515804
58.336651
59.648121
59.402809
59.402809
59.657551
59.987782
59.950039
58.572529
58.855579
58.912186
59.317894
59.68586
59.846252
59.638687
59.591507
60.129303
60.318001
58.846142
56.317558
57.072365
57.902637
58.676308
58.978237
58.742355
58.610271
59.082016
59.85569
61.752121
62.138962
62.365395
62.893764
63.120197
61.903084
62.950371
62.988117
63.431561
62.620152
61.686081
61.242638
61.601166
61.799297
62.280479
62.280479
62.261608
62.563534
62.582413
62.818279
62.951832
64.182449
63.695927
64.516319
64.697586
65.269958
65.4226
66.147606
65.451218
66.118988
66.662743
66.595963
65.937737
66.662743
65.794632
65.727859
66.5578
67.740723
68.761452
68.732834
69.467384
69.82988
70.411812
69.772652
68.828232
69.286133
69.82988
68.55159
68.847305
67.654861
68.685135
69.247971
69.686798
69.715424
69.93483
70.478577
70.57399
70.316406
70.154236
71.089119
72.653618
73.035194
71.022339
70.316406
70.383186
69.381531
69.295662
70.335495
71.060501
70.545357
71.003265
70.564438
69.639091
70.717072
70.764771
70.039764
70.049301
70.57399
69.810814
70.144699
68.818695
70.192398
69.887123
69.32428
68.999947
70.030228
70.66938
70.764771
69.620026
65.689705
66.62458
64.9086
65.188171
65.515938
65.593063
66.16185
66.749908
67.550056
68.870789
69.622742
70.239716
69.372093
70.307205
69.323891
68.089912
66.701714
65.689468
65.004997
64.580826
64.542267
64.3591
63.925278
64.108444
64.320534
64.31089
64.474777
65.226738
65.506294
66.219688
65.901558
66.383575
66.325737
65.573776
64.012047
64.397659
65.313484
62.797359
60.965687
59.616032
61.13921
62.016491
60.821083
58.343506
55.779171
56.637165
58.835163
58.603798
58.401352
57.427673
57.745804
57.205944
58.382069
57.79401
58.073578
58.227821
58.873726
58.247101
56.280468
57.225224
57.562634
57.851845
59.963093
60.358345
60.213734
60.811443
60.946407
58.989414
58.044651
59.700005
60.344566
60.481293
59.71954
59.739067
59.436321
60.090649
59.729301
60.285969
61.057491
