Adjusted
88.709999
86.220001
86.82
87.089996
88.739998
91.019997
91.260002
90.610001
90.300003
90.900002
90.559998
90.57
91.889999
91.269997
90.870003
90.949997
92.610001
92.75
92.639999
92.139999
91.57
93.089996
90.82
91.589996
92.209999
91.400002
92.529999
92.470001
91.989998
93.220001
93.470001
92.610001
93.360001
92.330002
91.790001
92.650002
90.419998
91.489998
92.980003
92.720001
93.769997
93.739998
94.959999
94.620003
94.260002
94.480003
94.709999
94.239998
94.239998
94.660004
94.82
93.970001
93.989998
94.779999
93.110001
93.260002
92.550003
93.260002
93.160004
93.910004
93.699997
95.5
94.290001
94.57
92.389999
93.029999
93.150002
95.120003
95.459999
94.330002
91.309998
91.690002
89.849998
88.239998
88.449997
89.230003
92.099998
92.480003
92.879997
92.300003
92.449997
92.400002
92.379997
92.629997
93
93.529999
94.470001
95.800003
96.419998
96.910004
96.5
97.75
98.489998
97.07
98
97.529999
98.080002
96.699997
97.169998
97.790001
99.269997
97.57
97.720001
96.709999
97.010002
96.589996
96.220001
97.330002
98.379997
98.330002
97.18
97.18
99.019997
98.599998
100.209999
101.900002
100.220001
97.360001
99.260002
97.629997
99.730003
99.419998
100.379997
100.050003
102.370003
100.360001
100.470001
102.010002
101.699997
102.190002
104.279999
104.489998
104.529999
104.639999
103.5
103.25
104.629997
104.739998
105.410004
99.169998
100.309998
100.769997
100.160004
99.629997
100.510002
100.940002
102.93
102.089996
102.639999
102.220001
101.889999
102.970001
103.410004
103.470001
103.529999
102.889999
99.760002
98.470001
98.160004
98.970001
98.589996
100.190002
99.629997
99.440002
98.449997
98.529999
98.93
98.849998
99.980003
101.160004
101.699997
101.620003
103.089996
103.889999
104.93
104.410004
104.190002
105.75
105.980003
106.610001
106.440002
106.540001
105.959999
106.660004
106.720001
107.730003
107.279999
106.209999
105.699997
105.650002
104.589996
105
103.809998
102.739998
102.339996
103.870003
104.480003
104.18
103.110001
104.110001
106.349998
106.480003
106.209999
99.830002
101.82
101.290001
101.989998
102.239998
102.150002
100.980003
100.919998
100.580002
100.800003
99.470001
99.690002
98.449997
100.120003
99.660004
99.519997
100.050003
100.620003
102.120003
101.25
100.5
100.400002
101.379997
101.089996
100.660004
99.669998
99.900002
99.529999
99.580002
99.339996
99.199997
98.489998
98.209999
98.489998
97.029999
95.25
96.010002
96.029999
96.720001
96.099998
98.800003
99.019997
99.580002
99.470001
99.599998
99.599998
99.360001
100.300003
100
99.220001
98.040001
98.389999
100.379997
100.480003
100.620003
101.459999
100.510002
103
103.949997
105.25
104.400002
105.050003
104.959999
104.580002
103.019997
102.900002
110.410004
108.809998
109.809998
108.269997
105.110001
105.220001
105.309998
106.900002
108.720001
109.190002
109.849998
110.790001
112.050003
112.480003
111.889999
112.120003
114.940002
113.309998
113.589996
112.589996
111.870003
112.209999
111.400002
110.540001
112.589996
112.889999
112.779999
112.720001
113.07
113.360001
113.239998
112.699997
113.040001
113.650002
114.230003
112.800003
112.489998
110.739998
108.480003
108.620003
107.360001
107.809998
107.68
108.410004
108.879997
110.650002
110.849998
111.029999
109.410004
111.449997
114.290001
109.919998
108
109.139999
109.650002
109.82
111.150002
111.089996
111.599998
110.400002
110.290001
108.699997
108.239998
99.029999
98.540001
100.529999
99.900002
101.260002
101.75
101.769997
101.93
103.459999
105.120003
104.849998
102.139999
101.589996
103.010002
102.059998
100.980003
101
100.360001
100.540001
100.199997
100.150002
100.459999
100.160004
100.730003
102.370003
102.57
104.57
105.540001
105.5
105.139999
105.080002
104.43
104.889999
104.660004
105.300003
107.199997
105.660004
106.07
105.769997
104.989998
105.550003
104.919998
105.360001
104.440002
104.940002
104.699997
105.82
104.860001
103.610001
103.529999
102.190002
102.800003
103.290001
101.900002
101.5
99.25
101.519997
101.300003
107.160004
104.790001
105.730003
105.959999
105.370003
105.160004
105.760002
103.440002
103.190002
103.959999
103.839996
103.400002
102.730003
103.589996
103.57
102.449997
103.120003
104.519997
103.440002
104.339996
104.349998
103.32
103.300003
102.919998
103.099998
103.610001
103.300003
103.360001
103.43
103.879997
103.720001
103.519997
104.080002
103.099998
102.57
103.169998
103.699997
101.779999
101.230003
101.32
101.57
102.129997
101.580002
101.529999
100.639999
101.449997
100.110001
100.139999
100.050003
99.120003
98.419998
97.18
97.739998
97.82
96.739998
99.050003
97.900002
97.339996
95.760002
96.139999
95.080002
95.120003
96.980003
97.540001
107.169998
104.459999
107.339996
108.209999
108.160004
110
109.870003
110.599998
110.800003
111.68
111.910004
111.790001
112.879997
111.050003
112.510002
112.330002
113.5
113.720001
112.480003
112.449997
114.089996
114.349998
115.93
115.839996
116.470001
115.809998
115.870003
115.900002
115.900002
116.800003
116.980003
116.489998
115.449997
115.349998
115.550003
112.440002
113.360001
111.559998
111.75
111.239998
113.349998
114.260002
115.089996
115.489998
114.330002
114.540001
114.349998
114.43
113.769997
112.720001
113.879997
113.019997
112.529999
115.93
118.089996
116.519997
116.459999
116.019997
114.400002
112.790001
113.459999
113.959999
114.269997
115.910004
114.449997
116.110001
119.349998
118.949997
120.620003
119.050003
119.059998
119.480003
119.129997
120.099998
119.059998
117.739998
118.68
118.75
119.150002
119.860001
119.989998
120.010002
119.489998
121.040001
121.620003
120.559998
120.730003
120.93
120.379997
121.360001
119.529999
120.239998
121.889999
118.940002
119.169998
116.870003
119.760002
121.980003
120.949997
124.599998
123.459999
124.07
123.610001
124.82
123.839996
123.139999
121.540001
121.849998
124.110001
124.940002
124.32
123.470001
124.199997
125.629997
124.940002
124.919998
125.43
125.769997
124.75
124.559998
124.580002
124.940002
124.410004
124.019997
124.160004
124.080002
124.349998
123.540001
122
125.589996
125.449997
125.190002
126.589996
127.019997
127.690002
127.389999
128.059998
130.399994
131.199997
130.820007
129.789993
130.009995
130.570007
131.490005
133.190002
134.759995
133.839996
133.289993
132.690002
134.720001
134.570007
133.619995
133.820007
134.089996
134.669998
133.860001
133.399994
133.220001
133.429993
134.820007
134.639999
133.940002
132.990005
134.229996
134.369995
136.5
136.399994
136.360001
135.229996
134.220001
130.220001
130.779999
127.830002
128.380005
129.029999
129.369995
129.610001
129.800003
125.459999
125.410004
128.529999
129.710007
131.699997
130.410004
130.789993
130.880005
131.119995
130.630005
132.410004
131.570007
130.729996
129.869995
130.580002
133.380005
132.589996
133.490005
133.589996
134.550003
135.139999
131.539993
131.940002
133.899994
132.600006
129.619995
128.619995
128.820007
129.240005
128.919998
128.759995
125.82
122.760002
117.769997
116.830002
122.669998
125.709999
124.809998
121.379997
118.360001
122.220001
122.669998
120.010002
123.550003
121.68
122.900002
124.589996
124.160004
124.68
124.5
124.07
122.160004
121.190002
119.82
119.93
118.720001
117.160004
115.230003
117.199997
118.209999
117.360001
119.309998
119.739998
117.379997
119.559998
119.760002
120.919998
120.589996
119.059998
118.010002
120.599998
120.989998
121.589996
122.010002
121.339996
123.18
124.269997
124.160004
127
129.190002
128.559998
127.800003
132.229996
132.830002
132.240005
131.740005
132.479996
132.160004
132.300003
131.669998
129.449997
128.690002
130.520004
131.770004
131.860001
131.550003
133.169998
133.729996
132.830002
133.259995
134.100006
132.820007
133.380005
130.789993
127.559998
131
130.809998
130.160004
128.929993
130.25
129.490005
129.679993
131.610001
133.729996
131.300003
129.520004
130.610001
132.839996
133.919998
133.940002
134
136.169998
135.639999
134.580002
130.350006
129.809998
129.710007
128.820007
126.720001
126.080002
126.82
123.919998
127.029999
126.239998
125.849998
125.019997
124.559998
127.209999
127.620003
122.550003
121.25
117.449997
121.209999
120.360001
118
118.839996
117.919998
115.470001
113.620003
115.830002
117.68
116.459999
118.410004
120.019997
122.129997
121.199997
121.370003
122.690002
121.07
120.760002
121.809998
121.839996
120.309998
123.550003
126.029999
126.349998
127.099998
128.009995
127.75
127.919998
127.489998
129.149994
128.960007
129.160004
129.949997
127.760002
129.949997
130.149994
129.979996
130.649994
129.830002
129.940002
131.679993
132.160004
131.919998
133.410004
132.889999
131.009995
134.190002
130.149994
131.330002
130.660004
132.190002
134.740005
134.889999
135.809998
138.309998
136.619995
136.410004
137.679993
138.139999
137.570007
133.339996
133.240005
131.649994
130.160004
132.880005
131.270004
130.729996
131.100006
132.809998
133.710007
135.699997
134.550003
134.960007
134.759995
136.009995
134.490005
135.050003
134.919998
135.440002
135.110001
137.559998
137.610001
136.710007
137.449997
137.550003
138.460007
139.759995
138.380005
138.779999
138.210007
139.679993
140.050003
138.039993
135.630005
135.910004
134.990005
135.369995
134.020004
136.460007
136.100006
137.229996
138.399994
135.529999
132.5
133.990005
134.649994
140.649994
142.070007
141.520004
142.649994
142.470001
146.529999
145.779999
147.610001
147.919998
149.270004
148.830002
148.929993
148.789993
150.580002
149.460007
149.399994
148.440002
155.089996
157.399994
157.059998
158.929993
159.580002
157.210007
157.199997
157.449997
157.25
157.389999
158.270004
158.509995
159.300003
158.25
159.139999
158.229996
158.490005
159.100006
160.259995
160.779999
161.820007
157.990005
158.110001
158.210007
158.899994
157.520004
157.309998
156.100006
156.190002
156.690002
159.229996
159.490005
151.130005
153.440002
153.070007
152.889999
155.160004
153.889999
154.679993
155.089996
156.720001
157.820007
157.669998
156.779999
159.479996
158.240005
156.339996
158.490005
159.050003
158.199997
158.270004
157.759995
159
158.889999
156.830002
155.75
154.820007
154.899994
155.169998
156.740005
157.289993
157.190002
156.179993
157.75
138.600006
137.419998
140.800003
139.809998
139.139999
137.429993
136.419998
136.789993
138.039993
140.289993
141.149994
142.380005
143.320007
142.089996
140.179993
141.470001
140.699997
138.850006
135.179993
137.649994
135.300003
138.350006
138.720001
136.559998
137.630005
134.570007
133.710007
134.729996
134.830002
138.880005
136.669998
138.070007
139.509995
139.440002
139.589996
138.399994
137.5
137.080002
136.130005
136.330002
135.639999
135.720001
136.210007
136.509995
134.660004
134.5
134.389999
