Adjusted
34.867661
34.620304
34.061466
34.840183
34.968433
35.224949
35.334888
35.820438
35.765465
36.003647
36.086102
36.058617
35.921207
36.177723
36.205196
36.131912
36.342609
36.736549
36.699913
36.525852
36.608292
36.928944
36.65411
37.863388
37.964157
37.845066
37.927505
38.000801
38.431377
38.25156
38.601986
37.947247
38.454433
38.362209
38.380665
38.555882
37.47694
37.624489
37.965683
37.75359
38.104012
38.518982
37.550716
36.849861
37.006634
37.47694
38.067123
37.845806
39.450367
39.395042
39.265945
39.127617
41.257832
42.438202
42.244553
42.871616
42.594967
43.867565
43.563255
43.969013
43.314262
43.63702
42.696415
42.963844
43.351147
43.950569
44.54998
44.365536
44.881954
44.974167
44.835846
45.241604
44.771286
44.918846
45.509029
45.850235
45.758011
45.232376
45.831791
45.435253
45.573578
45.656567
45.130932
45.075603
44.282543
44.116554
45.361477
45.296932
44.08889
44.928066
45.25082
45.73035
46.136105
45.287712
46.006413
46.136246
46.470097
46.497913
46.739037
47.082142
46.581364
45.941494
45.449993
44.290791
44.977043
44.541187
45.097595
44.735935
45.830215
46.04351
45.941494
45.756035
46.433002
46.535011
46.720486
47.202709
46.581364
44.828659
45.171791
44.559727
41.935291
41.740555
41.638535
40.98938
41.119217
41.230488
40.915195
41.035755
42.037304
43.075943
44.37426
45.162518
45.218151
45.691105
45.681828
46.117699
46.868858
46.933781
47.536556
47.304714
47.36964
47.304714
47.128513
46.943047
46.377354
46.599922
47.416008
47.276894
47.258343
46.590649
46.080608
46.266075
46.006413
46.544289
46.868858
46.794666
45.774574
45.583244
45.284576
45.508575
45.191242
45.349922
45.536575
45.564575
44.099266
43.931271
44.407265
44.864586
45.489914
46.189892
46.843224
46.1619
46.87122
47.29121
47.365875
49.736504
49.895172
51.127148
51.257816
51.920471
52.25647
51.81781
52.480465
51.696465
51.192478
51.080486
50.875153
50.21249
52.489799
52.760456
52.228466
52.069801
51.509811
51.20182
51.341812
52.265797
52.228466
52.919125
52.545795
53.749775
54.841755
54.683086
54.487091
54.776424
54.869751
55.299084
55.243084
55.44841
55.775078
55.177761
55.289749
56.484398
56.139065
56.279064
55.849743
55.252422
55.719074
55.485744
55.513741
56.549721
56.404301
56.55442
56.404301
54.968872
55.728802
56.526272
56.76083
56.188522
55.860161
55.550552
55.541168
55.447353
55.081448
54.011913
52.642147
53.205059
53.15815
53.101852
54.115116
53.993149
53.486523
53.364552
52.773491
53.796124
53.420841
55.39106
53.983765
54.049442
54.105732
53.880562
54.265221
53.889942
53.130009
53.30827
53.60849
53.955624
55.691284
57.361267
56.629478
56.479362
56.291725
55.813244
56.188522
55.503635
55.100216
55.2691
54.743702
53.692924
53.852417
53.495895
53.008045
53.721069
53.805508
52.135525
52.492031
54.274601
55.559937
57.19239
56.901546
60.232151
61.376736
62.588154
61.070358
60.844101
61.758556
62.739002
62.52216
62.710709
63.116085
62.701286
64.28508
64.05883
63.540329
65.133537
64.558487
62.889824
63.361206
62.955818
62.710709
63.097233
63.097233
63.229214
63.483749
63.351776
63.002964
62.691856
61.042076
60.627266
62.616436
61.211761
60.664974
61.617134
62.248775
62.060234
62.550442
63.248062
62.267639
61.372021
60.165325
61.767975
59.769382
60.580132
61.909386
62.229923
62.371342
62.927551
62.343048
63.521458
63.530903
63.559174
62.833271
63.587452
63.464912
64.011696
65.454086
64.91671
65.850021
64.841293
65.868889
64.756447
64.728165
65.378677
65.586052
64.681023
64.209663
63.889133
65.863922
65.2388
65.210381
66.13858
66.100693
66.526901
66.119629
67.350922
68.108627
68.203331
67.777122
70.618553
71.603561
71.06369
70.959511
70.789032
70.722717
68.63903
69.197815
69.41568
69.23571
72.058182
71.404655
70.599594
69.832428
68.648491
70.268089
70.305992
70.182861
70.211273
69.879776
69.178902
70.069206
69.690353
67.360397
68.146515
67.748703
67.871849
67.710831
67.80555
67.644531
66.470078
68.165451
67.88131
69.008415
69.046303
69.216774
69.41568
67.672951
66.451134
67.142548
65.134605
66.801567
68.298058
65.46611
56.07999
57.652233
57.491222
58.713028
58.874046
59.148712
58.95929
58.485714
58.788799
59.186874
59.044025
58.158367
58.139313
57.891716
58.025032
57.644104
57.586967
57.634586
57.148903
57.348888
59.48209
60.901054
59.958244
59.624939
60.301086
60.415367
59.824924
59.729698
60.605831
60.691547
60.167763
59.882065
57.539352
58.186932
58.586906
57.606014
57.310795
56.75845
56.444183
56.225151
56.910816
57.872669
57.758389
56.987007
58.529762
58.615479
59.986828
57.796478
57.796478
58.044083
57.51078
57.396503
57.329849
58.615479
58.567867
59.110683
59.663036
60.101105
60.662975
59.83445
59.958244
61.158184
61.88195
62.129551
62.529533
63.472313
63.729446
64.548454
64.281792
64.22467
64.088745
64.060036
63.696342
65.141579
64.883156
64.452454
64.691727
64.825729
64.902298
65.533997
65.667992
64.864006
63.887749
64.490738
64.988441
65.658417
64.825729
65.648857
65.227722
69.879318
71.305435
70.290886
69.285896
68.903069
71.190567
70.08989
71.085281
73.229256
73.382385
73.181381
73.497238
72.788971
72.932533
72.741112
71.305435
71.487289
73.315384
74.22464
72.42527
72.453972
72.032845
71.774414
71.573425
72.769821
72.788971
72.348679
72.760262
72.348679
72.587959
71.717003
70.606735
71.372437
70.587593
71.678719
71.582993
71.46814
71.582993
72.884689
73.123962
73.401527
76.119736
76.531311
75.673935
74.972267
74.770416
74.107208
74.136032
75.539352
77.269501
76.904228
78.480576
79.855087
80.374123
79.980026
79.797394
79.970421
79.153404
80.258766
79.509056
79.307213
80.97966
80.47023
83.401848
82.911644
83.795937
83.968941
84.805183
84.507202
84.584106
82.546387
81.162285
81.979294
82.652115
81.392967
80.989265
82.632904
84.593719
83.892036
84.276512
89.024773
88.448044
88.150078
88.409622
87.986679
86.04509
83.584457
83.738258
83.709427
83.642128
83.324951
82.642517
82.777077
82.73864
81.287239
79.710899
80.220329
80.864319
79.91275
79.874306
80.960442
81.719765
80.97966
80.912376
80.806641
82.036964
83.113503
83.007767
82.832123
81.915421
84.086586
83.420769
82.552299
83.160217
83.034775
82.832123
82.967224
83.304962
82.812836
82.262794
80.950455
80.342529
81.22065
82.494385
82.78389
82.07946
81.461891
82.870735
82.619843
84.723457
85.418228
84.675209
84.03833
83.131271
83.333908
83.729538
81.32679
81.481194
82.76458
82.803177
82.397911
84.192726
82.899673
86.412132
89.847382
91.169388
91.024635
90.657944
92.722961
92.39489
92.298386
92.308029
93.253693
92.134346
91.777306
91.072891
92.848419
93.195808
93.157211
93.244041
92.549286
92.31768
93.292282
90.445671
90.011421
90.657944
89.692986
90.088623
89.297363
88.872765
89.80278
89.066536
88.553101
86.964333
82.934364
79.698746
78.468445
82.740623
85.104355
84.687782
83.844994
83.350922
85.084976
85.501541
84.697495
87.274345
86.160294
86.586533
87.574654
87.351845
88.0784
88.068726
86.877159
83.786858
85.491852
83.999985
84.707176
83.069977
82.653419
80.047501
79.495316
80.502815
81.984993
84.387474
85.210915
81.471558
81.800941
81.645927
82.701874
83.51561
82.47905
81.403748
84.532799
85.385292
85.695297
85.966537
85.288414
85.859978
87.148407
86.683418
92.18589
82.294998
81.25843
82.03344
83.844994
85.472473
84.745918
83.263725
82.023743
80.870949
80.919373
79.262817
78.231407
77.034576
79.632568
80.732086
82.298676
80.595871
79.622841
79.700676
80.693176
81.150497
81.909447
81.763496
81.724571
81.06292
79.729874
82.337585
82.580849
81.403496
81.092117
81.169952
79.506073
80.333153
79.895287
82.425148
81.092117
80.284508
82.600296
83.690094
83.729019
84.127968
83.524666
84.478241
84.059837
82.863014
80.809929
78.688736
77.48217
78.980637
78.863876
78.834679
79.613106
77.774078
79.661751
77.774078
78.523315
77.30703
76.849716
78.659531
76.586998
77.29731
76.334
75.516663
77.569763
77.910301
75.896149
74.738228
75.107986
73.171661
70.943436
72.908943
73.959824
73.492767
75.000961
74.834778
76.408691
74.834778
75.831909
77.034355
76.965919
77.650238
78.129257
77.787094
77.171219
78.549622
77.679565
78.129257
77.669777
77.376518
78.588722
79.771614
78.852676
79.585876
79.693405
79.497887
80.260406
81.433517
82.059181
81.677925
80.944725
80.495026
80.485252
80.934944
81.15979
81.756126
82.352463
84.757332
84.376068
81.49218
81.814789
79.47834
79.546776
79.331703
79.488113
79.263268
79.43924
79.615204
79.429466
80.006233
79.312141
78.754921
78.34433
78.588722
79.488113
79.732513
78.549622
77.503593
78.754921
79.634758
79.664085
79.634758
77.650238
79.077522
79.10685
78.432312
78.080383
76.84861
77.457512
75.110321
75.169235
74.845146
75.837051
75.159416
75.768311
76.2397
75.404922
75.620995
76.013832
76.701294
77.68338
77.270912
77.251266
77.703026
78.017288
77.595009
80.993034
82.84919
82.829544
81.719772
81.660851
81.169815
81.444801
81.709953
82.24028
83.536644
80.315384
77.968193
78.449409
81.700134
81.778702
81.572472
82.024223
80.089508
79.058319
80.335037
80.541275
79.765427
80.305565
82.279572
81.03231
81.297478
80.737686
81.03231
80.236824
79.893089
80.109154
79.873444
78.508347
78.036942
77.830696
77.850334
77.536064
78.174423
78.419952
79.087769
79.185982
79.44133
81.022491
81.425163
81.827805
82.112617
81.317123
81.410835
81.539101
81.479897
81.627884
81.27272
80.374962
79.102295
78.322914
79.27002
79.437729
79.625168
80.444016
81.114876
80.542671
81.766006
83.531944
81.805466
82.446732
81.144478
79.891548
80.305908
80.394691
79.723824
79.556114
79.496925
81.27272
80.947166
79.595573
79.881676
79.575844
78.145332
79.536392
79.299606
79.161491
79.427872
79.220688
78.806328
78.57943
77.030525
77.247566
77.148903
77.257431
76.961472
77.030525
76.142624
79.931
80.47361
81.99292
81.341782
81.19381
81.055695
80.009933
81.618027
81.351646
80.828781
79.694229
79.27002
80.355232
79.013504
80.444016
79.78302
79.960602
80.661057
82.5392
82.450012
83.242889
82.529289
83.66906
83.173508
83.302353
83.67897
84.59079
84.769188
83.976311
83.47084
84.352928
84.243904
83.956482
84.233994
83.530304
85.621544
85.869316
86.949623
84.977318
84.957504
85.314293
85.294472
85.512512
85.086342
83.520393
83.530304
83.738441
82.846443
82.737427
82.023827
