Adjusted
30.82748
30.57242
30.730738
30.581217
30.528452
30.528452
31.135326
30.871468
30.581217
30.880253
30.862661
30.809891
30.721945
30.818684
30.739536
30.924231
30.906641
30.880253
31.020987
30.976688
30.852678
31.118425
30.790676
30.870398
30.976688
30.702091
30.896973
31.23358
31.455023
31.118425
31.189278
31.144995
31.127275
31.091848
31.41074
31.729626
30.817249
30.781822
31.118425
31.074133
31.348732
31.756203
31.782776
31.933365
32.261112
32.331985
32.890038
32.473705
32.571148
32.74831
33.837849
33.448093
33.208927
33.164635
32.898895
32.952049
32.960903
33.040623
32.757168
32.766022
32.712872
32.668594
32.482574
33.146919
32.907753
32.792599
33.173492
33.279797
33.226646
32.960903
32.39399
32.828022
32.385128
32.128246
32.500278
32.535709
32.890038
33.076061
33.341789
33.554394
33.554394
33.642975
33.182358
33.138062
33.430374
33.572113
34.015007
34.327496
33.827522
33.952518
34.104294
34.604252
35.086342
35.050636
35.60416
35.889866
36.31839
35.800571
35.72023
35.925564
36.175556
36.380882
36.827274
36.202332
36.363037
36.104115
35.550594
36.354099
36.827274
36.845131
36.300526
35.952351
36.550514
35.854145
36.255894
36.461239
36.300526
35.79166
36.568367
35.532745
35.979134
36.621933
37.104046
36.845131
36.92548
36.800495
36.800495
37.559357
38.237873
38.121815
37.559357
37.398655
38.059315
38.702114
38.407494
38.844971
39.648468
39.684177
39.844894
39.791313
39.559193
38.969959
38.844971
38.612843
38.621769
38.83604
39.514553
39.719894
39.585976
39.309208
38.89571
38.850773
38.85976
38.83279
38.940659
38.742901
38.644024
38.428284
38.194569
38.284458
38.077709
38.185574
38.437267
38.104679
36.954082
37.079922
37.079922
36.927105
37.205769
37.304649
37.592297
37.24173
37.502415
38.158611
38.203556
37.987816
37.924889
38.554127
38.518173
38.931679
38.61705
38.518173
38.032761
37.511391
37.583313
37.40353
37.385548
37.142853
37.295658
37.088913
36.855202
37.124866
36.513607
36.172028
36.2799
37.250713
37.24173
37.529377
37.340603
37.942871
38.365364
38.365364
38.31142
38.599075
38.437267
38.374344
38.527164
38.500198
38.61705
38.742901
38.374344
38.356369
38.383343
38.320412
38.419991
37.759144
38.664417
38.700626
38.27515
38.709679
39.008427
39.415802
39.298111
39.43391
39.488224
39.904655
40.158127
40.266766
40.112865
40.076649
39.850338
39.995186
39.587799
39.605907
39.153275
39.931808
40.121914
39.931808
39.397697
39.379589
39.587799
39.814121
39.461067
40.674133
40.755615
40.701286
40.92762
41.090557
41.226364
41.190147
41.190147
41.099613
40.755615
41.045303
41.117718
41.099613
41.570366
41.787632
41.588463
41.244457
41.271618
42.004894
41.995842
41.995842
42.095421
42.249313
41.959637
41.172043
41.2173
41.606567
41.271618
41.688049
41.045303
40.221497
40.529305
40.310558
40.811817
41.349541
41.486252
41.896378
41.9146
41.905491
42.042198
42.042198
41.495365
41.586498
41.559162
41.996632
41.996632
41.96928
41.96928
42.306496
42.060425
42.598137
42.917126
43.144962
43.700905
43.883183
43.573326
43.855846
43.600662
43.199646
43.864967
44.111046
43.573326
44.685207
44.767231
44.639641
44.621407
44.202171
44.749008
44.922169
45.332291
45.359627
45.350517
45.414318
45.16824
44.347992
44.502934
44.749008
43.482182
43.819393
43.846729
44.457363
44.739887
44.594074
44.767231
44.867493
45.19558
44.949512
44.703434
44.603188
45.086224
45.24115
45.24115
45.186474
45.16824
44.739887
45.336544
45.281471
45.051994
45.676178
45.72208
45.244751
45.006096
45.051994
45.428341
44.941837
45.593567
45.887306
46.043346
46.40134
46.300373
46.144329
46.612465
46.897034
46.897034
46.851131
47.392712
47.713985
48.200485
48.273918
47.952644
47.466145
47.640553
46.897034
47.42025
47.769058
47.750706
48.549301
48.631908
48.182125
48.2831
48.071976
48.558487
48.246384
48.393257
48.338177
48.650276
48.191303
47.961826
47.906754
47.557941
47.264202
47.098969
47.135689
46.970459
46.520679
47.071438
46.86031
47.135689
47.117336
47.355995
47.36517
47.36517
47.310097
47.824139
46.722626
46.217754
46.805237
46.263657
46.2729
45.94014
46.217442
46.115757
46.01408
46.208191
46.568695
46.411552
46.85524
47.012375
47.003132
47.409851
47.30817
47.557747
47.659431
47.456066
47.280445
47.5485
47.668663
47.650177
47.668663
47.742619
47.576233
47.206493
47.622448
47.687145
47.788834
48.010677
48.352688
48.537552
49.21233
49.323254
48.898041
48.158566
48.186298
47.520779
47.945969
47.779591
47.945969
47.382118
47.511524
48.158566
48.093864
47.21574
48.204781
47.252708
46.809025
46.402309
45.135948
44.23008
44.488903
45.006538
45.459469
46.633396
46.37458
46.772053
47.326656
47.428337
47.862774
48.223274
48.491333
49.073673
49.332489
49.240063
49.807632
50.300781
50.096081
50.086777
49.854164
49.816944
49.677372
49.640152
49.723896
49.565716
49.649456
49.761116
50.068165
50.338001
50.133305
50.505486
50.691582
50.077473
50.449661
50.607834
50.710182
51.203331
50.961418
51.017242
50.486877
50.645054
49.96582
49.491283
49.100487
50.049557
51.370819
50.66367
51.147507
51.612736
51.491779
51.435947
51.836048
51.566208
51.007935
50.896278
49.500587
48.467773
48.756222
49.835556
49.016743
48.43055
48.244461
47.68618
47.193039
48.049068
48.384037
48.47707
50.030949
49.556408
49.854164
49.286587
48.532906
49.091183
48.309593
49.137711
49.7332
49.667637
50.267056
50.997608
50.772823
51.109997
50.482479
51.381603
51.821812
51.859272
51.063164
51.100632
51.353512
51.606392
51.859272
51.821812
51.653221
51.316051
52.027859
51.934196
51.344143
51.362881
51.128727
51.203655
49.911156
50.295158
52.065327
51.831173
52.196449
52.365036
52.608551
51.990395
52.458683
52.243279
51.840542
51.081905
51.044434
50.688522
51.297314
50.950779
50.519939
50.92268
50.651066
50.594872
50.576138
50.754089
50.875847
51.128727
50.754089
51.334778
51.334778
50.622967
50.913307
50.838387
51.203655
51.381603
51.23175
51.484634
51.896736
51.943565
51.606392
51.690685
52.196449
52.18708
51.786331
51.682613
52.851852
52.342659
52.304947
52.427525
52.842426
52.352093
52.56897
53.181885
52.880142
52.814133
52.804703
52.484108
52.870716
53.002724
52.766987
52.842426
52.974438
53.662785
52.936714
53.379902
52.917862
53.464771
53.945667
53.992809
53.832512
53.728786
53.955093
53.907948
54.407707
53.794796
54.605721
54.586868
54.256836
53.907948
54.162548
52.861282
53.031013
53.662785
53.502483
53.219601
53.040436
52.0975
52.333237
52.880142
53.502483
53.983379
54.483143
54.850891
54.634014
54.737736
54.643444
55.18092
54.888607
54.483143
54.303978
54.124825
54.652874
54.832027
54.568008
54.605721
54.520863
54.715424
54.601532
54.544594
54.990662
54.297825
53.832767
53.994106
54.41172
54.430695
54.611027
54.15546
53.263306
51.222752
48.641212
47.473824
49.63776
51.279694
50.814636
50.61533
48.39444
49.34354
49.761143
48.679176
50.235687
49.533352
49.884525
49.941467
50.083828
50.748203
50.985477
49.552338
48.441895
48.925934
48.109711
48.195126
47.976837
48.859493
47.806004
48.299526
48.736115
48.821533
48.6507
49.742161
49.381496
49.533352
49.865543
49.485897
49.523865
49.220158
48.878479
50.0079
50.188232
49.884525
50.378056
50.416019
51.30817
51.963039
51.526463
51.365108
52.627415
52.28574
51.384094
52.057953
52.133888
52.157776
52.425346
53.371407
53.008278
53.428745
53.323631
52.721584
52.148212
52.81715
52.520908
53.199398
53.486088
53.342739
53.132504
52.826714
52.769371
52.931824
52.65469
53.237625
52.635586
51.79464
53.199398
52.960491
51.98576
51.718182
51.928425
50.944134
50.839012
52.473129
53.371407
53.008278
51.402832
51.622627
51.928425
52.597355
52.387123
52.253338
52.836262
52.454018
51.947536
50.561886
50.542774
49.577599
48.16328
47.360554
47.867035
49.080673
47.523014
48.392624
46.653397
46.070469
45.74556
45.879345
46.844524
45.544876
46.118248
46.414486
46.748959
48.000824
47.72369
46.662956
45.839577
46.465534
46.089962
44.780254
44.732109
44.462463
43.489815
45.560303
46.45591
46.349976
45.964764
46.311451
47.37077
46.321083
45.849209
45.984028
46.292191
45.184719
46.918152
47.736713
47.929317
48.256748
48.218227
47.235943
46.985565
46.715923
48.218227
48.035248
48.131554
47.707829
47.890797
48.670841
48.796032
48.50713
47.919685
47.091496
46.898895
46.272934
46.850742
46.571472
46.658138
46.706291
45.752899
46.301826
45.194355
45.329178
45.290653
46.003288
47.21669
46.985565
46.465534
47.033714
48.035248
48.584175
48.198967
48.747883
48.641949
49.036789
49.046413
48.54565
48.131554
48.718994
48.150818
47.490948
47.510357
47.568584
47.432728
47.937328
47.626804
47.743252
46.81168
46.840786
46.21003
47.209538
46.947529
47.306576
47.258057
47.743252
49.004761
49.053276
49.344395
49.218243
49.489956
49.596699
48.703934
48.995056
48.78157
48.519566
47.685024
46.908714
46.549671
45.491943
45.394905
45.46283
45.22023
45.540462
45.831577
45.579281
46.491447
44.356583
43.677311
44.735035
45.579281
45.928619
45.637497
44.841782
45.268753
45.41431
46.375
46.656414
46.918415
46.840786
47.490948
46.297367
46.850487
46.937824
47.170719
46.8699
46.889305
46.695229
46.549671
46.578781
46.704929
46.549671
46.394409
46.287663
46.532211
46.796318
47.617992
47.842976
47.862541
47.128899
47.187592
46.855011
47.216934
47.383228
47.549522
47.471264
47.58865
47.569088
47.353886
47.569088
47.324535
47.451702
48.478798
49.515667
49.691742
49.329815
49.447197
48.899418
48.684216
48.811382
47.657124
47.481052
45.935516
45.505116
45.143188
44.438896
45.006241
45.544243
44.83017
44.722572
44.74213
43.900894
44.106312
44.321518
43.40202
43.313984
42.873806
42.795547
44.008499
44.194351
44.34108
44.654095
44.458462
44.331295
43.773731
43.7346
43.529182
43.969372
44.272602
43.949806
44.106312
44.526932
44.722572
45.143188
45.397514
45.221443
45.006241
44.986679
44.621738
44.720367
43.990482
44.779549
44.917637
47.334156
50.924408
51.023041
52.49268
51.871292
50.973728
51.772655
52.098148
51.407711
51.506348
51.447166
51.900875
50.875095
51.151264
52.196777
53.597374
52.847763
53.607235
54.790836
56.497196
56.507057
56.359108
55.017693
55.076874
53.952454
54.435757
54.583706
54.465351
55.333317
54.94865
54.988102
55.195232
55.185371
54.56398
54.090542
54.35685
