Adjusted
97.782745
97.536392
96.706093
95.228004
95.811943
96.541855
96.514503
95.84845
96.19516
95.282753
93.795532
97.992584
93.348434
94.817406
98.266312
100.383087
100.072884
96.979828
99.78093
99.196968
105.273605
102.864853
101.833824
101.176888
98.904999
97.627625
97.919601
97.144051
101.103912
101.259003
101.277275
101.578346
102.746239
98.147697
97.728012
99.954277
97.728012
100.4561
101.775963
103.526611
104.809799
107.568687
108.961861
108.622734
106.395485
107.92614
109.337654
108.94352
108.274445
107.68782
105.588905
105.258919
105.561394
106.578781
104.342361
104.846458
104.26902
104.754807
106.532951
108.576904
106.386307
105.396393
103.214966
102.729195
103.939079
104.910622
105.616364
108.118607
109.61264
109.071869
103.682419
107.037064
106.807915
102.967491
107.357857
108.173615
111.821541
109.30101
107.577843
106.505447
106.386307
104.745651
103.480782
106.322136
108.540222
109.071869
112.417336
113.288078
114.305473
117.22934
116.651894
118.237549
119.430275
117.984276
120.388168
119.301353
120.627663
118.555305
120.268448
118.988205
119.375015
117.680321
118.748741
117.671143
116.436951
112.946236
110.266022
113.176476
114.714615
116.307991
114.300125
113.148857
117.726372
119.034256
119.071083
119.375015
116.786949
110.800224
104.371414
102.943802
104.997711
103.662209
106.314796
105.329269
106.747681
107.16214
105.909531
105.458229
104.620087
105.264809
110.173912
113.618568
113.60936
114.972504
111.518623
111.07653
109.943657
118.730309
121.281586
120.692116
119.568451
119.255295
120.093437
120.250008
121.263145
123.363106
125.877502
126.844635
126.227531
121.401299
122.285507
122.506546
122.736771
124.394646
123.805199
121.999977
122.230232
123.105225
121.401299
123.648628
121.299973
126.052536
123.694649
122.589432
118.57373
119.244743
120.114723
119.068886
118.985588
121.947296
119.837067
121.586327
125.519798
126.760025
125.677155
124.881157
126.797012
130.721268
132.37796
138.652985
138.560471
137.024109
135.413651
137.699722
137.449829
136.663147
136.431732
135.534012
133.914322
131.072937
129.036789
129.27739
126.45459
124.085236
125.991829
128.981262
129.962357
121.512291
122.21566
123.779839
124.668304
123.492905
121.216095
135.302612
133.64592
136.292908
135.29335
135.117493
137.838577
136.080078
135.136017
136.107819
139.069504
136.838989
135.617279
133.229431
134.432602
131.896667
132.137314
134.094101
138.556152
140.220123
139.941223
138.751358
135.367661
139.653122
139.699554
140.619873
142.330338
141.595963
142.004959
138.779251
138.500412
137.654465
136.604019
139.020981
139.429993
140.926636
137.477814
138.165756
138.370239
139.383499
140.861572
145.156281
142.711441
144.347549
145.565338
145.890656
146.690109
145.909286
145.983643
145.816315
145.044739
145.853485
143.575974
143.696838
146.504211
147.814926
145.611816
142.692871
144.319641
146.504211
147.870712
145.797729
142.878784
140.350296
142.534851
135.423447
132.458038
133.768738
131.658569
122.911095
123.915047
117.770424
121.405151
121.200638
124.193932
126.936226
126.973419
128.256256
128.219086
128.683853
128.804703
127.038498
125.597618
128.293442
129.027832
130.952057
130.82193
132.871506
135.420639
135.047104
133.655838
136.214294
137.988403
137.717621
136.317032
136.046234
134.851044
134.505554
132.30191
132.666061
135.373917
136.634476
136.653168
135.131165
135.327194
133.478424
135.719421
133.188965
133.599808
137.026672
139.557083
143.14267
143.45079
142.946564
141.928802
138.025772
138.175156
140.136017
137.614929
137.988403
138.539307
141.424606
144.505905
143.562866
144.151093
144.599304
143.357437
144.412552
145.122162
144.151093
142.17157
143.217361
142.115555
142.395676
142.386337
139.482391
141.71405
140.957687
141.489944
145.551743
141.508606
135.624939
135.249588
136.985596
136.516388
135.512314
136.450714
136.901093
138.186722
134.855469
134.433182
134.39563
134.705292
134.573944
134.658401
132.866089
134.376877
135.193283
133.18512
134.51767
132.274902
130.022781
129.713089
129.853851
129.497299
131.176971
130.717194
130.313675
130.745316
130.36998
130.42627
129.600479
129.928925
130.642105
133.128845
131.618027
133.757553
131.524155
133.935822
132.415619
130.632706
132.087219
130.726547
131.345901
131.937088
130.398148
130.904831
131.702469
134.376877
136.291199
137.858307
139.716278
138.533936
136.535172
133.992126
133.851395
134.667801
136.797928
135.024384
136.816696
133.79509
139.021896
138.618378
136.769775
136.685303
140.682831
139.294067
140.992477
143.479218
144.22995
142.522095
142.503296
141.358475
142.324997
143.824463
143.824463
144.30542
144.654312
144.522308
145.220169
143.352951
143.890488
142.645645
144.776947
144.635498
143.44722
144.446869
143.909317
145.521927
145.125854
146.945953
144.861801
143.805603
145.059875
141.957199
142.202423
140.401199
137.355118
133.488632
134.912628
134.950378
135.695404
133.988449
135.733109
133.234009
132.621033
132.423004
137.05336
135.497299
137.458878
141.495102
144.484619
146.427277
145.597412
148.718887
149.586487
148.435974
158.488861
158.64917
160.837067
162.251663
162.770309
162.883484
163.006104
164.882736
165.797485
163.892532
165.03363
165.231674
165.231674
163.402161
165.552292
167.127213
170.366165
172.421265
173.946014
174.978302
174.836258
173.822876
176.313644
175.631775
175.035156
179.382141
178.29303
178.832825
176.711426
177.506943
173.557755
174.694183
171.076447
173.652435
165.19519
178.927521
180.43335
179.685196
180.21553
181.011093
181.029999
182.2612
182.810486
183.40712
183.48288
182.791519
179.022232
177.54483
181.721344
186.409286
186.788101
188.426544
186.9207
188.227646
185.130798
189.572479
187.403702
187.195358
189.136826
190.282745
192.318924
191.182465
190.746826
193.152344
188.540192
190.472168
190.415375
203.503677
200.151093
199.961685
195.368423
197.063705
196.779587
201.770569
201.94104
202.206192
201.297043
201.088699
201.978928
201.912643
202.954407
203.524612
202.241592
201.433777
204.332443
203.82872
200.996597
200.359818
193.326981
195.493881
192.500168
186.911911
189.610977
187.814758
188.831696
187.158981
189.050262
184.507431
188.128403
187.377609
188.423004
184.45993
186.322678
188.651123
191.065079
192.034485
191.397736
190.437866
191.046097
187.919296
186.408203
186.427216
185.961533
184.317352
186.094574
185.277237
181.855896
180.192703
185.18222
184.345886
182.255035
181.447205
186.74086
188.014343
174.585434
170.147156
166.887329
170.413254
171.211563
170.688889
169.966583
173.463959
176.438675
177.702682
177.19899
179.214035
180.780212
179.376358
180.216766
181.477356
180.589218
183.406464
183.368225
179.834763
179.1185
179.080353
175.957504
178.545547
179.758377
180.732468
179.52919
179.319077
177.05574
174.754242
177.609619
178.325897
177.619186
175.728287
175.613693
177.19899
178.822479
179.128082
176.606888
176.922043
174.496368
170.246628
169.807343
165.949158
165.261566
163.303848
162.090973
161.145569
163.523483
163.055542
162.845444
166.569916
167.46759
167.773178
165.691315
162.348862
161.126465
155.797577
158.729416
170.332581
171.354446
168.174301
164.106033
168.766388
170.705048
170.103378
169.730927
168.05014
167.009201
166.016006
162.845444
162.740387
166.990112
163.752686
165.01326
166.713165
169.243896
170.456741
174.716019
176.272659
174.859268
169.606812
160.142822
158.968185
161.39743
163.855499
161.781509
161.407028
153.821579
159.630692
158.756912
157.345428
159.073761
158.497665
155.674744
156.548508
155.117813
160.792511
161.387833
161.752716
157.566299
156.183624
151.641953
151.641953
150.24968
148.780609
141.32959
139.668457
141.39679
142.19371
142.683441
149.894424
148.098877
151.421082
153.850372
152.333282
152.544525
149.039856
145.477554
148.492538
150.528152
150.048065
149.366318
146.773834
153.447098
140.090942
144.190933
147.57077
151.555542
156.222046
153.763947
154.781754
154.484085
154.580109
152.342865
150.220886
149.308701
150.604965
152.592545
149.308701
145.055084
148.540527
151.008224
152.63063
154.243347
156.705933
158.840134
159.042953
161.099899
160.588089
156.947342
157.661972
155.875412
152.205734
154.69725
152.447144
152.253998
143.166656
144.055115
141.090393
139.091354
140.066727
147.850357
141.98851
137.391708
141.553909
141.901581
144.991852
144.441406
143.871643
145.011185
143.475708
141.833954
143.012146
139.931503
136.358398
132.930115
130.911804
129.801239
129.704666
125.503822
129.434265
124.229057
122.848106
126.150826
128.796875
128.999664
128.652008
129.646698
127.831177
127.493179
129.781906
130.776596
127.657349
130.448257
135.006409
133.094299
130.602753
132.341034
129.75293
125.291351
127.657349
130.805557
134.088974
135.663086
138.009766
143.128036
144.991852
146.973785
147.546982
150.150711
150.898788
153.036194
154.299179
153.551071
156.57254
154.619751
154.036835
154.065979
153.82309
160.01178
161.313629
164.03392
169.260803
171.621613
172.865189
172.408554
172.126816
170.02829
170.106018
171.951965
172.243408
172.301697
175.206573
178.092041
177.771408
176.00325
177.159378
175.303757
177.392532
178.296066
179.899094
181.99762
180.831757
181.094086
184.591629
184.737335
183.095428
182.114182
181.97818
180.744324
174.322479
173.176071
169.804855
169.183075
171.777069
171.854797
170.193466
171.271866
171.670181
170.106018
172.233688
167.46344
166.657074
163.917358
162.809799
164.918015
163.188202
163.862549
164.282806
163.080719
170.293137
170.429962
168.338562
170.644958
170.654724
171.250885
171.055435
169.863129
170.859955
173.889557
176.99736
175.609604
173.488876
171.035873
170.889267
172.2966
170.46904
171.651566
173.694107
173.156601
174.153442
174.739822
158.878372
150.95253
157.383102
160.168396
162.855942
163.471634
160.236816
162.64093
164.06778
167.488312
168.797882
169.775177
169.843582
170.234497
171.524521
173.977524
175.277328
179.499222
178.570801
183.349777
185.939575
185.665939
186.291412
188.011429
187.991882
187.76712
185.07959
183.564758
184.913437
185.255478
185.255478
184.942749
182.538605
182.870865
181.747009
180.662186
178.863998
177.994202
180.388565
178.717377
179.587173
182.01088
178.404846
177.432098
177.864426
178.178848
176.12529
175.525909
174.553177
174.877426
175.496445
179.072998
171.752869
163.813721
166.957932
163.813721
161.465393
162.221954
159.912918
159.008957
157.643173
159.853973
161.485031
159.343018
157.810226
159.971863
159.460938
157.554764
159.333206
159.244781
159.441299
161.23938
163.361725
160.64003
158.743668
158.2229
158.026398
157.977249
157.947769
160.168381
159.460938
163.568069
163.175064
164.265686
167.488525
149.438736
146.913544
145.115448
148.190887
147.208328
147.945236
148.131927
148.357925
150.126541
152.229233
155.176941
157.937958
162.123688
160.109436
160.089767
162.388992
160.263611
161.400452
159.205856
160.945694
162.10231
163.426971
163.713654
160.767776
161.706894
160.579941
160.748001
164.929565
168.053375
167.460236
171.809875
170.336914
171.740662
174.182388
176.100174
173.974792
171.819748
172.08667
172.57106
175.892563
178.966965
178.937302
179.866547
181.547073
180.726578
181.092346
179.688614
