Adjusted
33.046421
32.984051
32.520737
32.387089
31.727774
31.977245
32.075253
31.897055
31.932695
31.825771
32.253452
32.467281
33.117699
32.734581
32.698936
32.788036
32.832573
32.716755
32.654388
32.6633
32.511837
33.108788
32.669605
33.090862
33.162563
33.037083
33.619675
33.57486
33.682407
33.879589
34.453213
34.166405
35.08062
34.318771
33.745152
34.022995
33.431454
32.866783
33.512112
33.404556
32.848858
32.615833
33.332855
33.57486
34.273949
34.390472
34.35463
34.515945
34.524929
34.82069
34.462177
33.843742
33.897518
34.273949
33.924404
34.03196
33.969227
34.238106
34.01403
34.21122
33.745152
33.413528
32.454498
32.992271
32.588943
32.929535
32.947464
33.852703
33.530037
33.234272
32.786118
33.234272
32.158726
31.907761
31.827099
32.185612
32.759235
32.71442
33.870628
33.556923
33.780998
33.978184
33.709309
34.076778
34.202255
34.067814
34.175369
34.569729
34.489067
34.560764
34.181877
34.596859
34.948689
34.948689
35.381718
35.138138
35.607246
35.643318
35.372684
35.544098
36.04929
36.491341
37.285221
36.671772
36.599602
36.707851
36.446236
35.877892
36.626659
36.419174
35.327591
34.091663
35.011837
35.074989
35.62529
36.265808
35.868862
34.786301
35.165195
34.831398
35.345631
35.616264
35.73354
35.73354
36.004181
35.769634
35.995167
36.527424
35.913967
36.220699
37.131851
37.754322
38.773735
38.945137
39.053402
39.269909
41.344822
41.371891
41.416985
41.344822
41.056133
41.886105
41.660564
41.200474
41.714695
42.120655
42.535637
41.958267
41.840366
41.323364
41.350574
41.341507
41.08754
41.169167
41.241737
40.887997
39.935642
40.416359
40.171463
40.325653
40.207737
40.180534
40.080757
40.162395
39.101189
39.473064
39.926571
39.382359
40.470776
41.586391
41.840366
41.885712
42.02177
42.602249
42.593174
42.729225
42.874355
43.08297
43.527412
43.255295
43.318783
42.738297
42.266659
42.375496
42.339218
42.438995
42.212238
42.493404
42.865273
42.366432
42.139671
42.312012
42.094326
41.377781
41.441273
42.429924
42.883419
43.037609
42.058048
42.565968
41.169167
41.26894
41.785942
42.148746
40.7066
40.661251
40.488914
40.316589
41.178246
40.869869
41.20546
41.069397
41.388626
41.060276
41.124123
40.5769
40.704582
40.212082
40.649857
40.987316
39.208828
39.819901
39.920219
39.300037
39.409477
40.23032
40.111755
40.467453
40.586014
40.613377
40.522179
40.385365
40.394489
40.485687
40.312401
40.449207
40.348888
39.829018
39.272667
39.591888
39.509804
39.801651
40.37624
41.215332
40.412731
40.777546
41.169727
41.251808
41.224453
41.306534
41.625751
41.881115
41.92672
41.607506
41.425095
41.516308
41.872002
41.753433
41.735191
41.206203
41.999687
43.203583
43.103252
43.066784
43.358635
44.343647
43.805538
42.738445
42.391869
42.328026
42.255058
42.665485
42.337143
41.060276
41.454647
41.463818
41.628902
42.280067
42.628582
43.985958
44.848057
45.838566
45.756031
46.150402
46.654823
46.535599
46.599796
47.085884
47.232628
47.856274
47.718708
47.874615
47.599476
48.516613
48.654186
49.039383
48.635845
48.718388
48.507431
48.195614
47.773739
47.599476
48.525787
49.24115
49.140266
50.506805
49.984039
49.984039
50.259178
49.773094
49.213642
49.378719
49.773094
50.424263
50.029888
50.039063
48.727562
48.544128
48.791756
49.076069
47.74622
47.095051
47.406872
47.553616
47.168427
47.856274
48.103897
48.067211
48.076385
43.710808
43.839207
42.931244
43.151352
43.279758
42.73864
42.527699
42.463501
42.041615
42.353443
42.610249
42.77533
43.596687
42.618443
42.286198
41.953964
41.843227
42.313889
42.249287
42.083164
42.258518
42.480007
43.144485
43.052193
43.245995
43.33828
42.793789
42.452328
42.396938
42.276978
42.452328
42.535385
42.33234
42.433868
42.627666
43.153713
43.458263
43.808956
43.76281
43.772038
43.808956
43.679749
43.310596
43.301365
43.218311
43.292137
43.661289
44.44574
45.036377
45.331699
45.027153
44.824116
45.054836
44.593399
44.528797
44.565712
44.574932
44.68568
43.873554
44.085823
44.602623
44.436508
38.077885
38.160946
38.26247
38.14249
37.893314
38.400894
37.957916
38.160946
38.402588
38.430477
38.346825
38.151646
38.142361
38.263176
38.207413
38.384003
38.74646
39.155403
38.988106
39.499271
39.610806
39.657269
39.397038
38.848694
38.830105
38.765053
38.81152
39.266926
39.03458
40.010445
40.326435
40.019737
39.852448
39.629391
39.675861
39.703739
39.452808
39.006695
40.177738
40.819016
41.330177
40.97702
40.512314
40.177738
40.726074
39.759502
40.121964
39.954681
39.359863
38.85799
38.495525
38.226006
38.263176
37.696255
38.560589
37.352379
34.22961
33.709145
34.294666
34.926659
35.772408
38.151646
38.718586
40.159145
38.774349
39.536457
40.149849
40.0755
40.233501
40.521606
40.168442
41.339474
41.367538
40.946571
41.339474
41.161732
40.796894
40.85302
40.600437
40.563019
40.067207
40.796894
40.609791
41.461086
41.386253
41.395603
41.891415
41.788517
41.526581
42.555622
42.508842
42.368519
42.854977
43.827892
43.884018
44.117889
43.874672
44.155312
43.406925
43.070141
42.246906
41.311409
40.890442
40.619144
40.890442
40.235592
41.040123
41.07753
41.245926
41.086891
40.965282
40.740757
40.497532
40.787537
40.039146
39.459129
39.477844
40.357208
40.319782
39.730434
39.150421
38.701378
38.392681
38.561062
38.411381
38.832355
36.446838
36.746201
36.474903
36.905235
36.2691
36.474903
36.091354
36.600353
37.052792
37.552357
37.297855
37.137623
37.241295
37.853977
37.637192
38.645744
39.126457
39.522346
39.267845
39.220718
39.286701
38.919098
40.040764
39.635448
39.428089
39.937073
39.692009
39.220718
38.692875
39.003925
38.24987
38.315842
37.392113
37.429813
37.985943
37.476944
39.032204
38.626896
39.211292
39.399803
39.842823
39.079338
38.749432
37.542931
37.684311
39.889954
40.229275
39.871098
39.446934
39.644882
39.578899
39.899376
40.106743
40.841957
41.313248
41.218983
40.662861
41.379227
41.784538
41.087032
41.247261
41.690273
41.822239
41.247261
40.427223
40.766552
40.841957
40.851379
40.870232
41.454628
41.718552
41.049324
40.691135
40.936214
41.661999
41.652504
41.405701
41.510124
42.706161
43.380119
44.243919
44.310368
44.585648
44.452759
44.557167
44.18697
45.250107
45.373512
45.012802
45.87661
45.354527
44.965343
44.813465
44.889404
43.978138
44.092045
44.614124
44.822956
44.281895
43.959152
44.424282
44.262913
44.766003
43.949657
44.18697
43.769299
43.427578
43.361126
42.525799
41.737938
41.918289
41.861343
41.614536
41.234844
41.405701
40.494438
39.725555
39.810986
40.361546
40.703274
40.475452
40.133728
40.494438
40.105251
39.535706
38.985146
39.18449
38.197285
38.026424
39.09906
39.431293
39.554695
39.63063
39.773022
39.849525
40.84409
41.00666
41.312679
42.202049
41.293552
41.666515
41.264862
41.551758
42.010788
41.08316
40.643261
39.457436
38.635006
37.726509
37.085781
39.438305
40.413746
40.423309
40.05991
38.548935
39.055779
39.390488
38.319424
40.891895
39.773018
39.945156
40.09816
40.958843
41.264862
41.47525
41.207485
40.767578
40.50938
39.945156
39.696507
40.1651
40.09816
38.883648
39.170532
40.547626
40.031223
40.50938
41.733456
42.115978
42.527195
43.167919
42.938416
42.737583
42.536758
43.397438
44.248558
44.478069
44.52589
44.554581
44.650204
45.549149
45.099678
45.711716
47.069679
46.983612
45.902973
45.539577
45.663898
45.519512
45.606144
45.442509
45.846786
45.586895
45.298126
45.317379
44.913101
44.797592
45.327
46.058548
46.87672
47.088486
47.107735
46.780468
47.386883
47.175121
47.386883
47.829662
48.35907
47.165493
46.655338
47.13662
46.722713
46.539825
46.077801
46.164425
45.577271
45.538769
46.154808
46.174053
45.336624
44.778339
45.52914
45.654274
46.087429
46.058548
46.010422
46.37619
46.048927
45.211494
44.0853
44.739841
43.921665
42.189053
41.322746
41.50563
41.736649
40.340935
40.822216
41.207245
41.187996
41.467136
45.028606
45.933414
45.721649
46.539825
46.337688
46.20293
48.387951
48.031803
46.684212
46.732338
47.512016
46.270306
45.606144
45.452133
45.115242
45.48101
45.866035
46.279942
46.992229
46.145176
46.616837
47.059608
46.645702
45.798656
46.443569
46.578331
45.745193
46.704269
46.655834
46.3652
45.532066
45.648315
44.514858
44.979866
44.931427
45.260811
45.532066
45.590191
46.161766
45.570812
45.987389
46.00676
46.084259
45.851761
45.551445
45.570812
45.774258
46.374889
45.948635
46.132694
45.667694
45.444878
45.774258
44.698921
44.853928
44.766735
44.437355
45.193001
45.096119
44.572987
44.815174
44.466423
45.00893
44.592365
44.437355
44.359859
45.483624
45.871132
41.879807
41.734493
42.373886
42.122002
41.637615
41.744183
41.85075
41.724808
41.889503
41.715126
41.579491
41.889503
42.475227
42.494751
42.885239
42.797382
43.685745
43.822407
46.321526
45.999374
45.989616
46.233665
46.262951
46.243431
45.999374
46.282475
45.755318
46.048183
46.057945
45.91151
45.618652
45.218399
45.843178
45.579597
45.726036
45.296505
45.394119
45.569839
45.316021
46.31176
44.232422
42.797382
43.685745
44.388622
45.032925
45.091496
44.486237
44.39838
44.62291
45.852943
46.096996
46.350811
46.48748
46.702251
46.760822
47.219646
46.838921
46.936546
46.653442
47.200119
47.297749
48.518017
48.65469
49.874958
49.8652
49.982346
49.552807
49.630905
50.206875
50.538788
50.34354
51.080425
50.746372
50.923222
50.933048
51.129547
50.834801
51.276924
52.082577
52.210308
52.721207
53.084736
53.03561
53.143681
53.232109
53.202637
53.241936
53.261585
53.291061
53.50721
53.408962
52.829281
52.455933
51.16885
52.190655
51.610977
52.082577
52.632782
52.426456
52.55418
52.003979
52.318378
52.505058
52.190655
51.660103
52.288906
52.41663
52.55418
53.389309
52.986481
52.131706
52.475582
52.495235
51.96468
51.296577
50.097919
49.203842
49.026993
49.115417
48.83049
49.252964
48.742065
49.213665
48.909088
49.449467
49.429813
49.410168
49.43964
49.380692
49.980022
50.009491
49.243141
49.803165
49.27903
50.693214
51.128349
51.276688
50.317421
51.069012
52.245857
53.333694
52.957893
52.651325
52.394196
52.542538
52.760105
52.532646
52.799664
52.700771
53.412807
53.383137
52.799664
53.620487
53.768826
53.936947
54.688545
55.024784
55.291801
55.242352
55.855499
56.10273
59.514587
57.813606
57.961948
59.29702
59.573925
59.524475
59.890385
60.562866
59.95961
60.068398
59.702484
