Adjusted
29.904869
29.914511
29.9338
29.924156
30.859587
31.872169
32.074684
32.537571
32.354347
32.08432
32.76902
32.634007
31.553934
31.39963
31.428562
30.927092
30.898165
31.168179
32.257915
33.366924
33.125843
33.067982
32.643658
33.328354
32.875103
32.961887
32.614731
32.7883
33.405499
32.248264
31.669651
31.631071
32.315777
32.277195
31.939674
31.303186
31.351406
31.573212
32.209694
31.428562
31.389982
31.370701
30.705284
30.821009
31.746799
32.248264
31.968601
31.978247
32.04575
31.091032
32.026459
31.717867
31.312836
31.544289
31.496071
30.570278
29.528765
30.425621
31.476772
31.558908
31.906776
32.264305
32.158005
32.090366
31.82947
31.771496
32.138687
32.418903
32.061382
31.926105
31.96475
31.684538
32.264305
32.757111
32.573513
31.926105
32.418903
31.732851
32.33194
33.104969
31.839138
31.153074
30.92116
31.645878
31.307674
31.08543
30.998472
30.438019
30.930828
30.631279
30.467012
30.119148
29.76162
29.916224
30.128811
29.95488
29.172186
29.568363
29.35578
30.428362
29.925888
29.829262
29.848585
29.57803
28.698708
28.292868
29.152861
29.896904
29.935551
29.993528
29.877577
30.293076
30.515324
30.109478
29.945217
29.780949
29.220501
29.249483
29.04657
28.891962
29.491056
29.404091
29.075558
29.090082
28.867355
29.206289
29.961624
30.26182
30.145613
30.252138
30.252138
29.93257
29.370913
29.487116
29.186918
29.070719
29.051348
28.925463
29.274071
28.906092
28.925463
29.245024
28.857672
28.276646
28.634945
28.538109
28.228224
28.499374
28.751152
29.370913
29.642057
29.622688
29.971306
30.339289
30.097197
30.068144
30.842846
31.356085
31.685335
31.481972
31.172092
30.581388
30.484547
30.077824
30.581388
30.164984
30.135935
30.775059
30.988104
30.484547
31.036526
30.920313
30.532969
30.436129
31.33672
31.37546
31.268932
31.055889
31.849964
31.985542
32.169525
31.733753
31.481972
31.569132
31.704706
31.443239
30.968739
31.017155
31.109339
30.721199
30.895863
30.983194
30.750313
30.342762
30.119587
30.653275
30.82794
30.895863
30.779417
30.740606
30.866753
30.682384
30.488319
30.439798
30.643576
30.430096
30.362173
30.488319
30.352468
30.226324
30.226324
30.168102
30.28454
30.507723
30.604761
30.808531
30.430096
30.168102
30.245728
30.643576
31.051117
30.701788
31.216078
31.351927
31.419849
31.410147
31.410147
31.623623
31.701248
31.701248
31.720659
31.400448
31.099636
31.03171
31.148148
30.798828
31.012302
31.5751
30.837643
30.905569
30.866753
31.051117
30.789124
30.342762
30.527132
30.798828
30.527132
30.430096
30.577925
29.936024
29.829041
29.527538
29.537268
29.401104
29.303846
29.22604
29.858219
30.286158
28.331268
29.177408
28.856461
29.060701
29.440004
28.934269
29.148235
28.798107
28.885637
29.303846
29.566439
29.87767
30.169443
30.140265
30.043009
29.87767
29.936024
29.74151
29.517815
29.449734
28.885637
28.447977
28.613316
28.574409
28.477154
29.089876
29.26494
28.457703
28.34099
28.457703
28.409073
28.496607
28.214556
28.146477
28.545237
28.807835
28.807835
28.516056
28.204832
28.350718
28.263187
28.068668
27.621284
27.699083
27.76717
27.747719
27.8158
28.234013
29.070429
28.584137
29.141819
29.40506
29.639051
29.765804
29.502558
29.551306
29.873047
29.765804
30.116791
29.882795
29.717052
29.775551
30.03879
29.960793
29.873047
29.697552
29.834051
29.697552
29.522057
29.658552
29.570805
29.765804
29.931543
29.717052
29.951046
29.931543
30.14604
30.467775
30.584776
30.818769
30.945511
31.208752
31.686491
31.325754
31.189257
31.315996
31.325754
31.988731
32.066727
31.735237
31.64749
31.822983
31.559744
31.559744
31.432999
31.569492
31.462244
31.696234
31.920485
32.086224
31.744991
31.666986
31.64749
31.705994
31.559744
31.910728
31.579245
31.813234
31.403748
31.871733
32.027725
32.047222
32.017979
32.066727
31.99848
32.037479
32.203213
32.310467
32.086224
31.920485
32.407963
31.403748
31.491488
30.994261
31.510994
31.783978
31.637739
32.047222
32.242222
32.846703
33.151543
33.728001
33.99181
34.089512
34.089512
34.099289
34.324009
34.529194
34.519424
34.626892
34.665985
34.939552
34.695293
35.213131
35.447628
35.349915
35.408546
35.437859
35.349915
35.437859
35.652809
35.809143
35.85799
36.346523
35.779827
35.056805
35.740746
35.467167
35.789597
35.945927
36.102253
35.613724
36.063175
36.80574
36.795967
35.867764
36.688492
36.17065
35.838451
34.753914
35.047031
34.451019
34.265392
34.558506
34.597584
35.26199
35.066574
35.281521
35.740746
35.730968
36.160877
35.779827
36.463768
36.307446
36.92614
38.296677
38.443508
38.874249
39.383308
39.314785
42.799858
41.742596
42.329971
42.232059
43.299118
43.259964
42.486595
42.241852
42.946705
43.641754
42.985859
43.729866
43.98439
43.436184
43.798401
43.935444
43.073963
43.05439
43.17186
42.897758
41.869854
41.977543
40.890892
40.861534
39.990257
40.26437
42.241852
42.594276
42.496387
42.065643
42.917332
43.26976
43.083755
42.437645
42.124374
42.398491
42.143963
41.732796
42.594276
43.250179
43.318703
42.506165
41.909008
42.124374
42.03627
43.28933
42.723419
43.400169
43.655167
43.272659
43.243237
42.468403
42.282055
42.488018
41.909348
42.546875
42.664566
42.62534
42.56649
42.821495
42.046669
43.066696
44.890972
44.910587
44.586933
45.312714
44.969433
44.773281
44.724236
44.70462
44.52808
44.84193
45.724644
45.204826
46.401394
45.646187
45.342136
45.567715
44.90078
45.400986
44.822319
45.126366
45.940426
45.557907
46.077736
46.244469
46.597549
46.499474
46.430817
46.244469
46.11697
45.381367
45.224442
45.332333
46.018883
45.400986
45.381367
45.606953
45.44022
45.55125
45.403862
45.737934
46.347107
45.846012
46.081821
46.180077
46.317638
45.95409
46.219383
46.710655
46.209557
46.22921
47.074211
46.013042
44.932236
44.431129
43.645084
43.831772
44.60799
44.88311
44.499912
44.765194
45.099266
45.285957
44.784851
44.824158
45.472645
45.678978
45.914791
46.622234
46.455196
46.966125
46.799091
47.113506
48.587341
48.253273
48.901756
48.911587
48.715069
48.685593
48.046936
48.155014
47.948681
48.381004
48.823151
49.000004
48.223793
48.41048
48.842804
49.294777
49.619019
49.363556
49.343906
49.589554
48.842804
54.413891
47.771816
46.248856
47.378788
47.585133
47.467224
47.555649
47.044727
45.669159
45.757584
46.140778
46.219383
46.632053
46.288158
47.162632
46.966125
48.125538
48.263096
49.1474
48.980358
48.62664
48.616817
47.997803
47.555649
47.703045
48.125538
47.634266
47.997803
47.76199
47.437752
47.467224
47.545834
47.450363
47.105873
46.909027
46.722027
47.922802
46.977928
47.15509
45.649197
44.310623
42.844097
41.889389
43.552757
45.137386
45.058647
44.162987
43.28701
44.409042
43.828342
43.316532
44.182674
43.257488
43.641335
44.290939
43.769295
44.349995
43.808659
45.285019
44.409042
43.798813
43.533066
43.621655
42.903156
41.840172
39.330353
39.025242
40.531132
40.639397
42.342136
42.174812
40.737823
41.99765
42.53899
42.125607
42.037025
41.653164
41.712227
42.322456
43.237801
43.090164
42.411034
41.003567
40.157124
41.869705
41.682693
42.066547
42.657093
42.863792
42.332291
43.542915
45.981525
45.902634
44.827793
45.330704
45.163067
45.241955
44.453075
43.910721
44.226273
44.670017
45.13348
46.523872
46.247768
46.66193
46.306931
46.277355
46.316799
46.425262
46.050552
46.356236
45.725136
44.571415
45.813885
45.271534
45.301117
44.581268
45.458889
45.19265
45.942085
46.316799
46.435131
46.080128
45.951939
46.681644
47.05637
47.312756
47.460667
47.233864
47.657887
47.588852
47.253582
46.612621
47.342323
47.352192
45.912498
45.241955
43.960037
44.344612
42.648529
43.516289
42.776714
42.682835
43.275787
42.574127
42.890369
42.692722
43.354847
42.643303
42.336948
42.544476
42.455532
41.230095
40.824913
41.052212
40.429611
39.718063
39.391937
38.86816
38.897816
39.955242
39.955242
41.309158
41.526573
41.338806
42.267773
41.872459
41.872459
42.39624
41.862579
40.57785
41.605633
41.230095
40.59761
40.3209
40.716202
39.757591
39.98489
39.441353
41.378334
40.824913
40.24184
39.98489
39.253582
40.380199
41.131268
42.248001
42.139297
41.981174
41.684696
42.613655
43.503086
43.809448
44.461704
45.222656
45.405865
46.812111
46.73288
46.485302
46.217918
46.554626
47.039879
47.208233
47.64397
48.099518
48.089615
48.000484
47.970779
48.168842
46.861626
47.148819
47.000267
46.73288
46.574436
47.564747
47.683586
46.594238
47.772717
46.881432
47.039879
46.108986
45.554405
45.801991
45.940632
46.316952
46.049568
46.505112
45.980251
46.604141
45.950535
46.831913
46.544724
46.871529
46.72298
46.960659
47.386486
47.663776
47.465714
47.941063
47.881645
47.980679
47.673683
46.930943
45.742565
46.73288
46.762592
46.8022
45.990147
46.455597
46.831913
46.871529
47.436012
46.059471
44.980026
46.066692
46.880455
47.098778
47.088856
47.13847
47.723984
47.327026
48.130863
47.922466
48.498047
48.815613
49.599594
49.301884
49.341579
48.99424
49.867546
49.758381
49.877468
49.609524
49.540054
49.470585
49.678993
50.085869
50.016407
49.341579
50.820236
51.018711
50.701149
50.413357
50.542366
51.415676
51.673695
51.584373
51.981335
51.693539
51.901943
51.892017
52.140118
50.840084
50.859932
50.244656
50.085869
50.373661
50.373661
50.363735
50.711075
50.721001
50.869858
50.899632
51.643921
51.018711
50.006481
50.760693
49.937012
50.165257
50.333969
50.125565
49.937012
50.214878
50.671379
51.237045
51.11795
50.820236
51.475216
51.356129
50.631687
51.614151
51.961483
51.911865
51.782856
51.256886
51.455364
52.288975
50.572144
51.028637
50.631687
49.798077
49.64922
50.671379
50.721001
50.909554
50.552288
50.641605
49.609524
48.398808
48.398808
48.190407
47.436192
46.983757
49.827641
48.674179
49.6586
49.698372
50.046402
50.712624
50.80212
50.324825
48.68412
48.873051
48.564796
48.932709
49.608883
49.718262
49.350346
49.897247
49.897247
49.867416
50.165726
50.096119
48.882996
48.82333
49.539276
49.937023
50.971161
51.388794
51.597607
50.633072
50.762344
50.553528
52.025188
52.164398
52.094795
52.800789
52.820679
52.959888
53.476963
53.417301
53.138874
53.31786
53.228367
