Adjusted
19.65786
19.777
19.326918
19.58285
20.143244
20.324156
20.610973
20.875721
20.84042
20.240322
20.716867
20.580084
20.558018
20.324156
20.191778
20.266787
19.843191
19.9888
21.056644
20.774233
20.55361
20.57567
20.866899
20.381523
20.19619
20.059404
20.002043
19.574024
19.794651
19.597965
19.301826
19.279726
19.40349
19.270893
18.753759
19.036633
19.270893
19.173649
18.970331
18.700722
18.439943
18.333862
18.23221
18.342703
17.79463
18.179165
17.997953
17.790213
17.52944
17.520597
17.317282
17.277506
17.701817
18.404579
18.311766
18.497406
18.417845
18.325022
18.073092
18.117287
18.112875
18.453203
17.852097
17.657619
18.081928
17.918394
17.746016
17.790213
17.662039
17.39242
17.357061
17.458719
17.613419
17.662039
18.020052
18.059826
18.108446
17.449879
17.70624
18.090767
18.254303
18.391325
17.92281
18.320606
18.320606
18.329443
18.740499
18.386908
18.457626
18.205683
18.22337
18.179165
18.201269
18.168053
18.212337
18.38946
18.380596
18.132635
18.495731
18.216761
18.451447
18.411602
18.349602
18.300898
18.327461
18.398312
18.588718
18.703846
18.207903
18.12821
17.91123
17.61898
17.822674
18.145926
18.052933
18.132635
17.508284
17.623413
17.614555
17.526003
17.499428
17.791677
17.269169
17.362164
17.707548
17.472858
17.220465
17.286882
16.990206
17.48172
17.224897
17.145191
16.985779
16.764383
16.720104
16.817522
16.888371
16.764383
16.804243
17.450722
17.711973
19.106792
18.681702
18.358465
18.717138
18.690563
18.540007
18.615284
18.517872
19.000521
18.694986
18.7924
19.106792
18.982811
18.95624
18.752552
18.710409
18.80357
18.470881
18.404345
18.435385
18.532976
18.67049
18.386591
18.475311
18.408775
18.448702
18.191414
18.328928
18.328928
18.182545
17.987368
18.41765
18.084961
18.040598
18.111572
18.213593
18.031729
17.721214
16.816307
17.410711
17.490559
16.84292
17.015923
17.091322
16.97156
16.984871
16.95825
16.700974
16.323923
16.093254
16.412645
15.383524
14.833481
14.607251
13.689029
13.063575
14.398766
14.052773
13.462803
13.680161
13.760005
14.456433
14.571765
14.274564
14.185845
13.600314
12.98373
13.986235
13.001474
13.387395
13.8709
13.906386
13.897517
13.715643
13.36965
13.418445
13.471677
13.02809
12.633296
13.436189
13.298676
13.498293
13.671287
13.13455
12.23102
13.241373
13.250276
13.254724
13.682008
13.953511
13.299232
13.428308
13.664206
13.23692
13.686459
13.730969
13.619696
13.43721
14.211664
14.714613
14.745771
15.676003
15.164154
15.217557
15.311036
15.23982
15.195306
15.150801
15.315484
15.253169
15.751667
15.87184
15.831781
16.134447
16.072132
15.983113
16.343636
15.992017
15.960857
16.054333
16.11219
16.401491
16.650742
16.285778
16.619589
16.708609
16.054333
16.401491
16.441551
16.806522
16.503864
16.1656
16.428204
16.713058
16.877735
17.091381
17.251612
17.216011
16.753109
16.632946
16.887325
16.668648
16.168814
16.11972
15.86534
15.909967
15.44583
15.655581
15.249468
14.562192
14.173928
13.629467
13.54913
13.852605
13.825825
13.70533
13.473265
13.932935
12.580699
13.129624
13.946321
13.642851
14.008803
13.924008
13.598221
13.647311
14.187315
14.303346
14.446157
14.588967
14.410454
14.397068
14.57558
14.606821
14.963842
14.624671
14.642524
14.50864
14.535419
14.763021
14.847813
14.785334
14.678223
15.106657
15.548476
15.481533
15.427982
15.508311
15.802855
15.432445
15.73145
15.575253
15.499387
15.012937
15.329798
15.664508
15.673439
15.709141
16.231289
16.195589
15.91443
16.021536
15.927813
15.990471
15.659292
15.923339
16.093405
16.536467
16.276896
16.370878
16.728905
16.438007
16.50066
16.6036
16.849743
16.943726
16.625977
16.272415
16.281368
16.272415
15.994949
16.093405
16.554365
16.357449
16.030754
15.923339
16.326124
16.469336
16.388781
16.111311
15.824887
15.663769
16.344028
16.263468
16.173964
15.878585
16.326124
15.950189
15.923339
16.290319
16.048655
15.968096
15.860682
16.209768
16.317173
16.361933
16.567789
16.988485
16.746807
17.104837
16.818413
17.140635
17.283846
17.23015
17.2749
18.152073
17.686634
17.650829
17.776148
18.304232
18.295284
18.313183
18.205778
18.187874
18.169975
18.295284
18.420595
18.295284
18.125217
18.348988
18.644365
18.850826
18.895706
18.671291
18.787991
18.761055
18.98547
19.030355
19.129097
19.030355
18.859802
18.976496
19.111147
19.003418
19.236813
19.326582
19.443277
19.515087
19.34453
19.533043
19.36249
19.533043
19.703596
19.470213
19.461229
19.34453
19.308626
19.542023
19.730526
20.089594
19.775408
19.407366
19.649736
19.883131
20.116522
20.107548
20.296057
20.412745
20.305033
20.708977
20.960316
21.121895
21.032131
21.283474
21.068031
21.085991
20.816698
20.574329
20.475586
19.99983
20.340939
19.883131
20.206284
20.82568
20.771811
21.032131
21.20269
21.37324
21.849003
21.786167
21.525845
22.082394
22.010582
21.795145
21.965702
21.803587
22.055756
22.488045
22.533073
22.497053
22.388979
22.23588
22.37998
22.298923
22.136814
22.217867
22.190847
21.8216
22.064762
22.560093
22.325939
22.515064
23.217533
23.532742
23.289581
23.442686
23.51473
23.694857
23.703865
23.721874
23.784916
23.74889
23.694857
23.478708
23.983049
23.811934
23.586784
23.208532
23.460693
23.721874
23.88398
24.352293
24.505392
24.244223
24.649488
24.44235
23.938015
24.010059
24.415337
24.712538
24.550423
24.568438
24.550423
24.99172
25.712204
25.50507
24.694527
24.325275
24.271238
24.460369
24.559725
24.857801
24.70425
24.902967
24.92103
25.164919
25.417824
25.192009
25.065548
25.192009
25.363625
25.327501
25.354593
25.706871
25.291367
25.282337
25.661701
25.354593
25.282337
25.336529
25.363625
25.228138
25.065548
25.616541
25.472023
25.806227
25.905586
26.456577
26.384317
25.941713
25.833324
25.824295
26.050104
26.447548
26.122372
25.824295
26.122372
26.221729
26.230762
26.35722
26.61916
26.50174
26.610134
26.375286
26.637226
26.989502
26.935307
27.441135
27.423067
28.371498
28.118576
28.208906
27.874695
27.811478
28.326332
27.865667
28.254072
27.97406
28.028257
27.775343
27.016598
28.055349
28.199871
28.714739
28.543114
28.281168
28.362461
28.263102
28.380526
27.782856
27.918692
27.800964
27.411572
27.565517
28.588808
28.326189
27.900576
28.7337
29.050648
27.864357
27.864357
27.728518
28.018305
28.697474
28.905762
29.168371
29.39476
29.666435
29.775106
29.485329
29.358545
28.94198
28.860474
28.60692
28.860474
29.458157
28.724646
28.751806
28.009245
28.000189
28.380526
28.77898
28.905762
28.833311
28.751806
29.277044
29.693604
29.639269
29.10498
28.969147
29.21365
28.987255
26.832003
27.647018
27.619852
26.388279
26.198107
26.243382
27.1399
27.692293
27.148951
27.493071
27.47496
27.384399
27.212343
27.1399
26.370161
26.397331
26.29772
25.998882
26.705231
26.678057
26.415442
26.26107
25.916014
25.307611
25.353012
25.098757
25.180483
25.080597
24.771854
25.398415
25.498304
25.498304
25.4529
25.47106
25.652674
25.852448
25.879686
26.415442
27.468792
27.359827
27.405228
27.822931
27.959143
27.623161
27.550514
28.467661
28.104433
28.304203
27.931902
27.841097
28.013628
27.913736
28.603868
28.458578
28.776403
28.75823
28.867197
29.112375
29.393881
29.339397
29.321228
29.366632
28.658348
28.912603
29.384796
29.112375
29.085138
29.448362
30.165724
30.338255
29.811581
29.775255
29.012493
28.767313
29.02157
28.767313
28.558458
27.995466
28.576628
28.721914
28.440416
28.522137
28.140753
27.940977
28.642473
28.25984
28.341833
28.196064
28.186958
28.141409
28.114077
28.104967
28.742678
29.043312
29.280176
29.316622
29.407724
28.897558
28.888439
29.25285
28.62425
29.097977
29.398615
29.772125
30.227644
30.409842
30.737814
31.102217
31.339092
31.247982
31.147776
31.557735
31.1751
31.084005
31.266203
30.920019
31.393749
31.75815
31.821922
31.639723
31.949467
31.75815
32.231884
32.277443
32.951588
32.386761
32.541634
32.887814
33.060909
32.751171
33.152023
33.543755
32.796722
32.669178
33.060909
32.359428
32.240993
33.306892
33.234005
33.306892
33.407108
33.443539
33.397999
33.589302
33.343334
33.224575
34.192902
34.521767
34.165501
33.653919
33.553436
34.156357
34.631386
34.083279
33.946251
34.35733
34.412144
34.074139
34.302521
35.124699
34.293385
33.818363
33.452946
33.288509
33.434677
33.452946
34.074139
34.576584
34.987652
34.850636
35.681934
35.89204
35.974247
36.293987
36.047333
36.138687
36.860367
37.061344
37.070473
37.061344
37.070473
36.723335
36.668522
36.175232
36.220913
36.211758
36.166092
36.083889
36.330521
36.988251
37.043076
37.41761
37.527233
38.395077
37.454151
37.12529
37.609444
37.591183
37.234909
37.481556
37.883514
38.568642
38.65086
38.559502
38.769604
38.404205
38.614319
38.404205
38.221493
38.212368
38.097878
37.878014
37.474953
38.033741
37.951305
37.612377
37.758934
37.291752
37.328392
36.96199
37.053596
37.474953
37.529926
38.052067
37.667324
37.374207
37.777264
37.594048
37.612377
37.5574
37.914661
38.088715
37.768097
37.841381
36.769623
37.236805
37.92382
37.639851
37.92382
38.583359
38.729927
39.471909
39.435276
39.068863
38.757408
38.729927
38.76656
38.674973
38.464275
37.740608
38.336029
38.244427
35.963505
37.117702
36.96199
36.577251
35.734509
35.468849
35.093266
34.561966
34.561966
34.955864
33.215416
33.719223
31.722265
33.554333
32.28104
34.296322
35.084118
35.624569
35.267319
35.44136
34.62825
34.490444
34.352634
35.151962
35.087643
34.527203
35.354084
36.043156
36.07991
36.364731
36.27285
35.657269
35.896152
36.723042
36.511734
35.28059
34.98658
35.390839
35.988022
35.445965
36.116657
36.208538
36.46579
35.253014
34.913074
34.69257
35.749153
35.978844
35.464333
34.655827
34.242371
32.836666
33.002045
33.424679
33.167419
32.873421
34.067814
34.003494
34.563957
34.857956
35.078457
34.812012
35.243839
35.087643
35.602146
36.484165
37.347809
36.383099
37.577496
38.569763
38.66164
37.485619
36.787365
36.631165
36.677109
36.033974
36.493359
36.364731
35.12439
35.583767
36.447411
36.006409
36.1534
34.98658
34.590149
34.368896
33.852627
33.769657
33.529953
33.170406
33.59449
33.539173
34.24905
34.332024
34.119972
33.751209
33.59449
33.73278
33.44698
33.529953
33.041344
33.059769
32.792423
33.004463
33.880283
33.62215
34.202942
34.14764
34.184525
34.497959
34.76532
33.954033
34.414989
34.285927
35.097206
35.217056
35.484409
35.576603
35.558167
35.963795
35.595043
35.807079
34.848297
35.309242
35.991467
36.323349
36.959461
36.69212
36.461632
36.61837
35.954594
35.936134
35.788628
35.926926
36.70134
36.268036
36.166622
35.936134
35.834736
36.277256
35.926926
35.585819
34.304359
34.617817
33.960987
34.192253
33.933231
33.479923
34.044243
34.636318
34.876846
34.876846
34.876846
34.571556
34.506794
33.84996
33.812965
33.563175
34.090504
34.645565
35.024864
34.913853
35.172886
35.376408
35.071125
35.450413
35.672447
35.903728
35.672447
35.422672
36.042488
36.634567
36.523552
36.153507
36.264519
36.690067
36.255272
35.783466
35.598431
35.357906
35.561428
35.515175
35.875973
35.903728
34.719563
34.673317
35.357906
34.645565
34.673317
34.9231
34.682575
34.691822
35.015602
34.201511
34.136757
34.423538
34.506794
34.423538
33.812965
33.461414
33.257896
33.452171
33.313404
33.840717
33.877716
33.905491
33.674191
33.951729
33.831036
33.413258
33.496815
33.65464
33.710342
33.849606
34.258106
33.896027
34.211681
34.341667
33.682495
33.803185
34.118847
34.620171
34.332382
34.406651
33.849606
34.350941
33.840332
34.313812
34.620171
35.102955
35.316494
35.242207
34.991539
35.214355
35.047249
35.010105
35.400036
35.966366
36.532688
36.996895
36.931904
36.634811
35.984936
36.114914
36.15205
36.476994
36.356293
36.801929
36.588402
36.941193
36.904057
36.88549
36.402714
35.882816
35.465027
35.232925
35.242207
35.892094
35.771393
36.857632
36.523399
36.087067
36.569828
36.411995
36.523399
35.929234
35.919949
35.919949
35.827103
35.548584
35.297909
34.889427
34.973259
35.131638
34.991905
35.327271
35.383186
35.494972
35.345921
34.935993
35.075745
35.494972
35.886261
36.128487
35.5695
35.998062
35.5695
35.429756
35.187542
35.308655
35.45771
34.805569
35.420444
35.690624
35.560188
35.709255
36.305496
36.668823
36.193691
36.007378
36.35207
36.063271
36.324123
36.361385
36.389336
36.668823
36.817883
37.060108
36.966946
36.696774
36.771305
36.799255
37.181221
37.963787
37.758827
37.898575
37.525925
37.665665
37.199856
36.948315
37.041481
36.650196
36.743355
38.122162
37.730877
37.507282
37.600449
37.973103
37.572514
37.702934
37.320969
37.926521
37.460712
37.610538
37.704208
38.106899
38.209923
38.256752
38.753101
38.818653
38.603256
38.584534
38.88422
39.53978
39.717716
40.036121
39.577232
39.858192
39.586605
39.549137
40.382637
39.998672
40.12978
40.607407
41.000744
41.122486
40.878994
41.019478
40.869625
40.70105
40.382637
40.485657
40.101688
