Adjusted
20.578756
20.453396
20.571381
21.20191
21.75869
22.138481
22.164289
22.429371
22.218056
22.121658
22.429371
22.151325
22.032692
21.313459
21.491419
21.154045
20.568285
20.924185
20.853756
20.742535
20.827805
21.335711
21.52107
21.257853
21.402439
21.539608
21.057659
20.887125
20.742535
20.95385
20.531212
20.594242
20.601656
20.616484
20.33844
20.219801
20.564583
20.601656
20.219801
20.10116
19.85277
19.734144
19.737846
19.641449
19.311499
18.922237
18.759113
18.855503
19.033453
19.482038
19.048283
19.485752
19.952873
20.164194
20.635021
20.549753
20.216095
20.030727
19.85277
19.67482
20.44595
20.475607
20.130821
20.216095
20.331018
20.34214
20.0196
19.971413
19.986238
19.70632
19.583157
19.374151
19.165144
19.008385
18.930012
18.859098
18.855366
18.870291
18.825506
19.139017
19.26218
19.960112
19.687658
19.993704
19.844418
19.780968
19.624214
19.142744
19.139017
19.325628
19.698853
20.303486
20.463966
20.478901
20.419176
20.546074
20.407986
20.288548
20.47143
20.251234
20.374395
20.191515
20.885712
21.031269
20.781212
20.799873
20.900639
20.799873
20.437836
20.445303
20.240034
19.967579
20.128059
20.195248
20.277355
19.993704
19.822021
20.206446
19.911596
20.262424
20.060883
19.978773
19.68392
19.780968
19.769768
20.232565
20.243765
20.434109
20.225107
21.411963
21.24028
21.404495
21.194176
21.115297
21.727497
21.396986
21.596045
21.626097
21.325628
21.667404
21.404497
21.39323
21.565998
21.111544
21.010134
21.351917
21.16037
21.058966
21.505907
22.050505
22.076792
21.919052
22.170689
22.121862
22.114351
21.952847
22.046749
22.392281
22.144396
22.106842
21.911537
21.798861
21.964115
21.693697
21.622339
21.678673
22.065527
21.569756
22.163179
21.757545
21.246754
21.412006
21.941587
21.588535
21.746279
22.27585
22.193226
21.964115
22.46364
21.502153
21.813889
22.050505
21.460836
21.975384
22.103085
22.283365
22.309656
21.558491
21.626097
21.89275
22.121862
21.975384
21.182901
20.98761
20.766012
18.873064
18.706619
20.507296
20.722927
20.382458
20.9499
20.980167
21.770803
21.180656
20.374891
20.813709
20.541346
20.113869
20.80615
20.492167
20.6397
20.862896
21.184439
21.33954
20.874241
20.329498
20.919636
20.9499
20.870455
20.617006
21.615696
20.828844
20.927204
21.400068
20.624569
19.047077
19.489689
19.209751
19.3762
19.432943
19.818804
18.971426
19.659916
20.1063
19.682613
19.954979
20.019297
19.659916
19.489689
19.304323
19.1984
19.535078
20.110088
19.69397
19.667482
19.773409
19.939857
19.84528
19.91716
19.864199
19.735573
20.110088
20.189524
20.261406
19.913378
19.262712
19.156782
19.368631
19.357285
18.937374
19.074545
18.849739
18.754484
19.021202
18.746862
19.93569
20.198601
20.122395
20.594873
20.724434
20.941618
21.113085
21.124519
21.174044
21.711306
21.303606
21.539841
21.776077
21.814184
21.257877
21.223581
21.387424
20.934002
20.549154
20.652035
20.751093
20.587263
20.347204
20.85779
20.431038
19.272686
18.038137
17.92383
17.458969
17.977179
17.542795
17.866678
17.775225
17.900967
16.944574
17.775225
17.851439
18.232464
18.724005
18.529675
18.110535
18.114349
18.579206
17.702829
17.538984
17.699017
17.756172
18.247709
18.175314
17.794279
17.291317
16.811207
16.521626
16.353962
16.639744
16.776918
17.06531
17.192209
16.403921
16.415461
16.876898
16.953794
17.061468
16.342405
16.673094
16.569275
16.596197
16.538515
16.388544
16.092455
15.965566
16.60388
16.815371
16.50775
17.157598
17.2768
17.253731
17.461376
17.495983
17.161442
16.657715
16.61157
16.48852
16.565426
16.657715
16.896124
17.138371
17.069157
17.149912
17.326792
17.296026
17.361403
17.349863
17.20759
17.296026
17.199902
17.053785
16.976873
17.134531
17.465227
17.199902
17.199902
17.657486
18.326563
18.295795
17.961258
18.018938
18.068926
18.464989
18.238121
18.388088
18.08816
17.934347
17.795919
17.688251
17.434456
17.807449
17.661335
17.461376
17.903631
18.035534
17.566114
17.434216
17.251888
17.461376
17.457491
17.154903
17.007483
17.461376
17.469133
17.624313
17.725174
17.729055
17.453615
17.387669
17.18593
17.069551
16.92601
17.007483
17.271282
17.34111
17.073431
17.193687
17.209208
17.364393
17.197575
17.523445
17.566114
17.608795
17.87648
17.814405
17.872595
18.082085
17.814405
17.546724
17.504051
17.457491
17.480776
17.7019
17.810522
17.985102
18.182947
18.167437
18.361406
18.268297
18.124762
17.985102
17.833807
18.047173
18.128645
17.895874
18.210106
18.361406
18.846336
19.048065
19.19161
18.885128
19.335142
19.52524
19.467047
19.412731
19.439888
19.428251
19.397219
19.416773
20.02293
20.300591
20.112881
20.425739
20.281042
20.003386
20.402275
20.065952
19.901699
20.030754
19.952541
19.889971
19.77656
19.909527
19.721811
19.909527
20.187187
20.151991
20.472672
20.648647
20.828548
20.816813
20.70731
20.973244
20.848099
20.797256
20.711224
20.977144
20.777704
21.211798
21.278282
21.149223
21.309565
21.305649
21.290012
21.211798
21.031914
20.984978
20.820726
20.965422
21.145315
21.02799
21.031914
21.114031
21.071018
20.95369
20.859831
21.086655
21.164869
21.153137
21.176598
21.325211
21.219622
21.329123
21.114031
21.297834
21.125759
21.24308
21.419062
21.528568
21.638063
21.575497
21.78034
21.803974
21.859125
22.138811
22.154568
21.886702
21.473072
21.547924
21.461262
21.232773
21.252478
20.854603
21.012173
21.445498
21.528219
21.201265
21.260347
21.016115
21.016115
20.980665
21.09096
21.244589
21.504589
21.567617
21.654285
21.42186
21.429741
21.260347
21.402163
21.319437
21.382471
21.38641
21.50065
21.303677
21.303677
21.398228
21.437618
21.587315
21.677912
21.87882
21.477011
21.587315
21.540045
21.469135
21.181564
21.059452
21.220961
21.406109
21.220961
21.083088
20.838846
20.925512
20.685213
20.752182
20.86248
20.850666
20.815208
20.681276
20.594612
20.771875
20.748243
20.768105
20.78002
20.799885
20.76016
21.018366
21.077961
20.569479
20.307297
20.339081
20.009359
19.771015
19.969637
20.160315
20.323187
20.207985
19.937853
19.921967
19.465134
19.353909
19.739237
19.624029
19.524723
19.310207
19.266502
19.238701
19.087751
19.044046
18.464073
18.646801
18.893097
18.762007
18.738171
19.016241
18.893097
18.646801
18.861319
18.960629
18.483931
18.364752
18.396536
18.217775
18.750088
18.750088
18.801729
19.135418
19.381708
19.31815
19.373766
19.187057
19.063919
18.893097
18.853373
18.746113
18.742138
18.531597
18.583242
18.456123
18.456123
18.547491
18.952682
19.107613
19.079803
18.99638
19.112648
19.184818
19.252977
18.872084
19.00841
19.032461
19.517597
19.649906
19.617832
19.742119
19.754152
19.734102
19.637877
19.677977
19.978672
20.046837
20.119001
20.038815
20.27537
20.399656
20.636215
20.203199
20.203199
20.07089
20.183147
20.323477
20.139051
19.7742
19.782219
19.958632
19.838346
19.974665
19.846369
19.982685
19.842361
19.782219
20.155087
20.291405
20.343529
20.24329
20.227255
20.483856
20.66427
20.628189
20.612148
20.712389
20.692341
20.704365
20.952951
20.908844
20.844692
20.688332
20.82465
20.888798
21.001062
21.045162
20.944933
21.081247
21.053179
21.281723
21.241627
21.081247
21.173464
21.173464
21.454119
21.498589
21.510715
21.494545
21.696674
21.373266
21.191351
21.361137
21.247944
21.227728
21.300505
20.876026
20.920498
20.746668
20.455595
20.568787
20.633476
20.568787
20.584955
20.394957
20.233257
20.281763
20.124096
19.638988
19.469202
19.267073
19.323668
19.250896
19.161961
19.101318
18.980042
18.984085
18.919411
18.794085
18.802172
19.004303
19.246857
19.149832
18.967911
18.955786
18.891109
19.052813
19.250896
19.1943
19.424732
19.453033
19.630901
19.566221
19.513666
19.404514
19.339836
19.327709
19.153872
19.157921
19.170048
19.230686
19.368135
19.331749
19.513666
19.513666
19.47324
19.554092
19.380264
19.339836
19.41328
19.327591
19.131748
19.258236
19.311275
19.568319
19.552
19.654005
19.568319
19.074625
18.92366
18.560526
18.42588
18.454449
18.658447
18.768614
18.817575
18.642128
18.609488
18.580925
18.560526
18.589083
18.760456
19.074625
18.874701
18.899176
19.12767
19.164387
18.960382
19.258236
19.437759
19.625444
19.380638
19.454079
19.727448
19.866173
19.788651
19.870251
20.021219
19.788651
19.772327
19.674406
19.441837
19.058304
19.282711
19.54792
19.596886
19.568319
19.580563
19.629526
19.596886
19.617285
19.739687
19.976334
20.013056
20.143618
20.50267
20.396593
20.678116
20.600597
20.600597
20.771961
20.820927
20.779724
21.006271
21.376966
21.121593
21.043337
20.923887
21.335783
21.138073
21.323427
21.492296
21.5376
21.434631
21.661173
21.768259
21.805336
21.652929
21.632338
21.690004
21.764143
21.850639
22.048344
22.031868
22.241932
22.035988
22.167789
22.003038
22.040102
21.933014
21.965967
21.81769
21.475821
21.232809
21.521132
21.385208
21.10924
21.039221
21.014505
21.162786
21.224571
21.224571
20.965076
21.171028
21.125711
21.133955
21.133955
21.286348
21.426397
21.525248
21.451105
21.385208
21.315187
21.376966
21.521132
21.484064
21.673532
21.871233
21.895947
21.94537
22.052464
21.965967
21.904186
21.949492
21.932861
22.094957
22.04508
21.837267
21.982737
21.779076
21.966112
22.007677
21.853888
21.687635
21.542171
21.454887
21.330194
20.976912
20.864689
20.902094
20.270338
20.877161
19.975239
20.183054
19.488951
20.523872
20.627781
20.744156
20.810659
20.84391
20.311897
20.399183
20.523872
20.993534
21.24291
20.756626
20.84391
21.284481
21.504765
21.824795
21.587889
21.213821
21.31773
21.737518
21.380072
20.960281
20.993534
21.022629
21.163944
21.31773
21.683481
21.608667
21.932861
21.504765
21.068348
21.180567
21.093287
21.280323
21.159794
21.550484
21.255386
20.84391
20.989382
21.24291
21.272011
21.417477
21.870514
21.903769
21.949907
21.874403
22.117683
21.828264
21.996042
22.3358
22.671364
22.591663
22.419687
22.226742
22.503582
22.704918
22.742666
22.595863
22.130268
22.180603
22.583275
22.369352
22.495192
22.759449
22.205774
22.629414
22.872702
22.751059
22.860111
22.553915
22.402914
22.449049
22.134466
22.10091
21.9583
21.832458
22.314827
22.251907
22.881083
22.8685
22.713303
22.78042
22.876892
22.944006
22.725893
22.889479
22.763643
22.797195
22.746864
23.023699
23.023699
22.797195
23.011122
23.254398
23.342489
23.497683
23.58577
23.417984
23.627712
23.58577
23.791298
23.699013
23.644489
23.430569
23.426376
23.535435
23.446579
23.336588
23.450813
23.569271
23.421196
23.450813
23.590429
23.573503
23.683502
23.366201
23.213896
23.277351
23.044666
22.909283
22.955826
23.036207
23.268894
23.433891
23.569271
23.510044
23.378899
23.315434
23.336588
23.302738
23.463509
23.628504
23.844273
23.759655
23.789268
23.814661
23.988115
23.945808
24.131958
23.950039
24.25042
24.280033
24.233496
23.840042
23.801964
24.322338
24.516953
24.63541
24.931561
24.956942
25.00771
25.138866
25.477324
25.553474
25.549248
25.43078
25.553474
25.803089
25.946934
25.858089
25.798851
25.930006
25.908857
25.86655
26.001928
25.934244
25.794626
25.443478
25.456278
25.48188
25.426405
25.537354
25.78483
25.797626
25.392281
25.550152
25.545885
25.912838
26.284061
26.394997
26.450468
26.480331
26.552872
26.732082
26.902758
26.629679
26.672348
26.710751
26.126186
26.548603
26.471802
26.318192
26.407801
26.689413
26.552872
26.271255
26.373663
26.450468
26.185919
26.633945
26.561407
26.514469
26.365124
26.365124
25.823235
25.695227
25.729364
26.045111
26.113384
26.403532
26.245659
26.437668
26.245659
26.514469
26.668074
26.753416
26.825953
26.804615
26.557138
26.591274
26.505936
26.604071
26.825953
26.843018
27.508654
27.576923
27.662266
27.628132
27.628132
27.995079
28.020685
28.029284
28.007786
28.145397
28.158297
28.579723
28.351807
28.295902
27.97768
27.79707
27.496054
27.573452
27.801367
28.549622
28.639925
28.515219
28.424913
28.52812
28.63563
28.541019
28.394808
28.338911
28.261499
28.429214
28.377611
28.455013
28.562523
28.566822
28.347507
28.265804
28.080887
28.184099
28.093788
28.313103
28.261499
28.265804
28.214199
28.12389
28.184099
28.149694
28.274405
28.777534
28.678633
28.893644
28.953852
29.173161
29.788107
29.358074
29.723598
29.633289
29.822506
30.041824
29.938616
29.934311
29.91711
29.753704
29.809607
29.482788
29.706402
29.474182
30.028919
30.437452
30.794371
30.669666
30.489052
30.261137
30.070545
30.009899
31.209785
31.244434
29.905943
28.866333
28.654081
28.506802
28.311878
28.398516
28.493807
28.363853
28.372524
28.350868
28.138615
28.173267
28.077969
27.948015
27.497524
28.086636
28.099632
28.01733
27.610151
27.37624
27.237621
27.25495
27.324255
27.432547
27.926363
27.878712
27.748764
27.969679
28.190596
28.155943
27.848389
27.891705
27.956682
27.974007
28.385519
28.298885
28.662746
28.593443
28.294556
28.30755
28.242579
28.558788
28.303215
28.394184
28.610765
28.359531
28.181927
28.177597
27.904699
