Adjusted
36.488243
36.867146
36.963898
36.971966
36.294769
36.431808
35.940022
35.182205
36.391514
36.278633
34.158333
33.182854
32.973244
32.400852
32.932938
34.07774
33.948738
34.908104
34.617878
34.658188
35.456306
36.681728
35.633686
33.884247
33.263474
33.303783
33.384403
34.625946
35.133846
35.440189
35.197613
35.68277
36.67733
36.661148
36.725845
36.046627
36.248779
37.130127
36.572212
37.574848
36.467087
36.984592
37.194817
37.663795
37.413136
36.394318
34.680134
35.998104
35.68277
35.804054
35.456356
34.017082
35.189537
34.114113
32.488873
33.790684
34.526501
34.267757
33.911968
34.186886
33.281273
33.895805
33.774517
33.345955
34.38903
34.89035
34.95504
35.270382
34.73671
34.793324
34.728649
35.707016
36.547951
36.822872
37.574848
38.957531
38.229797
38.270233
37.299931
38.25407
38.343002
36.855217
35.626171
34.922703
35.529144
35.650425
36.159828
35.359333
36.030457
34.510326
34.995472
35.027912
34.930592
35.182011
35.157677
35.611839
35.652397
35.441544
35.100903
35.011688
34.022247
32.327221
32.035248
32.197453
32.035248
31.159349
30.907946
31.191797
30.169914
30.453768
30.105024
30.234787
27.185358
26.447329
26.447329
26.86095
26.617651
26.86095
26.495996
27.169142
26.893393
27.031265
26.366234
26.698753
27.371891
27.006935
26.082375
25.279463
25.87962
25.976938
25.547108
25.344351
24.565769
24.168367
23.008615
23.397907
23.227585
24.265692
23.949396
24.306246
24.395454
24.241362
24.054827
23.333021
23.422226
23.503328
23.219475
22.838303
22.221924
20.981066
22.189486
21.110826
21.483892
21.36224
21.824528
21.80019
21.589325
21.248701
20.656654
20.656654
21.243584
21.643026
21.365864
20.713722
20.575134
20.950123
21.137619
20.75448
20.306128
20.004511
18.724678
19.083357
19.091513
18.03993
18.015474
18.431213
19.548012
18.553493
18.749138
17.371483
17.558971
19.303459
18.985538
19.482798
19.287149
19.246399
18.651312
16.703035
17.860586
17.452997
15.260169
15.097132
14.974853
13.890665
13.882509
12.464099
12.594526
14.754756
14.754756
13.116242
14.542807
14.934093
16.205774
15.871551
14.608026
14.787363
14.290102
14.575414
17.102467
17.461153
18.374155
16.898678
17.20845
19.83333
19.327919
16.540001
18.406761
19.213789
19.694748
20.020817
20.599596
21.129457
20.893059
21.130665
18.140093
17.959837
20.34411
21.876259
22.154837
22.25316
22.433407
20.934027
21.401047
20.565325
20.163855
21.163437
21.966387
22.236765
22.982368
22.490768
21.794327
21.556721
23.473969
23.22817
23.056101
22.974173
22.367855
22.179415
22.736565
23.22817
23.514933
23.531324
23.621445
23.916409
23.826279
23.179005
23.219973
22.744759
22.908623
22.040127
22.843073
19.868891
20.729191
20.991377
20.581717
22.220381
22.007359
22.064713
22.531729
22.769339
23.015137
22.474377
22.433407
22.531729
22.654633
20.925833
21.843487
22.621857
23.785313
23.367453
22.933207
23.383841
23.400229
22.280439
22.675653
22.922676
22.790928
22.535688
23.037945
22.675653
22.321609
21.95109
20.781902
20.979509
21.753481
21.333565
21.374729
21.267694
22.642725
22.601553
22.996771
22.89797
23.16968
23.523733
23.466103
23.16968
22.593325
24.00952
23.877783
23.696634
23.828381
23.490805
22.543919
22.873268
23.34259
23.597836
23.795448
23.639002
21.127716
21.226526
21.284155
22.156933
21.020691
21.317089
21.473536
21.555872
20.271421
20.296114
20.567825
19.538609
19.571547
19.925596
19.925596
20.156145
20.271421
21.004215
21.547638
19.629183
19.958529
20.559587
22.206337
21.14419
21.317089
20.460787
20.757206
20.72427
20.526659
21.321558
21.959137
21.404364
22.497347
22.373148
22.108179
22.51391
22.787153
23.507532
23.482698
23.019003
23.499256
23.110083
23.110083
23.391611
23.847025
23.987785
23.772503
23.101807
22.447672
22.000538
22.571877
22.588436
22.14958
21.536848
21.942574
22.340021
22.099903
22.563593
22.16614
22.812
21.975698
22.14958
22.547035
21.975698
22.38143
22.075058
22.422827
22.571877
23.13493
23.573774
23.706253
24.004347
24.227911
24.401804
25.445107
25.16358
26.447012
25.768038
25.445107
25.02281
24.940012
25.16358
23.855305
23.813906
23.7311
23.764227
23.747665
23.590336
23.168045
23.34193
23.076963
22.397985
22.847448
23.038881
23.280258
23.862886
23.629831
23.088823
23.221991
23.480009
23.821268
23.996059
23.330194
22.939003
23.321871
24.062649
23.921152
23.887857
24.14588
24.154202
23.846233
24.270731
24.487131
23.912825
24.237432
24.012707
24.054321
23.738039
23.280258
22.730913
23.047201
23.471689
24.320671
24.02103
23.663126
23.937796
24.528748
24.553719
24.73683
24.753477
24.84503
24.928267
24.894974
24.686897
24.961561
25.544195
25.477608
26.093527
25.868803
25.519226
25.286169
25.053118
24.620306
25.73562
25.069767
25.402697
26.559631
26.809334
26.992441
26.959152
27.017416
27.142265
26.767719
26.842627
27.059032
26.576281
26.919037
26.684963
26.392368
26.434164
26.626442
26.133202
26.250238
25.623247
25.757006
26.4676
26.417444
26.200077
26.409081
25.966002
25.757006
25.481125
25.50621
25.489481
25.272125
25.614885
26.116484
25.531288
25.539644
25.740286
25.748646
26.191727
26.392368
26.442516
26.392368
26.526121
26.175005
26.308758
26.450884
26.383993
26.108122
25.782085
25.798801
25.522924
25.631607
25.698484
25.531288
25.531288
25.832247
25.447691
25.472771
24.887573
24.770536
24.870852
25.038054
25.054766
25.213614
26.442516
26.066322
25.130011
25.589809
24.987888
25.004614
25.071489
25.104925
24.887573
24.769934
25.106028
25.181652
25.164845
25.047211
24.887573
24.845558
24.761538
24.669107
24.921181
25.080822
25.022007
25.206856
25.727797
25.685781
25.635382
25.408512
24.736326
24.080956
24.038939
24.022137
24.450653
24.568287
24.442249
24.643902
24.635502
23.946516
23.744865
23.879295
24.391836
24.30781
24.282608
24.459053
23.912907
23.719654
23.736452
23.576815
23.744865
23.837286
23.677645
23.786871
23.812078
23.736452
23.744865
24.299408
24.173376
23.912907
23.946516
23.896095
23.425573
23.534803
23.62723
23.475986
23.291134
22.030794
22.224047
21.593874
21.795528
22.358486
22.702976
23.106285
22.81221
22.492914
22.829008
22.567093
22.5333
21.443388
21.468729
21.054731
20.86886
21.012491
21.485626
21.350449
21.122328
21.595469
21.570116
20.978693
20.70833
21.02939
21.063183
21.451836
21.663059
21.671509
22.567093
22.626242
23.24301
22.972639
22.9473
22.516399
22.803665
22.355869
22.254484
22.516399
21.97567
21.815142
21.764448
21.544777
21.781347
22.254484
22.567093
22.575544
22.541748
22.795214
22.727623
22.702278
22.59244
22.626242
23.133173
22.888155
23.192316
23.344395
23.48802
23.521828
23.369747
22.812109
23.116276
23.92737
24.071001
24.172392
25.558016
25.498875
25.879076
25.887524
25.211615
25.853727
25.389036
25.38059
26.136311
26.076876
25.669294
25.915545
25.754208
25.372099
25.567396
25.448519
25.924034
25.941011
26.161793
26.620317
26.781656
27.172258
26.654284
27.129801
27.044891
27.783634
27.749664
27.308119
27.630789
28.199707
27.49493
27.978941
27.894024
28.352558
28.029881
27.401525
27.715704
27.927986
27.656265
27.104326
27.104326
26.841099
27.49493
27.427004
27.79212
27.902506
27.647778
27.775143
28.208206
28.259151
28.250656
28.513891
27.987419
28.386515
28.386515
28.479919
28.624275
28.335566
28.208206
28.403498
28.293114
28.352558
26.484459
26.365578
26.798637
26.620317
26.484459
26.195759
26.136311
26.051405
25.669294
25.635326
25.242777
25.19157
25.421982
25.311047
25.31958
24.824627
25.157436
24.927029
24.645414
24.739286
25.165972
25.703596
25.93401
25.729198
25.746265
25.558521
25.976677
26.514303
26.190018
26.079082
25.788933
25.899876
25.626787
25.814535
25.729198
26.104679
25.780401
25.677998
25.413448
25.387848
25.515854
25.66946
25.942537
25.925474
26.044945
27.0434
27.265268
27.384739
27.487148
27.785828
28.357588
28.596529
28.775738
28.954947
28.494129
28.54533
28.51973
28.451458
28.51973
28.528259
27.956499
27.879702
29.612041
30.149672
30.252077
30.798231
30.678764
30.798231
30.738503
30.243544
30.909166
31.276123
31.250406
31.816114
32.124664
32.270382
31.696104
30.744713
31.224693
31.610395
31.86754
31.387539
31.516123
31.961811
31.670397
31.490404
31.704689
31.370407
30.384722
30.933281
30.684715
30.427578
29.519035
29.784746
29.964733
30.753286
30.890425
30.950424
30.916142
30.256149
30.299009
30.616144
30.804701
30.8647
31.267559
31.473259
31.730391
31.336123
31.258984
30.230442
30.487576
30.461861
30.11902
30.033314
29.853313
29.527609
29.964733
30.693289
30.898981
30.590424
31.156128
31.121849
31.147549
31.730391
31.713249
29.579035
29.759029
29.210472
29.116188
29.236189
28.636208
27.924805
27.684811
27.5991
27.436253
27.401794
27.358723
27.126137
26.928013
26.678198
26.669584
26.729885
26.996925
27.746359
27.918644
26.7988
26.437
26.178572
26.066591
25.954607
25.627262
25.920147
25.446367
25.670332
26.092434
25.480824
25.42914
25.989063
26.221647
26.333628
26.101044
25.420525
25.239622
25.515282
25.498051
26.109661
25.971836
26.557598
26.71265
26.488689
26.230261
26.738501
26.281946
26.523142
26.221647
25.747868
26.101044
25.523893
26.325016
26.962465
27.798044
27.668831
27.419016
27.220896
26.71265
26.540367
26.169964
26.256098
24.636629
25.532507
24.162846
24.671085
22.646751
23.86997
22.543379
23.714911
23.499556
24.369593
24.291626
24.542856
23.83247
23.841139
23.624556
24.473553
24.62949
23.953756
24.083704
24.898048
24.889383
24.6728
24.482214
23.763165
23.477283
24.187666
23.867123
23.485947
23.407976
23.477283
23.745838
24.421568
24.794088
24.092371
24.282955
23.546589
22.013201
21.822605
22.117161
22.325077
21.753311
22.325077
21.493406
20.930298
21.320143
21.805281
22.446362
22.047857
22.532993
22.836208
23.459955
23.485947
24.040388
23.407976
24.179001
23.754505
24.057714
24.768099
25.07131
24.386919
25.036657
26.162876
26.284157
25.07131
24.031729
24.724785
25.44383
25.166605
25.461155
25.859669
24.707455
25.019333
25.721048
25.799021
25.829521
25.219515
25.019077
25.184654
24.653074
24.757647
24.21735
24.313215
25.184654
25.324083
26.247812
26.334955
26.134523
26.108377
25.794664
25.751089
25.045219
25.376369
24.69665
24.260927
23.903637
24.365499
24.138922
23.764204
24.705359
24.984224
25.010363
25.324083
25.306652
24.72279
25.045219
24.923225
25.175936
25.594233
25.480944
25.332796
25.193367
25.080078
25.210793
25.393799
25.419943
25.080078
25.463511
25.6378
26.178093
26.047379
25.98638
26.212954
26.003809
25.98638
25.890518
24.949364
25.43737
25.419943
25.751089
25.794664
25.968946
26.509241
26.796818
26.639957
26.953678
27.29986
27.203451
27.369972
27.475136
27.492666
27.650421
27.816935
28.009737
27.79064
27.676704
27.343676
27.624125
27.729292
27.738054
26.633791
27.212217
27.264803
27.282328
27.457611
28.185024
27.738054
27.887047
27.869514
27.773119
27.930866
27.98345
27.816935
27.9221
28.079851
27.930866
27.405027
27.396261
27.746822
28.334009
28.027269
27.54525
27.448843
27.028168
27.010641
27.159636
27.256037
26.949293
26.984352
27.343676
27.10705
26.887949
26.914238
26.660088
27.115814
27.071989
27.194691
27.23851
27.019407
28.93873
28.877373
28.535574
28.263897
28.561871
28.903667
28.623219
29.35939
28.78974
28.965015
28.608183
28.458403
28.379107
28.035492
28.343859
28.335054
28.123598
28.28219
28.414351
28.634609
28.326239
28.088352
27.242533
27.207289
27.586147
28.343859
28.308619
28.061924
27.920954
28.132406
27.542089
27.542089
27.709499
27.568523
26.56411
26.326223
25.885695
25.797586
25.365868
25.224892
25.436348
25.674238
26.009047
25.586132
25.542078
25.110355
25.013441
24.273346
24.290964
24.370262
24.061892
24.13237
23.709459
24.009024
24.317394
24.044268
23.788759
23.674215
23.515631
23.533249
23.947351
24.264532
24.22048
22.98699
22.62575
22.141167
22.502401
22.581697
22.652182
23.330603
23.321791
22.854832
22.846018
22.903677
23.285109
23.347195
23.214144
23.515741
23.347195
23.302853
23.249626
23.400427
23.435905
23.391552
23.577833
23.533482
23.728628
23.843952
23.622185
24.269733
24.207642
24.163286
24.243128
24.118935
24.296347
24.118935
24.127811
24.154421
24.101196
23.968134
23.977011
24.402794
24.535851
24.376181
24.447145
24.110065
24.633423
24.731005
24.801966
24.970509
25.023727
25.121305
25.103559
24.917282
24.864063
24.881802
24.926157
25.484997
25.813211
25.786592
25.298714
24.872931
24.207642
23.888304
23.94153
23.994749
23.80847
24.039104
23.817339
23.595573
23.622185
23.063343
22.593204
22.522242
22.406925
22.232744
21.91118
21.866518
22.295271
22.822287
23.527945
23.572605
23.885239
23.85844
23.608334
23.760185
23.903105
23.849508
23.929901
23.85844
23.867371
23.867371
24.278263
24.090681
24.269331
24.313997
24.251469
24.197872
24.465845
25.08218
24.912466
25.037521
24.814207
24.778481
24.537296
24.55517
24.171076
