Adjusted
73.673409
73.256287
71.508301
71.97509
72.998062
72.998062
72.004883
67.783913
67.466095
65.012962
62.728672
52.459282
61.507069
59.878269
64.764671
66.711281
65.152
42.189899
42.706348
42.408394
50.224648
53.53191
51.336998
50.641781
51.078777
51.10857
54.64426
54.952145
55.528179
55.120979
54.376106
55.021664
53.08498
53.879517
52.171265
51.009258
52.141468
52.141468
51.982559
52.310303
50.284241
46.847866
46.877663
47.642406
44.950909
45.18927
43.490948
44.295414
45.586544
46.202305
46.311558
43.798836
44.484123
44.3848
51.86338
48.486599
48.387287
48.854069
48.168785
47.056435
47.185547
48.556118
48.655441
48.258171
48.148926
47.850971
48.069469
47.11602
47.483498
47.572884
47.672199
48.079395
50.651711
49.737995
52.479145
51.456181
52.697647
52.419556
55.369274
55.677158
56.163811
56.223404
57.017933
58.011112
58.428242
57.683365
56.382309
57.832336
58.100498
58.706326
58.845371
58.924828
59.044006
59.590252
59.530659
58.18988
57.48473
56.352516
56.431969
56.163811
57.872063
59.471069
60.305336
59.629978
58.388512
58.696396
59.441273
59.590252
57.564182
57.156982
57.256298
56.779572
58.696396
60.364922
60.613213
61.238914
60.990623
61.566662
60.086834
57.584042
57.812473
56.541214
55.746681
55.597706
56.163811
54.376106
54.098015
53.819927
53.144569
54.525082
53.094913
53.601433
51.436317
50.353764
49.946564
51.644882
58.60701
59.192978
61.526932
60.494034
63.642391
63.036552
61.834816
60.682735
63.3643
64.48658
63.71191
64.238297
63.701977
64.655418
64.327675
63.582794
65.022888
66.234566
65.708183
63.632454
64.446854
64.695145
63.155731
61.805023
61.228985
61.944065
63.543068
61.675911
63.513275
64.397194
64.814323
63.801296
64.248222
64.198563
63.751637
62.768398
64.784531
64.11911
65.271187
64.665352
64.198563
61.795094
60.950893
52.975735
56.948414
60.255672
58.299129
60.782059
63.562935
63.056416
61.814953
56.511421
62.947166
62.50024
61.566662
59.490932
58.736122
56.203541
53.631226
47.125954
44.096786
49.310936
50.463009
44.3848
44.434464
46.609509
49.84724
49.370522
46.837936
45.586544
44.980705
43.96767
45.18927
46.847866
48.625645
49.817448
50.045876
51.942833
50.800694
49.281136
50.592121
50.145199
49.211613
44.563576
46.182442
44.8218
38.286736
40.441917
38.85284
36.747322
38.13776
42.269352
41.901878
43.878288
43.014229
39.836082
39.816216
41.673443
41.941605
44.633099
45.924221
45.338245
45.497158
43.183067
42.239552
39.965195
44.851593
44.851593
44.861523
46.957115
45.844765
45.328316
45.437569
45.417702
44.931049
45.68586
46.212238
47.274929
47.423908
47.463638
47.106091
46.212238
44.275558
44.057056
44.047123
42.14024
41.981335
42.050854
40.084377
41.593994
40.491577
39.478542
40.124104
41.792629
42.855324
42.309078
41.305973
41.057686
39.081268
40.541229
41.365566
41.216591
41.117275
39.160728
38.584686
38.13776
35.724358
32.407162
31.831123
29.229019
29.397856
27.530695
29.447515
30.500277
30.619457
29.397856
27.431379
26.418344
26.577251
25.852238
23.617603
25.882032
28.692705
30.05335
32.278053
30.569799
30.857819
32.506481
32.814365
31.73181
31.225292
35.41647
35.058929
35.029133
35.922985
36.091827
33.757881
36.697662
35.883263
37.482269
38.13776
39.081268
38.892567
38.068237
43.520741
43.490948
41.752899
42.408394
44.126579
43.918018
40.88884
41.464882
40.402191
39.557995
42.110447
41.623791
41.137135
41.445019
41.584061
41.27618
41.713173
41.812492
42.09058
41.623791
42.607029
42.080647
41.733036
39.379223
40.11417
38.554893
40.412121
40.9683
40.283012
38.515163
38.356258
39.458675
40.034718
39.140862
40.223419
42.239552
42.458054
41.911808
42.567299
42.954639
44.01733
45.526955
47.036568
48.138992
47.950287
45.010502
42.686478
42.666618
42.775867
43.183067
41.236454
39.796352
39.895668
40.382324
40.024784
41.077545
40.908707
41.027889
39.289841
39.885738
38.405914
37.184315
37.929192
37.37302
38.376122
37.541859
42.99437
46.440666
45.983807
46.798206
47.622543
47.274929
49.747925
50.135262
50.03595
49.509563
49.827377
50.03595
50.651711
53.094913
53.472313
54.068218
55.180573
56.868958
56.074425
55.44873
56.27306
59.36182
59.103596
56.084358
56.402176
55.101116
55.329548
56.27306
57.147053
56.054558
55.935379
56.67033
56.571007
55.180573
52.7771
53.382931
54.117878
55.329548
55.577839
58.398445
58.597076
58.428242
58.209743
59.649841
62.351261
63.294777
63.523209
62.698875
62.91737
61.43755
60.285469
58.666599
60.444374
61.278641
60.662876
59.341957
58.497765
59.689564
59.103596
59.590252
60.712536
60.523827
61.586525
61.03035
62.91737
64.456787
66.026001
68.052063
67.068825
66.800674
62.530037
59.86834
59.143326
58.070702
55.925453
56.461761
54.60453
55.160706
57.008007
56.292923
58.458038
58.726192
60.265606
60.93103
60.454308
59.749157
60.106701
61.129662
61.099869
60.782059
59.461136
58.696396
61.616322
62.122837
62.242016
61.28857
60.57349
61.080009
59.987522
60.235809
60.742329
59.788887
60.394722
61.417683
62.827984
62.927307
64.476654
64.248222
64.724937
63.890682
64.21843
63.960205
63.672184
64.009857
64.039658
64.238297
64.198563
64.605766
64.148903
65.440018
65.56913
65.896881
66.502716
67.217804
67.287315
66.184898
66.165047
66.234566
65.191734
66.790733
66.671555
63.394096
60.901237
59.838543
60.007381
60.146427
59.540592
59.05394
60.603283
61.040279
54.326443
52.687714
54.922344
55.44873
54.614468
53.809998
54.237057
53.492184
53.809998
53.621296
54.952145
56.491558
56.759716
55.597706
56.004902
55.697021
55.06139
55.8162
56.710052
58.090565
58.746052
59.947796
59.788887
60.464241
61.28857
62.271812
62.321468
63.662247
65.231453
65.737976
64.705078
63.632454
63.841019
64.138977
63.860882
64.138977
63.682117
63.950268
63.562935
63.553005
63.850956
64.546165
65.519478
65.30098
64.367393
64.516373
64.43692
64.337601
66.800674
66.870186
66.413338
66.751007
67.793839
67.744186
73.007988
76.215927
75.788864
74.477875
74.249451
75.11351
74.547401
76.831696
75.97757
75.093643
71.597687
71.011711
75.461121
75.937836
77.447464
76.315239
69.452438
70.326416
69.144554
69.869568
68.270561
69.33326
69.591484
68.767143
68.935989
71.379189
70.177452
67.863365
69.939087
71.637405
68.141457
65.608871
66.135246
65.787636
67.039032
68.916122
67.992477
69.96888
70.574715
70.41581
70.018547
68.568512
66.04586
66.51265
65.102348
63.463619
62.728672
59.192978
59.113529
59.113529
55.319618
54.256924
55.428867
56.193611
57.802544
55.687088
58.318993
58.358715
58.408379
55.498386
56.461761
56.809372
56.868958
55.339481
56.27306
58.179951
58.239536
57.832336
57.176846
57.087463
58.696396
58.626869
60.513901
60.702602
61.000553
63.443756
60.67281
57.911789
57.464863
57.673428
56.68026
59.242641
58.646736
56.849102
56.203541
55.617565
53.869591
54.554878
54.376106
56.938484
56.342583
55.806267
59.024147
60.17622
60.58342
58.904968
58.924828
60.881371
61.338226
63.463619
62.440647
63.32457
62.609493
62.867714
64.148903
62.996826
62.887577
62.122837
64.903709
66.572235
66.04586
65.867088
64.814323
65.261246
62.986893
64.595833
63.672184
63.642391
64.109184
64.317749
65.718117
67.783913
68.280495
67.883224
67.436302
65.291039
62.222153
63.046486
63.801296
63.761566
61.725571
60.047108
58.626869
60.305336
60.027245
60.434444
61.497135
62.64922
62.520107
62.09304
61.646114
62.341331
62.748535
61.755363
61.566662
61.169392
60.593349
61.169392
61.298504
62.142696
62.172489
64.009857
63.26498
62.341331
62.64922
65.708183
66.681488
67.714386
67.495888
67.416435
67.773979
68.717484
69.363052
68.558578
68.628098
68.419533
69.869568
69.591484
70.246971
70.852798
70.743553
70.197319
70.445602
70.276772
70.505188
70.832939
70.544922
72.024742
71.557961
70.197319
70.991852
70.713753
71.299736
71.52816
73.097374
71.776451
71.667206
71.518234
70.783279
71.52816
71.150764
72.600784
72.501465
72.461739
71.935364
70.76342
70.256905
71.766525
75.053925
77.308411
75.987495
77.407738
76.652924
76.841637
77.45739
77.993698
79.33448
78.609474
77.963905
78.17247
78.420776
76.096748
75.967628
76.72245
77.814934
78.202271
77.030327
77.377945
80.009842
80.665337
80.337585
79.850937
79.503326
78.192345
78.192345
77.58651
79.513252
80.734856
81.112259
80.575943
82.731133
83.485939
83.307167
83.952728
84.280479
83.138321
83.039017
84.479103
85.303444
85.343163
83.624985
83.168121
83.545532
84.349998
84.419518
83.913002
83.227715
83.674644
83.039017
83.088676
83.187988
83.336967
86.326401
89.633667
89.881958
90.289162
92.017273
92.573456
94.351227
95.433784
92.861473
92.25563
91.520691
90.169975
90.239502
91.073761
92.335091
93.318336
91.153214
91.014175
89.534355
89.79258
90.219635
90.865204
88.163773
88.392204
88.491516
91.381653
93.079979
93.288536
92.156319
90.835403
89.24633
87.130875
87.488411
87.408966
87.587738
85.809967
86.306549
87.339447
86.604492
86.594566
87.528145
89.156944
92.285423
91.32206
90.746017
88.739807
90.755943
91.778915
92.345024
93.427582
93.993683
95.17556
95.374199
97.15197
97.062592
95.552963
94.341286
94.798157
94.589592
93.576553
94.043343
97.251289
98.750977
95.821129
96.983139
98.681458
99.724289
98.502686
97.926636
97.668419
97.072517
94.75843
94.788223
90.130257
87.567871
81.102333
84.310272
82.57222
86.723671
88.749741
91.113495
90.656631
89.752846
84.777061
82.443115
83.376678
86.386002
88.173698
87.339447
89.286064
91.659737
92.186119
92.772095
91.749115
89.901817
90.090523
92.245705
91.471039
89.087425
89.79258
89.732986
92.205971
94.688911
94.390961
95.155693
98.512619
95.970093
92.742294
90.914856
93.467308
94.569733
92.772095
93.010452
92.066933
87.478493
88.412056
90.318954
93.536827
93.953957
96.397156
96.208466
97.579033
91.878235
93.507034
92.03714
93.685806
92.364883
94.093002
97.320801
100.260597
98.294121
100.171211
103.806213
104.253143
101.740425
99.49585
100.707527
102.048309
101.869537
101.869537
102.594543
99.803741
99.813675
101.253761
100.816772
100.65786
99.148247
95.960167
95.17556
94.72863
94.112869
92.821747
92.444336
95.741661
96.714973
101.710632
102.624344
104.133965
104.263077
102.366119
102.584618
101.32328
102.991806
102.31646
101.511986
99.376663
100.856499
102.296593
102.097969
104.312737
104.998024
105.017876
105.017876
104.829178
103.210312
103.617516
103.130852
102.058235
100.250671
101.839745
101.839745
103.478477
104.24321
105.971329
106.656609
105.305901
107.500816
108.722412
109.099815
107.7491
108.04705
109.745377
110.381004
109.447418
109.646065
109.149475
110.043327
110.251892
111.582741
114.780754
115.178024
115.13829
116.598259
117.074974
117.124641
117.9589
119.408928
119.796272
118.862679
118.803093
119.150703
119.408928
120.799362
121.047653
121.246292
120.680183
120.531212
120.948341
119.875717
120.769569
119.230156
120.322647
121.454865
122.060699
122.020966
123.560394
123.09359
125.437485
124.017242
123.759018
123.927856
124.60321
124.881294
125.119667
125.377892
124.573418
123.778877
125.079941
125.0998
125.705635
126.321396
125.735428
125.54673
125.338158
122.30899
122.72612
124.186081
123.471001
124.692604
126.768326
126.470367
126.569695
127.523132
127.12587
126.351196
127.97007
128.923508
129.390289
127.612526
128.168686
128.784454
127.42382
125.54673
124.692604
124.066902
123.798752
124.940895
126.331329
125.238838
125.407684
124.861435
121.11718
120.421967
121.206566
122.060699
122.795639
125.218987
126.311462
127.533066
126.092972
125.139534
121.355553
120.640465
121.951454
124.275467
123.282295
123.947723
123.09359
123.659698
123.242569
125.83474
128.029663
129.340622
130.85025
130.741013
129.439957
128.516296
127.940285
129.171799
131.475952
131.863281
134.078064
135.706863
135.915421
135.478439
134.991776
135.25
134.425674
133.422562
129.559143
131.326965
130.641678
130.21463
129.032745
130.661545
129.658447
126.857719
125.81488
126.758392
127.602592
129.708115
130.880035
129.112213
127.49334
127.701912
128.407043
128.546082
130.889984
131.158127
130.741013
130.383469
131.813644
133.651001
133.472229
135.418854
136.531189
135.071243
135.110947
135.925369
135.617462
137.544235
138.040817
137.137024
137.484634
136.233231
136.709961
137.762726
137.901779
139.639816
140.2258
139.967545
139.699402
139.490829
140.384705
139.947708
141.556641
141.030258
142.3909
141.586426
141.238831
140.54361
141.288483
140.027145
141.099777
140.980591
140.54361
140.901154
141.189163
142.063156
143.036469
142.728577
140.871353
138.249374
137.564087
136.898651
137.762726
138.457947
137.852097
143.97998
143.344345
143.115921
142.182343
141.795013
141.358002
141.665878
142.07309
143.622421
142.450485
142.202194
142.212143
141.129578
140.791885
141.348083
141.795013
141.338135
139.451111
138.348694
138.706253
139.907959
139.600098
139.391525
139.86824
139.192871
138.577133
139.272339
141.159378
141.516907
141.447388
141.228882
141.765213
141.934036
141.983704
141.646011
143.840927
143.811127
143.016602
143.115921
144.466629
144.863892
145.976242
147.009155
145.310822
145.618713
144.059448
143.393997
143.036469
