Adjusted
48.240002
47.84
45.700001
46.720001
44.82
44.389999
44.66
43.18
44.32
42.650002
42.490002
40.889999
41.240002
40.110001
40.75
42.439999
41.299999
41.139999
40.779999
40.970001
41.150002
41.959999
41.220001
39.849998
38.720001
38.57
38.939999
39.25
38.48
38.740002
38.700001
38.150002
37.900002
38.389999
38.950001
38.599998
39.299999
39.099998
32.990002
33.110001
31.09
30.35
29.9
31.51
31.200001
31.610001
31.549999
33.209999
32.900002
34.529999
34.080002
33.91
33.049999
31.389999
32
32.630001
33.119999
32.740002
31.43
31.77
31.48
32.830002
33.130001
33.490002
33.830002
33.73
33.610001
32.700001
33.110001
31.99
31.68
31.469999
32.599998
32.220001
33.27
33.75
34.07
35.549999
37.529999
39.380001
38.549999
38.919998
38
39.310001
39.419998
38.349998
39.290001
38.240002
38.830002
39.099998
39.669998
40.080002
40.189999
40.939999
40.740002
40.27
39.610001
39.43
39.419998
38.75
39.650002
39.700001
40.93
41.16
40.419998
40.560001
40.810001
41.490002
40.509998
40.77
39.900002
38.240002
38.080002
38.540001
39.279999
39.509998
38.630001
38.799999
36.880001
36.09
35.740002
36.349998
34.77
34.029999
33.810001
34.639999
33.650002
33.959999
33.68
34.599998
33.009998
33.720001
33.049999
33.299999
34.099998
35.25
35.990002
36.009998
34.25
33.810001
33.91
32.740002
32.759998
32.200001
32.740002
32.75
31.889999
33.669998
32.77
33.720001
34.200001
34.099998
35.259998
35.540001
34.389999
34.279999
34.349998
38.369999
37.919998
36.610001
37.130001
36.619999
37.16
36.200001
36.400002
36.93
37.540001
35.529999
35.43
34.619999
34.369999
33.77
34.34
33.950001
33.459999
34.32
34.439999
33.419998
33.540001
32.150002
33.459999
35.709999
33.509998
33.150002
33.599998
34.209999
35.209999
32.169998
33.549999
32.52
30.450001
30.719999
28.459999
26.870001
27.059999
25.25
24.200001
27.77
25.85
23.200001
25.379999
24.559999
25.17
24.379999
22.85
22.92
21.84
20.68
23.24
22.309999
21.959999
21.309999
22.879999
22.5
21
19.879999
20.76
20.450001
19.77
19.030001
20.84
19.530001
19.09
19.15
17.860001
16.82
14.37
15.69
16.02
16.889999
16.59
14.83
15.57
15.84
15.13
16.040001
18.35
18.26
17.99
17.389999
18.4
17.610001
19.129999
19.209999
18.41
18.52
18.26
18.34
18.690001
18.889999
18.43
18.969999
19.65
20.68
20.879999
20.85
20.07
19.200001
18.469999
18.780001
18.459999
17.73
15.48
16.139999
15.72
16.77
16.129999
16.26
16.43
16.91
17.25
16.93
16.559999
16.530001
17.190001
17.41
17.809999
18.540001
18.200001
17.200001
17.450001
17.549999
17.559999
16.57
16.309999
15.85
15.26
14.39
14.6
14.3
14.06
12.69
11.86
11.79
12.51
12.05
12.02
11.78
12.54
12.31
12.74
12.83
12.88
13.21
14
13.87
13.39
14.59
14.85
15.3
16.16
16.07
15.23
16.809999
17.110001
17.98
17.99
18.27
17.700001
18.440001
19.299999
18.76
18.5
18.389999
18.379999
18.51
17.540001
18.15
18.809999
18.52
19.68
19.01
18.700001
19.450001
19.940001
19.629999
20.469999
20.440001
20.469999
19.469999
19.700001
19.799999
19.4
18.5
18.84
19
19.48
19.42
19.139999
18.83
20.700001
21.120001
21.16
21.190001
21.459999
22.66
22.219999
22.08
22.190001
22.17
22.030001
22.459999
22.299999
22.4
22.24
21.309999
20.98
20.969999
20.719999
20.540001
19.799999
19.74
19.84
20.08
19.75
19.540001
18.98
18.66
18.110001
18.17
17.690001
17.01
17.75
17.790001
17.959999
18.040001
18.459999
18.68
18.77
19.309999
20.34
21.139999
21.959999
22.299999
21.9
22.51
21.92
21.790001
21.809999
21.889999
21.92
21.76
21.809999
23.76
23.870001
23.99
24.73
24.200001
25.379999
23.84
24.360001
24.17
24.27
24.51
24.02
24.280001
24.190001
24.26
23.92
23.43
22.700001
22.76
22.559999
23.120001
22.809999
22.91
23.780001
24.190001
23.92
23.49
24.07
23.559999
23.540001
24.07
23.9
23.709999
23.52
23.610001
24.059999
24.200001
23.799999
22.85
22.620001
23.01
23.76
23.860001
23.92
24.469999
25.02
25.09
25.23
25.49
25.49
25.969999
25.709999
26.93
27.08
26.58
26.110001
25.780001
25.48
25.85
24.93
25.23
25.23
25.43
26.120001
26.49
27.59
27.6
27.690001
26.98
27.25
27.440001
27
24.200001
24.049999
23.809999
24.360001
23.879999
24.030001
23.620001
23.450001
23.959999
23.91
23.91
24.950001
24.719999
24.5
23.74
23.440001
23.629999
24.559999
24.450001
24.52
24.190001
24.610001
25.02
25
25.299999
25.879999
25.440001
25.51
25.52
25.41
25.67
25.280001
25.34
25.48
26.26
26.25
25.889999
26.25
26.6
26.08
26.17
26.120001
25.690001
25.1
24.75
24.379999
24.469999
23.790001
23.790001
23.809999
23.950001
24.02
22.950001
23.07
23.1
23.549999
23.59
24.18
24.219999
25.24
25.879999
25.92
25.99
26.08
25.66
27.889999
27.93
27.879999
28.15
28.49
28.610001
28.469999
28.85
28.91
29.059999
29.18
29.030001
29.16
29.26
29.309999
29.52
29.42
29.110001
29.5
29.709999
29.43
29.49
29.5
29.559999
29.4
29.379999
29.16
30.18
30.91
30.65
31.09
31.129999
31.43
31.700001
31.700001
31.879999
31.549999
31.26
32.16
32.450001
33.639999
34.220001
34.720001
33.849998
34.130001
34.669998
33.990002
34.889999
33.25
31.709999
30.559999
30.059999
32.400002
31.620001
32.77
32.360001
30.77
30.719999
30.15
30.35
28.280001
29.370001
29.42
28.969999
28.66
29.59
29.26
28.559999
29.24
29.98
27.92
26.690001
26.299999
26.440001
27.4
27.58
27.49
28.540001
28.5
28.51
29.24
29
28.43
27.83
26.26
26.58
26
24.58
24.360001
24.57
24.309999
24.049999
24.73
24.610001
24.93
25.08
26.190001
26.48
26.469999
25.35
25.540001
26.620001
26.57
28.040001
28.85
29.75
29.15
28.690001
29.24
29.540001
30.74
30.49
30.860001
30.299999
28.77
29.030001
28.6
27.92
27.450001
28.120001
27.66
27.91
28.23
27.629999
28.110001
27.360001
27.41
27.52
27.4
28.379999
27.530001
27.73
28.83
29.32
30.02
29.49
30.07
30.379999
30.959999
31.959999
32.310001
32.490002
32.73
32.560001
33.439999
33.07
31.66
31.219999
31.969999
31.790001
32.34
31.940001
31.969999
31.879999
31.379999
32.709999
31.440001
31.940001
31.43
31.860001
32.68
33.459999
33.349998
33.32
33.16
32.77
34.009998
34.220001
34.84
35.43
35.630001
35.630001
35.419998
36.200001
34.91
35.310001
35.310001
35.84
35.68
35.41
35.299999
35.860001
36.279999
35.25
35.119999
34.52
35.279999
36.259998
33.77
34.810001
34.419998
35.43
35.200001
35.52
35.290001
36.57
37.639999
37.990002
37.580002
37.27
37.830002
38.09
39.110001
38.549999
38.919998
38.310001
38.709999
39.130001
39.389999
39.650002
39.619999
39.310001
39.130001
39.009998
39.23
38.790001
38.200001
39.27
38.529999
41.240002
41.259998
40.759998
40.869999
40.799999
40.529999
41.080002
41.439999
42.029999
41.490002
41.310001
41.5
41.049999
40.330002
40.880001
40.77
39.970001
40.68
42.16
43.41
43.75
43.689999
43.52
42.93
42.240002
42.75
42.689999
42.34
42.709999
43.84
43.66
43.400002
42.099998
39.59
40.43
42.75
42.049999
41.209999
40.349998
41.169998
40.709999
40.110001
40.68
40.34
39.900002
40.110001
40.380001
39.25
38.470001
38.560001
39.400002
40.970001
41.509998
41.619999
43.810001
43.27
42.970001
43.400002
43.599998
44.110001
43.830002
44
43.959999
43.470001
43.16
42.790001
42.849998
42.360001
42.630001
42.700001
43.09
42.470001
42.43
44.349998
44.880001
45.549999
44.990002
45.110001
45
44.98
44.66
44.220001
43.75
43.43
44.310001
44.290001
45.150002
45.200001
45.990002
45.57
44.389999
43.490002
44.279999
44.389999
42.349998
42.27
42.09
42.380001
42.68
42.5
42.98
41.439999
41.360001
40.84
40.279999
39.540001
38.240002
38.080002
37.900002
37.560001
37.919998
36.57
36.439999
35.689999
35.700001
37.040001
36.470001
37.169998
36.689999
37.43
38.18
38.540001
38.599998
38.700001
38.869999
39.369999
40.389999
40.119999
38.990002
37.23
37.259998
36.349998
36.150002
35.330002
36.330002
35.869999
36.200001
37.07
36.48
36.57
34.900002
34.34
34.400002
34.400002
33.439999
33.950001
31.57
30.92
28.059999
29.959999
28.16
28.75
29.18
30.09
29.450001
28.85
26.51
23.41
24.290001
25.280001
26.469999
25.559999
26.629999
28.049999
27.700001
28.200001
27.23
26.379999
26.129999
27
26.280001
25.41
26.719999
27.690001
28.459999
29.41
29.450001
28.790001
28.110001
28.559999
27.66
28.34
28.299999
29.469999
28.700001
29.290001
27.790001
25.450001
26.08
27.209999
27.99
28.290001
29.27
30.01
31.02
30.99
32.419998
31.25
31.889999
30.959999
31.27
31.780001
33.049999
32.369999
32.740002
35.619999
35.830002
34.599998
32.970001
33.549999
35.16
35.02
34.700001
35.549999
32.540001
32.720001
34.200001
33.610001
34.040001
35.580002
34.450001
33.5
32.400002
31.379999
30.040001
29.799999
31.6
31.49
34.07
34.27
33.970001
34.09
34.779999
34.799999
33.919998
34.389999
33.439999
32.700001
31.25
31.07
31.200001
30.200001
31.49
30.309999
30.459999
30.809999
30.780001
29.91
30.4
30.33
30.809999
30.209999
30.82
30.959999
31.08
32.529999
32.18
32.299999
31.92
32.16
34.34
35.43
35.040001
34.66
35.810001
36.23
36.549999
36.599998
35.91
36
37
36.82
37.849998
37.759998
38.34
38.360001
38.400002
37.529999
38.369999
38.790001
38.650002
39.529999
38.91
38.110001
37.759998
38.200001
37.619999
38.02
37.990002
37.849998
37.990002
37.09
36.650002
35.720001
36.060001
36.52
36.810001
36.669998
38.669998
39.349998
40.080002
40.900002
41.400002
41.099998
41.700001
41.099998
41.080002
42.369999
42.189999
41.900002
42.040001
42.32
42.34
42.389999
41.75
41.439999
40.540001
39.439999
39.619999
40.459999
41.25
41.09
41.799999
41.43
40.580002
40.419998
39.029999
38.709999
39.27
40.189999
39.630001
39.369999
40.73
40.16
38.919998
37.459999
37.200001
36.610001
36.799999
36.18
36.25
35.93
36.450001
35.889999
34.73
30.26
31.85
32.43
32.18
31.860001
32.119999
32.779999
32.150002
32.02
30.84
30.83
31.27
33.110001
32.650002
32.779999
31.84
32.299999
31.700001
32.080002
33.369999
33.639999
34.639999
34.669998
33.049999
33.810001
32.810001
32.950001
33.549999
32.830002
34.990002
34.509998
34.700001
34.650002
32.310001
31.41
30.65
30.52
31.26
31.719999
31.389999
31.93
32.209999
33.450001
32.16
31.790001
31.33
31.940001
33.490002
34.599998
34.119999
33.919998
34.040001
33.779999
34.98
34.689999
35.25
35.310001
35.169998
35.009998
34.68
34.16
34.48
34.669998
34.970001
33.959999
34.599998
35.490002
35.709999
30.129999
30.51
31.23
30.92
30.41
31.049999
31.41
31.299999
32.77
32.220001
31.969999
32.189999
32.580002
32.740002
33.470001
33.59
33.470001
33.560001
33.610001
33.68
33.48
32.93
32.400002
33.299999
33.349998
33.380001
33.41
33.779999
33.18
33.099998
32.450001
31.469999
31.030001
31.01
31.200001
31.9
32.68
32.200001
31.59
30.469999
30.950001
31.370001
31.459999
32.099998
32.310001
31.85
32.389999
32.139999
31.98
32.41
31.57
30.73
30.940001
31
30.639999
30.440001
30.5
31.48
31.32
30.870001
31.34
31.799999
32.240002
31.92
33.099998
33.509998
33.130001
32.990002
33.080002
33.599998
33.799999
33.759998
33.959999
34.619999
34.290001
33.880001
34.209999
34.880001
35.73
36
35.900002
35.490002
35.68
35.150002
35.119999
34.990002
