Adjusted
18.639353
18.595205
18.665844
19.416365
19.336893
18.992542
19.160299
18.639353
18.709991
18.06543
17.173637
16.193548
16.087589
15.619619
15.999291
16.025784
16.087589
16.476099
16.573223
16.467268
16.855766
17.182463
17.341404
17.570967
17.164804
17.147146
16.899918
17.102999
16.899918
17.191296
17.032362
17.032362
16.970549
16.82045
16.493755
16.661518
17.094173
17.155977
16.679178
16.573223
15.875682
16.281841
16.334818
16.440777
15.937486
15.699085
15.451858
15.778558
15.522494
15.743237
15.540157
14.18922
14.489429
14.109751
14.19805
14.242197
14.277516
14.339323
14.383473
14.409961
14.718996
14.877933
15.019209
14.948569
15.063355
14.975059
15.328242
15.363561
15.063355
15.231115
15.169309
15.487179
15.778558
15.716743
15.893336
15.734405
15.566639
15.566639
15.637279
15.884507
15.963975
15.345902
15.328242
15.584302
15.893336
15.778558
15.831532
15.593133
15.831532
16.873425
17.217783
17.22661
17.544481
17.579796
17.526817
17.447357
17.24427
17.191296
17.253105
16.705664
16.590879
16.838104
16.997046
17.200127
16.917578
16.82045
17.376715
17.562136
17.076515
17.544481
17.332567
17.08534
17.094173
17.765219
17.765219
17.959473
17.641609
17.871172
17.27076
17.27076
16.917578
16.811623
16.423117
16.599707
16.961725
17.014704
16.573223
16.573223
15.999291
15.937486
15.699085
15.416541
15.531322
15.319413
14.718996
14.233368
14.339323
14.807296
15.107503
15.063355
14.807296
14.251028
14.268686
14.498256
14.657194
15.045697
14.251028
13.712418
13.209131
14.056774
14.109751
14.171559
13.880184
14.030288
13.950822
13.809546
13.376892
13.526998
13.394551
13.385722
13.518168
13.624126
13.924331
13.553488
13.606464
13.624126
13.6771
13.474019
13.041368
13.023708
12.776481
12.908924
13.2003
11.637457
12.237869
11.964154
12.555738
11.381395
10.975235
9.915675
10.613218
11.663943
11.31076
11.31959
11.072359
11.540331
11.10768
10.065781
10.321839
9.959826
9.226966
8.758994
7.796566
8.087946
8.026135
7.619972
6.73701
8.361662
7.884863
7.160832
6.834135
7.20498
8.732509
8.706017
7.337425
7.434551
6.940092
6.26021
6.931262
6.701692
7.152004
7.037218
6.99307
6.869454
6.392655
5.836387
7.487529
6.789988
6.339675
6.48978
7.293277
7.310936
7.240299
7.099025
6.666373
6.083617
6.410315
6.366165
6.613395
6.692861
6.789988
6.101276
6.904773
6.339675
6.101276
5.650966
6.233721
6.330847
6.207232
6.286699
6.419143
6.180743
7.054875
6.648714
7.107856
6.957751
6.887115
6.701692
6.72818
6.860625
6.931262
7.160832
7.275617
7.628803
8.061457
8.291027
7.973156
8.18507
8.193899
7.823055
7.496357
7.196151
7.010729
7.558167
7.107856
7.284446
7.196151
7.302106
7.478698
7.655292
7.655292
7.363914
6.98424
7.046048
7.178492
7.328597
7.275617
7.575826
7.293277
7.116684
6.975411
6.98424
6.834135
6.339675
6.26021
6.445632
5.924684
5.633305
6.02181
5.739261
6.145425
5.56267
4.944594
4.697365
4.873957
4.414816
4.511942
4.335351
4.688535
4.935765
5.341928
5.421394
5.801069
5.659795
5.995321
5.827557
5.668624
5.995321
5.739261
5.412565
5.518521
5.439054
4.988743
5.130017
5.227143
5.52735
5.53618
5.545009
5.403735
5.695112
5.968832
5.748091
5.75692
5.783409
5.960002
6.136596
5.792238
6.048298
5.915854
5.907024
6.110106
5.783409
5.809898
5.977661
6.24255
6.825307
7.160832
7.257958
7.266785
7.187323
8.494106
7.964331
7.937841
7.390403
8.079114
7.549336
7.964331
8.432298
7.823055
7.664121
7.611142
7.937841
7.831883
8.39698
8.820805
9.430048
9.288773
8.856122
9.209309
9.103353
9.041545
8.891439
8.935586
9.200476
9.438879
8.90027
8.811973
8.555915
8.485274
8.608891
8.087946
8.502936
9.341751
9.818552
9.597808
10.118758
10.251203
10.383647
9.968656
9.818552
9.624298
9.721425
9.853869
9.87153
10.118758
10.233542
10.692683
10.675026
10.533753
10.869278
10.816299
10.639708
11.045869
11.531499
11.460861
11.010551
10.78098
11.337249
11.2931
11.655114
11.602138
11.557989
11.602138
12.255531
12.343829
11.858197
12.255531
12.29085
12.176064
11.849367
12.105427
12.114255
12.299679
12.591056
12.73233
12.370315
12.564567
12.28202
12.29085
12.070108
11.699264
11.646284
11.72575
11.920004
12.176064
12.449782
12.485101
12.493931
13.059028
12.99722
13.235619
12.670525
12.705843
12.917755
13.403383
13.173812
12.891264
12.644034
13.156155
13.456361
13.085515
12.211383
12.167233
12.97956
13.050199
13.094344
13.094344
13.076687
13.112006
13.050199
13.24445
13.217961
13.050199
13.385722
13.094344
13.341573
13.209131
12.555738
12.211383
12.131915
11.31076
11.955322
11.540331
11.663943
11.752241
11.743412
12.237869
12.387976
12.29085
12.193725
11.999472
11.531499
11.822879
12.061278
11.743412
11.734583
11.346079
11.169487
11.337249
11.169487
11.655114
11.284269
11.248951
11.602138
11.531499
11.478521
11.796389
11.734583
11.363735
11.240122
11.248951
11.549158
11.884688
12.070108
12.361485
12.158407
12.149574
12.220211
12.061278
12.273191
12.26436
12.308508
12.078938
12.070108
11.752241
12.070108
11.946492
11.822879
11.831709
12.167233
12.246701
12.105427
12.432122
12.440954
12.396805
12.476273
12.105427
11.805219
11.496181
11.840538
11.540331
11.372566
11.195973
11.151828
11.381395
11.584476
11.390224
10.454286
10.357159
10.374819
10.710345
10.542583
10.551412
10.392477
10.463115
10.622047
10.622047
10.754494
10.595559
10.392477
10.418965
10.330669
10.321839
9.862699
9.924506
10.171738
9.995144
10.224712
10.145247
10.065781
9.942165
10.242375
10.295352
10.215884
10.489603
10.383647
10.207056
10.118758
9.950995
9.915675
9.730256
9.500684
9.588979
9.924506
9.774403
9.712596
9.977486
10.242375
10.427794
10.065781
9.959826
9.959826
9.959826
9.942165
10.268865
10.392477
10.207056
10.207056
10.542583
10.83396
10.895765
10.922255
10.728003
10.286523
10.31301
10.330669
10.189397
10.648538
10.251203
9.792062
9.456536
8.732509
9.40356
9.527175
9.809721
9.624298
9.412388
9.147497
8.829633
8.670702
8.140921
8.494106
8.255709
8.502936
8.758994
9.032715
9.068033
8.361662
8.697188
8.820805
8.476446
8.485274
8.564742
8.653042
9.147497
9.165158
9.165158
9.491855
9.40356
9.35941
9.279943
9.306433
8.979736
8.847291
8.547087
8.706017
8.626553
8.167409
8.158583
8.026135
8.052622
7.858371
8.706017
8.644211
9.032715
9.050372
9.032715
9.015056
9.006224
8.811973
8.891439
9.050372
8.856122
9.17399
9.235796
9.244626
9.456536
9.315263
9.129841
9.103353
9.500684
9.226966
9.306433
9.421219
9.40356
9.774403
9.853869
9.36824
9.350581
9.377069
9.412388
9.650787
9.624298
9.341751
9.182817
9.235796
9.068033
9.209309
9.182817
9.35941
9.182817
9.041545
9.412388
9.650787
9.836212
9.712596
9.730256
9.809721
9.756742
9.853869
9.88036
9.694938
9.624298
9.60664
10.048122
10.048122
9.933337
9.792062
10.021633
10.056952
10.136417
10.056952
10.021633
10.189397
10.039291
10.31301
10.374819
10.418965
10.569071
10.789811
10.860448
11.0547
10.842789
10.878107
11.001721
10.754494
10.816299
10.754494
10.869278
10.878107
10.692683
10.480772
10.56024
10.542583
10.445456
10.56024
10.507261
10.551412
10.383647
10.383647
10.31301
10.330669
10.330669
10.118758
10.207056
10.127587
10.162907
10.127587
9.933337
9.950995
9.615468
9.624298
9.650787
9.588979
9.544835
9.641957
9.950995
10.065781
10.145247
10.092271
10.021633
10.021633
10.056952
10.056952
9.986314
9.88036
9.986314
10.101099
10.383647
10.701517
10.913426
10.79864
10.745662
10.675026
10.728003
10.772153
10.754494
11.072359
11.12534
11.275442
11.469695
11.469695
11.452033
11.602138
11.425546
11.416715
11.469695
11.434375
11.25778
11.407885
11.354906
11.425546
11.328419
11.151828
11.169487
10.922255
10.948743
11.178316
11.090017
11.090017
10.966404
11.081189
11.045869
10.904597
11.028212
10.992893
11.072359
11.063529
11.063529
11.337249
11.372566
10.895765
10.816299
10.657367
10.82513
10.922255
11.240122
11.31076
11.575647
11.557989
11.452033
11.699264
11.814049
11.575647
11.566818
11.248951
11.098846
10.78098
11.25778
10.869278
11.142996
11.010551
11.001721
11.098846
11.222461
11.116508
11.337249
11.540331
11.478521
11.557989
11.487352
11.399054
11.681603
11.672774
11.708093
11.372566
11.160658
11.25778
11.284269
11.328419
11.063529
11.010551
11.372566
11.487352
11.381395
11.390224
11.487352
11.655114
11.690434
11.646284
11.708093
11.522674
11.416715
11.416715
11.602138
11.522674
11.31959
11.10768
10.984064
11.063529
10.948743
11.178316
11.416715
11.496181
11.0547
11.010551
11.248951
11.222461
11.266609
11.443205
11.248951
11.072359
11.001721
10.860448
10.886936
10.904597
10.984064
10.869278
10.922255
10.860448
10.657367
10.745662
10.83396
10.83396
11.028212
10.895765
10.78098
10.701517
10.78098
11.001721
11.12534
11.248951
11.460861
11.337249
11.452033
11.593307
11.531499
11.25778
11.169487
11.213632
11.10768
11.072359
10.85162
11.063529
11.10768
11.284269
11.195973
11.372566
11.301931
11.222461
11.001721
10.869278
10.754494
10.357159
10.321839
9.491855
9.553663
8.476446
8.741335
8.547087
9.209309
9.279943
9.730256
9.60664
9.633128
9.226966
8.988567
8.979736
9.244626
9.412388
9.032715
9.138669
9.597808
9.40356
9.588979
9.394731
9.112182
9.297603
9.588979
9.430048
9.121012
9.182817
9.165158
9.350581
9.615468
9.765573
9.650787
9.465366
9.147497
8.67953
8.714847
8.891439
8.997396
8.785483
9.059204
8.617719
8.335173
8.335173
8.617719
8.970907
8.847291
9.138669
9.015056
9.244626
9.17399
9.279943
9.050372
9.447705
9.527175
9.553663
9.88036
9.915675
9.553663
9.677279
10.162907
10.286523
9.906849
9.659616
9.968656
10.224712
10.51609
10.533753
10.701517
10.074611
10.136417
10.401307
10.330669
10.436627
10.330669
10.145247
10.374819
10.145247
9.933337
9.818552
9.792062
10.08344
10.286523
10.666197
10.692683
10.542583
10.666197
10.657367
10.630877
10.162907
10.471944
10.34833
10.304181
10.162907
10.215884
10.154078
10.136417
10.321839
10.233542
10.418965
10.480772
10.51609
10.34833
10.489603
10.454286
10.701517
10.622047
10.878107
10.79864
11.010551
11.213632
11.178316
11.081189
11.169487
11.372566
11.2931
11.407885
11.531499
11.425546
11.248951
11.575647
11.425546
11.31076
11.25778
11.266609
11.443205
11.487352
11.407885
11.284269
11.372566
11.425546
11.460861
11.372566
11.584476
11.902346
11.858197
12.167233
12.096596
12.167233
12.202553
12.158407
12.184896
12.096596
11.867024
11.972982
11.946492
11.911176
11.814049
11.460861
11.496181
11.637457
11.646284
11.716923
11.761069
11.478521
11.610966
11.628625
11.584476
11.610966
11.557989
11.354906
11.407885
11.575647
11.628625
11.496181
11.496181
11.540331
11.513841
11.699264
11.628625
11.407885
11.354906
11.037042
11.019382
11.178316
10.948743
10.984064
10.895765
10.816299
10.701517
10.82513
10.639708
10.719175
10.789811
10.966404
10.992893
11.0547
11.10768
10.869278
10.78098
10.666197
10.657367
10.604389
10.622047
10.922255
10.913426
10.789811
10.763321
10.710345
10.577899
10.551412
10.79864
10.966404
10.78098
10.931086
11.081189
11.134166
10.878107
10.675026
10.454286
10.436627
10.613218
10.992893
10.913426
11.081189
10.860448
10.886936
10.895765
11.142996
11.151828
11.10768
11.204803
10.992893
10.710345
10.666197
10.604389
10.754494
10.992893
11.142996
11.328419
11.23129
11.31076
11.328419
11.337249
11.187144
11.169487
11.25778
11.12534
11.23129
11.160658
11.187144
11.134166
11.31959
11.275442
10.992893
10.683856
10.410137
10.569071
10.577899
10.692683
10.648538
10.595559
10.692683
10.816299
10.339501
10.180566
10.34833
10.383647
10.401307
10.471944
10.330669
10.295352
10.410137
10.304181
10.304181
10.251203
10.304181
10.048122
10.162907
10.207056
10.08344
10.171738
10.056952
10.056952
9.968656
9.968656
10.039291
10.056952
10.118758
10.154078
9.942165
10.154078
10.215884
10.065781
9.862699
9.836212
9.889189
9.818552
9.924506
9.756742
9.615468
9.615468
9.686109
9.536006
9.60664
9.633128
9.712596
9.641957
9.562492
9.518344
9.394731
9.447705
9.36824
9.483026
9.677279
9.800894
9.845039
9.747913
9.544835
9.474195
9.262285
9.226966
9.262421
9.262421
9.342194
9.448555
9.191512
9.289011
8.925604
8.996513
8.828107
8.783788
8.633106
8.668563
8.615381
8.766063
8.836967
8.792651
8.836967
8.952196
9.040833
9.01424
9.218103
9.23583
9.457417
9.368781
9.501737
9.625825
9.608099
9.625825
9.501737
9.501737
9.519463
9.546053
9.519463
9.661282
9.794235
9.670143
9.767643
9.661282
9.572646
9.546053
9.430827
9.315602
