Adjusted
54.506111
54.340183
53.72625
53.460781
52.747299
54.497799
55.269352
55.377209
56.663124
56.447414
55.700748
53.792625
52.18317
52.456936
55.310829
54.091301
53.245083
53.344631
53.668201
53.668201
53.74284
54.613956
55.626087
54.464626
53.377811
50.805996
51.967464
50.623478
50.075924
49.495182
51.229107
51.776649
51.328655
51.876202
51.360844
52.017509
53.156284
53.63007
54.552711
53.530327
51.992569
52.059063
51.585281
52.325062
50.296906
51.485527
50.887051
51.793076
50.745747
50.41325
49.307739
48.55965
50.737446
50.44651
52.167133
50.355083
51.061615
50.346771
50.695881
50.080776
50.58783
53.131336
52.574425
51.286049
51.310989
51.734901
51.302662
51.360844
51.527103
51.31929
51.02005
52.532871
53.920998
53.929295
53.837875
53.563564
53.081451
52.790535
54.004116
54.095562
53.671642
54.926777
54.029049
55.383926
54.353237
55.309124
55.965797
56.065529
54.477909
53.837875
54.702335
54.494545
56.057228
56.23177
55.525238
56.040585
55.375626
54.469593
55.677444
55.319267
56.060631
56.618729
56.910286
56.668705
57.118526
57.585011
56.743671
58.359688
57.251816
57.876541
57.22681
55.927341
56.801983
56.868618
57.65163
57.401749
57.801586
57.893204
56.585411
56.735348
56.901939
56.901939
55.960667
56.210567
54.944405
55.460865
56.727016
56.793648
57.135178
58.542946
57.609989
57.560009
57.218483
56.427132
54.24469
54.927738
54.036446
54.702843
53.078495
54.427929
54.31966
52.995193
52.445415
52.761963
54.344646
53.744888
50.079704
50.604504
49.838131
49.729858
49.554924
48.580311
48.863544
48.280437
46.79771
48.105507
48.730267
48.688602
48.022209
47.480759
47.822285
47.680328
48.623928
48.156307
48.189705
47.788895
48.648964
48.790924
48.22311
48.765873
47.580135
48.774231
48.999687
46.686634
47.772186
47.964241
48.431873
46.068707
46.327572
42.394581
42.703529
45.517597
41.718204
41.292336
41.492756
42.837143
44.607407
41.517784
45.926765
42.052219
41.283985
40.63266
39.246517
36.323895
37.367687
32.80006
29.301285
34.854244
36.031635
31.221851
32.582954
31.898232
34.779095
34.887642
31.948322
29.727144
30.787636
26.954842
29.651995
28.199039
21.168062
21.276619
21.293322
22.345457
21.209814
18.963577
18.662973
18.487614
18.153601
16.825895
17.761139
16.683939
14.95543
14.187194
13.285361
10.758026
12.687222
14.186777
15.071349
18.356884
18.340033
16.554047
16.141249
16.057001
16.208641
18.988716
20.067047
19.527884
19.317266
18.592766
18.761253
18.373732
21.692961
21.145374
22.257404
23.369432
22.34165
22.147892
22.105761
22.366922
22.796568
24.346666
25.273357
25.475546
25.079594
26.107384
25.197533
25.955738
25.399715
25.475546
25.526091
23.664286
24.211878
24.034962
21.600294
23.984415
22.451162
22.6702
22.358496
22.746019
24.548855
22.880816
22.240551
22.619658
22.872385
22.029943
21.751936
21.591867
22.34165
20.648335
21.90358
21.583448
21.09483
19.511026
19.890133
18.703674
18.322311
17.16975
19.152832
17.9918
18.415529
17.288399
15.898542
15.373115
16.059568
14.364627
14.56802
14.712092
15.915492
15.957866
17.16975
17.339245
17.16975
18.373158
19.568096
18.415529
18.110445
20.48336
19.593519
20.034203
19.949457
19.000286
17.220602
18.457909
19.085032
19.568096
20.135895
19.949457
19.424021
20.407085
22.059656
22.347799
21.39863
22.669834
23.551203
23.373232
21.474903
23.305439
23.661379
24.966478
23.881723
23.356289
23.186792
23.754599
20.712179
19.839279
19.669794
20.830824
21.585072
20.212172
21.712187
19.983355
19.754536
18.762991
19.686735
19.135885
20.110472
19.92403
19.11046
18.769201
19.238434
20.108637
19.11046
19.775915
20.159826
20.253677
20.356054
20.526682
20.867939
21.251854
20.791161
20.253677
21.40542
21.558989
21.004442
20.36459
20.313393
19.895355
19.946545
20.739965
19.707661
19.903889
20.270739
20.739965
20.535208
20.842348
20.552277
20.526682
19.844166
19.56263
18.973953
18.837456
19.519968
19.101923
20.031862
19.886816
20.739965
20.953255
21.021502
21.038568
21.16654
20.72291
21.883184
22.37801
22.693665
22.079403
21.32864
21.985558
21.772276
22.181784
22.301222
22.360941
22.139126
23.307936
23.39325
23.171432
23.913668
24.229332
24.058702
23.350592
23.666258
23.734509
23.973392
24.945974
25.159264
25.372549
25.517578
25.294643
25.55188
25.6805
24.197115
24.111372
24.205688
24.420048
24.943094
25.063133
25.380388
25.509003
25.98918
26.280706
26.700855
26.735155
27.429688
27.249622
26.975241
26.4179
26.443623
26.769445
27.549736
27.566881
27.48971
26.529367
26.452198
27.12958
28.32143
28.330004
28.098495
27.292494
27.386818
26.4179
26.186394
26.117794
26.537945
27.352516
27.575453
26.872349
27.669769
26.709435
25.731943
25.791965
25.157459
26.4865
25.663353
25.448988
25.72337
25.903429
26.254986
26.435051
27.343939
26.95809
27.49828
27.078133
26.709435
26.966665
26.778027
26.829479
26.400751
26.340731
26.786598
26.889494
26.837797
26.071001
26.338091
26.48456
26.579334
26.079622
26.329477
25.838383
25.174971
25.071587
25.304211
25.519606
25.933153
25.640224
25.890079
25.554064
25.398983
25.648844
25.355902
25.364523
25.502369
25.545452
25.579914
25.579914
25.398983
25.98485
26.76026
26.68272
27.010115
27.027346
27.216885
26.967033
27.216885
26.932573
26.303629
26.562098
26.105471
26.967033
27.423664
27.673521
27.130732
27.440899
27.208275
27.079039
27.285814
27.664904
27.277201
27.337507
26.639643
25.98485
26.165777
25.959003
25.640224
25.726383
26.544868
26.458704
26.536629
26.761742
26.675156
26.346159
26.796371
26.458706
26.424082
26.536629
26.605896
26.640526
26.813686
27.428402
27.895933
27.999826
28.233595
28.553934
28.484671
28.242254
28.692463
29.004147
28.83099
28.744413
28.874277
28.718435
28.986832
29.151333
29.411068
29.757385
29.731417
29.766056
30.207617
30.848295
30.709766
30.216263
30.095053
29.982502
30.268208
30.32016
30.986824
30.90024
29.818003
30.207617
30.302851
30.250895
30.233574
30.207617
30.250895
29.25523
29.168652
31.480322
31.540936
31.662144
30.822319
31.558243
30.536602
29.999807
31.636171
31.393745
32.190269
32.051754
31.056091
31.376425
30.553926
30.666481
29.422771
29.831554
29.170551
29.892414
29.735872
30.701267
30.179434
30.109852
31.066551
31.118731
29.840231
29.370594
29.67499
29.570623
30.736055
31.179611
31.092646
32.101532
32.066738
32.388535
32.223274
32.179802
31.901484
31.675364
31.257896
31.344856
31.831907
30.344683
30.179434
30.014191
29.735872
29.909817
31.144831
31.179611
31.205706
30.649082
31.718843
31.944956
32.145016
31.814508
31.962364
32.623356
31.640574
32.118919
32.014549
32.188488
31.840599
31.727533
32.336353
32.432014
33.266953
32.98864
32.336353
32.710331
32.710331
32.979942
33.153889
32.179802
32.049339
32.188488
31.875395
32.571167
32.640747
31.936272
31.623173
31.475313
31.040461
31.240494
31.292912
32.192734
31.458906
31.939379
32.813
32.865406
33.826405
33.485676
34.001114
34.036072
34.254459
34.621395
34.717491
35.110611
34.874737
34.94463
35.4688
35.224178
34.900944
34.368038
35.26786
35.285336
35.433853
35.26786
35.556152
35.477528
35.302818
36.132744
36.132744
35.861927
35.722141
35.311546
35.547417
35.966751
35.713406
35.774559
36.412296
35.905609
36.089069
36.176414
36.141479
36.027908
36.307461
36.080322
34.866001
34.542759
34.848526
34.970825
34.551498
35.643513
36.158951
36.010433
35.066933
31.15313
31.057028
30.576542
30.559071
30.24457
30.594019
30.917255
30.576542
30.620222
30.419291
31.042427
30.840559
30.989773
30.95466
31.569012
32.095608
32.192142
32.464214
32.639744
33.078571
33.350639
33.333088
33.824574
33.631504
32.911808
32.867931
32.648518
32.674843
33.455963
33.789474
33.526176
33.570049
33.64904
33.60516
33.561279
33.807018
33.912331
33.596378
33.728024
33.868465
33.482288
33.561279
33.60516
34.052761
33.798237
34.500359
33.771912
33.947441
33.780689
34.000099
33.675365
34.070313
34.561794
34.991844
34.210739
34.430141
34.965515
34.316055
34.307274
34.632
34.807529
34.842644
35.114716
34.667107
35.105949
34.860191
35.395569
35.553535
36.194218
36.606709
35.869488
35.456989
34.981182
35.809444
35.800636
35.122166
34.760899
35.28957
34.443687
34.40844
33.959057
33.950249
33.633038
33.641846
33.48325
33.685905
33.333447
33.835709
34.417252
35.316017
34.778519
34.399635
34.743275
34.769703
34.690403
33.906197
34.382008
33.932629
33.756397
33.782833
33.703526
34.355572
33.976685
33.465637
33.536118
33.245327
33.236526
33.289398
33.40395
32.892891
32.681412
33.174847
33.58017
33.51849
33.888565
33.897385
35.27195
34.981182
34.893063
35.183838
34.716835
34.117676
34.188152
34.00312
34.144096
33.941441
34.144096
33.976685
33.976685
33.72995
33.43919
33.766769
33.598557
33.208988
32.961117
32.810612
32.819454
32.828304
32.748623
32.323681
32.128895
31.615396
31.420624
30.960251
30.862862
31.013371
30.526428
30.676939
31.199291
30.561848
30.783178
31.013371
31.004515
31.41176
31.305529
30.995653
31.031076
30.960251
31.376358
32.004955
32.111191
32.438759
31.978384
31.748196
32.226288
31.880999
31.146164
31.039927
31.110754
30.668087
30.420185
29.906694
30.269674
30.092617
30.969097
31.031076
31.172728
31.243551
30.88942
31.730486
31.535713
31.270113
30.730061
30.800886
30.057209
29.94211
27.737619
29.03021
27.649084
29.632242
28.968239
29.950962
29.402052
29.579123
28.738049
29.003656
29.056774
29.729631
30.375927
29.432508
29.735123
31.568529
31.23032
31.301531
30.607325
29.699526
29.281219
30.616222
30.304708
29.859722
30.064419
30.714128
30.972231
31.381634
31.90674
31.532927
31.452826
29.672817
29.833019
30.171221
31.274839
32.040237
30.963333
32.164833
31.862225
30.322519
31.212534
32.075829
32.316139
31.363836
32.841236
32.592045
32.91243
32.147034
33.126038
32.19154
33.668945
33.38414
34.247456
34.968365
35.324364
33.864754
34.594543
35.457855
34.870468
34.300858
32.930248
33.802448
34.327549
34.202961
34.576759
34.950558
33.74015
33.944843
34.434353
34.007145
34.229649
33.660042
33.232841
33.695644
33.108242
33.161648
32.186832
32.392521
33.224251
33.313683
35.093384
34.923477
34.959244
35.433231
35.70153
36.202362
34.941353
35.728359
34.878757
34.583626
34.941353
35.111271
35.245419
34.556786
35.70153
36.077137
36.443825
36.864159
37.007256
36.220242
36.91782
36.721069
37.087749
36.631634
36.873104
36.819443
36.533245
36.247078
34.029129
34.073864
34.082802
34.208
34.887691
35.084442
35.191772
34.860863
34.995014
35.299084
35.612099
35.647873
35.138119
35.415352
36.229176
37.034073
37.168224
37.150345
38.473942
38.786953
38.643867
38.867451
39.323547
39.028431
38.840622
39.278835
39.377209
39.699173
38.956886
38.696453
38.570724
38.453979
38.157635
38.139664
38.903
38.462959
38.929935
38.238457
38.022923
37.457165
37.385311
37.475113
38.498882
37.861275
36.684853
35.813755
36.08316
36.684853
36.154999
35.930496
36.451351
37.259583
37.475113
37.07999
36.244812
36.370541
36.397469
36.09214
35.759872
35.158188
34.843868
34.538532
34.924679
35.427597
34.781006
34.978577
35.490459
35.131241
35.095318
34.996544
35.382687
35.553318
36.63995
36.388485
36.496246
36.226849
36.433395
35.292889
34.942661
33.99971
34.053589
33.76622
33.838055
33.739281
33.954819
33.927868
33.631523
32.823292
32.625717
31.664818
32.293438
30.856577
30.398579
30.597383
30.046158
30.244965
29.937723
30.163639
29.684704
29.431681
29.901577
30.76004
30.42569
30.696783
30.109411
30.199772
30.145555
30.46183
30.597383
30.497982
31.320297
31.600428
30.868477
30.859438
30.714861
31.085352
31.537169
31.284151
31.482954
31.473911
32.178761
31.609459
31.537169
31.311266
31.193792
31.049206
30.624491
31.085352
30.940767
31.284151
31.284151
31.121487
30.633528
30.488949
29.87447
30.100374
31.428738
32.115509
32.684799
32.72094
32.892639
32.513103
33.118546
33.118546
32.72998
32.684799
32.739017
32.39563
31.546204
30.985949
31.058239
31.103415
31.29319
31.302233
31.29319
31.220903
30.811768
31.075424
30.966328
30.42992
30.893597
31.448189
32.048241
32.057335
32.621014
33.111969
33.221066
33.157429
33.69384
34.039318
34.475723
34.693932
34.275715
34.184784
34.121151
34.030235
33.9575
33.9575
33.766567
33.8484
33.784748
33.912037
33.921139
34.266613
34.848488
35.51218
36.075863
35.766743
35.412163
35.584911
36.23951
35.803116
36.330433
36.830475
37.166866
37.275963
36.666828
37.175961
35.130329
35.348522
34.566639
34.412079
34.375713
34.53936
34.184784
34.066605
34.384808
33.357441
32.793758
33.311985
32.993782
32.621014
31.684565
31.793682
32.33009
31.46637
31.275454
31.083345
31.421804
31.302893
30.946133
31.092497
31.083345
31.293739
31.065048
31.842592
31.842592
31.64135
31.842592
31.924917
32.04385
32.071281
32.025539
31.595613
32.089581
32.492065
32.40974
32.226791
31.824297
31.851732
31.870033
31.568163
31.376066
