Adjusted
33.200001
34.139999
32
31.6
29.469999
29.219999
28.030001
27.52
28.379999
26.950001
25.879999
26.639999
27
27.48
27.790001
30.389999
29.51
30.129999
29.719999
29.5
30.200001
31.040001
30.049999
29.950001
29.73
32.41
32.34
34
33.139999
34.240002
33.290001
33.77
32.630001
33.209999
33.509998
32.790001
32.860001
33.43
33.5
33.48
35.16
33.650002
33.82
34.810001
34.450001
34.189999
32.360001
33.959999
33.240002
32.509998
31.190001
29.690001
31.4
29.370001
30.59
32.869999
32.59
32.119999
30.059999
29.58
28.16
30.83
31.040001
31.34
31.59
31.129999
31.049999
31.09
31.440001
30.389999
29.6
29.620001
30.75
30.889999
31.83
33.119999
32.709999
34.080002
34.330002
34.880001
35.549999
35.630001
35.77
34.369999
34.950001
35.169998
38.009998
36.310001
36.84
37.25
37.939999
37.59
38.119999
40.380001
40.330002
39.470001
39.860001
39.27
36.709999
36.43
36.900002
38.580002
38.310001
39.049999
38.880001
37.93
38.5
39.310001
37.380001
36.709999
36.330002
35.450001
35.290001
36.310001
36.59
36.290001
35.860001
36.360001
35.799999
35.23
34.66
34.950001
34.16
34.560001
34.790001
35.48
33.799999
32.970001
32.459999
32.34
31.1
31.719999
31.18
30.68
31.120001
32.68
33.360001
33.549999
33.07
32.709999
33.34
32.18
32.080002
31.200001
31.540001
31.25
23.34
23.5
23.33
23.16
23.040001
22.23
22.82
23.209999
22.92
22.719999
23.530001
23.129999
22.92
22.57
22.799999
22.59
23.67
22.58
22.33
22.799999
23.280001
22.9
21.83
20.43
19.639999
19.41
18.799999
17.719999
18.309999
18.08
18.059999
17
17.719999
17.01
17
17.67
17.51
17.139999
17.059999
17.17
16.379999
14.88
17.440001
17.120001
15.3
14.85
15.09
13.89
14.03
13.53
14.12
16.040001
15.69
13.66
14.3
14.71
15.82
14.85
13.98
13.29
12.72
12.09
13.28
13.89
13.8
14.38
13.62
14.68
14.45
13.79
14.47
14.07
13.79
13.03
13.35
12.76
12.34
11.9
10.63
9.29
10.52
11.26
11.35
12.02
12.27
11.25
11.62
11.92
11.49
13.03
13.87
13.96
14.71
14.1
14.54
13.84
14.9
16.059999
15.14
15.58
14.5
14.55
14.51
14.73
14.45
14.46
15.09
15.74
16.18
16.450001
15.47
15.51
15.13
14.33
14.12
13.42
13.49
13.08
12.43
13.01
12.76
13.4
13.65
13.9
14.01
13.48
13.48
14.35
14.2
14.17
16.73
17.41
17.530001
17.190001
17.26
17.84
17.719999
16.690001
17.43
17.559999
17.709999
16.889999
17.68
18.33
18.059999
18.09
16.41
16.719999
17.129999
16.23
16.360001
16.059999
17.08
17.709999
18.49
18.42
17.59
18.34
18.959999
19.09
18.129999
19.790001
19.17
19.43
20.35
20.110001
19.52
19.4
19.879999
21.549999
20.059999
19.6
18.860001
19.41
20.200001
20.200001
20.02
19.709999
20.34
20.469999
19.389999
19.9
20.6
19.58
19.48
19.799999
19.6
20.059999
22.02
22.370001
23.26
23.32
22.530001
21.280001
21.309999
21.48
21
20.290001
20.74
20.74
21.209999
21.559999
21.450001
21.09
20.83
21.57
21.209999
21.75
22.27
21.690001
22.190001
21.83
22.540001
22.18
21.6
22.290001
22.219999
22.889999
22.860001
22.120001
21.709999
20.719999
20.309999
20.530001
19.049999
19.049999
19.52
20.110001
20.09
19.67
19.18
20.24
19.440001
18.639999
18.379999
18.290001
18.190001
18.49
18.92
19.07
19.73
20.18
19.639999
20.42
20.32
20.309999
21.25
21.129999
20.33
20.450001
20.4
16.51
16.440001
16.42
16.860001
18.200001
18.08
19.459999
19.43
18.440001
18.370001
18.200001
18.01
17.67
17.84
17.93
17.959999
18.42
18.059999
17.84
18.1
18.030001
18.110001
17.639999
16.84
17.120001
17.309999
17.469999
17.32
17.790001
18.110001
18.370001
18.49
18.459999
18.950001
18.709999
18.77
19.209999
19.610001
19.389999
19.26
19.32
20.049999
20.25
19.68
18.65
18.82
18.950001
19.42
20.219999
20.24
20.309999
20.129999
20.809999
22
22.040001
21.799999
22.09
21.940001
21.42
21.6
21.5
21.33
20.959999
20.16
22.790001
22
22.450001
22.559999
22.5
22.85
23.32
23.690001
23.9
23.879999
23.68
24.43
24.98
24.75
24.51
24.25
23.940001
24.59
24.27
24.290001
23.92
24
23.950001
24.17
23.77
24.98
25.370001
25.09
25.280001
24.93
24.83
25.280001
25.030001
25.530001
25.15
25.51
25.1
25.34
25.59
25.74
25.889999
25.709999
25.719999
25.34
25.92
26.690001
26.469999
26.48
26.48
26.389999
26.16
26.040001
26.879999
26.610001
27.219999
26.950001
26.719999
25.82
25.67
25.67
25.83
25.309999
24.700001
26.18
26.370001
26.5
25.51
25.32
25.040001
25.27
24.959999
25.370001
25.33
25.65
25.690001
25.73
25.889999
25.879999
25.629999
25.76
25.66
26.299999
27.190001
27.450001
28.120001
28.27
29.200001
29.450001
30.41
31.27
31.41
31.940001
31.280001
31.65
32.080002
31.940001
31.389999
31.26
31.52
31.559999
31.51
31.68
31.68
31.610001
31.42
31.41
32.450001
32.830002
32.66
32.599998
33.209999
33.509998
33.459999
34.16
34.119999
33.220001
32.470001
33.150002
33.580002
34.349998
34.220001
34.669998
33.700001
33.18
39.630001
38.830002
39.759998
38.389999
38.099998
37.389999
35.709999
38.380001
38.52
39.419998
39.75
38.900002
41.029999
40.48
39.950001
37.630001
38.93
39.029999
38.91
38.849998
40.220001
39.720001
39.5
41.27
43.080002
41.900002
41.220001
40.52
41.82
42.830002
44.299999
43.68
45.040001
45.130001
45.59
45.720001
45.27
44.349998
45.299999
44.27
45.09
44.93
41.040001
40.57
40.349998
39.57
40.259998
42.73
43
43.470001
42.98
43.580002
43.990002
44.23
42.689999
42.630001
42.889999
43.080002
44.279999
45.049999
45.369999
44.330002
44.029999
38.349998
38.360001
37.200001
38.509998
39.029999
38.990002
39.900002
41.150002
43.150002
42.389999
43.93
44.220001
43.889999
44.389999
44.049999
45.009998
47.860001
46.73
45.610001
46.82
46.419998
47.259998
46.189999
46.07
47.650002
50.09
49.959999
50.5
50.509998
50.119999
49.5
50.84
50.700001
51.540001
52.259998
52.380001
52.700001
52.41
50
50.59
50.880001
51.150002
50.98
50.57
50.18
49.330002
47.389999
47.91
44.25
45.040001
45.93
44.18
45.860001
45.93
46.060001
47.09
45.939999
45.540001
45.66
46.610001
47.610001
48.68
48.650002
50.389999
51.110001
51.669998
50.799999
51.790001
52.509998
53.630001
53.279999
54.139999
51.560001
51.849998
50.439999
49.77
47.209999
46.630001
47.68
48.759998
49.529999
49.950001
48.880001
51.060001
51.529999
51.849998
52.189999
53.360001
52.450001
52.959999
52.91
54.119999
54.099998
52.5
51.330002
50.68
49.490002
49.139999
50
50.869999
49.169998
50.389999
48.790001
48.099998
48.189999
47.759998
47.919998
47.68
47.049999
48.259998
47.139999
48.849998
48.450001
48.689999
48.790001
48.75
49.259998
50.380001
51.75
52.240002
51.509998
50.34
48.93
49.43
47.82
48.02
47.990002
47.75
48.32
49.07
48.060001
48.110001
47.880001
47.389999
48.099998
47.990002
40.75
41.43
42.099998
42.950001
42.790001
42.669998
41.57
40.220001
39.990002
39.66
39.48
37.529999
37.360001
38.110001
37.779999
37.369999
36.540001
36.509998
36.57
36.41
36.200001
36.060001
35.740002
34.959999
36.470001
36.189999
36.380001
36.560001
36.669998
37.759998
38.450001
37.509998
37.950001
38.099998
38
37.599998
37.700001
37.07
37.240002
37.369999
37.349998
36.459999
36.98
37.540001
37.380001
38.09
39.73
39.619999
39.939999
39.98
40.68
40.360001
40.98
34.939999
34.43
34.23
33.459999
34.349998
35.169998
34.619999
34.59
34.91
34.139999
34.150002
33.950001
32.950001
32.400002
32.48
32.650002
34.200001
33.299999
32.939999
32.880001
33.18
33.66
33.939999
33.189999
33.619999
32.830002
31.84
31.370001
30.26
30.040001
29.450001
29.389999
29.540001
28.99
29.469999
29.49
29.24
30.059999
29.860001
29.84
29.25
29.5
30.110001
30.799999
31.469999
31.49
31.18
31.43
31.540001
31.66
30.809999
30.940001
30.950001
29.620001
29.85
29.059999
29.24
29.360001
29.41
30.370001
30.41
30.690001
29.48
23.84
24.219999
23.77
23.030001
23.620001
22.879999
22.59
21.09
21.889999
21.24
22.290001
22.549999
23.25
22.85
22.620001
20.809999
20.280001
19.969999
20.82
20.66
20.01
20.639999
21.620001
21.969999
21.940001
21.459999
20.5
20.35
21.59
21.59
20.77
20.91
21.26
22.370001
22.67
22.719999
22.24
21.83
21.360001
20.190001
20.799999
21.139999
22.139999
21.24
20.99
19.879999
18.65
20.559999
22.35
22.879999
23.02
23.459999
23.35
23.370001
24.49
24.459999
24.200001
23.83
22.959999
23.48
23.85
24.66
23.299999
23.780001
27.450001
28.290001
26.940001
26.639999
27.809999
29.200001
29.82
29.549999
30.43
29.01
28.940001
29.93
29.129999
29.459999
28.879999
28.129999
27.969999
27.33
27.07
26.280001
26.309999
27.66
27.74
28.91
29.16
29
29.18
28.23
28.040001
27.299999
28.209999
27.379999
26.5
26.66
27.01
26.65
26.559999
27.67
26.67
31.629999
31.93
32.209999
31.809999
32.299999
32.279999
32.93
32.439999
32.43
32.759998
32.610001
33.139999
34
33.57
32.220001
32.130001
32.41
32.689999
32.040001
31.719999
31.389999
31.870001
31.43
32.009998
32.040001
32.23
32.009998
32.330002
33.639999
33.369999
33.650002
34.439999
38.060001
38.43
38.57
38.48
38.060001
38.419998
37.799999
37.43
36.610001
36.52
37.209999
37.07
36.689999
36
35.900002
36.299999
35.77
34.869999
35.549999
36.119999
36.84
36.630001
37.470001
36.66
37.349998
37.360001
37.040001
36.75
36.939999
36.459999
36.619999
37.77
37.68
36.880001
36.919998
36.700001
36.73
36.380001
36.48
36.330002
35.689999
35.119999
35.98
36.540001
36.759998
36.73
37.630001
38.41
37.860001
37.400002
38.099998
37.740002
38.75
33.150002
33.18
32.59
33.610001
34.09
33.279999
32.560001
32.279999
32.279999
31.93
31.370001
31.17
29.66
30.190001
29.17
29.290001
28.450001
29.299999
29.18
29.68
29.4
29.309999
29.98
29.209999
29.34
28.200001
28.360001
27.440001
28.99
29.07
30.120001
29.75
30.26
29.559999
29.950001
31.139999
31.33
31.870001
31.690001
30.27
30.809999
30.08
30.389999
30.65
30.43
31.75
31.540001
32.16
32.220001
31.280001
29.99
29.709999
29.370001
29.41
30.08
30.01
30.23
29.92
30.49
29.91
28.66
28.389999
28.25
35.040001
35.860001
35.82
35.18
35.130001
34.689999
35.48
35.82
36.34
36.18
36.209999
35.970001
35.740002
35.439999
36.799999
37.810001
37.549999
37.049999
37.43
37.959999
37.130001
37.099998
37.240002
37.310001
37.68
37.310001
37.509998
37.669998
37.709999
39.209999
38.73
38.490002
38.119999
37.889999
38.18
39.029999
38.84
38.650002
38.959999
38.68
38.810001
38.360001
38.459999
37.93
38.490002
38.259998
38.209999
38.43
39.040001
39.43
39.41
39.599998
38.360001
37.830002
37.889999
37.580002
37.900002
38.73
37.98
37.279999
36.369999
36.57
36.490002
36.110001
38.540001
38.389999
37.990002
38.57
38.279999
38.959999
38.869999
37.57
37.07
36.400002
36.57
36.310001
35.380001
36.23
36.099998
35.869999
35.630001
35.830002
35.970001
35.73
34.57
35.880001
36.240002
36.619999
36.099998
36
35.5
39.060001
38.82
39.200001
39.599998
39.970001
39.09
38.959999
39.459999
40.939999
41.41
41.860001
41.759998
41.389999
41.25
41.029999
40.400002
