Adjusted
35.105537
34.700932
34.124165
34.218857
33.237488
32.195858
32.746799
32.152817
32.488552
31.868731
30.956226
29.699387
29.372269
29.458351
29.114008
29.39809
32.109772
33.650711
30.43973
30.64632
31.205875
32.17865
32.970627
31.937605
32.29055
32.746799
32.764034
32.858711
34.210251
34.330776
33.891731
34.055302
34.373817
34.563206
33.788418
32.884548
34.614849
34.649292
34.2705
33.831486
32.660709
32.281948
31.885946
32.126991
31.455521
30.611898
30.362246
31.911789
32.041317
31.937689
30.521311
30.089483
31.428127
29.916752
29.640381
30.210392
30.901297
30.927227
31.117228
30.52994
31.540417
31.946308
31.95495
31.359055
30.90995
30.83223
31.307222
30.737217
30.443571
30.167215
30.348564
30.789034
31.980877
31.868589
32.602692
33.682255
32.499054
33.138149
32.999973
33.129513
32.913605
32.300419
32.309059
32.611343
32.602692
33.103615
33.034523
33.233154
34.25227
34.399075
35.927738
36.782757
37.914135
38.259583
37.585941
37.128216
36.912304
36.903667
37.732765
37.059116
37.136856
37.827763
38.345955
38.406403
37.620499
37.62912
38.501408
39.546425
38.29414
37.827763
37.110947
36.877094
37.569954
38.513973
38.453346
38.531288
38.210842
38.436016
37.561283
38.401375
37.093613
38.202183
36.132286
35.491394
34.564693
34.59935
33.629349
33.534077
33.153011
33.525417
33.473457
33.750599
33.620689
33.525417
34.131664
33.73328
33.949791
33.603367
33.23962
31.914543
31.827938
31.221697
31.698023
31.689369
32.555428
33.620689
33.715961
33.265606
32.650684
34.374168
34.538719
33.967121
34.867828
35.378807
35.14497
35.335503
35.448101
35.12764
34.997742
33.663994
33.811226
33.793892
34.642643
33.871849
34.15765
34.417473
35.335503
34.417473
33.863182
33.31757
32.208996
32.053108
32.338917
29.50688
29.77536
30.800898
31.313665
29.975241
31.209379
28.975786
28.593378
31.417953
29.949171
29.627607
30.25337
30.592306
29.810114
26.003462
26.803036
26.07299
24.560757
24.430397
22.970306
20.814938
21.762259
20.336933
19.563435
22.440155
22.144661
19.789396
21.040897
20.397776
21.484146
20.206572
19.033281
18.816011
18.181568
16.565042
17.981672
19.033281
20.493374
21.162575
21.657969
22.709576
21.223417
20.78887
21.501528
21.275566
20.528131
18.842083
21.171268
19.641657
19.572123
18.285858
16.4086
14.30538
15.895835
16.704098
15.97405
17.156031
17.668802
15.165789
16.087038
16.669333
15.539502
16.00012
17.555815
17.381992
18.225016
16.983797
17.726786
16.555485
17.211067
16.905125
16.039766
16.852684
17.158615
17.001278
16.82645
17.219805
16.931355
18.067682
19.492466
20.191753
20.104342
21.092073
20.445242
20.9697
20.226709
19.501213
19.579876
19.221498
19.877068
19.780922
18.47851
19.536173
19.282681
19.588619
19.667288
18.583403
20.104342
19.667288
19.448761
19.212757
19.903297
20.270422
20.891029
21.380527
21.301859
20.217972
20.340345
20.576353
20.060635
18.819412
18.356134
18.085167
17.656855
16.406891
17.412107
16.712824
16.380667
16.913868
16.004805
15.253076
15.034547
13.81955
14.134225
14.064294
14.982101
15.50602
15.849426
16.034327
16.069551
17.134989
17.953869
17.980291
17.680906
19.353899
19.336287
19.318676
19.94385
19.213017
18.790367
19.168991
19.76775
21.08853
21.898615
21.784147
20.921232
21.696096
22.726309
22.840775
23.148958
22.338875
23.377886
23.35148
21.775339
22.409315
22.453344
22.673473
23.950233
23.774126
22.726309
23.192982
23.615635
23.703686
25.033278
24.628235
24.355274
23.386696
24.47854
23.589214
23.562805
22.321264
23.060907
23.474752
24.055897
23.82696
25.147741
24.258411
24.038284
24.689871
24.135138
24.54018
24.848368
26.160341
25.957825
25.244598
25.588009
25.53517
24.575405
24.689871
24.47854
25.358631
24.854462
23.810751
23.120842
23.111992
23.315424
23.244671
21.802937
21.802937
21.758703
22.245182
22.395548
22.855484
22.616676
22.74935
21.953297
22.006367
21.051107
20.838823
20.944967
21.006884
21.590651
21.732174
22.917406
23.510019
23.182753
23.333117
23.306587
24.049562
26.667686
26.888811
26.464252
26.508474
26.207743
26.526167
26.278505
27.109932
27.36644
27.27799
28.215555
28.348238
28.038664
27.994434
28.693192
28.525133
27.941362
26.941879
27.322214
27.38413
27.552189
28.436689
28.675493
28.622425
28.595903
28.489752
28.675493
28.507446
27.348745
27.764458
28.153646
28.587049
29.498083
30.276447
30.241062
29.988056
30.307646
30.822542
31.186525
30.733763
30.644987
30.866926
31.07111
30.440809
29.934807
29.35775
30.209997
30.192238
30.716011
28.90501
28.194809
29.304495
29.783876
29.615213
29.739489
29.650721
30.014694
30.041325
31.07111
31.239777
30.556217
30.902439
30.511833
30.103462
30.636112
30.680504
30.112341
29.313372
28.283585
29.45542
28.035021
28.141544
28.532158
28.097162
29.277864
29.588572
30.644987
30.946825
31.12438
30.423054
30.600605
31.168758
30.787025
30.609474
30.254389
30.272135
30.53846
30.298775
30.724895
30.041325
29.961422
30.369783
31.11549
29.970304
30.263262
31.257536
31.168758
31.346312
31.932219
32.159382
32.640438
32.46228
32.364281
31.624884
31.749592
31.856495
31.990124
32.738441
33.174942
33.201672
33.121502
32.987869
32.399918
33.932163
33.869804
33.932163
33.691635
34.199406
34.047974
33.575817
33.914345
33.780716
33.753986
34.181599
33.816349
33.06805
32.150467
32.515724
33.290749
32.83643
32.46228
31.820858
32.293018
32.872063
32.631535
31.526884
31.322004
31.054749
31.464521
31.517975
31.954496
32.604809
33.593643
33.647087
33.736168
33.967793
33.976704
32.934406
32.854244
32.88097
33.397655
35.1348
35.92765
35.945454
35.892014
36.675945
36.747223
36.524513
36.818493
37.006203
37.488884
37.721306
38.078835
38.284431
38.302311
37.757057
38.481087
38.615166
37.998394
37.390572
37.068775
37.676609
38.016273
38.105659
38.320198
38.579403
38.990589
38.981647
39.04422
39.607357
38.892265
38.561531
39.795063
39.786137
39.240879
39.088921
39.509041
39.169365
39.258743
39.920216
40.036415
39.553738
40.438671
41.556011
40.814083
41.117992
39.714622
38.552597
36.460949
35.066509
38.12355
37.774933
38.856514
38.543655
37.533588
37.283306
37.515705
37.158165
35.68327
36.487762
36.228539
36.139141
37.050896
38.677746
38.490036
37.131329
38.302311
38.436398
36.693352
35.63858
35.155899
35.647537
37.390572
37.821056
37.704464
38.762779
38.439911
38.152908
38.323315
38.538563
37.363655
37.139442
36.341228
36.386066
36.915222
35.874863
35.614765
35.498173
35.157356
35.067665
36.655128
37.184284
37.247063
36.538544
37.892815
37.480247
37.614777
36.152885
36.565437
37.354694
37.040783
38.798653
39.659645
40.583431
39.910782
38.834522
38.924225
39.121532
40.045315
39.722431
40.708996
40.601364
40.726933
41.139496
40.350239
38.816586
37.812099
37.426437
37.498196
38.439911
38.502678
37.552006
36.978012
36.601318
35.901756
35.803104
35.596821
36.448856
35.776188
35.955563
37.614777
38.018372
38.85247
37.982506
38.081154
37.363655
36.807594
37.91452
38.085522
38.922455
38.832478
39.039448
39.759403
39.561417
39.264439
38.958466
40.092384
40.353367
40.794331
41.51429
42.126259
42.531219
42.02726
43.323166
43.125183
42.972198
43.026199
43.233181
43.215183
43.935135
43.66515
43.638161
43.539162
42.612213
43.521149
43.809147
44.115124
45.060062
45.150051
44.853069
44.520096
45.114059
45.168053
45.672016
45.888008
47.498898
47.786884
47.588902
47.246914
47.69688
47.660892
46.760944
46.922943
46.058994
46.112988
47.516895
48.12886
48.533829
47.606899
49.091785
48.695824
48.866821
48.677834
49.829742
49.496769
49.703751
49.820755
50.009747
48.9748
49.559769
49.84774
49.667297
50.199612
49.450771
50.037216
50.795082
50.325924
51.183037
50.66877
50.659756
50.569523
50.46125
50.849209
50.641708
50.325924
50.398117
49.928947
49.766541
49.450771
49.333481
49.667297
50.343967
53.059654
52.72583
54.006989
54.728771
51.652195
51.309349
52.049168
52.058189
51.426636
51.525875
51.318371
50.145485
50.66877
52.094292
52.004059
51.886776
52.184505
51.814598
51.940903
51.625126
51.589039
51.751434
51.986015
52.121346
52.834103
53.27618
53.546856
51.543922
51.183037
50.542458
51.643162
51.931877
50.831169
50.542458
52.608543
52.581474
51.192062
51.228142
50.903343
49.513924
49.681339
50.785378
49.446045
48.0434
48.722099
48.930233
50.242409
50.016171
50.405289
51.192593
51.789856
52.260426
52.893887
53.726433
54.088421
54.387035
54.124615
54.169857
54.586132
54.459435
54.341801
53.509251
52.378071
52.332829
52.332829
52.622406
51.500278
52.323769
58.70364
58.81221
62.947784
61.997612
61.626572
62.196701
63.8437
63.309784
61.789471
59.816696
61.490845
62.44104
62.694408
64.350449
63.237377
62.404823
61.771374
61.318909
60.884537
62.784912
62.495323
62.03381
60.821186
61.454647
62.359577
62.649181
63.8437
64.10611
61.961422
61.309849
60.803097
59.599506
59.762409
59.228477
60.278236
59.29184
59.006042
60.031223
59.477814
58.833675
58.697586
59.586685
61.401134
61.038254
60.766068
60.003998
60.013084
61.074547
62.163181
62.780132
63.94138
63.560329
63.68734
64.004875
64.013939
62.689392
62.290218
62.09063
61.618877
61.827515
61.138035
62.489784
61.791248
63.424244
60.684418
62.326504
61.999893
61.655148
61.165226
60.403183
60.357811
57.318611
57.454697
52.083908
51.058743
46.685905
50.83194
47.865295
51.711948
52.728043
53.934658
50.133369
48.98119
43.891659
42.013691
41.378628
42.721317
43.982372
43.193081
44.871449
47.076023
46.123421
46.005493
45.306911
43.220303
42.567097
44.308983
43.301952
41.596359
40.54398
41.531971
42.032799
42.642899
42.160278
41.759609
40.967403
39.546886
36.62389
37.261307
38.645401
40.075027
37.343254
38.554348
36.7878
35.512978
36.669422
38.690933
39.155331
39.519569
41.85067
42.014584
43.198345
43.252975
44.281948
43.18924
44.582432
40.821716
41.377174
42.369705
44.263741
46.40361
48.006264
50.319149
50.200775
48.525288
46.412724
48.188374
49.536049
49.508736
49.718166
49.654423
47.241364
47.805935
49.026115
48.525288
47.632915
47.496319
45.848164
45.802635
45.301815
44.664398
42.797684
43.007126
45.192539
45.547672
49.654423
48.716518
48.525288
48.944164
48.935051
49.699955
48.334072
48.343178
46.358089
46.134228
43.922993
44.608303
45.832699
43.868183
45.732193
45.52203
46.380939
46.728153
47.047958
45.841831
47.047958
47.066231
48.180984
48.88456
48.957653
48.857151
48.820595
50.337387
50.593235
52.53035
51.899868
52.39328
53.462345
54.90604
54.494854
54.90604
57.25433
56.733505
57.583267
57.79343
57.948753
58.761974
60.671692
60.004658
61.21077
61.676762
61.128548
60.973209
60.772186
59.602608
60.43409
59.620888
59.12746
60.653385
60.562016
60.096012
60.479797
60.836151
60.43409
61.119385
60.973209
60.781326
61.859516
60.233074
57.016754
54.869484
56.194389
57.50103
57.61068
57.336552
58.354042
58.58321
59.215691
59.004864
59.014027
58.68404
58.922371
58.143215
57.44656
59.023197
59.243191
57.89571
58.381546
58.592369
59.747353
59.05069
58.335705
57.76738
57.776543
56.199921
56.814068
58.409042
57.611549
58.088219
58.775703
59.81152
58.418201
59.985683
59.041534
57.959881
59.179024
59.701519
60.709846
59.857361
60.563168
60.554001
60.040691
58.354042
58.894878
57.978214
57.391563
57.657391
58.005711
55.888248
56.694893
57.574894
54.98077
54.357441
56.548241
54.604942
55.090759
55.44825
56.309898
58.372372
55.714085
55.640743
52.157471
52.487473
54.430771
55.466591
55.310757
55.759914
53.779938
54.724098
53.105373
53.280117
54.521759
55.478287
56.793495
56.85788
54.31023
54.025108
53.068581
53.776775
53.114567
53.243324
54.852863
55.358715
56.931461
56.627949
55.174782
54.678116
54.153873
52.700691
51.992496
53.289318
52.719082
52.636307
51.146347
52.912224
52.489155
52.148846
50.438152
50.714066
51.845329
53.454865
53.546841
53.546841
53.114567
51.992496
53.831951
54.36541
55.3955
55.349518
55.984131
56.094501
56.168091
55.588646
55.984131
56.287647
56.388817
56.250862
54.135464
53.298523
52.148846
51.872936
50.870426
50.143837
50.336979
50.033459
50.336979
49.739147
49.720757
51.275105
52.351181
52.194828
52.222431
50.468765
49.361183
49.739605
49.342712
48.622799
50.09034
49.453484
49.111965
48.798161
47.672127
47.589043
48.373585
48.622799
48.641258
48.918144
48.927372
49.610382
50.164173
49.462711
48.622799
47.847481
48.299747
48.004391
48.318211
49.656528
50.099567
51.428658
51.068707
51.853233
51.160995
50.773346
50.847183
51.031784
50.865643
52.416252
51.899387
52.434719
52.628532
51.234833
50.293388
50.034958
50.865643
51.364056
50.154945
49.914974
50.127254
52.03783
52.065521
52.065521
53.10849
53.06234
53.449997
54.631413
55.535942
55.185211
54.299141
54.419136
54.585281
54.622189
54.640648
55.157513
55.286743
54.999649
54.888527
54.981125
55.740513
57.222237
57.435234
57.463013
57.101841
57.351891
57.111099
57.138885
56.38876
