Adjusted
14.251274
13.997518
13.727388
13.69465
13.367221
13.620975
13.42452
13.42452
13.78469
13.874734
14.259459
14.349504
14.750597
14.734231
14.816086
14.701488
14.259459
14.693301
14.472286
14.668745
14.668745
15.454572
15.127139
14.816086
14.308572
14.44773
14.676929
15.135328
14.839682
16.35075
15.759464
15.636279
15.176387
15.964774
15.833379
16.161865
16.137232
16.301476
16.506784
16.285053
15.743045
15.504879
16.687449
16.835283
16.531424
16.498579
16.687449
17.196621
17.229473
17.29517
16.900976
16.974894
17.681149
16.974894
17.32802
17.171984
16.966675
16.695669
16.408237
16.030468
16.022259
16.506784
16.909195
17.122707
17.155565
16.580696
16.014044
16.161865
16.572487
15.693765
15.513095
15.406334
15.882653
15.743045
15.71019
15.60343
15.110689
15.439185
15.816948
15.685553
15.595216
15.60343
15.324211
16.022259
16.178293
15.981197
15.923708
15.816948
16.022259
15.841588
16.317904
16.359091
16.392035
16.17787
16.120211
16.062551
15.716587
15.560081
15.790725
15.584792
16.111973
16.095495
16.169632
16.317902
16.021366
15.609503
15.848381
15.897805
15.560081
15.593032
15.625977
15.428284
15.947234
16.548544
17.125149
16.845078
16.762709
16.886267
16.556787
16.268482
16.457939
16.976883
15.980176
15.889569
15.724827
15.88133
15.485941
15.403574
15.535371
15.51889
14.703415
15.107034
14.752835
14.637516
14.884629
15.090561
15.37886
15.057614
14.670459
14.324501
14.472769
13.970299
14.011486
13.756134
14.003247
14.176227
14.266839
14.439822
14.719888
14.884629
14.785783
15.22236
15.477711
15.255308
15.263566
15.97427
15.800729
15.949479
15.528015
15.230512
15.255308
15.172663
15.280095
14.974327
15.032178
15.131349
15.288362
14.809052
14.709883
14.139666
13.842162
14.180986
14.338004
13.966124
13.528133
13.734731
13.412433
13.503341
13.668621
12.974443
13.164516
13.139728
12.800901
12.85875
12.92486
13.238894
13.181047
12.090199
12.503399
12.36291
11.792696
11.726585
11.189427
10.206017
10.305182
10.577894
10.495254
11.065467
10.536572
9.511839
10.354765
9.908511
10.544839
10.09858
9.619269
9.387879
9.420935
9.338297
10.280389
9.900243
9.982883
10.668797
10.710118
10.999355
10.296916
8.99947
9.338297
8.897964
8.848118
8.266553
9.446301
8.499176
8.30809
7.892689
6.995414
6.762786
6.937256
7.344354
7.236347
8.083773
7.95915
7.377587
7.468975
7.734838
7.909302
8.30809
8.316401
8.565641
8.598875
8.357944
8.681954
8.465948
8.9312
8.864736
8.391173
8.416096
8.432714
8.075469
8.166853
8.050543
8.14193
8.432714
8.416096
8.864736
8.864736
9.62077
8.806578
8.922894
8.615492
8.30809
8.465948
8.083773
8.058847
8.457639
7.809608
7.826222
7.601904
8.067161
8.166853
8.374557
8.6238
7.975771
7.784683
7.817915
7.95915
8.166853
8.499176
8.681954
8.474252
8.098177
8.165035
7.872531
7.947747
7.195595
7.17888
6.969949
7.320953
6.995019
7.304239
7.897603
8.223537
7.697031
7.396169
7.396169
7.772244
7.554956
7.270812
7.170524
7.705389
8.022963
8.474253
8.850331
8.716614
8.942261
9.067619
8.942261
8.532754
9.243123
8.850331
9.184623
9.711127
9.385194
8.908832
8.984045
8.992402
9.560697
9.869917
9.660982
8.816899
8.984045
9.569056
9.619197
9.828132
9.552339
9.886628
9.961843
9.301621
9.40191
9.70277
9.569056
9.777987
9.686055
9.535625
9.686055
10.204207
10.179133
10.663853
10.354638
10.596993
9.903345
9.936773
9.844844
9.643243
9.231642
9.290444
8.996441
9.34084
9.349242
9.214839
8.937642
8.962841
9.181241
9.307241
9.492042
9.458444
10.130444
9.752443
9.559244
9.693643
9.223241
9.122441
9.265244
9.172838
9.366041
9.433245
9.324041
9.156041
9.189637
9.105641
9.223241
8.82004
8.912438
9.07204
9.214839
9.164436
9.282043
9.248442
9.349242
9.349242
9.450042
9.181241
9.00484
9.198039
9.240041
9.592845
9.777643
10.340446
10.701647
10.642848
10.743647
10.777245
11.130048
11.331649
11.079649
11.180449
11.239248
11.43245
11.44925
11.592052
11.768453
11.709652
11.533251
11.264451
11.356852
11.36525
11.154314
11.525562
11.787126
11.43275
11.069939
11.280875
11.221813
11.356812
11.593062
11.373689
11.179626
11.23869
11.213376
11.196502
11.120565
10.909629
10.943379
11.095252
11.348377
11.542437
11.728061
11.508686
11.399001
11.221813
11.264004
11.297751
10.994002
10.994002
10.681817
11.196502
11.171191
10.985562
11.053064
11.390562
11.204941
11.289314
10.875876
10.698693
10.766193
11.095252
10.977126
11.036191
11.154314
11.491814
11.339939
11.567751
11.466501
11.289314
11.424314
11.36525
11.069939
11.162749
10.926504
10.909629
10.648067
10.437131
10.757754
10.293692
10.378069
10.032132
10.074322
10.462442
10.462442
11.005067
11.022023
11.233986
10.86941
10.784624
11.064416
10.971152
10.903322
10.581142
10.411572
10.513311
10.470922
10.538748
10.420053
10.43701
10.92876
11.022023
11.081371
11.293333
11.233986
11.293333
11.437466
11.284855
11.344206
11.496816
11.471379
11.522252
11.31877
11.547689
11.734214
11.818999
11.827479
11.86987
11.751173
11.649432
11.920739
11.818999
12.124224
12.030961
12.005527
11.87835
12.336185
12.607499
12.039437
12.098791
12.166618
11.640951
11.844434
11.7003
11.513775
10.708321
10.716796
10.725275
11.055936
10.691363
10.326787
10.615055
10.606578
10.411572
10.004605
10.369181
10.233523
10.301352
10.369181
10.572663
10.572663
10.979629
11.013545
10.75071
10.598099
10.606618
10.231767
10.453271
10.410673
10.427712
10.649216
10.58106
10.555505
10.444749
10.470307
10.529943
10.470307
10.674775
10.572541
10.529943
10.419192
10.606618
10.785525
10.759966
10.640697
10.887755
11.279649
11.075183
11.211493
11.254093
11.339284
11.458555
11.475595
11.373363
11.51819
11.484115
11.569306
11.364841
11.475595
11.611904
11.756735
12.276417
12.216779
12.23382
12.182702
12.319009
12.293456
12.242336
12.327533
12.23382
11.867485
11.969718
12.148625
11.739692
11.927121
11.40744
11.262609
10.828123
10.649216
11.237053
11.381881
11.731174
11.271127
11.032583
11.228532
11.024069
11.092222
10.81108
10.836639
10.699576
10.853772
10.725276
11.196435
11.067938
10.785242
11.007971
11.162167
10.768111
10.434016
10.571078
10.442581
10.733841
10.870905
10.870905
11.3592
11.470563
11.47913
11.427731
11.3592
11.187867
11.239264
10.930871
11.093638
10.990836
10.553946
10.296949
10.279819
10.279819
10.091354
10.442581
10.374049
10.536813
10.545379
10.725276
10.733841
10.673879
10.442581
10.605345
10.571078
10.451147
10.665312
10.716711
10.759542
10.802376
10.579646
10.228417
10.108487
10.288384
10.125619
10.168453
10.117053
10.142755
10.168453
9.877192
9.603064
9.560233
9.568797
9.603064
9.757258
9.748695
9.731561
9.500264
9.474402
9.129563
9.233016
9.077841
9.215775
9.026115
8.939905
9.233016
9.301986
9.46578
9.327846
9.120942
9.293361
9.207154
9.293361
9.577852
9.517505
9.551991
9.500265
9.620959
9.698546
9.620959
9.733029
10.026142
9.948552
10.11235
10.069246
10.069246
10.095112
9.905449
10.224423
10.11235
10.11235
10.189939
10.189939
10.310633
10.319253
10.267528
10.362359
10.302011
10.155454
10.293388
10.258905
10.457188
10.47443
10.422707
10.552019
10.56064
10.646851
10.664091
10.758921
10.810646
11.11238
11.189967
11.03479
11.05203
11.077894
10.888233
10.85375
10.870992
10.74168
10.672711
10.905476
10.802027
10.862709
10.758677
10.914727
10.862709
10.854041
10.776019
11.070776
11.192146
11.322186
11.28751
11.261502
11.304849
11.512912
11.582266
11.460896
11.530252
11.443557
11.599607
11.799002
11.790331
12.059083
12.137107
12.137107
12.206462
12.223802
12.241136
12.249807
12.180453
12.189122
12.111099
11.929045
12.041745
12.10243
11.93771
12.206462
12.362513
12.345172
13.28146
13.177434
13.203438
13.05606
13.012714
13.324808
13.324808
13.402833
13.957672
13.671584
13.60223
14.061704
14.174407
13.992351
14.295776
14.209084
14.00969
13.758277
13.975013
13.87965
14.044368
13.975013
14.174407
14.235091
14.27844
13.576221
13.55888
13.723599
13.975013
14.305886
14.10562
14.297175
14.671584
14.567099
13.896648
13.748629
13.321975
13.025931
13.060756
13.025931
12.956272
12.590572
12.912737
12.921445
13.24361
13.156538
13.20007
13.443875
13.435167
13.469995
13.67026
13.69638
13.600602
13.522237
13.409044
13.522237
13.713795
13.496119
13.33068
13.348096
13.086881
12.956272
12.869202
12.816959
12.607985
12.721179
13.304562
13.278437
13.321975
13.591896
13.861817
13.661554
13.661554
13.191366
13.269729
13.139124
13.025931
13.261024
13.095587
13.113002
12.991101
13.139124
12.886615
12.642813
12.459964
12.6254
12.477378
12.268403
12.007193
11.937532
12.068141
11.876583
11.76272
12.069271
11.456172
11.517482
11.351071
11.289762
11.412381
11.149624
11.193419
11.018245
10.93066
11.123349
11.009489
10.921903
10.869348
10.87811
11.105832
11.018245
11.1759
10.860593
11.088312
11.132106
11.097073
11.394863
11.6401
11.464931
11.42114
11.771482
11.47369
11.368587
11.070798
10.895627
10.746733
10.904384
10.773005
11.088312
11.11459
11.324794
11.517482
11.47369
11.47369
11.070798
10.93066
10.790525
10.799281
10.580317
10.694181
10.054807
10.019773
9.713224
10.019773
9.853361
10.265011
10.159908
10.396391
10.229979
10.177426
9.625638
9.476742
9.511777
10.019773
9.949704
9.467983
9.686948
10.048664
10.07513
9.986907
9.757525
9.563436
9.413455
9.783991
9.572258
9.466388
9.58108
9.722239
9.925152
10.29569
10.207468
9.907507
9.819283
9.572258
9.139961
9.342877
9.157605
9.519322
9.360519
9.369343
9.139961
8.690022
9.060559
9.342877
9.484034
9.448744
9.713411
9.686947
9.969262
10.216289
10.233933
10.048664
10.286866
10.128064
9.995731
10.313337
10.525072
10.375093
10.445672
11.063233
11.133816
10.86914
10.51625
10.622116
10.904431
10.957367
10.948543
11.15146
10.71034
10.807388
11.230857
11.063233
11.15146
11.001479
10.172178
9.907507
9.67648
9.392138
9.072255
9.027826
9.24108
9.107796
9.578735
9.569852
9.623164
9.765336
9.854194
9.996365
9.694252
9.951933
9.34771
9.329937
9.178883
9.054481
9.178883
9.00117
9.258854
9.063366
9.356595
9.614279
9.623164
9.436566
9.489881
9.516537
9.507652
9.560966
9.623164
9.783109
10.076333
10.307363
10.405102
10.485074
10.218504
10.467301
10.769415
10.938242
11.080415
10.85827
10.938242
10.982669
11.018212
10.867157
10.716101
10.911585
11.169271
11.23147
11.364752
11.204811
11.320325
11.551352
11.649096
11.506924
11.489152
11.435837
11.462493
11.737951
11.542466
11.363651
11.533527
11.390474
11.292127
11.202719
11.229542
10.952378
10.943439
10.925558
10.755684
10.737803
10.81827
10.898734
11.059668
11.068605
11.175899
11.211659
11.435177
11.462001
11.470941
11.363651
11.372594
11.310006
11.34577
11.587173
11.462001
11.140135
11.158015
11.131195
11.175899
10.943439
10.782506
10.755684
10.60369
10.505344
10.657336
10.791446
10.550047
10.60369
10.755684
10.594753
10.61263
10.523227
10.353353
10.272883
10.407
10.675218
10.755684
10.719919
10.60369
10.55899
10.308646
10.085131
10.004661
9.977839
9.906315
9.888433
9.816909
9.790087
9.664916
9.530804
9.369874
9.262583
9.530804
9.503756
9.620974
9.359487
9.503756
9.657042
9.43162
9.314401
9.02586
9.107016
9.278333
9.602939
9.566872
9.702124
9.548839
9.765243
9.702124
9.720159
9.909515
9.91853
10.080833
10.414456
10.071817
10.134933
9.864429
9.909515
10.035748
9.99968
10.324286
10.171003
10.342321
10.207068
9.954598
9.927547
9.657042
9.530804
9.350469
9.449653
9.359487
9.368504
9.629991
9.648024
9.476705
9.458669
9.359487
9.440638
9.593923
9.828358
9.756225
9.819345
9.846396
9.846396
10.116903
10.171003
10.702996
10.748079
10.721031
10.77513
10.648893
10.558724
10.639877
10.802179
10.820214
10.793163
10.702313
10.702313
10.720483
10.693226
10.556948
10.566034
10.629633
10.420672
10.620545
10.665969
10.647799
10.820418
10.774994
10.620545
10.584205
10.538779
10.765908
10.947612
10.847672
10.638715
10.447927
10.393415
10.402503
10.320736
10.129947
10.120863
10.257137
10.148118
10.111776
10.148118
10.139031
10.084522
10.111776
10.002755
9.902817
9.902817
9.948245
9.902817
9.957328
10.175374
10.139031
10.166286
9.848307
9.866478
9.81197
9.712031
9.702945
9.675689
9.630263
9.948245
9.821051
10.075438
10.411587
9.948245
9.539414
9.693859
9.657518
9.521241
9.41222
9.357711
9.221432
9.496424
9.523925
9.560588
9.533091
9.597255
9.496424
9.716421
9.844748
9.835583
9.771417
9.973078
9.899749
9.982246
10.055576
10.12891
10.156408
10.165576
10.183907
10.156408
10.183907
10.248072
10.394735
10.431397
10.5414
10.422233
10.44057
10.403901
10.321404
