Adjusted
19.286283
19.457922
18.913698
18.846714
18.030394
17.942486
17.854567
17.548973
17.536407
17.322908
17.18894
16.514948
16.305637
16.368437
16.988007
18.164356
18.310877
18.507635
18.469955
18.294127
18.43647
18.624842
18.407156
18.084816
17.871313
17.586653
17.821077
18.051323
18.105751
18.373671
18.218781
17.8755
17.624319
17.754097
17.900612
18.114119
18.327616
18.721132
18.729502
18.465769
17.829447
18.222961
17.8755
17.95085
17.74991
17.465244
17.205687
17.74991
17.758282
17.917585
17.57802
17.330681
17.955311
17.57802
17.749901
18.211048
18.458387
18.286509
18.018209
18.068506
18.408075
18.982414
19.112381
19.116566
18.90696
18.814732
18.881802
18.617695
18.756039
18.412273
18.563189
18.630266
19.238146
19.003384
19.669933
20.835381
20.449694
20.374235
20.391006
20.558695
20.646725
20.441317
20.340702
20.772499
20.512585
20.608997
21.049181
20.512585
20.759918
20.608997
21.057575
21.22526
21.376183
22.084671
22.210434
21.367792
20.877302
20.680271
20.852148
20.613195
20.650923
21.204298
21.204298
21.506136
21.363604
21.422297
21.489368
22.239779
21.472605
21.271374
21.489368
21.480984
21.136824
21.644674
21.64887
21.447411
21.384451
21.531347
21.527159
21.350878
21.090651
21.073858
19.986805
19.810522
19.818914
19.961618
19.407597
19.327852
19.395006
19.944834
19.550304
19.642637
19.793737
19.751766
19.680414
20.049765
20.998314
21.111641
20.93536
21.191387
20.847219
20.347759
20.515648
20.272209
20.440096
20.335169
20.087538
19.911255
19.46217
20.003586
20.04137
19.428579
19.957426
19.886078
19.554501
19.693005
20.058159
20.2806
20.326775
20.066553
20.297394
20.419111
20.628969
20.125315
20.226038
20.309986
20.788464
20.372936
20.112715
20.247028
19.084415
18.916533
19.130587
18.387693
18.752848
18.576563
18.803526
17.925125
18.135271
17.454411
17.958746
18.576563
17.78643
17.424988
17.324121
17.395569
17.122383
16.143124
17.134989
17.08456
15.966601
15.689216
14.634303
13.772718
14.193003
13.659241
14.008077
16.20196
15.521095
13.99967
14.525026
14.470389
14.491404
14.819225
14.193003
13.772718
12.839684
11.919265
12.587515
12.797658
13.734893
13.974454
13.8946
14.38213
13.554173
12.730412
12.969974
12.940552
12.7136
12.289115
13.18852
12.524475
12.780848
13.339825
12.343751
11.910857
12.608531
13.327216
13.58779
14.348507
14.680536
13.020408
13.541559
13.764732
12.771006
13.192077
13.364716
12.931015
12.867854
12.261517
12.11414
11.840448
12.585739
12.964701
12.678371
12.568895
11.949922
12.139407
12.152036
12.236254
12.130986
12.47626
12.720481
13.335238
12.973122
13.103652
12.935225
13.032072
12.724689
12.265725
12.4131
12.514158
13.368924
13.684729
13.305763
13.789991
13.402611
13.360504
13.280502
13.251026
13.613146
13.398401
13.457348
13.651042
13.562615
13.33945
13.562615
13.933158
13.714199
13.288924
13.373138
13.309976
13.377348
12.813114
12.800485
12.442577
11.949922
11.381483
11.663597
11.490959
11.255163
11.141475
10.38355
10.640403
11.62149
11.541486
11.49938
11.24253
11.848868
12.021507
12.501524
12.311662
12.438237
12.704046
12.893916
12.855938
12.687174
13.577425
13.29052
13.218794
13.792608
13.467726
13.054245
13.193476
13.41288
13.969814
14.125926
14.075295
13.564773
13.56899
14.294693
14.10483
14.007787
14.155458
14.961329
15.06681
14.256724
13.320052
13.792608
13.801045
13.872772
13.758853
13.425536
13.497262
13.590081
13.509921
13.695566
13.552111
13.695566
13.809486
13.952938
13.383341
13.206137
12.699832
12.708269
12.653417
12.737805
12.855938
13.066902
12.623882
12.750463
13.404438
13.007833
13.096437
13.269424
14.028884
14.049978
14.041541
14.341103
14.590037
14.357985
14.720832
14.872728
14.910697
14.872664
14.483836
14.348589
14.475382
14.369724
14.386629
13.972443
13.858332
14.226024
14.648666
14.543006
14.640211
14.614854
14.986776
14.390853
14.424666
14.03584
13.934406
13.841423
13.883687
14.242933
14.45425
14.800813
14.940286
15.041718
15.333341
15.582696
15.582696
15.912354
16.233568
16.077181
14.095007
13.621653
13.685046
13.676597
13.65969
13.600518
13.26241
13.199014
13.270865
13.156749
12.949657
12.894715
13.283542
13.17788
12.865128
13.072221
13.118714
13.232823
13.469501
13.461048
13.482183
13.368072
13.275088
13.283542
13.304674
13.160977
13.241276
13.270865
13.444143
13.693501
14.124597
14.572589
14.741647
14.669676
14.79245
14.906765
15.097279
15.029536
14.987205
15.13538
15.059174
14.817855
14.673909
14.817855
14.978735
14.779754
14.534201
14.110833
14.33945
14.538433
14.491862
14.712013
14.690846
14.843256
14.707779
15.080342
15.194647
15.054939
15.262389
15.385168
15.317428
15.516411
15.567213
15.114211
15.046472
14.966033
15.046472
14.771286
14.957567
14.813622
14.686612
14.940632
15.118447
15.245461
15.194647
15.317428
15.186185
15.351295
15.761967
15.93555
15.673057
15.533349
15.533349
15.736562
15.711164
15.774668
15.571448
15.478308
15.685759
15.723922
15.592467
15.863864
15.931717
15.914754
15.957155
15.974119
16.037727
16.228548
16.186144
16.173422
16.245512
16.559313
16.525391
16.639881
16.601717
16.686535
16.555071
16.491467
16.42786
16.215826
16.368494
16.2964
16.313362
16.355759
16.673809
16.771336
16.42786
16.474501
16.478746
16.30064
16.402412
16.24975
16.19887
15.846903
15.74513
15.545821
15.350759
15.461013
15.452533
15.588228
15.812977
15.774809
15.333797
15.38892
15.384682
15.592467
15.562787
15.796013
15.965635
16.126781
16.097099
16.270952
16.461777
16.482986
16.177666
16.19887
16.453293
16.555071
16.771336
16.868872
17.021526
16.911278
16.940964
16.847666
16.868872
16.940964
16.979124
17.021526
16.962084
16.898373
16.864403
16.830418
16.78371
16.902628
17.064007
16.996058
16.847414
16.953587
17.263607
17.62459
17.607605
17.781725
17.841187
17.938864
17.879408
17.989826
18.023794
18.040787
18.028049
18.074764
17.896393
17.747753
17.65432
17.701038
18.227648
18.316832
18.486704
18.3678
18.321083
18.507942
18.716043
18.3678
18.7033
18.261625
17.828444
17.289093
17.080994
18.083256
18.11298
18.461233
18.414515
18.295599
18.312592
18.057779
17.620348
17.301832
17.233883
17.204147
17.170177
17.017286
17.590624
17.242369
17.076746
17.637333
17.802965
17.059757
16.78371
16.877136
16.953587
17.382519
17.582125
17.735243
17.994671
18.032948
18.020197
18.066975
18.032948
17.777767
17.747999
17.467295
17.560863
17.624659
17.220613
17.076015
17.054752
17.233377
17.169579
17.611902
17.794779
18.066975
18.003181
18.398718
18.441244
18.322163
17.790525
17.981916
18.177555
18.709183
18.951612
19.240816
19.606579
19.040928
18.947357
18.777233
18.828268
19.074945
19.040928
19.223801
19.304615
19.342892
19.572556
19.300356
18.717695
18.466764
18.398718
18.445499
18.819767
18.764475
18.424234
18.339172
18.203072
18.024443
18.054214
18.249859
18.598608
18.186056
18.283882
18.7985
18.998392
19.368406
19.049433
19.151503
19.079201
19.168516
19.427952
19.453506
19.589787
19.534422
19.594049
19.832527
19.777164
19.585524
19.312973
19.824013
19.853819
20.305237
20.211546
20.343567
20.445772
20.360598
20.965324
20.654446
20.560753
20.543718
20.705551
20.769426
21.199554
20.952549
20.854603
21.131418
20.786463
21.131418
21.369898
21.237875
21.416744
22.843397
22.485668
22.668787
23.01799
23.252216
23.392759
23.443859
23.971937
24.095438
23.933607
23.959158
24.061367
23.490709
23.354429
23.482191
23.120205
23.307581
23.746225
23.763264
24.197643
24.10821
24.908834
24.785334
24.742752
25.198423
26.318445
25.930908
25.786118
25.513561
25.505051
25.441067
25.496517
25.624472
25.598879
25.611673
25.479454
25.782274
25.257675
25.266203
25.526373
25.142519
25.212893
25.15531
25.315252
25.25127
25.15531
25.110529
25.372831
25.00177
25.148914
25.168106
25.148914
25.033758
25.123325
25.571154
25.769478
25.801472
26.217312
25.551964
25.187304
25.859047
25.795071
25.942211
26.082966
25.635132
24.956987
26.089359
26.773905
26.517996
26.287683
26.645952
26.85067
27.535212
27.298508
28.053417
27.963852
27.797516
27.509626
27.458445
27.471237
27.586397
26.671541
26.479616
26.351662
26.959431
26.837879
26.486013
26.933846
27.56081
27.170553
26.85067
27.157755
27.38167
26.626755
26.863466
26.198118
26.044355
25.756042
26.108421
26.26219
27.107904
26.742712
26.806782
27.082287
27.332153
27.095093
27.498735
27.742201
28.107391
28.587919
28.587919
28.344461
28.587919
28.241945
27.793455
27.447477
27.120724
27.428255
27.127134
28.69684
28.22913
28.472593
29.209396
29.613039
29.587408
29.965422
29.959015
29.433645
29.497713
29.183771
28.664803
28.344461
28.190695
28.587919
28.6584
28.792938
28.216312
28.248352
27.915188
27.473103
27.018206
27.582029
27.620468
27.300116
26.896473
26.2686
27.120724
27.171976
27.325747
27.863935
26.960552
27.268084
27.120724
26.838814
27.178392
26.774748
26.947737
26.620977
26.371107
26.852333
26.634178
26.294111
26.242785
26.480185
27.262976
27.4298
27.603046
27.282225
27.179567
27.930281
28.552662
28.809309
29.277706
29.264872
29.508698
29.611353
29.284121
28.597576
28.597576
28.873478
28.244675
28.193342
27.712116
28.135595
28.212593
28.66815
28.62324
28.944056
28.969719
28.020107
27.423388
27.269392
27.256561
26.095207
26.223532
24.536036
23.766073
21.648691
23.663416
22.726631
24.349968
24.555286
24.927437
24.503952
24.31147
22.720222
22.373732
22.598307
23.663416
23.701914
23.18861
23.676252
24.503952
25.036509
25.075006
24.580954
23.541508
23.669832
24.343544
24.305048
23.342598
23.092361
23.881577
24.530668
24.96768
24.704185
24.537092
23.907276
23.033247
21.542255
21.156656
22.827595
22.737621
21.998552
22.127087
21.188786
20.199083
21.696499
22.557676
23.271038
22.789036
23.714479
23.714479
24.196478
24.10008
24.52424
23.798029
24.723471
24.1772
24.209335
24.710611
25.66819
24.954832
24.96768
26.394411
26.342993
25.398272
24.427837
25.205471
26.51009
26.214455
26.124491
26.580784
25.359713
26.008806
26.934248
26.535799
27.172033
26.51009
25.95097
25.925257
25.629625
25.378992
24.588509
24.344297
25.783869
26.008806
27.531927
27.223448
27.390543
27.654037
27.583242
27.428793
26.579285
27.551075
26.920372
26.399082
25.736212
25.81344
26.103043
25.581757
26.399082
26.431259
26.86245
27.055521
27.31295
26.566408
26.888195
27.094141
27.190668
27.563942
28.020868
27.686216
27.69265
28.336218
28.522854
29.423847
29.616915
29.282265
29.114937
29.694143
29.391666
29.668394
29.809982
30.138205
30.292658
29.958
30.305529
30.247612
31.007023
30.440676
31.019896
31.032757
31.058504
31.013453
31.225828
30.743153
31.148598
31.277317
30.859001
31.586229
31.360981
31.296619
31.12286
31.155041
31.052069
30.678795
30.691671
30.633749
30.97484
30.562956
30.485725
29.919392
30.254047
30.575827
30.968405
31.013453
31.489689
31.36727
31.386593
31.347937
31.315722
31.012869
31.064417
30.722906
30.774458
31.264168
31.30283
31.064417
31.148188
31.257721
31.579906
31.67655
31.21262
31.154627
30.722906
30.291187
30.555376
31.090197
30.703583
30.697134
31.470364
31.592793
31.451031
31.567017
31.161076
31.257721
31.715214
32.308022
32.617313
32.430454
32.907276
32.945934
32.559319
32.308022
32.243587
32.784847
32.320911
32.333809
32.398247
32.063175
31.889189
31.850533
31.045086
31.122412
31.567017
31.689449
31.960073
31.998734
31.715214
32.443348
32.46912
32.675308
31.393032
31.405924
31.695892
32.862183
33.107025
33.422768
32.933048
33.493633
32.557705
32.751343
33.190269
33.448456
33.874477
33.571102
32.551243
32.473797
31.666954
31.931602
31.854137
31.008568
32.215607
32.444744
33.035351
33.287094
32.832027
32.589981
32.27047
32.018734
31.689541
32.193008
32.154282
32.27047
33.035351
33.151531
32.715851
32.260784
30.48896
30.101675
29.7628
30.682602
30.043585
30.014536
29.588522
29.433611
30.179132
30.421188
31.17639
31.224796
31.186073
31.515268
31.544315
31.670176
32.067139
32.619022
33.015987
33.083771
33.374226
33.258038
33.170898
33.364552
33.480728
33.316135
33.403271
33.103123
33.219311
33.403271
33.025669
34.110065
34.352123
34.352123
34.100391
34.381645
34.45924
35.050854
34.769596
34.798683
34.963558
35.128445
35.14785
34.401043
34.274963
34.21677
34.701706
34.381645
33.683342
33.528168
32.965656
34.449539
34.032494
34.129478
33.77063
33.586353
33.537868
33.082035
33.77063
34.371952
34.478642
34.304062
33.014145
32.926853
33.596062
34.226467
34.43013
34.74049
34.478642
35.991619
35.496994
35.55518
35.4776
35.012058
34.92477
34.953869
34.973259
34.92477
34.517422
33.964603
34.187664
35.215729
35.642467
35.623066
36.137093
36.127396
35.545475
35.933434
36.030422
36.204994
36.204994
36.166199
36.632477
36.467339
36.651905
36.933632
36.44791
36.671341
36.399338
36.253635
36.37019
36.651905
36.467339
36.5742
36.273048
36.379917
35.913628
36.243916
36.020485
