Adjusted
112.03186
110.21653
106.156975
105.538559
101.109955
103.513763
106.72551
101.498947
101.768257
96.671364
92.561935
87.255592
90.377556
93.758858
95.843491
105.468735
95.534294
97.898209
99.903053
97.239899
98.137596
103.184608
102.636032
98.157547
96.35218
99.553947
98.506645
98.885674
101.518898
103.493828
100.621208
99.563927
97.968033
99.663666
98.257294
92.561935
96.960625
98.626335
100.052666
99.095131
96.102829
93.509499
92.252731
92.970886
89.51976
89.499817
84.59243
88.971169
87.834091
88.422585
85.779381
80.762283
87.30545
86.128487
89.13076
94.028168
96.481857
92.561935
88.322845
87.215683
90.507217
95.544266
96.212547
96.721245
95.304886
98.147575
97.060364
92.611809
94.925858
90.676788
89.60952
89.908752
96.152695
95.933266
98.516617
98.347061
94.457054
92.362442
97.120216
96.811005
98.197441
98.975441
99.085159
103.483841
106.44622
105.428841
104.740616
101.279518
102.885384
102.107391
103.473869
102.556229
101.967751
103.443947
103.254433
102.935257
99.494102
95.943237
97.618935
96.611519
97.608955
97.648857
99.972885
102.237053
100.042702
100.202278
99.364441
103.234489
98.287216
97.608955
99.304588
95.663963
95.713829
100.351898
102.626045
100.591286
99.992821
101.339363
100.0028
97.93811
95.58416
96.112801
90.217964
91.105682
89.828964
89.390099
85.111099
84.951508
82.497818
87.54483
82.747177
81.959206
78.717537
76.044418
74.558235
80.941818
82.787079
81.560226
80.213699
85.909042
90.267838
85.190895
87.54483
83.146156
89.51976
87.475014
86.178352
86.337944
87.18576
91.055809
91.275253
87.225662
92.033287
95.255005
90.736626
88.791634
93.379837
94.008217
90.018478
88.332809
90.427429
89.739197
92.412323
89.210556
90.616936
92.322548
95.484421
94.975731
94.576752
96.292343
91.803886
93.050682
96.90078
90.706703
92.741478
92.950935
93.369858
86.597275
90.606956
79.904488
95.753723
96.751167
85.779381
88.771683
87.84407
85.530022
85.779381
73.810165
82.637459
81.300896
77.1017
74.667961
77.121643
72.812729
70.49868
58.310028
64.79335
67.366737
64.414337
57.272694
52.514938
53.911343
52.864037
49.941555
43.986866
39.159283
37.722977
35.847801
38.560822
40.306335
43.587894
46.261021
48.25589
49.991425
44.306046
41.722694
41.273849
39.109409
36.53603
34.072369
31.43914
29.85322
27.938145
27.439426
23.579353
19.320311
18.941284
22.312614
23.280125
27.908222
27.928169
22.980896
25.893402
27.678812
27.818453
30.252193
34.022495
33.324291
36.605854
32.865471
33.084908
32.207169
37.174389
38.481033
36.147034
36.705597
35.009956
35.44883
36.296646
37.044724
37.094593
40.316307
41.812458
43.32856
43.887123
46.779686
44.385841
46.420612
44.994278
39.827568
39.528339
36.755466
36.48616
39.159283
34.461369
39.149311
36.067238
38.351364
38.082058
39.298927
43.887123
41.343666
40.086895
41.164127
42.181511
42.420895
46.580196
48.405502
47.996555
44.595303
46.290943
46.669968
44.635201
41.403511
41.553127
39.199181
39.907356
36.436283
40.406078
38.201748
38.052135
35.887695
33.62352
32.296936
34.960087
31.179808
29.58391
29.115118
33.633499
37.074646
40.236511
41.184074
39.388695
40.645462
43.158997
42.191486
40.316307
46.759735
43.767433
44.944408
46.9692
44.136482
39.199181
41.603001
42.48074
45.413197
46.251045
45.682507
42.420895
44.435711
50.559959
51.327984
47.697327
50.559959
49.6124
50.041294
43.966923
47.228527
47.029045
48.405502
49.113686
47.029045
44.56538
55.068367
56.704159
55.876289
60.663979
59.068081
60.943253
56.764008
59.357334
56.624363
56.634338
51.956371
54.729237
53.592163
58.170387
55.168114
54.090881
53.88142
53.023624
56.4548
54.210571
55.297775
55.966061
59.656567
60.145306
59.407211
60.384697
59.157852
58.060673
58.459648
59.088032
57.711571
58.349926
59.088032
57.88113
56.714134
58.070644
58.579338
53.642036
54.110828
55.198032
55.547134
57.851208
58.090599
58.040722
58.699028
57.801338
57.442265
55.337673
53.153294
53.22311
52.534882
54.888828
56.095726
58.329979
58.240211
58.948387
61.402077
61.880848
62.359615
64.274696
63.436844
63.267281
62.549126
62.728664
66.289505
65.850632
67.815582
68.334251
69.690765
68.02504
68.803047
67.137329
65.710991
67.506378
67.955215
65.561378
61.631489
62.968048
62.449383
63.726101
63.636333
61.711281
62.509228
65.042717
65.132484
65.581329
65.162407
61.551693
61.601563
63.446819
65.102554
66.848068
67.646019
67.695892
66.299484
66.479019
66.85804
67.426575
67.526321
68.693329
67.207146
67.276962
66.34935
63.157562
60.065517
63.147587
63.77597
64.843231
61.840946
61.112823
64.065231
65.012794
65.561378
66.818146
68.713272
68.663399
67.735794
73.042145
73.09201
72.423729
72.772827
71.27668
69.4813
68.394096
67.157272
65.262146
64.773415
62.319714
66.169815
63.327129
64.56395
63.237362
62.778538
65.302048
65.950378
68.184631
69.162117
70.668243
69.800484
69.541145
70.478737
69.411469
69.341652
67.067505
66.838097
67.965202
67.227097
67.257019
64.075203
65.042717
65.282097
65.341949
64.065231
64.613815
63.795918
64.085175
63.347073
64.903069
64.763428
64.56395
64.464195
65.910484
65.780815
66.528885
67.526321
68.274399
68.7033
68.813011
67.895378
67.286942
67.087456
67.177223
68.7033
69.251884
70.608398
70.289223
69.640884
70.10968
69.591019
70.339088
69.042427
67.586174
68.124786
66.957787
65.780815
65.681068
65.840668
63.067791
63.736076
61.62151
60.414619
63.955513
65.302048
65.681068
63.177509
63.546558
62.339668
62.289795
67.346786
67.685913
68.533737
69.22197
69.591019
68.244476
68.713272
70.688202
70.159554
70.528603
70.438835
70.947517
72.024757
73.740349
74.288933
76.602989
77.750023
77.261292
76.732651
76.583031
76.732651
77.839798
76.622925
77.530602
78.847206
79.156418
78.518051
79.405769
80.253593
79.914467
79.605255
80.56279
80.492973
79.565361
78.79734
81.051544
82.258438
83.465332
82.318283
80.891953
81.081467
80.233643
81.01165
82.687332
83.784508
82.577621
82.078903
82.956635
83.58503
84.363022
85.170944
82.328255
81.091438
83.206001
86.826691
83.964043
85.111099
83.545128
80.86203
77.600418
73.899925
79.685059
78.807312
80.782234
79.635178
76.922157
76.742622
74.079468
74.817574
71.107117
72.703011
69.860329
69.22197
69.441399
73.490982
71.466194
68.56366
70.867737
70.847778
68.015068
65.900505
66.419167
65.192329
67.875435
68.354195
67.227097
68.922737
69.960068
69.98999
69.571068
70.418892
68.912758
68.064941
65.082611
66.748322
65.760864
61.631489
60.614105
59.546848
60.255028
59.806183
62.429436
64.214844
65.511513
64.843231
66.897949
66.060097
64.743492
62.509228
62.04044
62.748611
61.192612
63.935558
65.780815
68.942688
73.161827
72.104553
71.336525
70.648293
72.673088
72.154419
72.962349
72.782806
72.194321
73.351349
71.635757
68.783089
68.453934
68.074913
67.965202
69.261864
68.922737
67.845505
68.035019
66.937843
64.962914
64.94297
65.591301
66.828117
64.643738
64.04528
67.985146
69.21199
71.565933
71.226814
71.90506
72.254173
72.673088
75.96463
75.755157
76.742622
76.553108
77.799904
79.635178
77.341087
75.954651
74.907341
78.747459
77.510643
78.767418
77.291214
77.809875
79.535439
78.867157
82.338226
82.218536
82.787079
82.906776
83.33567
84.123634
86.038719
85.200867
85.559944
86.288071
83.04641
84.263283
83.485275
84.951508
84.622353
84.821838
86.976295
87.514908
85.390381
86.517479
87.375275
88.871422
91.315147
90.726654
90.636887
89.13076
90.527168
89.689323
87.056099
87.574768
85.001389
85.350479
88.47245
89.429993
89.380127
86.896515
89.888817
89.220528
89.040985
87.18576
90.178078
93.200302
93.848625
94.3274
94.806168
95.773674
96.611519
98.247314
96.451935
95.574188
96.531723
98.277229
99.005363
99.145012
101.598694
100.880539
99.553947
99.823265
99.484131
99.454208
98.526596
98.965469
100.421722
98.765976
98.995392
99.743469
99.334511
102.985123
102.526306
104.251862
105.598412
104.501228
103.713257
101.858025
99.932976
100.192307
100.700996
99.374413
101.109955
104.311714
101.508926
101.568779
99.753441
100.15242
98.765976
99.494102
101.568779
100.90049
101.25956
104.221939
108.321404
109.847473
109.418579
111.612938
111.104248
111.912163
106.944939
104.03244
104.341637
106.72551
106.476143
103.493828
104.202003
108.999657
107.144424
104.680763
106.366432
106.86515
103.76313
104.730637
102.486412
100.441666
98.157547
98.317139
99.913033
103.044968
104.830383
104.970024
105.967453
105.518616
105.368996
106.007355
108.161812
109.089432
110.565636
111.77253
111.293755
111.413445
111.523163
109.458473
105.478714
103.414024
103.443947
102.276955
104.142159
101.558792
101.189743
102.99511
105.877686
104.890236
109.847473
109.019608
109.189171
108.800171
108.321404
105.94751
104.75058
103.972588
104.451355
105.039841
106.765404
105.039841
105.977432
103.842918
102.396652
101.050102
102.735771
105.329102
104.391518
103.304306
103.254433
103.314285
103.364151
104.66082
105.458771
99.593849
99.942955
97.81842
93.978294
94.387238
94.347336
95.793625
95.793625
95.274956
97.6688
95.73378
95.005653
95.813568
96.192604
99.753441
98.277229
98.287216
95.863449
97.339645
99.174927
100.770828
101.189743
103.932686
103.673363
104.351616
108.231636
105.70813
101.449081
100.581306
101.050102
99.424286
99.773392
97.758575
99.404335
99.903053
103.084869
103.344208
101.927849
106.645706
102.805588
103.593567
104.062363
102.316849
97.2798
99.633743
92.362442
90.008499
79.615227
87.84407
81.75972
86.467613
86.736916
89.709274
87.255592
85.380402
77.191467
76.902214
77.031883
81.360741
82.79705
81.540283
83.874275
87.435127
86.647148
86.936409
84.542564
81.709846
80.08403
85.091148
82.926712
81.031586
81.540283
82.52774
84.492683
87.285507
87.494972
85.340508
84.183487
80.572769
78.328545
79.605255
82.487846
84.632332
79.804749
82.79705
77.849777
72.693031
77.321129
78.198883
79.994255
77.650284
83.604973
84.422867
86.926437
83.904205
85.450226
82.547699
86.577332
84.881683
85.709557
87.225662
90.02845
87.135895
89.449944
98.137596
96.811005
92.372429
88.262993
91.384964
94.05809
93.260139
93.489548
93.858597
88.50238
90.018478
92.551964
91.444809
92.541985
91.773964
88.74176
89.599556
86.198303
85.340508
82.52774
81.630051
87.514908
87.325409
94.3274
92.781372
95.424576
97.918159
96.940674
97.299751
93.339935
95.604111
93.100548
91.115654
89.988556
90.217964
91.295189
89.439964
94.437111
94.905907
95.923294
96.491829
96.531723
94.147858
96.691322
95.70385
97.259857
97.549118
97.978004
97.768539
99.73349
102.217102
100.7808
99.673653
98.386955
97.778511
98.915596
100.940384
100.880539
100.521461
101.189743
101.429131
102.346771
101.907898
100.302025
100.252159
103.144722
103.583588
107.413742
106.316559
107.323967
107.154404
106.466171
105.329102
106.107094
104.850334
104.241898
106.675629
106.954926
106.406326
104.700714
105.887672
106.795326
107.10453
106.456207
106.117073
107.712967
107.353889
106.8452
104.162102
105.857742
106.785355
109.069473
107.573326
111.782501
111.313705
112.43084
111.842346
112.779938
111.303734
111.902199
110.196579
110.485832
112.929558
112.321114
111.991959
110.675346
111.523163
113.238754
114.894501
112.989403
112.889648
110.336227
106.635742
107.294044
110.45591
108.012199
107.832657
110.226501
112.470734
111.722656
111.25386
110.106812
110.635452
113.168938
113.607811
114.046669
113.328529
112.480698
111.134171
108.700432
106.96489
106.595848
105.219383
105.329102
105.229355
106.476143
105.55851
103.822968
104.571045
101.668518
99.913033
102.506355
103.124763
103.015045
103.533722
103.204567
106.905045
102.805588
102.805588
97.618935
95.753723
98.197441
101.419159
102.965187
103.493828
101.449081
102.256996
101.089996
102.227074
103.76313
103.523743
106.316559
106.09713
102.466469
103.553665
100.800743
102.516335
104.072327
105.229355
109.16922
110.286346
111.164093
110.665375
108.700432
107.712967
107.164383
107.543411
105.987411
109.797607
109.009636
109.338791
110.146713
109.767685
107.353889
105.70813
103.573608
103.064926
105.039841
108.490967
108.580742
111.303734
110.974586
110.176636
112.700142
113.557938
116.330803
116.30088
116.211121
115.203705
115.323402
115.77224
116.66993
118.704704
118.834366
117.667366
117.517754
117.787056
117.358162
118.255852
117.737183
118.355598
118.126183
116.879395
117.318268
118.33564
117.268387
119.682182
121.337929
121.048668
120.93895
121.557365
124.529716
127.26268
126.325096
125.956047
125.946075
124.779076
123.911308
123.751717
121.278076
121.258133
122.824104
122.684456
122.175766
121.667084
122.066055
123.223083
123.991104
122.933823
122.036125
122.465027
122.923843
121.377823
122.604668
124.519737
125.98597
125.567047
124.120773
124.370125
123.851463
123.013618
123.871414
123.821541
126.175484
131.042969
127.482124
127.791321
128.170349
124.300308
124.370125
125.247871
125.417435
124.609505
121.677048
120.450211
121.537415
124.739174
125.796463
126.414871
127.891075
127.861145
127.482124
127.95092
129.137863
128.539398
127.970871
127.4123
127.940956
128.669067
128.290039
127.332512
128.758835
128.858582
127.432251
127.581871
129.786194
131.601517
130.693863
131.960602
131.042969
130.763687
129.327377
128.499512
127.4123
