Adjusted
77.696541
78.5896
78.205589
79.732735
79.018265
78.795013
78.920082
78.259178
77.098213
74.803009
74.535103
73.597397
74.017128
70.328758
67.738892
68.426552
66.702927
67.890724
68.301506
69.185654
69.837585
70.480591
70.373444
70.159081
70.480591
69.319595
68.435471
67.551346
67.765678
66.461807
65.827744
67.042305
66.988716
66.970848
66.292114
66.024208
66.604698
66.506454
65.863464
64.881088
62.585918
63.228931
63.148552
63.800488
61.791088
59.942444
58.87077
42.206203
41.482815
42.384808
42.054379
43.161777
42.09903
40.152149
40.93803
41.045212
40.902313
40.687981
40.053917
38.607143
39.410904
41.447094
41.06308
41.286343
41.259552
40.902313
41.589981
41.179161
41.384571
41.080944
42.304428
43.661892
43.063538
43.170704
43.260002
43.161777
41.572109
44.599609
43.760128
45.608768
44.742493
44.52816
44.42992
45.492676
45.840965
46.466099
46.287498
46.528614
46.894775
47.091248
46.903713
45.715935
45.492676
44.546024
46.019581
46.082096
46.83226
47.948601
49.52039
48.171856
49.109577
49.547173
50.60099
49.850819
49.332855
48.716625
49.091713
50.440243
49.511456
49.368561
48.743427
47.823566
46.850132
48.055763
47.45742
47.359177
46.403595
44.010185
43.134979
43.84943
43.760128
43.715477
42.670582
42.938511
42.563404
41.616768
42.107956
40.170006
40.902313
41.777523
42.465187
41.009483
40.07177
40.134293
39.652031
40.125355
41.143452
41.304199
40.777294
43.536854
47.484192
46.734035
47.243073
47.118034
47.332386
47.251999
46.84119
46.055305
47.814636
49.136364
48.037899
48.171856
49.859749
50.270565
50.091946
49.770454
50.100883
51.413685
49.975849
48.645184
47.555641
47.912876
48.663052
46.939442
46.876915
46.823338
47.38596
47.14484
46.68045
47.153763
44.867531
43.777985
45.492676
44.251308
43.911949
44.742493
45.671284
44.724636
43.965527
42.59914
42.527695
42.884926
41.188103
40.509373
40.75943
42.29549
41.697144
39.705616
41.768593
42.420525
40.643341
39.705616
37.517616
35.142052
36.115494
32.596832
31.525148
37.33007
39.357319
35.570732
35.651104
35.990463
37.49081
37.374722
35.543934
36.749573
36.079773
34.391888
36.017265
33.016563
33.168392
34.71339
35.499287
35.356396
34.391888
33.954285
34.570488
33.838196
32.364632
30.53384
31.703762
31.471577
30.417757
30.346312
28.676285
26.291798
26.863361
28.453014
30.301661
30.917866
31.793072
30.667816
30.105185
30.489191
30.515989
32.150291
32.837967
31.721621
31.810928
32.739719
32.703999
33.132664
35.258152
34.659798
36.052982
37.740868
36.16016
35.874371
36.169086
36.347694
36.13335
38.499989
37.624783
39.160851
39.714546
39.276947
39.339462
39.000088
38.008789
36.579903
34.659798
32.936188
33.802456
33.838196
32.489662
33.695301
35.034897
35.838654
36.803162
38.062386
39.741329
38.124893
37.017502
38.258842
39.535942
38.794685
39.928883
40.821941
41.170246
38.794685
39.107269
38.928654
39.071537
37.410435
36.428082
36.847805
37.017502
35.115265
36.472717
34.936653
31.560871
30.292725
26.881216
27.363478
29.319286
27.729631
28.051132
27.711773
30.114113
29.819401
31.971682
32.864742
32.328903
33.275558
33.954285
32.275318
31.587667
33.641724
32.194954
32.712925
33.945362
32.525383
31.909155
33.909622
33.900703
35.570732
34.329365
34.597298
35.383194
35.133133
36.026199
38.919716
38.196346
39.473423
38.598225
37.874832
36.999634
37.294346
37.49081
36.865669
36.562035
35.892239
37.526546
38.374954
38.187408
37.848038
39.134056
40.09856
40.67012
42.402676
43.635098
42.197269
41.509598
41.5364
41.848976
41.86684
42.867058
42.036518
41.554253
40.536167
39.9646
41.250614
41.366718
41.777523
41.589981
42.393734
43.367176
43.367176
42.893856
42.697384
41.205963
40.634396
41.098797
40.714783
41.723946
40.839802
42.018646
43.001026
45.31406
45.483742
43.599369
43.608315
44.081638
45.305122
45.849892
45.948128
45.448017
45.76952
44.42992
44.653187
45.733803
44.90324
44.813942
44.483505
44.456715
44.385273
44.447784
44.599609
44.644257
44.599609
44.170925
44.224525
46.43932
46.92157
46.564335
48.564816
45.796303
46.224979
47.01088
47.627087
46.582207
45.367645
45.135448
45.903477
46.350014
45.858818
45.912407
47.153763
46.609001
47.957523
47.814636
47.511005
48.421925
48.797012
48.904167
49.53825
48.868454
49.082783
47.975388
47.198418
46.019581
47.662807
47.823566
48.377258
46.296425
47.189491
48.386192
48.252232
48.332619
47.475269
48.993477
48.654118
48.582664
48.930962
47.957523
46.492912
44.796089
44.295952
44.697838
44.010185
42.29549
41.86684
41.009483
41.715004
41.607838
42.563404
39.937817
41.375641
41.554253
41.366718
42.527695
41.625706
41.223831
40.955902
41.116657
40.420059
41.098797
41.107716
40.232533
41.706078
41.339928
42.420525
41.759655
42.518772
43.251076
44.60854
45.45694
45.546242
46.760818
46.760818
47.680672
46.885849
46.805485
47.207352
46.939442
46.805485
46.564335
46.564335
48.689842
49.261395
49.207809
48.439777
48.252232
48.930962
48.77021
47.921803
48.118279
48.930962
49.797234
49.413223
51.288651
50.467026
51.511921
52.83366
53.235535
52.60146
52.074551
53.592758
53.905346
53.583828
53.012268
52.851524
52.306751
52.476414
52.056686
53.360558
53.941051
54.816254
56.852444
57.102497
57.43293
56.673832
58.02235
59.138687
59.522709
60.78191
60.442558
58.495674
58.138458
58.540337
57.048916
57.709793
57.531166
56.906029
57.334686
58.0938
57.218594
56.111206
55.093109
55.057384
54.878769
53.592758
54.048222
52.985466
52.208496
53.31591
52.789001
52.217442
53.083702
52.699699
53.708851
54.878769
55.253853
55.423546
55.280659
55.691463
54.682293
55.59322
55.33424
54.860916
55.79863
56.754208
55.887928
54.94128
55.343159
55.316368
56.995342
58.111664
57.504368
56.807781
56.620239
56.789928
56.307682
57.325768
57.772305
57.495441
57.790154
58.352783
57.700848
56.495209
55.450333
54.709087
54.780537
53.744576
52.655037
52.315674
52.762211
54.075005
53.440933
52.369263
52.163857
51.779835
50.511696
49.940121
51.306511
52.762211
48.046837
47.796764
46.975163
46.91264
45.814171
45.492676
45.671284
46.537556
48.261169
47.475269
47.412758
47.796764
47.403816
47.689613
45.698071
45.76952
45.635563
45.278328
45.448017
46.189251
45.814171
45.590897
46.769753
48.627316
48.350479
47.841427
47.573509
46.716164
47.14484
47.019806
47.421684
48.252232
48.859512
49.163162
49.31498
49.332855
47.975388
47.359177
46.769753
46.216057
45.358711
44.269176
43.697617
42.67952
42.358009
42.965298
43.679749
44.53709
45.698071
45.796303
46.09103
46.412529
47.466339
45.894547
46.876915
46.984085
45.98386
46.850132
46.430386
47.502056
47.153763
45.394436
44.546024
45.296196
46.448246
47.546722
48.439777
49.082783
49.163162
49.243538
49.136364
45.823101
46.064232
46.251774
46.099949
46.778679
46.421455
44.760357
44.554951
44.331688
44.367409
45.581974
45.224766
45.430164
44.295952
44.349552
45.439083
46.278564
47.555641
46.796539
47.251999
48.69878
48.966694
49.448929
49.52039
48.797012
48.850594
48.279026
49.082783
49.788307
50.583138
50.458103
50.627781
49.904404
50.21698
50.127678
50.583138
50.10981
49.011337
49.341774
48.529083
49.172092
49.12743
49.466797
49.707928
50.726021
50.958221
51.601219
52.145985
50.10981
51.101112
50.574211
51.38689
51.136829
49.957985
49.038128
48.77021
48.529083
48.868454
49.788307
50.056225
50.645649
51.217209
52.40498
51.565506
52.60146
52.324615
51.869144
51.065384
50.002644
50.413452
50.297352
52.342461
53.557037
52.262093
51.672665
50.993935
50.967148
49.779381
50.449181
52.190659
50.922485
49.957985
49.788307
50.48489
50.645649
51.511921
51.37796
51.895939
50.297352
50.029427
49.949066
50.100883
50.511696
51.011806
51.297581
51.038597
50.895702
50.824268
50.556347
50.779606
51.75304
52.092419
52.226372
53.155159
53.994637
54.592991
55.253853
55.307434
55.200272
56.754208
56.236225
55.423546
54.977009
54.878769
54.46796
55.102036
55.861137
57.477585
55.959377
55.477112
56.932816
57.584763
57.504368
58.111664
57.25433
58.299198
58.272423
58.370647
58.272423
58.888622
58.888622
59.272648
60.022812
60.192513
58.30814
57.986633
59.022572
59.406597
59.361954
58.924347
59.665588
61.442787
60.719406
60.647972
61.248535
62.207626
61.356094
60.934807
60.029472
60.423862
59.572327
59.151024
59.742634
60.137032
60.47765
60.09222
61.642941
62.153858
61.813244
62.162827
62.43174
62.55722
63.417751
63.292233
62.279362
61.714645
61.911842
61.804283
62.073181
62.512402
61.983547
62.306232
62.216595
61.006519
61.831169
62.198689
64.780197
64.726425
65.407654
67.711304
68.616623
68.831764
69.181343
69.199257
69.199257
69.459213
69.880516
71.529808
71.547745
71.180237
71.709099
71.933182
72.390335
71.69117
72.892265
73.304619
72.184158
70.93821
69.504044
68.786949
69.396461
69.539894
70.068741
69.172386
69.916367
68.733162
67.621674
68.284981
67.916267
69.921738
68.653702
68.464828
69.91275
68.509819
68.590752
68.563774
70.76709
71.270706
69.975685
69.894768
69.544014
69.939713
71.126831
71.234718
70.839027
72.65564
72.143044
71.918228
70.389366
70.146538
67.637474
68.302971
68.959465
68.851555
67.358681
66.774109
66.135628
66.23455
67.133888
66.918037
66.378433
66.153587
61.782944
61.504139
60.748714
58.851173
57.502193
58.212646
55.991344
55.712566
51.269947
54.183727
51.494774
54.597408
54.300636
56.018326
55.80249
55.568676
52.996624
52.241207
51.773563
53.491253
54.624382
53.581188
54.345592
56.135231
56.458992
56.92664
57.106495
55.928394
55.667599
57.915974
57.049126
55.812069
57.229717
59.496151
60.0289
60.814468
61.130505
60.588726
60.733208
58.818932
57.455456
57.834705
59.423908
60.552605
58.539013
59.026604
58.945343
56.272579
56.913677
57.744404
58.656387
59.405865
60.977013
60.489407
60.498432
59.640629
60.561649
59.243317
57.843727
58.602219
58.918247
60.182396
61.807751
60.498432
62.828075
63.731045
62.015415
62.214073
60.308811
61.392372
61.256924
60.877701
61.491695
62.15086
60.462326
61.91608
63.884552
63.47821
63.243427
61.527824
61.636177
61.87093
60.507458
60.362995
57.997231
57.518669
59.65868
60.877701
63.703957
63.27956
62.223106
61.861912
61.591015
62.089474
59.887203
60.267853
59.261875
58.582165
57.567127
58.455284
58.863113
57.67588
59.33437
59.524693
60.521606
61.672573
61.563835
60.285969
60.60318
60.041279
61.273819
61.609138
62.089474
64.101425
64.509232
65.442719
65.768997
65.080193
65.170845
65.923058
65.406479
65.188965
65.053017
64.509232
62.896099
59.905331
58.274025
59.28907
58.391842
58.292156
59.932514
59.053429
58.97187
58.337463
58.908421
58.754364
58.591221
58.156204
58.600288
59.533764
59.044361
60.023151
59.86002
60.168152
59.905331
60.014099
59.914398
59.62439
59.39782
59.479382
60.023151
59.615322
59.080612
58.310272
58.117287
58.636192
59.064045
58.272038
59.218819
61.194305
60.939396
61.294426
61.603943
60.86657
60.402283
60.438702
60.702698
62.477905
62.250309
63.725098
65.19989
67.184448
66.410637
66.128441
65.655037
65.891739
64.207573
63.060524
63.306316
63.725098
63.042313
62.568939
63.688679
62.969498
64.28952
64.344139
64.262207
64.416954
64.089226
63.133369
62.477905
61.740517
62.277626
62.623547
61.267124
60.320351
60.629879
60.884777
59.874264
60.029041
60.1838
60.156487
59.73772
59.409996
60.493305
59.246128
60.902973
61.094154
60.74823
61.740517
61.813347
62.66906
61.940792
61.349068
60.411385
59.582954
60.238422
61.507523
61.507523
63.153313
63.09848
63.519066
62.851597
63.820808
64.707687
65.228882
65.722603
64.790009
63.509914
63.784225
63.043594
63.180752
63.537346
60.254871
58.325623
56.926689
56.030636
56.003208
54.777981
56.643242
55.902622
56.487801
55.838627
57.01812
56.661533
57.548443
57.786163
57.328995
56.634094
56.515236
56.158638
49.383392
48.816498
50.398308
50.489742
48.725071
49.438259
48.395908
50.325169
49.959431
51.440655
52.519573
51.925259
52.949318
52.016689
52.025833
52.84874
52.885319
52.355
52.464718
52.364136
53.552784
52.784725
52.720734
53.177898
52.473862
56.506092
55.280876
54.741413
54.302536
54.083092
54.871433
55.395157
54.623352
53.888306
53.48402
53.465649
53.612659
54.035313
54.127193
54.23745
54.173141
54.448784
53.741295
53.732113
52.960312
53.355392
53.300262
53.272705
55.551353
55.229767
57.113335
56.249649
56.736626
56.984707
56.543682
57.692188
56.810127
57.315475
56.984707
56.727436
57.82082
56.800941
57.912701
56.846882
56.580421
57.177654
56.313972
56.323162
56.718239
56.176144
55.909691
56.231274
53.153259
51.462631
51.600456
51.315632
50.994041
49.919044
50.203869
50.67247
51.398319
51.104309
51.058369
51.508579
50.874603
50.50708
50.323318
51.122688
51.361572
51.526958
51.159435
51.812401
52.292656
53.363998
53.761143
54.389156
54.712421
54.509224
54.019737
55.442032
55.940773
55.386627
56.808933
56.62421
56.402554
56.476433
55.857639
55.312737
