Adjusted
63.442886
60.998222
58.352169
60.38707
58.803604
60.088432
60.324589
61.019073
59.574497
58.025753
60.234276
59.074451
57.768799
59.991203
66.297287
64.054054
63.824867
66.325081
66.276482
64.484634
65.130524
68.894745
66.165359
63.67905
63.790134
64.547173
62.880352
61.852524
65.074982
66.512566
64.609657
63.963768
65.568077
66.380646
64.498535
66.491745
69.26976
68.825294
68.047462
66.109772
64.192947
64.574936
64.574936
65.054138
63.026184
64.067947
61.783016
66.082008
65.880592
66.665382
65.498604
66.304245
69.311455
70.019821
72.415886
73.124268
72.540878
70.221245
68.283569
66.652657
67.647903
71.65686
70.920959
73.058578
72.897408
73.976753
71.65686
68.446877
68.173553
67.514763
67.024117
68.061401
69.841629
70.626595
70.864883
70.878914
70.633591
72.147476
73.682381
73.507141
73.212784
72.560974
69.911713
72.890388
73.850578
72.911423
72.876381
69.848625
69.995811
69.673416
71.299408
71.818069
72.834312
73.75946
73.023567
73.521187
72.939461
70.906944
69.848625
69.02861
70.234085
70.857887
71.916168
70.92794
69.266899
70.009804
70.241089
73.654343
69.491188
67.717979
68.783295
67.024117
67.472687
69.007591
69.743492
66.925964
66.393318
67.577805
64.963562
63.56184
63.526768
64.718239
62.703407
62.42738
63.099712
63.078503
62.031078
61.54982
61.040283
64.975166
60.056561
61.797523
61.740925
59.561146
60.049465
65.116714
65.973045
66.043816
65.873955
67.770638
71.259659
65.187477
67.961708
67.480461
72.363678
72.951073
70.566101
70.254715
68.761421
72.087708
71.953201
69.249748
73.977264
76.220726
73.156326
71.740906
72.115982
71.981537
69.858391
69.136505
69.433746
69.5187
71.571053
68.839279
69.631897
70.169792
71.578117
70.771339
70.714722
72.123085
69.808846
70.785469
73.927734
70.339622
70.877495
70.382088
70.884552
64.692062
68.549103
64.203751
69.681465
73.531425
67.345993
67.091232
66.171204
68.258965
70.24762
66.029663
69.653137
68.883934
64.013153
61.520615
59.992249
57.3283
55.914215
51.614765
58.071072
62.127686
57.992512
49.436481
53.407383
52.250397
52.557507
50.029255
45.879791
47.379589
45.844078
43.708637
50.136383
47.636703
47.993809
50.722023
48.929398
51.407646
45.158443
43.74435
45.95834
41.90173
42.80875
39.302059
43.751492
39.609161
37.095211
37.19519
32.674347
30.567476
34.138439
40.309074
43.037308
44.001465
43.33012
35.909649
40.873299
43.151566
42.994457
47.586712
48.279476
44.19429
47.222469
41.173256
45.022755
43.93005
48.586582
48.650864
44.429966
46.065475
44.137154
43.230129
43.058189
42.639572
41.22673
43.67865
45.28587
44.598122
43.342258
45.779232
44.329018
42.804035
40.778191
38.161835
40.127846
38.961685
40.202595
41.28653
37.623596
42.168613
38.991589
40.651112
40.090477
41.107117
43.805721
40.875378
38.729946
39.170998
38.64772
37.436699
35.164192
37.788055
38.131927
34.924984
36.330353
35.545433
33.08604
31.314371
32.06192
30.843426
32.914104
30.462185
33.856003
33.243019
31.329327
31.710571
29.983747
31.015356
32.712261
30.021133
31.501261
32.114223
36.681702
35.171669
37.257305
36.621899
34.184925
36.846153
37.660973
36.487339
33.355152
38.50568
35.971539
35.874363
37.212456
35.537964
33.391842
35.852608
35.197418
37.88673
40.797009
40.40847
36.23354
36.683022
42.282619
42.549259
38.640972
42.305462
43.440628
45.870914
39.829468
43.021614
41.886456
44.232941
46.785141
42.633057
42.770195
44.217701
43.280636
41.185535
44.591011
43.760597
44.636723
41.604561
44.484344
42.854
42.70163
40.324657
42.107391
41.010323
44.491978
42.90733
41.86359
42.442604
41.62743
45.177631
44.171993
45.032887
46.83847
49.085915
48.529766
48.430725
50.022999
48.575478
48.278358
47.600311
45.909004
45.124306
46.625149
44.11105
43.600609
43.349194
44.11105
43.966297
41.96265
42.518795
42.87685
42.633057
42.883121
43.270229
43.308937
43.370872
40.893433
42.782482
40.986324
40.196644
39.306305
39.747604
41.435368
41.768272
42.84441
42.759247
41.783768
43.579899
42.666355
41.830208
43.812172
43.765713
45.608326
46.103813
45.530899
45.678009
45.058647
45.538635
49.43288
52.088413
51.554192
54.705215
53.210999
51.902603
51.569698
51.422592
50.416134
47.698673
48.124477
48.062553
49.881927
50.447098
49.819992
49.936115
50.183872
50.377411
50.42387
49.881927
47.99287
47.729641
48.844505
49.579987
51.523243
52.692287
53.451015
52.878098
54.542629
55.820072
59.505287
58.181389
58.638161
57.86396
59.49754
56.578777
56.267643
56.322491
58.861931
57.592216
57.004372
53.681141
53.289253
55.264397
55.186012
55.805202
57.427631
57.654911
57.921398
56.988708
58.454376
58.28194
56.471397
58.219238
56.628155
55.617081
57.709782
57.325729
57.435459
57.012211
54.692223
55.005737
53.908447
53.955471
54.801945
53.736004
54.558979
52.928711
55.585739
55.742504
56.792755
56.683018
57.600048
58.579769
57.090595
57.764648
56.651672
56.424385
56.863304
55.797363
55.734657
54.174931
56.620323
57.63924
58.603294
58.133015
60.304108
59.269505
59.285191
59.285191
59.496826
60.147324
61.283821
61.23679
62.185173
61.918663
62.561378
63.995712
64.983261
66.77813
67.867584
67.514877
66.661903
66.408447
65.030396
64.309677
63.826572
63.224659
63.351383
62.876186
63.739471
62.242592
63.691948
63.311775
62.907848
64.064178
62.630661
61.220943
59.747814
60.650696
60.927864
61.260521
60.959587
60.674442
61.814922
63.026684
61.64069
58.710323
59.866623
58.42519
58.227207
57.981689
58.765755
59.787441
61.529797
61.806992
62.884117
62.424755
63.359322
63.311775
63.969105
64.301773
64.483917
64.357208
64.37307
63.699871
64.032486
65.893669
66.828232
66.962845
67.303436
67.731079
68.301315
68.190445
69.726906
70.891136
70.138748
69.671455
69.734863
69.378441
69.79818
69.988258
69.521004
69.49939
69.603394
69.091324
68.603241
71.195679
73.948128
72.811928
72.963966
74.316162
73.115997
74.844246
75.052292
73.836098
72.795937
73.508041
75.268326
76.692581
79.252975
81.029259
80.397179
78.940948
79.349022
85.333977
83.245644
86.806229
86.230125
83.909767
80.41317
78.204819
82.80555
83.045609
84.06179
82.181473
80.333153
80.757225
78.708878
78.236801
73.356026
75.460365
74.060143
76.19648
75.836426
79.725075
78.460854
76.892601
77.996788
78.044769
73.66806
74.148148
75.828415
77.684746
82.365479
82.597534
82.74157
83.661697
82.925606
84.301811
83.213623
82.525528
79.749077
79.373016
76.948593
80.589195
79.001274
76.224182
75.376556
74.989059
73.70546
72.446091
76.466393
78.864037
79.905418
80.252586
81.084084
80.543213
81.124443
77.846863
80.179924
81.487717
79.768227
82.932762
84.159843
86.242653
86.089272
86.428307
84.434311
84.837967
86.291092
84.951004
82.803581
82.69059
81.810631
83.820793
84.765297
82.706726
81.915573
82.488762
82.521057
84.942924
85.168968
83.966103
84.321304
83.845001
83.279907
84.854118
83.651253
83.836929
83.045792
84.942924
87.590836
87.469734
89.116585
87.542381
87.485878
85.887451
86.452553
87.978333
88.365807
90.077286
89.21347
88.52729
90.610069
88.204369
86.751251
83.618973
86.299171
84.741096
85.451523
84.672348
84.615364
85.592354
86.300697
86.764748
85.103859
85.087578
86.105263
87.090401
89.264229
90.208618
89.451477
89.598007
91.511276
89.101372
91.731087
89.948097
89.622444
89.337502
89.036247
88.254654
86.137848
86.55307
87.025269
88.181374
89.687576
92.073044
92.268448
90.086502
86.341385
88.897842
88.466339
88.604736
87.969711
85.120148
86.691475
87.407906
88.791977
89.109512
88.33606
89.923668
89.475891
89.654999
89.825974
90.941376
92.333595
93.172157
93.139587
93.465256
90.973915
89.948097
92.097496
91.324028
89.882965
88.547752
87.741737
88.702423
89.842255
90.534294
90.412163
90.09465
91.674103
92.718803
92.653168
92.751656
92.365952
93.399994
91.651962
91.906364
90.855896
89.871117
89.624908
89.58387
91.233406
91.463196
92.324883
92.95681
92.300293
92.103333
92.595718
92.78447
94.089333
94.819725
95.336739
93.375351
95.139786
94.811516
94.089333
94.754051
93.391769
94.17141
94.17141
94.417603
94.713043
95.197227
95.271088
95.262886
95.057724
94.942818
95.254677
94.483253
94.13858
94.122162
96.928848
99.325188
96.099953
94.770485
96.37899
94.401184
93.440994
94.351959
95.541916
94.57354
96.551315
95.123367
95.262886
94.680229
96.001488
96.387192
96.912407
96.190231
95.065948
95.968666
96.346169
96.551315
96.912407
97.741806
99.296425
99.941437
99.023544
99.197197
99.312973
98.651428
97.584732
97.923752
97.907219
98.403351
98.775467
100.139885
98.69278
99.131042
101.066032
101.702774
103.15815
104.059479
104.712746
106.234291
104.696228
105.167549
105.076599
105.002167
105.680267
104.26622
104.77063
106.622948
106.068909
105.473526
104.960846
105.060066
105.581024
105.845627
106.722168
105.101418
103.364868
104.902946
105.374298
107.061203
107.499481
110.038124
107.267937
106.474083
108.524857
107.474678
109.38485
109.666
109.674271
107.499481
108.326385
109.699097
107.747543
106.44928
106.738701
108.938301
108.963135
108.731575
105.523125
105.432175
105.481781
106.050568
106.466934
106.924927
110.38916
111.913101
112.87075
114.536278
114.361389
112.013031
112.321159
110.031082
109.015152
110.514076
110.172668
112.745865
114.677834
115.777069
116.176781
114.92765
114.602913
111.88813
110.73893
111.746552
110.622337
107.749359
106.841675
102.969383
101.145645
96.890327
104.568268
104.651535
109.165047
107.674416
110.255936
110.663963
111.171959
106.741737
104.509964
105.401009
107.324661
109.148369
107.13311
108.748657
111.330177
112.254532
113.570274
112.054665
111.88813
111.022072
113.620247
113.786789
110.189331
111.355186
110.972092
108.590424
108.373909
108.407234
105.167839
105.02626
98.888916
95.999268
97.723068
98.705711
100.138039
98.210892
99.335129
95.685577
92.942108
98.152184
96.944038
99.721077
97.296425
101.600388
99.419029
100.769791
99.947601
102.212845
98.345139
101.289948
101.373848
101.088608
104.41095
106.634262
106.575516
107.42289
113.799126
111.659729
112.163132
105.233162
108.20314
108.261879
109.335762
109.318985
110.116035
104.80529
104.981453
108.496788
106.290276
107.33062
105.417747
102.59877
103.395798
101.231224
100.216057
98.118607
99.083443
100.190903
99.679123
104.746552
103.941116
104.041801
103.244766
102.842072
104.662666
102.321915
105.409355
103.253189
102.959526
105.08213
107.800446
108.194763
106.609085
108.61425
108.169601
110.602623
110.7033
111.215057
109.807007
110.769943
110.313828
109.84079
107.678436
109.663422
108.286606
107.230759
108.210594
107.720688
104.958611
106.842224
108.734276
108.1008
107.349022
107.965645
109.578957
110.761528
113.025208
113.937462
114.385117
113.929008
114.883492
115.65213
116.767097
118.101677
116.716408
115.711266
114.714523
113.498192
113.565796
114.309105
112.129852
111.876457
112.29879
113.211029
110.550339
109.697197
109.857689
112.341034
112.028503
110.617912
109.528275
110.727707
111.682198
113.9459
112.805588
113.658714
113.185699
116.395454
117.206306
118.583153
117.257019
116.066025
116.969826
117.738426
116.978279
115.947762
114.486481
115.795738
117.316154
117.577965
117.382355
117.943733
120.231834
120.299858
120.418976
119.066536
118.845383
118.181885
116.012863
116.820946
118.794319
119.211143
120.869789
121.056938
120.895325
121.193001
123.191895
121.686333
122.945259
123.880882
123.948959
124.238167
123.67675
125.514046
125.09726
123.693771
123.70224
125.7267
125.326927
124.637932
124.978149
124.952644
122.230751
122.358322
120.708138
117.416351
116.463699
119.177094
120.070229
120.019203
120.053207
118.947472
120.810219
117.78212
118.87088
116.540245
115.15377
117.884193
120.087242
119.211143
120.495514
117.78212
118.394531
118.054298
119.517342
119.67894
120.376411
120.65712
119.968155
117.6035
116.837959
116.591286
116.863472
117.120476
118.225525
121.198067
122.808563
123.399673
122.954193
123.862274
123.913666
122.277473
122.688629
125.327141
127.682907
128.2397
129.353333
128.925064
127.897072
126.843369
125.90107
124.907379
124.487633
123.853676
124.650383
125.224304
126.003876
123.742317
124.093552
123.973602
122.868546
121.377998
119.673279
119.407707
120.221512
119.227814
118.696693
119.793198
120.598434
121.437927
121.232368
121.258049
122.757202
123.134117
123.511055
123.159821
122.979889
122.431656
121.455101
121.232368
122.106125
122.140388
122.911377
123.665199
121.001091
120.744057
120.281479
121.292343
121.069557
121.043877
120.384285
121.180962
118.67099
118.910858
118.019943
116.032516
116.791824
117.870361
117.335396
116.843597
117.887596
117.947998
117.585617
117.52523
116.256874
115.333626
116.239616
115.109306
114.142944
114.850471
115.005775
115.169685
117.482063
118.129204
116.515694
115.661499
115.687401
115.54937
114.815956
116.964355
118.12056
118.828079
118.232727
118.051544
116.748657
114.626129
113.832314
113.167953
112.443176
110.104935
110.173958
111.192093
112.141197
111.425049
109.9151
110.907349
111.261124
114.19474
113.935867
114.790062
113.711525
114.755554
115.816841
114.513947
117.326759
115.34227
114.729668
114.815956
115.583862
114.30687
114.410416
114.919487
115.143852
115.100677
116.97303
117.904877
117.792686
116.532982
118.001701
116.437378
