Adjusted
21.274044
20.964472
19.697392
19.992569
19.351822
19.959764
20.223455
20.626314
20.78746
20.01104
20.648287
21.029173
21.549219
22.347616
25.006475
25.585129
24.911255
25.643724
26.039261
25.84149
26.53001
26.95484
25.819521
24.977179
24.808704
25.358063
24.464451
24.230062
24.823364
24.728138
24.427822
24.35458
24.046942
24.662214
24.090893
24.896603
25.021124
25.116346
24.823364
23.981018
22.801748
22.413538
22.494108
22.816397
21.842211
22.039978
22.0473
24.068924
23.438993
23.395044
22.948242
23.395044
24.266684
24.332607
25.68767
25.834164
25.695
24.559671
23.922419
23.77593
23.482941
25.03577
25.028446
25.079723
24.933228
25.109022
24.632919
24.49375
24.137264
23.71393
22.614761
23.268316
24.211527
24.924505
25.644903
24.879944
24.761114
24.709124
25.748894
26.20192
26.476719
25.838011
25.466665
27.323374
27.100573
26.989166
26.937187
26.105379
25.622633
25.295847
26.216776
25.904856
26.276194
26.60298
25.459242
25.59292
24.998772
24.382347
24.835384
24.308075
23.855038
23.335155
23.825329
23.372292
22.822706
22.258266
21.52301
21.983477
20.839745
20.097054
20.401554
19.562321
19.978224
19.68115
20.305004
19.517761
18.069523
18.084375
18.34432
17.854147
18.34432
18.663668
17.9804
17.61648
16.910934
17.802153
17.571922
17.044615
16.101404
17.772449
16.658831
17.067913
16.757317
15.817932
15.014918
18.560316
20.931488
20.014839
19.628477
21.605721
21.8936
20.689074
20.408773
19.689085
21.098152
21.939049
21.226944
21.999655
22.090563
23.439035
23.613264
22.279951
23.007223
24.029928
22.779947
21.59815
22.120871
22.795099
22.022381
20.787546
21.27997
21.378456
21.772388
21.067852
21.370882
21.249666
22.136015
22.726915
23.348122
23.613264
22.749653
24.105684
25.96172
24.234472
23.81024
24.885981
25.79505
24.582949
27.325331
26.848068
29.923782
31.166183
29.719225
30.454071
29.19652
29.734386
30.643456
23.48448
28.635916
29.802565
28.446527
27.401083
26.976847
25.673843
25.007185
21.401178
23.075397
23.976898
26.060204
24.700733
25.545599
25.752975
25.80674
25.130854
23.848188
23.203026
24.769865
24.731459
27.642401
26.083242
26.375105
27.534868
27.266054
27.765285
25.768335
24.117008
24.570162
23.663862
22.926527
21.951092
22.957247
21.54402
20.430334
20.39193
18.103123
17.711409
18.978704
21.05246
21.759075
22.757555
23.01869
19.224487
20.875811
21.198399
21.021746
22.404245
23.302874
22.73451
22.911161
20.898853
20.775963
20.345852
22.811316
23.226068
21.75139
21.044779
20.568584
19.731407
19.931101
19.992548
19.777485
20.430334
21.090868
20.530182
19.877335
19.723721
18.221565
18.38586
18.025967
17.345301
17.48613
17.040171
16.422091
16.296915
14.48962
15.41283
15.37371
15.67883
15.428477
16.077843
17.642599
16.179554
15.483245
15.115523
14.325318
14.653919
13.636832
14.872989
15.318946
13.370822
13.824603
12.956162
11.993838
11.156696
11.430527
11.00022
11.665241
11.579181
13.206522
13.081344
13.331706
12.619742
12.228553
11.986015
11.868662
10.421263
10.742033
11.187991
13.09699
13.347353
14.419209
13.519477
13.28476
13.71507
15.045113
13.722892
13.574242
14.912107
14.121903
14.677388
14.544388
13.902841
12.729274
13.237819
13.566418
13.629006
14.207967
13.582068
13.590105
13.429276
16.332251
16.887115
15.544187
16.525248
16.943403
18.833151
15.914093
17.787762
17.18465
17.683218
18.833151
18.045088
17.9888
19.379972
18.768816
18.32654
20.642487
19.790089
22.274908
20.377117
21.173222
19.572969
18.093332
17.289188
17.932505
17.393728
18.189831
18.093332
17.466103
16.871035
16.332251
17.514349
17.0399
17.683218
18.029007
17.876215
17.305267
17.409811
17.900347
17.216816
17.634975
18.053135
17.860132
18.141582
18.607992
18.173746
17.876215
17.353516
17.940552
18.189831
17.289188
17.409811
17.546516
17.940552
18.230042
18.085293
17.67518
17.441977
16.629787
16.92732
16.75845
16.564053
16.896147
16.70985
17.706129
17.53603
18.22451
18.086813
16.960941
16.993343
16.35346
16.523554
17.30924
17.025747
17.641333
17.787127
17.843819
18.329802
18.532301
18.556604
19.164082
19.577175
19.965961
20.913628
20.986534
20.39525
20.824535
20.89744
22.865688
21.407724
22.2987
22.250103
22.501196
22.70369
22.209604
22.266302
22.3878
22.68749
22.995277
22.630791
21.577822
21.15663
21.359129
21.472527
21.480623
21.869411
21.861307
21.683111
22.144802
22.873783
23.918661
23.408367
23.691864
23.165377
23.513672
22.954786
22.517393
22.007113
22.655092
22.217701
22.063808
20.678745
21.63452
21.812712
21.569721
21.804615
21.63452
22.112402
22.493095
22.493095
23.234182
23.29933
23.006153
22.012613
21.548416
20.815474
21.450689
21.23081
20.774759
20.677031
20.163975
20.725895
19.47176
20.408287
20.253559
19.561337
20.009245
19.927809
20.546738
20.424578
20.522305
20.196548
19.911518
20.220985
20.286135
20.43272
20.098829
20.03368
20.416435
20.424578
20.35129
19.75679
20.277987
20.848055
21.328533
20.82362
21.670578
21.05979
21.05979
21.043505
21.100506
21.076078
21.361115
21.03536
20.888767
20.660748
20.791042
21.076078
20.962069
20.864346
21.067938
20.807333
20.815474
20.815474
20.660748
21.019073
21.320391
21.770878
22.647284
22.393375
22.393375
22.467089
22.852051
23.359877
22.737385
23.073206
23.343496
23.818556
23.056818
22.581762
21.951073
23.1633
23.196062
22.827482
23.114149
23.277969
22.770147
22.057552
22.532618
22.221369
22.2787
22.417948
22.270515
22.049368
22.45071
22.295084
22.319658
22.368803
23.105967
22.729189
23.327114
23.122345
23.368069
22.770147
22.778336
22.42613
22.778336
23.368069
23.515501
23.605597
24.269043
24.916109
25.145449
25.210976
25.87442
26.341291
26.136524
26.087385
26.210241
26.292149
26.308531
26.447769
26.415012
26.374058
26.185663
26.529682
26.595201
26.963785
27.463415
27.331776
27.710247
27.850107
28.014664
27.570374
28.426039
28.121614
27.776064
27.981747
28.434271
28.88677
28.253262
28.203892
27.422283
26.788763
26.903946
27.5786
27.348232
28.113394
27.595053
27.315325
26.509026
26.525476
27.989981
28.648176
29.298151
28.93614
28.014664
27.751381
26.772312
26.56662
25.028078
25.801458
24.764791
25.110352
24.781252
25.571096
24.87998
24.493284
25.283133
25.060991
24.049002
23.728128
23.843313
23.621176
24.789482
24.855299
24.517975
24.970482
24.929344
24.452148
24.328739
24.213554
23.909142
23.711676
23.176889
23.662308
23.473078
22.444637
21.646576
21.745298
21.40797
21.827579
22.630182
22.787394
23.316946
23.267303
23.656187
23.101814
22.911512
21.827578
21.60417
21.968241
21.438683
20.967049
21.132536
21.504875
21.587616
21.149086
20.727089
20.545067
20.975323
20.528507
20.760193
20.89258
20.85121
20.975323
20.884308
20.048599
19.725906
19.717632
19.692808
19.734177
19.725906
19.262543
19.121885
18.716444
18.534407
18.418568
18.426846
18.799185
18.095871
18.302727
19.055689
19.130161
19.49423
18.774361
19.204626
19.800377
19.568689
20.164444
19.386656
19.527323
19.262543
19.055689
19.593517
19.651436
19.576969
19.552143
20.280283
19.90794
19.916214
20.065153
19.92449
20.164444
19.916214
20.098255
20.106524
19.916214
19.510775
19.444576
19.709356
19.46788
19.051544
18.851704
19.259712
19.08485
19.08485
18.835056
18.835056
18.585249
18.735132
18.76844
19.317999
19.492865
18.934969
19.076525
19.1931
20.150669
21.299765
21.04163
20.691914
21.116577
21.04163
20.666929
20.858446
20.358845
20.192308
20.325531
20.383825
20.13402
19.642746
19.759319
19.434578
19.734341
19.317999
19.77597
20.575338
20.575338
20.44211
20.567011
21.291433
22.565426
22.607058
22.382236
22.132437
21.782713
21.982553
21.782713
21.582872
21.799368
22.057489
21.932589
22.082476
22.015865
22.015865
21.982553
21.890961
22.373909
22.34893
23.00206
22.516399
22.047487
22.139587
22.214951
22.482906
22.499651
23.261642
23.018803
22.851341
22.675495
23.772429
23.270018
23.362123
22.909958
23.270018
22.826221
23.144413
23.864534
23.705442
23.764053
23.814293
24.048754
24.42556
24.258093
23.914774
24.383698
24.341827
24.065498
24.090624
23.7808
23.789177
23.219772
23.186283
23.186283
23.152786
23.110916
22.625256
22.658751
22.66712
22.08098
22.064232
22.591759
22.600134
22.22333
22.692244
22.466158
22.466158
22.390793
22.499651
22.616875
22.508022
22.298687
22.265196
22.332176
22.66712
22.851341
23.161165
23.194656
22.985315
23.127665
23.052309
22.985315
23.094849
23.086422
22.94319
22.993746
22.976891
22.623016
22.294407
22.353392
22.420795
22.698847
22.403946
21.889977
21.628775
21.940531
22.058493
22.454498
22.68199
22.403946
22.673563
22.505051
22.462923
22.732542
22.724125
22.909487
22.867359
22.917913
22.437645
22.471346
22.825228
22.80838
23.010593
22.378666
21.991081
22.083767
22.471346
22.656708
23.002163
23.204388
21.8647
22.083767
22.007938
21.679337
21.73831
21.569796
21.788866
21.76359
21.999508
22.210155
21.932102
22.11747
22.066916
22.134323
22.092192
21.662483
21.544519
21.443415
21.814148
21.772015
22.361811
22.614582
23.035872
22.858931
22.680946
22.875881
22.113073
21.646906
21.731661
21.782518
21.46044
21.46044
21.172268
21.426544
21.72319
22.282583
22.189352
22.121546
22.308012
21.75709
21.841848
21.76557
21.706242
20.672203
20.850191
20.078905
19.756826
18.112543
18.841459
16.832712
17.849804
17.409063
17.95998
17.637913
17.781994
16.773386
16.332653
16.247894
16.798819
17.417542
17.23955
17.578577
18.426146
18.400717
18.892313
18.358339
17.722668
17.705717
18.84993
18.315964
17.71419
18.078642
18.324436
18.646515
19.070301
19.214382
18.544806
18.80755
17.798946
17.459915
17.680285
18.697371
18.646515
18.027788
18.714321
18.078642
17.442968
17.815895
17.798946
18.544806
17.739613
18.663465
18.985542
19.463593
19.233103
19.241644
18.490414
19.54896
19.036757
19.233103
19.677008
20.214821
19.523346
19.745302
20.530676
20.411165
19.924576
19.190422
19.924576
20.359941
19.950182
20.155066
20.650192
19.489208
19.685545
20.129454
19.745302
19.967255
19.591646
19.352621
19.361158
18.831881
18.695293
17.961145
18.072121
18.635536
18.498951
19.779453
19.685545
19.975792
20.231895
20.095308
20.385553
19.685545
20.308722
19.89897
19.745302
19.805065
20.197748
20.530676
20.112383
20.948975
21.128244
21.631907
21.751417
21.648975
21.324583
21.648975
21.486788
22.075817
22.264784
22.479536
22.153124
22.677105
22.960564
22.986338
23.235439
23.390053
23.398642
23.570444
23.295563
23.61339
23.828138
23.836725
23.793776
23.226851
23.149542
23.372877
23.355698
24.008522
24.068651
25.013527
24.755831
25.357121
25.468784
25.271225
25.193913
25.468784
25.425838
25.236864
25.932638
26.052898
25.846739
25.314175
25.606226
25.32276
25.563276
25.296991
25.125195
25.099428
25.176735
24.876093
24.317753
24.687113
24.996353
25.305582
25.176735
26.113022
26.130205
26.800207
26.679951
26.954824
26.946241
26.688545
26.482384
26.619825
26.989185
26.69713
27.384315
27.032135
26.963419
26.920467
27.221109
27.11738
27.056866
26.477692
25.898523
26.434471
26.953136
26.356674
26.650585
27.022289
27.039574
26.883978
27.298908
27.350771
27.618746
28.042324
28.085546
28.206564
27.696552
27.990456
27.826212
27.696552
27.290262
27.549597
27.342129
26.996357
27.463152
27.445862
26.918554
26.572783
26.48634
26.028187
25.656481
25.941742
26.019548
26.054115
26.157856
26.304804
26.48634
26.071409
26.123274
24.506779
23.89303
24.07456
24.541355
24.671021
25.077305
24.619154
25.077305
24.913063
25.397146
25.7775
25.97632
26.166496
26.17514
25.907167
26.270231
25.587326
25.449011
25.838011
26.105988
26.667868
26.892622
27.101429
26.883917
26.927423
26.831722
26.683817
26.970926
26.77952
27.405945
27.362442
27.736551
27.501648
27.840956
27.562544
27.397238
27.519039
27.536446
27.910559
28.188963
27.588646
27.292839
27.240637
27.040529
27.536446
27.423342
27.55385
27.484245
27.57995
27.458141
27.492943
27.44944
27.736551
27.649549
27.80615
27.710453
27.545145
27.614748
26.979628
27.066631
27.136232
27.423342
27.57995
27.492943
27.440746
27.597347
27.658247
28.093264
28.589188
28.345579
28.328175
28.589188
29.250404
29.572317
29.2069
29.111198
29.241699
29.137299
28.9807
28.9807
28.858889
28.467377
28.806688
28.850189
28.676184
28.710983
29.034861
29.393744
29.446268
29.306208
29.078629
29.043613
29.061125
28.308334
28.352097
27.844402
28.247059
26.242535
26.067476
25.708586
25.218403
25.218403
25.340946
25.393465
25.340946
25.656065
25.752356
25.332191
25.603546
24.316811
24.203009
24.115477
24.246778
24.027945
23.712822
24.115477
24.54439
24.842007
24.903278
24.842007
25.218403
25.12211
24.631926
24.701952
24.693197
24.658186
24.430597
24.238026
24.386829
24.710701
24.877018
24.824497
24.912033
25.244661
25.017071
24.763227
25.516012
25.944927
25.831133
25.944927
25.778612
25.594791
25.568529
25.437229
25.253414
