Adjusted
50.389297
50.507278
49.433056
48.669296
48.340202
49.029446
48.961147
49.246773
49.358532
47.570232
46.235226
44.508995
44.55867
43.41613
44.092968
44.813248
44.813248
45.837811
45.601852
41.770645
40.364609
39.953999
40.793892
40.165531
39.773571
39.891781
39.754917
40.171741
40.296177
41.944855
41.646229
41.61512
43.344666
43.699284
42.566994
42.91539
43.767727
44.240578
43.543743
43.78017
41.863976
41.901302
41.559135
43.556206
43.394451
42.224819
41.478245
42.305702
41.204506
42.598106
42.199936
41.366257
43.50021
41.073853
40.787663
40.862328
41.720882
43.357113
42.996273
41.901302
42.616779
43.854828
44.825378
44.427193
44.893791
45.590614
45.310646
44.750713
45.26709
44.67606
45.459961
46.753994
47.836552
48.141392
50.269131
50.903713
50.468224
52.060902
50.051361
50.94104
50.82283
49.447899
50.318897
47.9198
48.088039
48.592777
49.664593
49.12867
50.661606
50.256588
50.269039
50.605537
49.826611
51.390686
53.18536
53.366066
54.232235
54.026604
53.472
53.260132
54.512661
55.665455
54.674664
55.223038
54.892769
53.135498
53.459541
55.110889
54.350632
55.808788
54.163662
54.325706
53.771107
53.341137
53.459541
54.014137
53.87706
53.764874
52.612057
55.808788
54.880306
54.469021
54.063976
54.680897
54.425404
55.191879
52.842621
52.898697
51.851807
50.748863
49.863987
50.861012
50.698994
51.415623
49.708218
49.620964
49.066357
51.010567
52.568439
53.901958
51.976444
52.013851
51.739647
51.696033
50.636692
53.665161
51.755016
52.341801
49.539021
49.626392
50.593967
50.244381
48.190655
47.897274
47.216866
49.045853
49.158234
48.540241
47.834854
49.089554
50.26936
50.643894
50.231907
49.78244
50.843655
51.130779
50.650131
49.944756
47.685047
46.299252
45.575146
45.250519
43.558861
39.907112
40.394016
40.512611
40.756073
38.03442
39.526333
40.412735
40.50013
41.992046
41.748596
40.287895
39.401493
40.225471
39.576267
36.24287
37.790966
35.212894
31.916943
30.793335
28.134111
25.531067
25.855667
23.346251
20.474787
25.999243
25.15653
21.629618
23.258854
21.87307
24.220173
24.313818
18.945421
19.700747
19.619593
18.577127
19.419838
20.580912
21.145283
21.916601
20.831745
23.289913
21.646952
20.944622
21.465099
20.938347
19.671637
18.561699
20.524471
19.401989
19.351824
20.098051
19.370634
16.918739
18.386116
20.035349
19.771971
21.891514
21.841345
17.997318
18.448826
17.821739
16.316736
17.03788
18.404924
18.304594
19.370634
18.862698
19.107256
19.489782
19.765699
19.458424
17.715132
18.806261
18.693382
18.348488
18.373571
18.574244
19.552494
20.035349
20.11059
21.527807
22.430813
23.879379
22.524858
23.277372
21.565432
20.411598
21.251884
19.878576
20.355158
19.991449
18.298319
19.903656
19.188786
20.185843
20.386511
20.549555
22.267763
21.713594
20.983084
20.624134
20.957895
21.650621
22.425211
22.947897
22.626722
21.745083
21.581356
20.926413
20.945309
19.295372
19.648029
19.862143
18.986799
17.828068
19.119047
18.344458
18.62154
18.457811
16.877151
17.040886
17.9981
17.021997
16.738611
17.110157
18.426325
18.079966
18.77898
18.470404
18.961611
19.389832
20.013281
20.945309
19.540977
21.600241
21.077545
20.61154
20.643026
19.717302
18.634142
17.979208
18.09256
18.848255
19.83695
19.12534
18.401134
18.734901
19.503189
19.364645
19.383537
19.717302
20.76268
20.932707
19.578758
20.605242
21.109034
21.146826
22.330744
21.719893
21.373528
23.269062
22.497637
23.338614
24.268114
24.185913
24.887777
24.103714
24.786606
23.781229
23.838144
23.028788
22.73159
22.333246
23.521986
23.32597
23.528301
22.421762
22.674686
23.319651
22.965555
23.736977
24.698084
25.88051
25.709785
24.622211
25.336714
24.74235
24.451483
25.064829
25.703459
26.765745
26.380032
25.507452
25.033213
24.122683
23.977243
23.831816
22.598806
23.016136
22.737915
23.117304
23.319651
23.256413
23.041424
23.047749
21.953865
21.859003
21.125528
21.821068
22.00444
21.833714
22.238396
22.801149
23.67374
24.065775
24.375607
24.932037
24.988947
24.660137
25.836245
26.215631
26.019617
25.336714
24.615887
25.396635
25.707664
26.83119
26.640759
24.552408
24.15251
23.720875
23.619312
23.327333
23.365414
24.057293
23.46697
22.521177
23.238459
23.549492
23.873222
24.571453
24.869791
24.311203
24.336592
24.177891
24.177891
21.867382
22.489445
22.222853
22.6164
22.61005
22.927429
22.698915
23.067072
23.854172
24.311203
24.603174
25.307764
25.885397
27.935659
27.358027
27.89123
27.523069
26.812143
26.894669
27.484985
27.313601
27.078745
26.437628
25.809223
26.50746
27.091444
27.719839
28.551376
28.487913
28.792589
28.583115
29.332127
30.258869
29.852629
30.049414
29.503513
29.566996
29.770107
28.792589
28.068968
27.980095
26.73597
28.188398
26.799677
26.888855
27.666037
26.047983
26.831522
26.232723
27.430326
27.073599
27.532259
26.391985
26.404713
27.6087
27.430326
26.888855
26.232723
25.793179
26.098948
26.118057
26.49391
25.71036
25.952435
26.156282
25.786795
25.066963
24.901337
24.793039
24.232466
24.41083
24.818518
25.035107
25.385475
25.977913
26.079836
26.169029
25.805914
26.028877
25.856871
26.009768
26.130798
26.188131
25.939695
26.035244
25.786795
26.270947
27.812546
29.201267
29.411486
30.003912
29.685402
29.118454
29.653549
30.27784
30.118582
30.609089
30.029398
29.704514
28.201138
28.404985
29.870142
30.322433
29.696173
28.935715
30.245739
30.201014
30.239351
28.897381
28.584238
28.469208
29.108248
28.922934
29.830368
29.715338
30.635553
30.705856
31.08927
31.223482
30.756966
30.07321
30.616383
30.603601
30.622776
30.872
31.459913
31.951984
31.900858
32.520725
32.169247
31.913637
31.939199
31.939199
31.977549
31.868898
32.616585
33.140594
31.549381
30.373554
30.347994
30.11154
29.74729
28.673706
28.673706
29.172148
29.363871
29.932611
30.884787
31.747484
31.900858
31.312935
31.146793
31.210693
31.204306
30.808094
31.485479
31.364069
30.360775
30.437454
32.137291
32.520725
33.102242
34.623169
34.43145
32.552673
32.744385
32.859413
31.798603
32.412083
30.635553
30.239351
29.380316
28.36742
30.22653
29.938051
30.39962
29.982929
29.085424
29.059778
28.527691
28.034061
26.098026
26.816031
25.892889
26.046741
26.053158
26.341631
24.45047
22.995245
25.405674
25.245401
24.662031
24.405596
24.476116
24.585094
27.194258
27.316072
26.886539
27.944309
28.194332
28.117405
28.636671
28.26486
27.021173
27.258366
26.610886
27.405815
26.925013
26.181374
26.649353
26.751923
27.117336
28.162279
28.937983
29.611103
29.655977
29.495718
29.931635
30.098316
30.232939
29.489294
30.579123
31.521498
30.938114
31.675348
31.457384
31.854851
31.341995
31.335588
31.110518
31.039789
32.300148
28.075348
27.541618
27.316545
26.83427
26.898581
26.397001
25.843981
25.68322
25.586761
25.676792
26.364851
26.165504
25.561041
25.08519
25.08519
24.94371
25.040174
24.172066
24.898699
24.525728
24.16563
25.400274
25.535313
25.393841
24.988726
25.348835
25.098045
25.329538
26.00474
25.805399
25.715372
25.63821
25.644636
26.101196
25.888992
25.715372
25.316687
26.403427
26.126923
26.287687
27.07863
27.393717
27.991753
27.535191
28.210379
28.499758
28.139652
28.654089
28.602648
28.763401
29.104227
28.84057
29.335709
29.014196
28.429016
29.059206
29.001329
29.946608
29.953043
30.171677
29.888733
29.66939
29.946793
31.204796
31.791857
31.80476
32.733742
32.217628
32.462791
31.940239
32.436985
32.301514
31.301559
30.908037
30.572567
30.882227
32.185379
32.359566
32.236992
31.862818
32.707939
32.133774
32.759544
33.649826
34.720726
35.152966
35.520687
35.746479
34.307858
34.469135
34.804611
34.785248
35.51424
35.591656
35.346508
35.77874
36.288391
36.06905
36.591606
36.617409
36.598057
36.256134
36.101303
36.675468
36.656109
36.881908
36.959332
36.06905
36.120655
35.372311
36.514187
36.140015
37.262531
37.907661
37.714123
38.436668
38.256031
37.89476
37.74638
38.043137
37.739922
40.204315
42.571938
43.010616
43.410595
44.197647
44.223461
44.139591
44.307686
43.842182
44.268887
43.796925
43.105122
43.428398
43.402534
43.835724
43.31847
45.031822
46.027485
45.79475
44.533985
45.600784
44.572773
46.227917
45.936989
44.747334
44.488735
45.393883
45.083538
44.908981
44.585701
44.178375
43.156837
44.605099
45.031822
45.529644
43.596489
44.947754
44.288292
45.652504
45.652504
46.053356
46.111553
45.956387
47.689125
47.947731
47.779625
47.475761
46.816277
46.952049
47.197735
46.04689
46.04689
46.27317
44.812004
43.674072
44.165447
44.812004
45.568447
45.717163
47.21067
47.844276
48.154636
47.676186
47.883064
49.964962
50.430462
50.048992
48.038258
47.178341
46.693455
45.183865
44.87933
46.421333
46.810059
45.073708
45.611454
44.87933
44.555386
44.613712
45.883564
45.7216
45.430061
44.497097
45.540192
47.801323
48.267818
47.594006
47.898514
46.628647
47.6847
48.319637
46.797115
47.023865
47.095131
48.397385
46.70639
45.974274
46.86837
45.598507
45.248646
44.931175
44.892296
45.766956
45.812305
45.514282
43.583569
44.147232
45.831753
46.298225
47.01091
47.250622
47.872616
47.956814
48.837952
48.637108
47.244125
46.926682
48.481609
47.6847
48.909203
49.887527
50.963036
50.898251
51.507259
51.766415
51.792339
51.669231
50.613178
50.645565
50.133732
48.870346
47.587505
46.628647
43.10326
41.902161
37.383427
39.467503
38.039169
39.454514
40.097267
41.921635
40.506279
41.37627
37.837891
35.591515
34.507278
36.247253
36.377094
35.227943
36.740669
38.16901
38.642952
39.675251
38.844219
37.831402
37.370441
39.207794
38.37677
36.870525
37.461334
37.50029
37.656109
38.701385
38.402737
37.480804
37.571705
35.273388
33.143867
32.208958
33.033493
33.455505
31.657099
31.546726
29.962574
28.871847
29.365273
31.689564
32.169998
32.020679
33.825573
34.559216
34.721519
34.656601
36.79261
34.69556
36.175835
35.253906
34.96175
35.377262
36.688728
35.974567
36.669254
39.454514
39.532417
37.649616
34.760487
35.792778
37.010174
36.55447
36.977623
38.657242
36.307076
37.264069
37.889046
37.290112
36.879971
37.64817
36.23547
35.187336
34.093628
33.39053
31.886694
31.815083
33.377514
33.214764
35.551903
35.968552
34.907394
35.610497
34.373562
33.019459
31.899712
32.804623
31.639307
31.170576
29.920624
29.178473
29.901098
29.25008
31.268229
31.743467
32.44006
32.479115
32.18615
31.209639
31.359365
31.665344
33.214764
33.546776
33.084557
33.371002
33.579334
33.820206
32.687435
31.437492
31.261723
31.053394
31.613266
31.749985
32.081997
31.072931
30.884125
31.352861
31.313799
32.101528
32.173134
31.984341
32.277294
33.073952
33.302486
34.014252
33.322083
32.590736
32.022629
31.09539
31.278223
31.343523
30.964788
31.670019
32.688686
33.459217
34.190559
34.216679
33.929363
33.021702
33.302486
32.832336
33.145771
32.016102
31.382704
30.801538
31.049673
31.833271
31.859385
31.0758
31.735317
31.278223
31.0758
31.963865
31.911623
31.225986
29.410673
28.222229
28.5422
28.1504
27.392941
26.655052
26.635468
27.386404
27.725952
27.255808
26.988079
26.772594
26.498333
26.302439
26.433035
27.275402
26.805239
26.641994
27.118675
26.975025
26.785658
26.419977
26.818302
28.104694
28.326712
28.24835
28.019806
28.803391
29.227839
28.999294
28.068903
26.981266
27.374384
27.118858
27.092648
27.302311
27.335083
27.243343
26.837118
26.725729
26.719175
26.489859
27.511982
27.164726
27.335083
27.027128
27.217134
28.389948
27.891994
27.341627
26.692974
26.758501
26.915743
26.634007
26.286749
25.716719
25.30394
25.729824
25.349808
25.906731
26.457102
25.952593
26.850225
26.784702
25.58568
25.64465
24.982889
25.068068
25.808449
26.181913
26.928846
26.804354
27.590601
26.673315
26.391575
26.221226
25.716719
25.854313
25.454639
25.749477
25.867426
26.810913
27.413702
27.354736
29.87071
30.290045
29.575871
29.497242
30.453842
31.023869
31.023869
30.349007
30.787991
30.327885
30.880014
31.004904
31.688498
31.234959
31.833103
32.003998
31.543896
31.09693
31.024624
31.1035
31.1035
31.425575
31.254673
31.35327
31.123219
31.228386
31.018051
30.827433
30.110981
29.578556
29.972937
29.355076
29.223618
29.769176
30.722269
30.663101
31.077206
31.56361
32.181477
32.891361
32.930794
32.142029
31.622763
31.19552
30.834007
30.820856
30.446196
29.821758
30.11755
29.729733
29.611425
29.63772
28.57946
28.908113
28.58604
28.954124
29.493105
29.026423
29.348507
29.427382
29.545696
29.959801
30.709122
30.958889
29.41423
28.934401
28.296818
28.073341
28.540026
28.540026
27.586941
28.068489
27.435211
27.725466
28.147642
27.257103
26.834929
26.85471
26.85471
26.551279
26.148882
26.3006
26.538076
27.455
27.184547
27.26371
27.593536
27.435211
27.455
27.949743
28.332352
28.464281
28.180632
27.870584
27.705667
27.692482
27.877182
27.969543
28.29277
28.312561
27.824417
27.105389
26.808537
27.659502
27.125175
27.177948
26.821728
26.597445
26.478712
26.432539
26.340183
