Adjusted
55.869999
56.299999
55.220001
59.220001
55.970001
58.400002
59.18
59.02
59.98
59.310001
59.990002
61.049999
59.91
56.709999
59.23
58.130001
58.919998
58.130001
61.049999
60
60.950001
61.759998
63.290001
60.52
60.52
61.580002
61.5
60.939999
60.560001
63.240002
62.869999
62.200001
60.669998
61.240002
60.209999
60.34
61.299999
61.529999
60.130001
60.580002
58.360001
58.84
59.139999
59.689999
56.630001
56.200001
54.740002
57.68
59.380001
60.450001
60.330002
58.700001
59.970001
58.400002
59
61.459999
61.189999
62.990002
62.459999
60.73
61.689999
64.010002
62.91
62.939999
64.010002
63.790001
65.120003
64.690002
66.43
64.220001
63.720001
64.93
65.889999
65.82
65
64.900002
64.620003
64.510002
63.669998
65.120003
64.669998
61.330002
60.689999
62.330002
62.310001
63.009998
63.139999
62.02
62.700001
62.07
63.049999
62.32
62.349998
62.900002
63.5
62.75
63.060001
61.619999
62.080002
61.02
62.060001
63.130001
63.73
62.75
61.41
61.709999
62.25
64.57
62.419998
61.279999
60.439999
58.900002
58.580002
59.900002
59.580002
58.349998
58.5
59.169998
58.009998
56.529999
57.84
58.119999
56.34
57.040001
55.889999
59.34
58.360001
58.200001
58.869999
62.939999
61.029999
60.939999
62.200001
61.02
63.48
63.580002
63
64.650002
66.849998
71.279999
71.379997
71.279999
69.5
69.489998
70.5
71.269997
69.760002
50.009998
49.740002
50.509998
50.220001
49.880001
49.900002
50.759998
52.209999
52.470001
53.73
54.650002
54.43
54.299999
54.099998
53.16
52.380001
53.48
52.09
51.09
51.330002
50.93
50.34
50.169998
48.16
48.59
47.5
46.720001
47.299999
48.470001
48.700001
46.59
48.48
45.369999
47.139999
49.98
48.099998
47.130001
46.720001
48.830002
49.77
48.889999
50.290001
49.59
49.68
50.5
49.389999
46.5
46.310001
44.759998
42.779999
47.130001
45.189999
42.459999
43.98
45.450001
47.490002
43.990002
40.720001
41.389999
41.419998
40.25
42.349998
41.939999
40.299999
42.549999
46.310001
47.16
44.84
44.599998
46.349998
46.720001
46.799999
44.259998
46.700001
43.52
43.130001
43.799999
41.060001
39.77
39.639999
40.639999
40.720001
42
42.310001
39.02
41.43
42.119999
41.700001
44.25
48.169998
46.599998
48.049999
47.150002
47
46.18
49.119999
47.650002
48.009998
46.75
47.259998
47.049999
47.200001
47.310001
46.540001
47.68
47.630001
48.490002
47.439999
46.470001
46.810001
47.950001
48.25
48.450001
49.630001
48.09
49.290001
51.049999
49.549999
52.169998
50.880001
47.419998
48.509998
49.27
49.810001
49.279999
48.650002
50.110001
52.459999
52.75
53.279999
52.48
52.16
50.869999
51.040001
52.610001
52.419998
51.110001
50.860001
50.759998
50.779999
49.380001
49.650002
50.549999
47.689999
46.040001
44
44.610001
46.200001
43.639999
44.23
43.830002
45.66
46.09
48.880001
48.5
47.580002
49.630001
50.060001
50.619999
49.970001
51.5
50.849998
51.52
52.66
52.279999
52.540001
52.419998
51.880001
52.200001
50.32
49.630001
52.09
53.639999
52.959999
52.52
51.490002
51.18
51.490002
50.09
48.349998
47.549999
47.049999
45.98
46.080002
46.130001
47.330002
47.419998
48.34
46.259998
46.610001
46.43
46.709999
47.200001
48.599998
49.139999
49.200001
48.52
49
49.07
50.700001
50.830002
51.639999
50.73
50.389999
51.240002
50.98
51.099998
51.790001
50.900002
52.32
53.43
53.150002
52.119999
51.830002
52.380001
51.619999
51.459999
51.380001
50.189999
50.889999
51.82
51.990002
51.669998
49.099998
48.73
49.23
49.990002
50.07
47.32
45.150002
46.77
45
45.220001
44.490002
44.860001
45.43
44.75
46.16
45.939999
46.669998
47.099998
46.07
46.919998
47.759998
46.860001
48.59
48.98
49.209999
49.02
48.119999
47.360001
47.549999
48.360001
48.610001
47.619999
46.650002
47.279999
47.93
47.810001
49
48.919998
48.779999
48.25
48.349998
49.029999
49.57
49.970001
49.529999
49.709999
49.919998
50.049999
49.93
50.200001
49.240002
49.189999
49.91
51.009998
51.18
51.040001
50.330002
50.84
50.830002
51.41
51.549999
50.450001
50
50.889999
50.529999
50.23
50.23
50.110001
50.57
51.41
50.52
49.34
48.889999
48.540001
49.02
49.169998
48.599998
49.009998
48.689999
48.799999
50.040001
49.790001
49.200001
49.389999
48.060001
46.43
47.23
43.810001
44.130001
44.549999
43.529999
43.080002
42.130001
42.59
43.25
42.799999
44.389999
45.759998
45.41
45.509998
46.43
46.5
46.720001
46.529999
46.049999
46.16
45.849998
46.380001
46.790001
47.380001
47.450001
46.919998
46.939999
47.84
47.740002
47.380001
48.18
48.299999
48.060001
48.169998
48.259998
48.650002
48.869999
49.43
50.25
49.450001
50.07
51.09
52.32
52.16
52.240002
53.27
53.400002
53.700001
53.5
53.639999
53.380001
53.43
52.990002
54.080002
53.900002
53.25
54.080002
54.360001
54.18
55.23
54.720001
53.209999
53.060001
52.669998
53
53.580002
53.27
53.740002
53.91
54.939999
54.599998
53.099998
53.529999
52.84
54.09
54.389999
55.689999
55.209999
55.119999
56.23
55.98
56.610001
55.669998
55.25
55.290001
54.889999
55.009998
56.779999
57.310001
56.790001
56.66
57.209999
57.669998
57.84
58.709999
58.779999
58.759998
58.900002
59.73
59.360001
59.200001
59.630001
59.82
59.84
58.849998
58.27
58.150002
58.419998
57.709999
57.389999
57.52
57.529999
57.5
57.27
56.43
56.52
56
55.07
54.959999
54.41
53.639999
54.790001
53.91
52.720001
52.029999
52.59
52.25
52.099998
52.119999
53.310001
53.290001
53.599998
52.299999
52.700001
50.700001
50.389999
51.130001
51.380001
52.040001
51.400002
50.130001
50.57
50.700001
50.459999
49.25
48.98
48.27
48.349998
47.360001
48.279999
47.43
47.220001
48.349998
49.25
47.84
47.639999
46.849998
47.080002
48.139999
46.220001
46.790001
48.119999
48.349998
49.009998
49.860001
49.490002
49.540001
49.689999
49.380001
49.57
49.57
48.700001
47.450001
46.73
49.419998
48.380001
49.84
50.849998
51.709999
51.66
52.68
52.970001
53.43
51.860001
53.18
54.02
54.970001
56.169998
53.470001
57.889999
57.75
55.919998
56.529999
55.880001
57.189999
57.34
57.389999
57.16
57.66
57.580002
57.860001
55.799999
56.610001
55.939999
55.849998
56.91
56.52
55.060001
55.380001
54.91
53.84
55.369999
53.91
54.599998
53.919998
53.799999
55.310001
55.25
56.240002
56.139999
57.150002
57.009998
57.68
57.810001
57.91
58.419998
57.669998
57.919998
57.799999
58.23
54.860001
55.240002
56.419998
54.790001
55.419998
55.360001
56.119999
56.529999
56.66
57.529999
56.630001
57.240002
57.59
57.060001
56.93
57.189999
56.98
57.66
58.529999
58.27
58.66
58.310001
58.75
59.900002
59.990002
62.48
63.849998
62.709999
62.549999
63
63
62.5
62.779999
63.029999
63.389999
64.949997
64.730003
64.5
65.459999
64.330002
64.519997
64.779999
64.910004
64.860001
63.82
65.330002
65.330002
64.720001
63.970001
65.370003
67.080002
67
66.709999
67.110001
67.360001
66.370003
66.300003
65.889999
65.739998
66.059998
67.919998
68.139999
67.980003
68.220001
67.699997
67.220001
66.919998
66.639999
66.639999
66.800003
67.050003
67.199997
66.400002
66.68
67.260002
67.379997
66.900002
68.300003
67.400002
67.519997
66.57
67.010002
66.239998
68.779999
66.769997
67.139999
66.839996
67.5
67.089996
65.080002
65.470001
65.489998
66.150002
65.580002
65.93
65.25
66.150002
66
66.220001
65.830002
67.269997
67.089996
67.360001
67.650002
67.639999
67.089996
66.760002
67.260002
67.779999
68.400002
70.18
70
71.419998
71.150002
71.239998
71.599998
71.739998
70.599998
71
70.650002
69.559998
68.699997
69.25
69.529999
69.610001
69.760002
70.07
71.269997
71.199997
70.540001
71.099998
71.900002
73.470001
72.959999
73.269997
73.25
73.599998
73.029999
73.290001
78.550003
78.190002
80.959999
82.190002
82.959999
82.610001
83.989998
86.57
99.699997
100.279999
101.800003
99.489998
98.970001
97.650002
98.669998
97.989998
96.480003
95.470001
96.120003
98.099998
97.339996
96.589996
98.239998
96.610001
96.139999
97.57
97.760002
96.720001
97.110001
95.309998
94.849998
93.669998
93.279999
93.209999
94.730003
93.18
95.169998
94.400002
93.160004
93.300003
92.800003
93.720001
91.209999
91.779999
94.879997
93.760002
93.529999
94.75
98.599998
98.650002
99.470001
100.669998
103.419998
104.650002
108.389999
108.980003
106.919998
108.5
107.910004
107.889999
106.519997
107.389999
105.43
104.050003
105.309998
103.190002
104
103.75
107.209999
104.370003
105.620003
105.559998
103.989998
105
101.809998
102.150002
101.870003
102.900002
99.669998
98.779999
92.550003
93.18
88
89.43
85.029999
88.410004
90.980003
91.669998
91.099998
90.029999
88.459999
90.050003
89.410004
91.239998
92.050003
90.669998
92.290001
93.889999
93.599998
94.199997
93.610001
91.580002
91.910004
93
91.550003
90.239998
91.989998
94.519997
97.839996
99.400002
100.889999
99.480003
100.260002
96.959999
94.540001
93.900002
95.730003
96.669998
95.040001
94.459999
93.150002
88.959999
91.660004
98.709999
99.410004
100.010002
100.68
98.919998
98.760002
101.32
103.080002
101.43
102.639999
102.080002
101.669998
108.839996
109.519997
106.870003
116.919998
117.739998
118.720001
116.360001
113.959999
113.43
114.050003
113.489998
114.010002
113.919998
111.239998
112.080002
113.379997
113.940002
113.07
110.290001
109.629997
107.650002
107.889999
113.5
109.93
109.199997
111.050003
110.410004
114.949997
116.480003
113.239998
111.790001
112.139999
111.760002
109.709999
112.949997
110.389999
110.089996
109.629997
109.730003
110.290001
109.989998
110.730003
111.489998
110.690002
110.790001
111.32
110.199997
110.639999
110.050003
113.5
113.720001
115.260002
115.5
114.870003
114.879997
115.709999
116.300003
116.029999
116.900002
117.150002
116.779999
118.139999
116.309998
117.029999
118.349998
117.849998
118.559998
116.580002
117.949997
121.260002
121.260002
121.879997
122.089996
121.559998
119.599998
117.779999
118.139999
120
119.699997
118.489998
119.169998
116.449997
115.669998
116.510002
116.699997
116.389999
116.400002
116.68
116.470001
118.709999
118.889999
118.419998
117.029999
117
120.419998
120.610001
120.529999
122.18
120.730003
121.050003
120.040001
119.970001
119.279999
119.940002
120.709999
120.959999
125.800003
126.230003
125.690002
126.480003
126
127.629997
128.800003
127.82
128.619995
126.610001
125.019997
125.029999
125.5
125.339996
125.779999
128.419998
126.540001
125.949997
127.230003
125.849998
127.739998
129.289993
130.800003
133.160004
134.009995
131.830002
135.160004
134.259995
130.970001
132.509995
132.929993
132.509995
134.309998
136.710007
136.869995
137.039993
136.800003
132.880005
131.580002
132.259995
132.330002
131.5
131.649994
131.559998
131.539993
130.839996
130.75
126.730003
130.789993
132.429993
134.110001
133.339996
133.520004
132.259995
134.149994
134.220001
138.660004
140.009995
141.960007
143.089996
142.850006
139.199997
141.740005
142.029999
141.970001
143.160004
140.110001
144.380005
145.610001
145.630005
144.119995
142.460007
143.160004
143.75
142
142.630005
144.610001
145.220001
145.910004
144.960007
143.740005
142.210007
139.229996
139.479996
143.449997
147.75
149.470001
147.279999
145.830002
144.279999
143.800003
145.059998
145.460007
146.179993
145.050003
143.089996
145.509995
144.539993
145.5
146.869995
146.839996
145.089996
144.690002
143.970001
144.919998
145.149994
147.029999
147.389999
146.429993
145.889999
145.949997
146.589996
147.070007
146.669998
152.190002
152.5
151.600006
151.949997
152.259995
152.5
154.240005
154.410004
155.800003
155.039993
156.059998
154.570007
154.399994
152.830002
151.619995
150.710007
149.210007
149.940002
149.929993
152.940002
152.570007
152.529999
151.220001
149.380005
147.289993
147.100006
147.199997
149.410004
153.25
153.779999
149.559998
145.649994
145.300003
142.059998
142.059998
144.429993
142.929993
138.210007
139.029999
138.410004
139.600006
140.300003
138.350006
135.610001
138.050003
139.479996
138.020004
136.300003
137.929993
141.240005
143.529999
148.149994
147.360001
149.869995
149.110001
147.880005
149.460007
150.300003
149.089996
150.550003
151.860001
150.550003
151.729996
151.289993
153.139999
154.220001
152.350006
151.559998
151.25
152.649994
153.419998
151.309998
151.210007
149.910004
149.070007
148.429993
147.759995
146.050003
