Adjusted
10.252178
10.120741
10.058479
9.927041
9.737953
9.825582
10.0654
10.116132
10.335191
10.180694
10.134574
9.684916
9.691834
9.694142
9.933959
9.731038
9.583457
9.933959
10.136879
10.362862
10.565787
10.697222
10.406674
10.155329
10.199145
10.236037
10.231428
10.319049
10.385921
10.473547
10.429735
10.406674
10.436651
10.531193
10.503523
10.556562
10.727198
10.644186
10.63727
10.567939
10.191257
10.383064
10.089574
10.269825
10.188945
10.10113
9.833062
10.244407
10.108061
10.218988
9.994827
9.85386
10.054911
9.807638
10.175081
10.44546
10.722773
10.600293
10.431595
10.431595
10.616472
10.960798
11.097147
11.06017
11.173408
10.903027
10.903027
10.720461
10.78979
10.639578
10.674242
10.937689
11.233493
11.702613
11.959128
11.832026
11.561642
11.580132
12.372787
12.518373
12.506821
12.351989
12.42825
12.523
12.462914
12.564594
12.409761
12.321947
12.590014
12.430558
12.610816
12.594637
12.640854
12.904304
12.853459
12.541488
12.488334
12.250306
12.331192
12.245687
12.271106
12.398208
12.43525
12.571853
12.678352
12.402837
12.296337
12.488503
12.057868
11.923579
11.664268
11.54156
11.712889
12.175943
12.050918
12.027766
12.023135
12.148161
11.974519
11.865698
11.354025
11.497572
11.136389
11.039151
11.053041
10.807623
10.640925
10.84235
10.844671
11.015997
10.775212
10.798363
10.633981
10.495064
10.256592
10.615458
11.668902
11.698997
11.661954
11.675844
11.560085
10.525164
10.460334
10.205657
10.346886
10.629352
10.321419
10.339944
10.339944
10.534423
10.469596
10.309843
10.402456
10.587676
10.309843
10.201028
10.346886
10.518218
10.284374
10.198711
10.293638
10.451077
10.529796
10.330681
10.346886
10.434866
10.664587
10.655305
10.629785
10.525365
10.072886
10.212109
10.216748
9.738748
9.959185
10.279404
10.476636
10.235313
10.281719
9.669133
9.785157
9.817639
9.573997
9.543831
9.576318
9.703941
9.919738
9.281627
9.163284
8.977654
8.585505
8.3117
8.014686
7.641098
7.515796
7.135249
7.232706
8.061092
7.949714
7.170055
7.453145
7.485631
7.782645
7.518117
7.135249
7.091163
6.891608
6.527303
7.19094
7.165415
7.880101
7.935793
8.181753
8.569263
8.520532
8.005402
8.035568
8.003081
7.784964
7.429943
7.979877
7.603973
7.592371
7.622535
7.100443
6.708294
7.002988
7.534359
7.842973
8.264212
8.482981
7.803411
8.078031
8.236287
7.866249
8.131558
8.778544
8.555123
8.955419
8.985675
9.323133
9.148587
9.546554
9.718772
9.651277
9.614044
9.241676
9.13462
9.218404
9.409245
9.332439
9.523277
9.679208
9.958485
9.932883
9.942188
9.628007
9.814194
9.539571
9.465098
9.383639
8.99033
9.074111
9.132295
8.594689
9.018253
8.97171
8.976366
8.99731
9.125314
9.327787
9.351061
8.922837
9.046182
9.064801
9.262623
9.360372
9.595426
9.730409
9.425535
9.451133
9.72808
9.716443
9.346405
9.250987
9.241676
9.318477
8.899564
9.29986
9.292877
9.31621
9.400201
9.068898
8.80992
8.928911
8.889245
8.688594
8.606936
8.861248
8.949906
9.166889
9.28821
9.253216
9.507525
9.785171
9.691841
9.656846
10.121139
10.08848
10.214462
10.326457
10.118806
10.100143
10.125809
10.230798
10.33812
10.307789
10.097806
9.845831
9.899492
10.086143
9.941491
9.838832
9.908824
10.039481
10.067477
9.8085
9.934489
9.962488
9.607851
9.407202
9.113226
8.851917
9.059565
8.800583
8.865913
8.952239
9.108558
9.194885
8.96857
9.054897
9.026899
9.241549
8.975573
9.101558
9.148224
9.283545
9.311542
9.199553
9.038566
9.073563
9.341874
9.073563
9.103971
9.309814
9.838465
10.198691
10.070041
10.271209
10.20805
10.339044
10.388164
10.224422
10.245477
10.058344
9.85016
9.674722
9.70981
9.801038
9.803375
9.499287
9.503965
9.637298
9.864195
10.032616
10.584652
10.563604
11.192832
11.010377
10.982308
10.802194
10.802194
10.612724
10.657169
10.743716
10.739034
11.03845
11.139032
10.984649
11.050146
10.994007
11.129678
11.267686
11.583467
11.604521
11.496925
11.440783
11.422069
11.312128
11.499259
11.443121
11.344877
11.139032
11.052488
11.181137
11.433766
11.6092
12.044284
11.83142
11.737853
11.714464
11.714464
11.700427
11.714464
11.546045
11.6092
11.606863
11.59283
11.428754
11.358439
11.257654
11.332658
11.236558
11.344377
11.541264
11.639705
11.67252
11.485009
11.728772
11.958472
12.18583
11.829559
11.937379
12.003007
11.867061
11.571733
11.485009
11.470946
11.768616
11.688924
11.531884
11.496723
11.452195
11.745178
11.681895
11.857687
11.988938
12.085043
12.204578
12.113169
12.249112
12.23505
12.02879
12.117858
12.056914
11.876436
11.977224
11.756903
11.681895
11.684237
11.351406
11.820182
11.562356
11.475633
11.543608
11.426413
11.548293
11.602201
11.920969
11.822527
11.813152
11.705333
11.747523
11.930349
12.02879
11.965505
11.836591
11.810807
11.8905
11.80612
11.895185
11.707305
11.603972
11.653292
11.524124
11.352681
11.554655
11.758974
12.198147
12.068975
12.083066
12.092462
12.245116
12.195794
12.252161
12.047841
12.038446
12.11125
12.162918
12.158221
12.216932
12.240418
12.24981
12.240418
12.141781
12.327314
12.188754
12.212235
12.184055
12.228676
12.165266
12.14648
12.195794
12.139432
12.073674
12.200493
12.078369
12.010263
11.942159
11.944508
11.874053
11.848216
11.869356
11.928067
11.956249
12.261555
12.104204
11.740187
11.871701
11.801248
11.876399
11.763672
11.989131
12.068975
12.221631
12.247464
12.421253
12.360195
12.371936
12.285039
12.451785
12.501196
12.715316
12.847077
12.750606
12.844726
12.811783
12.917666
12.802375
12.715316
12.736489
12.816489
12.811783
12.764724
12.818843
12.896491
12.778844
12.75296
12.741195
12.828256
12.705902
12.512959
12.705902
12.717669
12.576488
12.560019
12.767078
12.804724
12.734138
12.67296
12.701197
12.79296
12.687076
12.609428
12.75296
12.821196
12.781196
12.720019
12.788253
12.75296
12.884725
13.028254
12.997668
12.847077
12.887079
12.663547
12.52002
12.482369
12.282371
12.280021
11.931783
11.644727
12.122371
12.122371
12.261196
12.164724
11.978843
12.131783
12.028253
11.931783
11.520016
11.771784
11.491782
11.442369
11.352957
11.73021
11.612317
11.423693
11.86461
12.142833
12.060308
11.838671
11.888186
11.869323
12.194702
12.343246
12.293735
12.600252
12.836033
13.048241
13.001082
13.102468
12.939777
12.876117
12.635619
12.69692
12.593178
12.449349
12.456423
12.305521
12.21121
12.390402
12.626187
12.694565
12.805384
12.703994
13.055312
13.05767
13.069459
12.720502
12.803025
13.024663
12.956282
13.168489
13.486796
13.658916
13.62355
13.460858
13.451427
13.732011
13.901774
13.866404
13.835755
13.892342
13.783881
13.861691
13.861691
13.486796
13.541024
13.47972
13.350042
13.604686
13.746159
13.522161
13.472649
13.491511
13.262801
13.284024
13.085963
13.319387
13.106811
13.246167
13.642984
13.865014
13.954771
13.820138
13.867377
13.907529
14.030354
14.09413
14.129557
14.105942
14.10358
14.164989
14.176799
14.113027
14.03272
13.909894
14.221678
14.03508
14.113027
13.905169
13.900444
14.027993
13.933514
14.290175
14.22404
14.172075
14.200419
14.318521
14.3634
14.63739
14.583067
14.686994
14.734234
14.538186
14.677545
14.677545
14.498033
14.526377
14.54291
14.361036
14.597238
15.201914
14.918472
15.185379
15.225537
15.525509
15.603452
15.482992
15.466459
15.516062
15.530233
15.324736
15.421583
15.232617
15.211364
15.457012
15.459371
15.518423
15.194828
15.471181
15.322376
15.270332
15.584961
16.072292
16.337246
16.287561
16.079388
16.081755
15.927986
16.029703
16.081755
16.147993
16.332512
16.176374
16.268642
16.204765
16.181108
16.391657
16.476814
16.37273
16.386925
16.436605
16.396385
16.323044
16.098314
16.297026
16.476814
16.599827
16.713383
16.578543
16.271004
16.398754
16.569078
16.732309
16.514666
16.781986
16.474455
16.370359
16.450796
16.614031
16.571445
16.954679
17.117914
16.777258
16.826933
17.151026
17.318993
17.494053
17.43964
17.380501
17.399431
17.45857
17.536633
17.517706
17.477491
17.442009
17.425447
17.45857
17.50588
16.947582
16.980696
17.032751
17.096682
17.096682
16.869354
16.959341
17.177193
16.968815
16.897778
17.162989
17.001965
16.537842
16.570997
16.409973
16.187386
16.016895
15.997948
16.239481
16.608887
16.499956
16.670448
16.71781
16.817261
16.623083
16.755699
16.907249
16.978283
16.940401
17.04459
17.129837
17.357159
17.271917
17.054058
17.181927
17.063528
17.167723
17.257702
17.423466
17.328747
17.470818
17.418722
17.551331
17.409248
17.646046
17.527649
17.731295
17.669731
17.745508
17.854433
17.854433
17.887583
18.010714
18.119638
18.337496
18.290136
18.484306
18.214365
18.238043
18.209625
18.593233
18.669012
18.48904
18.30434
18.214365
18.242773
18.37538
18.541441
18.745451
18.37538
18.323191
18.057503
18.024288
18.384871
18.085964
18.342163
18.076481
18.010057
18.1856
17.810785
17.787069
17.943632
17.915167
18.085964
18.029034
17.938894
17.787069
17.934141
18.062241
18.06699
18.247276
18.569906
18.641075
18.811878
19.011145
19.148733
18.93997
18.740704
18.864061
18.636324
18.712236
18.142902
18.323191
18.351658
18.626835
18.650564
18.754938
18.778664
18.636324
18.304214
18.408598
18.104946
17.341084
17.326851
16.700583
16.814449
15.523948
17.075396
16.131243
16.866638
17.04693
17.212978
16.985249
16.947289
16.335255
16.131243
16.017374
16.558243
16.672112
16.425398
16.610435
16.91408
17.013912
17.075706
16.96637
16.647863
16.567051
16.809498
16.552794
16.177237
16.034624
16.110683
16.2533
16.272314
16.310349
16.025118
15.930036
15.578259
14.860432
14.713064
14.950758
15.288277
14.869941
15.026814
14.746342
14.366035
14.974522
15.064846
15.459413
15.426135
15.849227
15.934796
15.977579
15.906274
16.143959
15.906274
16.291332
16.205763
16.41493
16.552794
16.685898
16.357882
16.510006
16.985386
16.95211
16.433945
16.067902
16.134459
16.552794
16.576561
16.571806
16.871298
16.191498
16.395916
16.833271
16.524267
16.519514
16.296087
16.13921
16.120193
15.944302
15.815955
15.711364
15.773168
16.148716
16.196354
16.725121
16.687006
16.634607
16.772753
16.725121
16.706064
16.363081
16.634607
16.344027
16.301153
16.277332
16.582209
16.496468
16.472649
16.72035
16.87755
16.991882
17.053806
17.091921
16.725121
17.053806
17.010935
17.301516
17.268169
17.277699
17.682604
17.54446
17.558754
17.582575
18.016064
17.930317
17.692133
17.954134
18.17326
18.058933
18.001768
17.982716
17.958895
18.74966
18.787766
18.663918
18.702023
19.206972
18.911625
18.959261
19.054531
18.959261
18.98308
19.073593
18.964027
19.035479
18.992605
18.925915
19.206972
19.106934
19.168859
18.911625
18.98308
18.949734
19.006899
19.135841
19.140621
19.092859
19.011675
18.954367
18.758568
18.844526
19.040327
18.968691
18.954367
19.283884
19.245678
19.403275
19.76622
19.76622
19.708912
19.618176
19.498783
19.62295
19.833076
20.224676
20.267656
20.415701
20.477785
20.582848
20.797747
20.831177
20.807301
20.740438
20.272432
20.406147
20.444357
20.425249
20.430025
20.606724
20.549419
20.678354
20.783426
20.473009
20.515985
20.535089
19.880833
19.952469
19.942913
19.976345
19.80442
19.79487
19.465353
19.541763
19.541763
19.536989
19.704134
19.560867
19.331633
19.264774
19.054657
18.572319
18.462477
18.75379
18.6535
18.877954
19.035553
19.045099
19.274332
19.149855
19.135494
18.829098
18.929634
19.001446
19.417955
19.312628
19.700417
19.513706
19.70999
19.676476
19.896702
20.466406
20.34194
20.44726
20.317999
19.858402
19.934994
19.346142
19.164221
19.226458
19.422743
19.652542
19.398804
19.652542
19.537642
19.427528
19.379654
19.523279
19.331779
19.173794
19.738712
19.628603
19.810528
19.872761
20.255758
19.997238
19.79138
19.547218
19.403589
19.609453
20.054682
20.059475
19.896702
19.360508
18.958359
19.676476
19.753077
19.887125
19.829678
19.978092
20.112137
20.116924
20.112137
20.418535
20.653118
20.614817
20.543009
20.31321
20.471197
20.18873
20.169586
20.083414
20.0499
20.0499
20.064299
20.237057
20.049898
20.241858
20.486603
20.529795
20.486603
20.611372
20.649765
20.89451
20.769735
20.707348
20.692953
20.620972
20.481804
20.400219
20.443411
20.261055
20.299446
20.323437
20.304247
20.381023
20.246658
20.424217
20.515392
20.53459
20.477001
20.280251
19.939526
19.920328
19.824348
20.045101
20.342636
20.649765
20.611372
20.47221
20.486603
20.155476
20.121885
20.395422
20.544189
20.553789
20.841721
20.817728
20.736147
21.129658
21.096066
20.889713
21.043276
20.971291
20.812929
20.635366
20.750546
20.798529
21.427191
21.475176
21.407995
21.628746
21.489576
21.417593
21.470383
21.518478
21.494431
21.133703
21.018272
20.974977
21.253946
21.234707
21.422281
21.523287
21.388615
21.427094
21.282801
21.258757
21.258757
21.436714
21.864775
21.547338
21.653151
21.600241
21.470381
21.30204
