Adjusted
18.111826
18.097971
17.848436
18.049446
18.465332
18.770313
18.666342
18.354429
18.707933
18.091034
17.896954
17.231541
16.968143
15.866046
15.658106
16.184893
15.921497
16.351252
16.365114
16.122511
15.956154
16.607704
16.656225
16.240347
16.510664
16.177965
15.990808
15.907636
16.073988
16.538397
16.087854
16.150238
16.053198
15.983888
15.77594
15.616518
16.073988
16.198757
16.080923
15.879909
15.671968
15.519474
15.346188
15.380844
15.089725
15.165967
14.784743
15.062002
14.805541
14.840197
14.306473
14.181704
14.798607
14.874853
14.874853
14.743157
14.971895
14.694636
14.763949
14.888717
14.763949
15.373913
15.226291
15.387977
15.598866
15.465302
15.352826
15.120846
15.528567
15.25441
15.148962
15.07867
15.451241
15.177081
15.535599
15.352826
14.987285
15.064613
15.612925
15.570746
15.577774
15.409061
15.444215
16.126093
16.414309
16.344011
16.294806
15.999557
16.020641
15.261437
15.205204
15.184118
15.184118
15.444215
15.423125
15.521536
15.521536
15.331735
15.430157
15.24738
15.472335
15.528567
15.80273
16.020641
15.451241
15.366887
15.155998
15.233321
14.677976
14.502232
14.136688
14.010159
13.827389
14.143723
14.101544
14.080452
13.904711
14.003127
13.757088
13.848477
14.221044
14.284318
13.827389
14.270254
14.431935
14.642828
14.69278
14.828363
14.699916
15.449181
15.377826
15.342149
15.070983
15.056712
15.456313
15.970102
16.08427
15.863062
15.577631
15.470591
15.620445
15.78457
15.79884
15.634717
15.363552
15.349281
15.070983
15.063847
15.263648
15.570489
15.620445
15.463451
15.920151
16.012917
15.841654
15.684667
15.613306
15.684667
15.520541
15.327874
15.356412
15.627584
15.941562
15.684667
15.684667
15.356412
15.442044
15.22797
15.363552
15.37069
15.342149
15.335011
15.927292
15.727483
15.463451
15.577631
15.870193
15.377826
15.313602
14.728458
14.921128
14.985351
14.714188
14.457294
14.70705
14.749864
14.856903
14.164726
14.878315
15.059402
14.776903
14.79863
13.994596
13.646903
13.719343
13.023954
12.719723
13.7628
13.545495
12.553123
12.502419
12.705237
13.328188
13.371645
12.697993
13.074663
12.777674
13.444083
14.697223
14.356771
14.85658
14.885554
14.885554
15.638889
15.030428
14.298824
14.885554
14.762413
14.516135
14.161197
14.479909
14.182929
14.269855
14.842091
14.682738
13.965621
13.842482
14.559593
14.900047
14.900047
14.99421
14.023574
14.689982
15.718571
14.99421
15.378116
15.928631
14.776903
15.436072
15.537483
16.305298
16.298054
16.298054
16.283564
16.558828
16.522608
16.609531
16.826834
16.812349
16.732676
16.61677
16.793003
17.072025
17.534622
17.057339
16.411171
16.286343
16.528656
16.411171
16.264315
16.16152
16.308365
16.220259
16.205574
15.963259
16.499289
16.411171
16.440544
16.337746
16.983912
16.425856
16.022003
15.720948
16.146832
16.815029
16.690197
16.712229
16.939848
16.947203
16.352428
16.616768
16.535997
15.970609
15.60346
15.361151
15.0601
14.957295
14.597502
14.949955
15.030727
14.245042
13.518108
13.026137
12.857256
13.576851
12.989428
13.474053
13.958673
14.854501
14.303785
15.258354
15.383175
15.067437
15.463946
15.552064
15.295063
15.045405
15.581434
15.287724
15.463946
15.485978
15.170235
15.434578
16.095434
16.363567
15.886883
15.022898
15.276135
15.112273
15.201655
15.03035
15.00056
14.77711
15.13462
15.156963
15.395304
15.008005
14.896279
14.754769
15.022898
14.970763
15.298485
14.635599
14.263186
14.30043
14.367465
14.546217
14.657937
14.754769
14.836699
15.194207
15.112273
15.253791
15.156963
15.238894
14.903731
15.238894
15.164414
15.298485
15.186756
14.911178
14.821796
14.53877
14.576006
14.836699
14.978215
15.194207
14.888831
14.881381
14.844144
14.717525
14.486635
14.456841
14.896279
14.754769
14.464285
14.434495
14.836699
15.224
15.328271
15.119721
15.008005
15.037795
15.559165
15.611302
15.320824
15.127172
15.308701
14.953217
14.90027
14.885142
14.885142
14.748998
14.650669
14.733873
14.726302
15.021285
15.225502
15.127173
15.036409
15.210374
15.346519
15.77765
16.186075
16.170948
16.019676
16.329784
16.307087
16.443241
16.511311
16.579382
16.4508
16.435677
16.564259
16.549128
16.617201
16.556696
16.534
16.496183
16.390293
16.465923
16.7836
16.828983
17.071016
17.078577
17.358435
17.328178
17.229855
16.730658
16.738213
16.40542
16.435677
16.465923
16.639894
16.662586
16.851669
16.836542
16.866798
16.934874
16.828983
16.987818
16.897049
17.033199
17.071016
16.84411
16.821413
16.965124
16.957563
17.161777
17.305489
17.267147
16.945116
17.067801
17.021791
17.221149
17.113802
17.129139
17.228813
17.405167
17.328491
17.589188
17.796202
17.543182
17.612186
17.665857
17.397495
17.221149
17.052462
16.807102
16.960451
16.991119
17.021791
16.715092
16.692087
16.761097
17.006458
17.251814
17.359154
17.673529
17.895884
17.82688
17.7272
17.773205
18.631964
18.578289
18.800646
18.424942
18.754639
19.207016
19.291363
19.66707
19.460045
19.406374
18.900316
18.992332
19.291363
19.276028
19.383371
19.092009
19.253029
19.582729
19.78208
19.90476
19.736078
19.789747
19.759077
19.766748
19.835756
19.621059
19.70541
19.751413
19.897095
19.820415
19.88253
19.603035
19.89805
19.587513
19.57975
19.595278
19.269203
19.471054
19.261446
19.401186
19.447767
19.463291
19.91358
19.766075
19.370132
19.098408
18.888788
18.865494
18.865494
18.710232
18.912083
18.927603
19.238148
19.020769
18.624823
18.609301
18.601536
18.826683
18.570482
18.547192
18.562723
18.795624
19.028532
19.284727
19.370132
19.160513
18.974192
19.183805
19.005245
19.028532
18.935369
19.191563
18.888788
18.997477
19.626333
19.649622
19.564224
19.91358
20.154251
20.099909
20.146486
20.177546
20.169777
20.239651
20.193073
20.557955
20.798628
20.720999
20.790863
20.720999
20.961664
21.024527
20.977379
21.173798
21.032375
20.725964
20.859526
20.560974
20.623825
20.655251
20.411695
20.19171
19.908867
20.01886
20.278133
19.979578
19.720306
19.201763
19.437466
19.248907
19.021065
19.123198
19.93244
19.885298
19.743876
19.85387
19.688879
19.076063
19.123198
18.966057
19.146769
19.201763
18.85607
18.510374
18.620367
18.502516
18.628229
18.141106
18.038979
18.062544
17.960405
17.85041
18.337528
18.235394
18.086113
18.070402
17.976116
17.630421
18.746075
19.09177
18.966057
19.358896
19.704592
19.869581
20.136713
20.333132
20.317415
20.25456
19.987438
19.987438
19.830299
19.916725
20.089571
20.089571
19.869581
19.845709
19.70248
19.646776
20.084427
20.530046
20.354984
20.370905
20.100346
20.140131
19.965073
20.291327
20.028732
19.76614
19.909372
19.694519
19.837757
19.614952
19.869579
20.148092
19.988943
19.957115
19.8298
20.315199
20.434557
20.71307
20.991579
20.983622
21.095022
21.214388
20.888132
20.951788
20.943829
20.912004
21.158682
20.912004
20.736942
21.039318
21.071146
20.705109
20.752857
20.569832
20.784689
20.569832
20.752857
21.015448
21.031363
21.150723
21.174595
21.285999
21.381489
21.524723
21.612255
21.453104
21.492887
21.445147
21.731609
22.129484
22.113567
22.137444
22.026043
21.978292
21.962379
22.224972
22.031778
21.822489
21.959335
21.516603
21.846638
21.88689
21.97543
21.862734
22.023729
21.919083
22.007631
22.144476
21.894936
21.999578
21.605148
21.645399
21.822489
21.701746
21.862734
21.62125
21.629295
21.725895
21.653446
21.790297
21.653446
21.452209
21.597103
21.484406
21.307314
21.130228
21.178522
21.146324
20.945084
21.186567
20.961184
20.896784
21.186567
20.888739
20.848484
20.574799
20.647245
20.56675
20.462101
20.317213
20.574799
20.80019
20.856539
20.840437
20.792139
20.848484
20.848484
20.961184
21.138275
21.371716
21.452209
21.508554
21.323416
21.33951
21.218769
21.202667
21.186567
21.331461
21.403906
21.371716
21.291212
21.315363
21.395861
21.331461
21.241798
21.062475
21.029869
20.980967
20.875002
21.152134
21.111382
21.062475
20.997265
20.875002
21.054323
21.241798
21.192894
21.21735
21.135836
21.478186
21.021725
20.524506
20.597862
20.60601
20.785339
20.948359
21.054323
20.989117
20.964664
20.817938
20.557104
20.834248
20.875002
20.883152
21.005419
20.777187
20.687525
20.557104
20.703829
20.777187
21.038023
20.850548
20.695679
21.307005
21.543392
21.44558
21.559694
21.478186
21.404825
21.527092
21.355915
20.842394
20.353327
20.728285
20.972811
21.192894
21.429274
21.323313
21.543392
22.244387
21.991703
21.877588
21.84458
21.811563
21.836323
22.05089
22.174683
22.438766
22.34798
22.702847
22.61207
22.645075
22.554296
22.78537
23.008192
22.760616
22.653328
22.859642
22.958677
22.892654
23.206249
23.338293
23.346544
23.189747
23.47859
23.792183
23.693151
23.511599
23.635389
23.701406
23.775681
23.734419
23.858208
23.775681
23.759176
23.643637
23.816948
23.602373
23.412569
23.272274
23.313536
23.338293
23.445576
23.495096
23.734419
23.330044
23.18149
23.090714
23.082462
23.098969
23.041199
22.99169
22.653328
22.777119
22.851393
22.628571
22.669834
22.7111
22.95042
23.090714
22.892654
24.204815
23.87471
23.495096
23.602373
23.827797
24.178453
24.33708
24.345428
24.395519
24.520754
24.312035
24.120005
24.220203
24.236897
24.295338
24.186796
23.927982
24.053215
24.120005
24.679388
24.620943
24.387175
24.245243
23.886236
24.253593
23.927982
23.836145
23.410358
23.619074
22.692343
22.901072
22.024433
22.625551
22.091225
23.209972
23.35191
23.51889
23.702559
23.802748
23.251724
23.276766
23.418701
24.011473
24.136703
23.7777
23.978077
24.453962
24.312035
24.838015
24.78792
24.220203
24.412218
24.971598
24.913155
24.345428
24.579195
24.671034
24.737825
25.013346
25.489231
25.64786
26.290726
25.839882
25.564369
25.789791
25.831537
26.082001
25.748047
25.981817
26.198889
26.290726
26.791658
27.325996
27.36816
27.309126
27.688646
27.798298
27.680212
27.629606
27.359724
27.359724
27.460934
27.283823
27.359724
27.460934
27.435631
27.081408
27.418762
27.823595
27.064539
26.642843
26.406693
26.288616
26.76935
26.431993
26.474163
26.760921
26.119934
26.415119
26.81152
26.575369
26.32235
26.01029
25.833183
25.984989
25.656073
25.731976
25.428352
25.436787
26.238014
26.566938
27.595879
27.747692
27.638046
27.688646
27.933235
28.279026
28.093479
28.28746
27.983841
28.279026
28.456139
28.903139
28.86097
28.903139
29.544115
29.763399
29.594721
29.611593
29.712797
29.569424
29.746532
29.721237
29.527256
29.246202
29.092907
29.144003
28.879988
29.484665
29.041796
29.05884
28.786303
28.71817
28.726685
27.857981
27.80689
27.653584
27.466219
27.84947
27.662102
27.500286
27.466219
27.457705
27.619522
27.517319
27.474735
27.364019
27.381052
27.32144
27.244789
27.168139
27.244789
27.125557
27.142588
27.287371
28.207167
27.525837
27.449186
27.551382
27.764301
27.80689
27.636555
27.398085
27.798367
27.755787
28.036831
27.534355
27.662102
27.917599
28.028318
28.147558
28.462667
28.573383
28.300854
28.25827
28.232718
28.1731
28.207167
28.019806
28.070908
28.607449
28.675581
28.675581
28.581909
28.743715
28.862953
29.13825
28.991995
28.974787
28.4242
27.933832
28.037069
28.002653
27.994057
28.329569
28.725302
28.880156
29.189869
29.447958
29.198469
29.224277
29.499578
29.043615
28.665079
28.708101
28.837139
28.811333
28.819941
28.708101
28.785522
28.57045
28.226328
28.553246
28.484423
28.312361
28.372581
28.406992
28.174719
28.148909
28.140303
28.24354
27.976849
28.381187
28.467215
28.682287
28.802731
28.682287
28.673691
28.957584
29.164057
29.284502
29.46516
29.568398
29.404938
29.46516
29.430748
29.723244
29.447958
29.749054
29.96413
29.886702
29.92972
30.420099
29.361923
29.697445
30.187805
30.179211
30.927671
31.013699
30.318905
30.197315
30.058361
30.414438
30.153896
30.040985
30.318905
30.718409
30.770523
31.248178
31.343716
31.395836
30.761826
30.371016
30.162577
30.353655
31.091856
31.308977
30.944223
30.918156
30.918156
28.269274
28.347437
28.304016
28.260586
27.878454
27.591854
27.557116
27.418156
27.557116
27.687384
27.722128
27.418156
27.531059
27.461584
27.626591
27.921879
28.28664
28.564554
28.625355
28.57324
28.547186
28.668777
28.781681
28.72957
29.094336
28.920643
28.781681
29.146444
29.181177
29.27672
28.86853
28.720886
28.57324
28.57324
28.72957
29.189873
29.415678
29.502527
29.233294
29.398312
29.311462
29.450413
29.485153
29.441294
29.555338
29.511467
29.441294
29.151791
29.178106
28.906157
29.028976
29.765886
29.941334
30.160656
30.081696
29.660608
29.862389
29.160566
28.993879
29.590431
29.493931
29.169334
29.371115
29.107925
29.028976
29.186884
28.616653
28.178017
28.274521
28.020107
27.958702
27.616566
27.028793
27.818335
28.099066
28.204336
28.432428
28.616653
28.713154
28.607883
28.713154
28.792114
28.625429
28.660515
28.686834
28.765791
28.704384
28.564022
28.783337
29.011423
29.134251
28.765791
28.713154
28.774559
28.967564
28.572788
28.572788
28.564022
28.47629
28.379787
28.195562
27.985018
