Adjusted
23.15
24.924999
24.825001
25.245001
24.805
25.75
26.4
27.135
26.99
26.74
27.33
27.809999
27.375
26.139999
26.799999
26.045
25.735001
26.99
27.139999
26.98
28.055
29.85
28.645
27.805
28.690001
28.975
29.184999
29.004999
28.415001
28.68
28.08
27.855
28.049999
27.434999
27.280001
27.129999
28.245001
28.315001
28.49
28.745001
28.205
28.15
28.66
28.65
27.465
28.379999
27.690001
28.57
28.280001
28.885
28.15
27.174999
28.870001
28.84
28.955
30.1
30.67
30.91
30.459999
29.719999
30.645
31.67
32.049999
31.67
32.154999
31.575001
31.209999
31.014999
31.945
31.33
31.549999
31.594999
32.389999
32.325001
32.224998
32.035
31.5
31.780001
31.84
31.555
31.975
31.5
31.07
31.805
32.18
32.634998
32.82
31.549999
31.235001
31.245001
30.865
30.155001
30.5
29.645
30.545
29.985001
29.5
28.450001
29.049999
29.43
29.615
29.264999
30.275
30.43
30.6
30.655001
31.415001
31.674999
30.695
30.735001
30.445
29.705
29.370001
30.135
30.844999
30.275
30.01
30.42
29.790001
29.870001
29.93
30.985001
30.875
31.665001
31.934999
34.630001
33.935001
33.685001
34.595001
35.91
35.264999
36.314999
35.830002
35.514999
36.439999
35.994999
35.73
35.424999
35.755001
36.125
35.224998
36.630001
37.27
36.755001
36.875
37.060001
37.744999
36.959999
36.560001
38.035
38.279999
36.900002
37.575001
37.959999
37.794998
37.845001
38.505001
37.93
37.639999
36.455002
36.169998
35.955002
36.52
35.724998
35.82
35.424999
34.994999
34.650002
34.220001
34.805
33.744999
33.105
32.889999
33.459999
34.025002
35.334999
35.575001
34.66
35.150002
32.384998
32.139999
33.974998
32.005001
31.620001
32.110001
32.525002
33.134998
28
31.639999
31.655001
30.155001
30.23
27.965
27.940001
28.975
28.275
27.26
30.73
28.9
26.355
28.27
27.59
28.415001
27.25
26.645
29.025
28.735001
27.475
30.525
31.110001
31.995001
32.130001
32.615002
32.165001
31.59
30.555
30.155001
30.174999
28.74
27.985001
30.434999
29.43
29.280001
28.785
27.879999
25.52
23.75
25.15
25.370001
26.49
26.049999
23.91
25.42
26.299999
26.389999
26.99
26.34
25.18
24.665001
23.625
24.790001
23.915001
26.365
26.52
27.045
27.334999
26.385
26.74
26.860001
27.004999
26.24
27.309999
27.639999
28.245001
27.18
25.235001
25.75
25.555
25.135
24.834999
25.18
24.309999
24.959999
25.125
24.165001
24.9
24.594999
24.775
25.17
25.625
26.1
26.065001
26.475
26.735001
26.58
26.754999
27.540001
27.674999
27.145
26.24
26.24
26.65
26.155001
25.934999
26.469999
26.74
26.995001
26.375
26.395
25.68
24.370001
22.365
21.075001
21.16
21.219999
19.975
20.58
19.98
21.155001
21.115
23.58
24.1
23.205
24.209999
23.584999
22.85
22.76
24.02
23.120001
22.965
23.225
23.02
22.674999
22.200001
19.235001
20.385
21.075001
21.155001
20.24
20.34
20.4
20.48
19.504999
19.35
19.165001
19.15
19.004999
19.07
19.924999
19.725
19.93
20.405001
20.870001
21.200001
21.360001
19.77
19.57
19.719999
19.555
20.9
20.709999
20.805
20.855
20.290001
20.35
19.895
19.99
19.73
20.16
19.83
19.715
20.225
20.455
20.885
21.120001
21.299999
22.139999
22.639999
22.555
22.174999
22.004999
22.125
21.615
21.66
21.615
21.115
21.559999
22.469999
23.105
23.469999
23.23
23.42
23.514999
23.985001
24.014999
24.165001
23.92
24.049999
23.365
23.66
23.120001
23.110001
23.245001
23.049999
23.575001
23.01
23.16
23.52
23.415001
23.555
23.695
23.59
27.985001
27.32
27.495001
28.525
28.66
28.84
28.48
28.639999
28.895
28.25
27.4
27.459999
26.575001
26.674999
26.955
26.370001
26.370001
26.045
25.995001
26.530001
26.315001
26.575001
26.5
26.695
27.035
26.764999
26.360001
26.084999
25.485001
25.525
25.495001
25.870001
25.825001
25.92
25.75
26.01
26.030001
26.16
26.84
26.514999
26.27
27.594999
27.235001
26.790001
26.934999
27.27
27.84
27.555
27.950001
27.495001
27
26.709999
27.02
26.844999
27.27
27.389999
27.559999
27.275
27.67
28.235001
28.209999
28.280001
27.855
27.290001
27.955
27.105
26.309999
25.895
25.225
25.635
25.525
25.105
25.35
25.445
25.915001
26.525
27.07
26.825001
26.93
26.865
26.74
27.004999
27.625
27.635
27.275
27.455
27.825001
27.684999
27.875
27.485001
27.725
28.15
28.66
28.264999
27.985001
27.764999
27.16
26.865
26.695
26.379999
26.940001
26.434999
25.889999
25.309999
27.975
28.045
28.145
28.4
28.190001
28.370001
28.059999
28.209999
27.84
27.870001
27.545
28.195
27.945
28.635
28.635
28.495001
28.84
29.065001
28.76
29.370001
29.01
28.895
29.285
29.155001
28.93
29.055
28.4
28.389999
28.48
28.875
29.155001
27.915001
27.58
27.385
27.75
28.309999
28.584999
28.445
28.965
29.540001
29.945
30.02
29.84
29.57
29.745001
29.645
29.76
30.65
30.745001
30.610001
30.495001
30.955
30.795
30.879999
30.955
30.65
30.684999
30.975
31.41
32.355
32.509998
32.16
32.200001
32.205002
31.674999
31.35
31.07
31.24
31.245001
30.98
31.040001
31.014999
31.700001
31.620001
31.559999
30.945
30.195
30.74
30.145
30.309999
30.440001
30.334999
30.555
29.535
29.33
29.905001
29.504999
29.195
29.815001
30.809999
30.995001
30.945
29.905001
30.120001
29.049999
28.745001
29.43
29.535
29.945
29.51
29.709999
29.879999
29
29.145
27.905001
28.075001
27.68
26.700001
25.83
26.709999
26.379999
25.940001
26.809999
26.815001
25.775
26.91
26.295
25.735001
26.200001
26.719999
26.495001
27.42
27.690001
27.684999
27.674999
27.440001
27.305
27.690001
27.395
28.035
27.945
26.620001
25.41
24.809999
25.370001
24.51
24.74
25.025
25.59
25.555
26.17
26.065001
26.645
26.02
26.299999
26.030001
25.545
26.17
26.375
27.245001
27.1
26.424999
26.85
27.575001
28.16
28.129999
28.295
28.02
28.334999
28.555
28.905001
27.754999
28.035
27.834999
27.745001
27.695
27.584999
26.955
26.834999
26.75
25.525
25.885
25.309999
25.92
25.42
25.735001
26.365
26.514999
26.639999
26.465
26.99
26.945
27.725
27.32
27.16
27.455
27.415001
27.625
28.01
28.424999
28.459999
28.514999
29.23
28.82
29.139999
28.715
28.805
29.049999
28.684999
29.360001
28.9
28.764999
28.915001
28.825001
28.940001
29.115
28.975
29.105
29.85
29.360001
29.059999
29.355
29.370001
29.780001
29.620001
29.700001
30.6
31.014999
30.950001
31.475
31.254999
31.16
30.610001
30.48
30.344999
30.725
30.695
30.15
30.285
29.889999
29.975
30.370001
30.305
30.815001
30.26
30.799999
30.605
29.945
29.690001
30.205
30.23
30.295
27.82
28.135
28.42
28.525
28.73
28.365
28.905001
28.915001
29.395
29.635
29.639999
29.555
29.725
29.844999
29.75
29.719999
29.865
29.715
29.57
30.01
29.344999
29.695
29.495001
29.58
28.219999
29
28.955
28.625
28.725
28.445
28.16
28.315001
28.014999
28.315001
28.035
28.094999
27.424999
25.59
25.764999
26.120001
26.584999
24.75
25.645
25.475
25.440001
25.370001
25.855
25.995001
26.715
26.57
26.959999
26.815001
26.735001
26.445
26.355
26.445
26.76
26.549999
26.51
26.860001
27.02
27.129999
26.85
27.035
26.825001
25.959999
26.59
26.940001
26.905001
26.440001
26.605
26.49
26.645
26.42
26.594999
27.445
27.620001
27.5
27.745001
28.370001
28.790001
28.65
28.35
27.950001
27.9
28.145
27.959999
27.68
27.674999
27.965
28.17
28.49
28.615
28.190001
28.33
28.200001
28.174999
28.85
29.5
29.42
29.440001
29.889999
30.055
30.475
29.424999
29.65
29.975
30.049999
29.889999
30.09
29.969999
29.76
30.24
30.4
30.434999
30.245001
29.615
29.695
29.395
29.73
29.940001
30.455
29.955
29.92
29.43
29.23
29.645
29.66
29.790001
29.15
29.15
29.030001
28.995001
28.915001
28.934999
29.795
30.02
29.934999
29.945
29.385
29.695
30.264999
30.075001
30.16
30.440001
30.155001
30.264999
30.84
30.995001
30.504999
30.530001
30.540001
30.290001
30.334999
29.57
30.27
30.184999
30.745001
30.59
30.405001
29.995001
29.74
29.98
29.65
29.235001
28.645
29.139999
27.754999
27.76
26.195
27.290001
25.924999
26.825001
27.215
27.870001
28.09
28.165001
27.275
27.34
27.66
28.584999
28.905001
28.18
28.65
29.139999
29.764999
29.735001
29.77
29.17
29.615
30.129999
30.42
29.885
30.16
30.195
30.115
30.165001
30.52
30.594999
32.779999
31.9
31.77
31.334999
31.549999
31.985001
31.200001
31.465
30.955
30.35
30.655001
32.040001
31.674999
31.475
32.764999
33.165001
32.724998
33.18
33.150002
32.424999
32.935001
32.654999
32.974998
33.465
33.93
32.945
33.235001
32.645
33.095001
32.415001
31.780001
31.895
32.07
31.865
32.145
32.59
32.154999
32.154999
32.285
32.509998
32.705002
32.435001
32.330002
31.52
30.66
30.844999
30.215
30.120001
31.025
30.615
31.540001
31.379999
30.605
30.655001
31.105
31.325001
30.645
31.790001
31.83
31.98
31.514999
31.549999
31.844999
32.290001
33.215
33.275002
33.544998
33.66
34.005001
33.400002
33.775002
33.799999
34.330002
33.959999
34.255001
33.610001
34.115002
35.130001
36.035
36.599998
36.314999
36.555
36.369999
36.105
36.919998
36.715
37.009998
36.895
36.330002
36.685001
36.360001
36.345001
36.959999
37.080002
36.605
36.764999
36.705002
36.43
36
35.869999
36.580002
37.07
37.299999
37.75
37.330002
37.014999
37.32
37.455002
37.445
37.040001
36.880001
36.66
36.959999
36.865002
36.535
36.139999
36.279999
37.119999
37.59
37.205002
38.07
38.005001
38.064999
37.799999
37.764999
37.764999
37.794998
38.084999
38.415001
39.25
39.02
38.965
38.759998
38.759998
39.099998
40.145
39.610001
39.825001
39.625
39.599998
39.259998
39.290001
39.16
39.080002
39.584999
39.439999
39.294998
39.549999
38.715
38.674999
38.955002
36.459999
36.689999
36.465
36.290001
35.985001
35.700001
34.904999
35.07
35.384998
35.209999
35.325001
35.395
35.555
35.599998
35.360001
34.535
34.049999
34.709999
34.825001
34.540001
34.955002
34.450001
34.375
34.450001
34.125
32.665001
32.445
32.224998
32.654999
32.544998
32.52
31.85
31.535
31.795
32.955002
33.080002
32.965
33.810001
33.580002
29.725
30.815001
30.615
31.625
31.745001
31.025
32.080002
32.439999
32.880001
32.654999
32.384998
32.474998
32.040001
31.66
31.475
32.634998
33.075001
33.41
33.669998
33.990002
33.209999
32.889999
32
32.639999
33.744999
35.299999
34.700001
34.23
34.075001
34.105
34.650002
35.535
35.720001
35.884998
35.625
35.970001
35.924999
35.560001
35.455002
35.119999
34.555
35.404999
35.665001
35.799999
35.735001
36.02
35.845001
36.009998
35.814999
35.415001
36.02
36.035
35.48
37.244999
37.720001
36.790001
36.810001
36.994999
37.544998
38.134998
38.404999
38.459999
38.494999
38.540001
38.634998
38.455002
38.07
38.040001
38.369999
38.200001
38.389999
39.209999
39.494999
39.790001
40.145
40.145
39.955002
38.68
38.860001
39.209999
38.985001
39.099998
39.404999
39.240002
37.580002
37.5
37.025002
37.029999
37.16
37.599998
36.674999
37.404999
36.52
36.650002
37.029999
36.279999
35.650002
35.75
37.830002
37.200001
37.375
36.77
37.165001
37.59
38.560001
38.93
39.255001
39.395
39.07
39.445
39.695
39.294998
39.330002
39.720001
39.700001
39.540001
39.34
40.25
41.040001
40.595001
39.919998
39.68
40.220001
40.014999
39.849998
40.009998
39.849998
39.634998
39.355
39.290001
38.865002
