Adjusted
14.18
14.0525
13.9275
14.285
14.35
14.54
14.8975
14.4275
14.36
13.2
12.9125
12.9875
13.1775
12.9
13.4875
13.3425
13.0825
13.25
13.1775
13.13
13.1
11.7575
12.1825
11.97
11.7325
11.925
11.9675
11.9025
12.095
11.9325
11.78
11.7625
11.5175
11.6525
11.6825
11.485
11.69
11.2025
11.1325
11.1175
10.8625
11.0325
10.7875
11.0625
10.7675
10.5
10.2775
10.4175
10.5475
10.3275
10.055
9.715
9.85
9.9575
9.635
10
10.0725
9.88
9.6575
9.6
9.32
9.3275
9.3925
9.6
9.6
9.7975
10.17
9.9875
9.825
9.5125
9.6575
9.625
9.675
10
10.26
10.41
9.88
11.625
11.6225
11.58
11.5
11.695
11.5675
11.65
11.7975
11.7625
11.76
11.6525
11.7
11.5625
11.6075
11.5925
11.6075
12.0075
11.96
11.89
11.7225
11.52
11.5625
11.4775
11.6475
11.76
11.44
11.3425
11.335
11.42
11.5025
12.0425
11.825
11.785
11.6475
11.3325
11.7525
12
12.01
12.025
12.0075
12.0375
12
11.9725
11.875
12
11.5475
11.425
11.295
11.3575
11.2525
11.055
10.8025
10.9575
10.825
10.8975
11.115
11.0025
10.91
11.1525
11.325
11.3075
11.5475
11.515
11.9975
11.585
11.46
11.285
11.345
11.3625
11.165
11.0775
11.275
11.2525
11.125
11.115
11.775
11.82
11.715
11.7125
11.925
12.0125
11.895
11.7675
11.7525
11.735
11.82
11.58
11.7125
11.7075
11.7525
11.5125
11.48
11.5175
11.5925
11.605
11.74
11.5425
11.7475
11.76
11.6675
11.4025
11.5675
11.58
11.9075
12.335
11.975
12.03
11.83
11.8975
11.83
11.27
11.16
11.125
10.5775
10.1175
9.88
9.8025
9.42
8.4375
8.745
9.085
8.815
8.3325
8.515
8.635
9.035
8.755
9.1775
8.2475
8.4075
8.5525
9.0725
8.5425
8.8225
9.3075
9.3125
9.7925
9.795
9.5275
9.545
9.7825
9.9875
9.245
9.8925
9.0475
9.0075
9.08
8.455
7.895
8.02
8.6225
8.8125
9.115
8.995
8.1825
8.3475
8.6025
8.49
8.72
9.7825
9.365
9.515
9.48
9.665
9.61
9.8475
9.71
9.55
9.5
9.4125
9.445
9.64
9.635
9.55
9.5625
9.6125
9.795
9.835
9.3925
9.3425
8.7525
9.03
9.6
9.785
9.6
9.84
10.025
9.8425
9.71
9.19
8.845
8.865
8.905
8.86
8.6225
8.43
8.625
8.905
8.5375
8.5425
8.97
9.155
9.0325
8.855
9.5725
9.66
9.5925
9.4075
9.455
9.485
9.33
9.575
9.3
9.18
9.15
8.7175
8.7175
8.805
9.0725
9.18
9.5925
9.6625
10.37
10.8425
10.64
10.77
10.865
11.2775
11.115
10.7425
10.895
11.4225
11.6
11.1525
10.9375
10.9325
10.9925
10.555
10.6625
10.8225
10.73
10.47
10.7
11.4075
11.445
11.2775
11.3825
11.695
12.005
11.5475
11.5975
11.8125
11.7225
11.855
11.9225
12.11
13.4075
13.45
13.17
13.7925
13.755
13.8525
14.1725
14.2575
14.23
13.925
13.5275
13.725
13.875
14.43
14.65
14.5425
13.985
14.13
14.81
14.65
14.65
14.5725
14.6075
14.6325
14.445
14.29
14.375
14.5525
14.445
14.4375
14.66
14.765
14.645
14.715
14.9125
14.98
14.9175
14.4925
14.2875
14.3925
15.155
15.3975
15.955
15.5725
15.6675
15.0125
14.935
14.2
14.295
14.4625
14.4025
14.83
14.9025
15.165
15.7425
15.6975
15.5725
15.4975
15.3975
16.055
16.4725
16.247499
16.045
16.282499
16.3925
16.27
16.567499
16.41
16.2425
15.7175
15.955
16.002501
15.8075
16.147499
16.084999
15.9275
15.515
15.645
15.7625
15.91
16.235001
16.105
16.067499
15.995
15.9875
15.6825
15.4275
15.435
15.5475
15.745
15.9275
16
16.41
16.467501
16.717501
16.865
17
17.219999
17.155001
17.7325
18.4725
18.7925
18.442499
18.262501
18.264999
18.66
18.4925
18.700001
18.0375
18.125
18.3825
18.8325
19.5175
20.3225
21.102501
20.995001
21.3025
21.254999
21.2125
21.092501
21.377501
20.7675
20.4475
20.8375
20.504999
20.4175
19.9825
19.215
19.497499
19.01
19.035
19.0825
18.905001
19.25
19.362499
19.8925
19.7425
20.105
19.82
20.035
20.147499
20.014999
19.35
18.969999
18.959999
19.4175
19.387501
19.275
18.844999
18.8225
19.155001
19.514999
19.0375
19.305
18.8325
18.8125
18.790001
19.030001
19.237499
19.299999
19.475
19.9275
19.205
19.4725
19.68
20.4275
20.7775
20.9025
21.057501
20.932501
20.897499
20.610001
21.067499
22.3125
22.547501
22.68
22.6325
22.174999
21.754999
22.0875
22.049999
21.76
22.227501
21.702499
21.3225
20.875
20.719999
20.635
20.622499
20.067499
18.915001
19.422501
19.7225
19.290001
18.922501
19.135
19.3375
19.74
19.344999
19.809999
19.68
19.9125
20.092501
20.315001
20.43
20.532499
20.225
20.6325
20.5825
20.737499
21.225
20.965
20.737499
20.7225
21.155001
20.93
20.98
21.16
21.2875
21.299999
21.139999
21.4025
21.85
21.860001
21.797501
22.1325
22.254999
22.247499
21.7575
21.575001
21.094999
21.235001
21.2325
21.432501
21.5825
21.512501
21.2225
21.530001
22.047501
22.065001
21.795
22.1
22.032499
22.1325
21.967501
22.4
22.455
22.48
22.895
22.8475
22.33
22.565001
21.875
21.192499
21.674999
21.125
21.057501
20.5
20.4925
21.24
21.1675
21.502501
21.415001
21.014999
21.155001
20.9375
20.875
20.2225
20.782499
20.32
20.2775
20.360001
21.247499
20.9275
20.475
20.9825
21.1075
20.395
19.8575
19.817499
19.525
20.077499
19.955
20.040001
20.5725
20.375
20.295
20.155001
19.877501
19.442499
19.309999
19
19.5175
19.532499
19.0075
18.9725
18.934999
19.025
19.495001
19.879999
19.9575
20.057501
20.077499
19.629999
19.7075
19.7425
18.655001
18.594999
19.077499
18.387501
18.9
19.1675
19.195
19.16
18.827499
19.3825
19.362499
19.5825
19.415001
19.575001
19.41
19.459999
19.370001
19.342501
19.2225
19.145
19.02
19.047501
19.0275
18.969999
18.842501
18.834999
18.5725
18.334999
18.775
18.612499
18.6675
18.5725
18.2125
18.932501
19.1525
19.370001
19.0975
19.57
19.620001
19.907499
20.094999
19.9625
19.879999
19.805
19.795
20.147499
20.16
19.879999
19.622499
19.99
19.997499
20.370001
20.627501
20.997499
21.2575
21.18
21.535
21.485001
21.215
21.559999
21.4175
21.3825
21.66
21.82
21.622499
21.4275
21.290001
21.717501
21.502501
22.0275
21.9575
21.68
21.73
21.8125
21.9575
21.8225
21.877501
21.9175
21.85
21.955
22.022499
21.955
22.025
22.022499
21.68
21.540001
21.3025
21.327499
21.594999
21.717501
21.8375
21.512501
22.195
22.0075
22.059999
21.965
22.895
23.0075
22.805
22.977501
22.9475
23.110001
23.084999
22.955
23.055
23.227501
23.122499
23.5275
24.252501
24.014999
24
23.905001
23.7875
23.959999
24.002501
24.040001
23.91
23.684999
23.975
23.59
23.612499
23.657499
23.719999
23.8225
24.02
23.987499
23.855
24.2225
24.415001
24.040001
24.0375
24.0975
24.299999
24.075001
24.0975
24.219999
24.122499
24.7125
25.0275
24.6625
24.3125
24.719999
24.932501
25.157499
24.362499
24.5425
24.6775
24.5425
24.772499
24.915001
25.022499
24.945
24.530001
24.110001
24.407499
25.1975
25.112499
25.2075
25.467501
26.135
26.0725
25.655001
25.764999
25.950001
25.557501
25.799999
25.8825
25.375
25.2675
25.67
25.775
26.502501
26.950001
27.02
27.1625
27.245001
27.2125
27.4625
27.5725
27.799999
28.225
28.407499
28.6075
28.1525
27.397499
27.2675
27.377501
27.227501
27.8475
27.9025
27.93
27.4725
27.477501
28.145
28.077499
27.8575
27.91
27.9825
28.022499
30.045
30.309999
29.82
29.692499
29.502501
29.785
29.995001
29.975
30.022499
29.940001
29.82
29.559999
29.48
30.709999
31.049999
30.889999
30.27
29.717501
30.045
30.120001
30.07
30.025
29.7875
29.5
29.067499
29.290001
29.172501
29.372499
29.360001
28.987499
29
29.615
29.2575
29.059999
29.27
29.35
29.682501
29.415001
29.2125
29.01
29.49
30.200001
30.264999
30.555
31.27
31.5
31.83
32.145
32.029999
31.415001
31.145
31.280001
30.9
30.950001
30.77
31.775
31.18
31.959999
32.525002
32.084999
31.525
30.924999
31.01
33.244999
33.07
32.220001
32.34
30.360001
29.969999
27.620001
29.16
27.465
29.055
29.09
29.77
29.405001
28.969999
27.690001
27.945
28.27
30.844999
31.525
30.98
32.509998
33.224998
33.654999
32.98
32.709999
32
32.224998
33
33.02
31.700001
32.150002
33.174999
34.169998
33.705002
33.900002
33.685001
35.139999
34.625
34.294998
34.580002
35.650002
36.439999
35.18
35.244999
34.259998
32.779999
32.494999
33.955002
33.5
33
34.209999
34.66
33.919998
34.415001
34.985001
32.915001
32.849998
32.700001
32.849998
33.415001
34.224998
33.455002
32.985001
32.744999
32.549999
31.715
31.065001
31.18
31.950001
31.865
31.870001
32.560001
31.834999
32.060001
32.505001
32.014999
32.029999
31.1
29.995001
28.975
28.575001
28.655001
28.76
28.51
29.325001
29.094999
30.49
31.065001
30.495001
30.905001
30.530001
30.120001
29.655001
30.355
29.469999
28.83
28.344999
27.875
28.174999
28.865
29.945
29.834999
29.965
30.575001
31.205
30.75
30.895
30.625
31.275
30.860001
31.215
31.735001
31.575001
31.344999
31.5
31
30.780001
30.42
30.495001
30.754999
30.514999
29.995001
30.184999
30.309999
29.889999
30.245001
30.434999
30.445
30.705
30.83
31.545
31.389999
31.285
35.439999
34.695
34.634998
35.130001
35.32
35.110001
35.994999
35.494999
35.904999
36.23
36.575001
36.880001
37.139999
37.41
36.915001
37.365002
37.674999
37.845001
37.275002
37.77
38.035
38.43
37.860001
38.415001
38.080002
38.689999
38.465
38.43
38.130001
38.150002
38.305
38.355
39.064999
38.080002
37.895
38.075001
38.080002
38.435001
38.294998
37.709999
37.935001
37.235001
36.404999
36.955002
36.775002
36.465
36.619999
36.900002
37.189999
37.035
37.25
36.689999
36.130001
36.380001
36.91
38.755001
40.555
41.400002
41.5
41.035
40.240002
40.700001
40.705002
39.450001
39.560001
39.959999
39.615002
39.974998
39.610001
39.005001
38.240002
39.110001
39.555
39.919998
39.685001
39.505001
39.84
39.849998
38.98
38.185001
38.235001
38.365002
39.110001
39.18
39.474998
38.939999
40.174999
39.959999
40.764999
41.32
42.98
43.455002
41.755001
39.849998
40.400002
39.125
38.990002
38.830002
39.014999
41.330002
41.360001
41.779999
41.485001
41.009998
41.404999
40.91
40.290001
39.939999
40.145
38.794998
39.035
39.279999
39.07
38.509998
38.220001
37.740002
37.799999
39.02
36.855
36.915001
36.959999
36.325001
36.240002
36.84
36.25
36.294998
36.174999
35.849998
35.560001
35.605
35.744999
36.744999
36.875
36.279999
35.555
35.564999
35.91
35.514999
35.634998
35.59
35.830002
36.630001
36.744999
36.57
36.75
36.759998
37.639999
37.674999
36.900002
36.41
35.700001
36.619999
36.014999
35.5
35.720001
36.625
36.805
37.23
37.185001
37.415001
37.025002
37.25
38.695
38.705002
39.174999
39.84
39.779999
39.264999
39
37.98
37.625
36.279999
36.209999
36.375
36.404999
35.84
36.055
35.215
34.595001
34
34.215
34.235001
38.685001
38.095001
38.654999
38.865002
39.540001
40.560001
39.805
39
39.294998
38.509998
38.330002
37.855
38.080002
38.540001
38.735001
39
39.02
39.029999
38.509998
38.415001
38.865002
38.645
38.610001
38.584999
38.435001
39.27
39.215
39.055
39.215
39.884998
39.580002
39.220001
38.619999
39.044998
39.990002
39.665001
40.09
39.139999
39.259998
38.595001
38.355
38.040001
