Adjusted
11.654799
11.681015
11.53465
11.63951
11.844859
12.155071
12.288333
12.078615
12.085166
12.006518
12.152889
12.072059
11.967197
11.691938
11.490954
11.237544
11.311823
11.403571
11.38828
11.375174
11.626401
11.648247
11.560865
11.949721
11.796799
11.862434
11.785861
11.906189
11.92369
11.95651
11.855872
11.801174
11.74648
11.788049
11.637086
11.689593
11.805552
11.879935
11.886501
11.864621
11.696159
11.597707
11.652401
11.56051
11.407368
11.420493
11.304537
11.497066
11.608642
11.529883
11.429241
11.354859
11.527694
11.424869
11.551764
11.650215
11.823053
11.774921
11.663343
11.610833
11.866808
12.129351
12.466276
12.571294
12.503473
12.433458
12.418143
12.343757
12.503473
12.446585
12.431271
12.317506
12.475027
12.365637
12.319692
12.256245
12.221242
12.308751
12.315315
12.433458
12.332819
12.42033
12.431271
12.387513
12.415955
12.262808
12.002457
11.879935
11.840499
11.774768
11.833923
11.993873
12.028934
12.291855
12.508773
12.530684
12.539445
12.530684
12.552592
12.497817
12.48467
12.495624
12.508773
12.473716
12.473716
12.500007
12.574504
12.532871
12.044264
11.996066
12.033312
11.965387
12.059606
12.125336
12.195451
12.283092
12.377308
12.410172
12.25899
12.204215
12.180114
12.48467
12.351015
12.243654
12.346634
12.27652
12.27433
11.601674
10.889581
11.529366
11.717799
11.752856
11.923759
11.853645
11.717799
11.726563
11.958819
11.967579
11.952243
12.191068
12.223934
12.000443
11.910611
11.925947
12.011399
12.142864
12.022358
11.996066
12.57012
13.139798
13.409297
13.277638
13.613367
13.793296
13.475126
13.475126
13.508042
13.38516
13.389551
13.576064
13.45977
13.453186
13.49268
13.347856
13.49707
13.655061
13.751608
13.714304
13.843766
14.058807
13.861323
13.900817
14.089524
14.019311
13.77355
13.935925
14.124639
14.023701
13.968843
13.677002
13.968843
13.4861
13.46415
13.666028
13.630922
13.508042
13.435633
13.183285
13.624337
13.771354
13.887652
13.856934
13.786713
13.450989
13.391742
12.281431
11.950097
12.6786
12.930943
12.507444
12.661045
12.483306
12.726874
12.941915
12.557915
12.49428
12.145384
11.763581
12.224382
12.367011
12.650075
12.966051
13.040659
13.187675
12.742237
12.344448
12.60378
12.509276
12.181824
11.790636
12.5818
12.441152
12.553231
12.878491
12.951015
12.370824
12.491696
12.777397
12.485105
12.722455
13.063098
12.344448
12.436755
12.586199
12.278521
11.935679
11.924693
11.428014
11.342301
11.118138
11.304938
11.221433
11.531304
11.586247
11.948867
11.524713
11.845576
11.711514
11.784037
11.915901
11.88074
12.067543
12.333463
12.216986
12.164242
12.11369
11.909307
11.911507
11.724701
11.667562
11.588446
11.434608
11.595035
11.788435
11.612617
11.724701
11.645586
11.698329
11.75327
11.832389
12.118088
11.977437
11.698329
11.865355
11.926888
11.856563
11.557179
11.746493
11.572586
11.407482
11.513149
11.508745
11.323831
11.244582
11.211564
11.204958
11.011239
10.771292
11.037654
10.797704
10.681033
10.769088
10.36844
10.357436
10.522535
10.324412
10.315608
10.187927
10.306802
10.447687
10.780092
10.973814
11.178544
11.282009
11.306223
11.123508
11.103694
11.348048
11.405285
11.189548
11.193952
11.32163
11.471323
11.497743
11.469122
11.83455
11.810335
11.949018
11.797128
11.896188
11.783921
11.592401
11.416289
11.669446
11.700269
11.878574
11.711272
11.757503
11.627619
11.535163
11.504342
11.759701
11.88298
11.953426
11.977637
11.979838
12.527978
12.103119
12.054687
12.012788
11.882695
11.845211
11.659992
11.677633
11.633531
11.642354
11.686454
11.430676
11.223407
11.137411
11.166077
11.364524
11.027161
11.029368
11.084489
11.157255
11.304989
11.316015
11.199152
11.044802
11.095514
11.097721
11.157255
11.234429
11.408624
11.377755
11.256479
11.419651
11.662198
11.699682
11.902542
11.825366
11.862853
12.059095
12.160528
12.131861
11.975307
12.032636
11.593843
11.880495
11.717325
11.757012
11.728347
11.750397
11.895924
12.07453
12.206831
12.224472
12.389842
12.438352
12.43615
12.65224
12.910222
12.971963
13.007243
12.969759
13.05796
13.170412
13.005035
13.013856
13.007243
12.830843
12.678699
12.749259
12.672085
12.658821
12.705241
12.751656
12.616824
12.758288
12.614613
12.780394
12.919644
13.030164
12.882069
12.793653
12.742816
12.707454
12.669873
12.627875
12.568195
12.508515
12.557144
12.488623
12.254325
12.16149
12.280845
12.236637
12.272004
12.218956
12.327262
12.400206
12.486412
12.391364
12.426735
12.342738
12.422315
12.318421
12.415681
12.46652
12.541674
12.459887
12.523989
12.510725
12.477571
12.479781
12.654401
12.614613
12.610191
12.448835
12.305163
12.459887
12.272004
12.314003
12.291899
12.18359
12.305163
12.243271
12.12833
12.174748
12.117279
12.278636
12.572618
12.8887
12.687559
12.665452
12.718633
12.780672
13.000034
13.099747
13.234909
12.960154
12.960154
13.128552
13.068723
13.186162
12.964582
12.909188
13.106393
13.037704
13.095316
13.042137
13.082021
13.192809
13.365639
13.407739
13.463136
13.372286
13.245989
13.412172
13.385585
13.334621
13.367859
13.261498
13.104181
12.891462
12.829421
13.447628
13.549554
13.704659
13.704659
13.722384
13.700229
13.571712
13.394445
13.591654
13.407739
13.471999
13.321326
13.292521
13.234909
13.571712
13.748972
13.85533
13.921806
14.059183
14.045887
13.784425
13.678068
13.551768
13.505239
13.503021
13.489725
13.358994
13.343484
13.764484
13.717954
13.49859
13.538471
13.451857
14.155877
14.020406
14.28913
14.293571
14.311338
14.404617
14.626705
14.635586
14.702212
14.64003
14.959836
14.977606
14.919859
14.935405
15.013136
14.851011
14.853233
14.92652
14.99093
14.966496
14.995367
15.108632
15.215239
14.942067
15.079766
15.050889
15.059772
15.073103
15.27742
15.368474
15.248552
14.955392
14.76662
14.93762
14.935405
14.868777
15.039788
15.042006
15.004251
15.026463
15.053109
15.117519
15.057557
15.079766
15.188586
15.181924
15.175259
15.121958
15.093089
15.157493
15.144166
15.137508
15.317397
15.319616
15.24411
15.279641
15.379577
15.38846
15.392904
15.401791
15.055335
14.828802
15.412893
14.882101
14.908755
14.821959
14.599409
14.93991
14.810833
14.833087
14.443624
14.445848
14.583827
14.372407
14.594956
14.610534
14.646142
14.679524
14.95104
14.977747
14.483683
14.583827
14.761871
14.915432
15.015578
15.227002
15.149113
15.267062
14.957717
15.044512
14.804156
14.835317
14.55935
14.51261
14.432496
14.379084
14.472553
14.09644
13.95623
13.94733
13.938428
13.96736
14.129823
14.316768
14.396886
14.401339
14.563801
14.643915
14.68843
14.448071
14.643915
14.906528
14.599409
14.594956
14.735165
14.997775
15.037836
14.93991
14.795255
14.748514
14.781901
14.441396
14.583827
13.876115
13.867213
13.989615
13.920626
13.600151
13.850102
13.823322
13.881348
13.959458
13.905896
13.765298
13.593454
13.459552
13.470709
13.466244
13.495259
13.747444
13.551051
13.664868
13.805468
13.990701
14.024179
13.850102
14.122376
14.1313
14.209414
14.25851
14.247352
14.385718
14.343315
14.383483
14.430354
14.363398
14.28529
14.178167
14.383483
14.519622
14.508463
14.524085
14.492839
14.555329
15.104333
15.265021
15.256089
15.291799
15.575233
15.510508
15.470338
15.546216
15.579692
15.575233
15.434634
15.211458
15.247165
15.173519
15.153434
15.1512
14.965966
14.94365
14.787429
14.69593
14.756188
14.736097
14.742796
14.751721
14.731634
14.767343
14.546404
14.743308
14.575491
14.685132
14.600103
14.38977
14.38977
14.638143
14.622478
14.745547
14.571016
14.664991
14.613528
14.615768
14.600103
14.707507
14.781346
14.828335
15.081178
15.03867
15.047619
15.000626
15.016289
14.989443
15.148306
15.195296
15.193058
15.398915
15.524215
15.555546
15.810628
15.756927
15.705462
15.707692
15.678613
15.656235
15.443663
15.513029
15.463804
15.515265
15.492893
15.383251
15.472756
15.459329
15.794962
15.598057
15.636093
15.745737
15.700984
15.680844
15.595819
15.797198
15.911315
15.848661
15.530934
15.425769
15.396673
15.530934
15.340737
15.372062
15.383251
15.627147
15.942642
16.110466
15.93593
16.316311
16.184299
16.177586
16.422638
16.600239
16.611477
16.56876
16.586748
16.402401
16.780088
16.959938
16.80032
16.750866
17.124052
17.171263
17.238705
17.521973
17.497238
17.297163
17.346619
17.263433
17.216225
17.306152
17.465771
17.708563
18.081757
17.787251
17.697329
17.751282
17.782753
17.9716
18.095247
17.985088
17.836712
17.955864
17.976099
17.838959
18.01656
17.908651
17.767021
17.888414
17.958109
17.989584
17.973843
18.178429
17.895163
17.789497
17.913149
17.931137
17.555693
17.728798
17.879431
18.387505
18.542622
18.43022
18.324554
18.385252
18.434715
17.737793
17.785006
18.504406
18.270603
18.74921
18.665676
18.661163
18.640846
18.525705
18.828222
18.548288
18.480555
18.313494
18.094507
18.509903
18.595694
18.986258
18.512163
18.399284
18.056129
18.236734
18.0471
17.96583
18.218681
17.943253
18.001951
18.060644
17.722008
17.95228
18.006464
18.259312
18.74695
18.354126
18.020006
18.218681
18.141918
18.178038
18.200617
18.304462
18.606981
18.462496
18.507647
18.557316
18.525705
18.575373
18.963673
18.963673
18.841772
19.230078
19.044952
19.212013
19.239101
19.193949
19.072039
18.904987
18.918524
18.674711
18.336073
18.214161
18.119345
17.96583
18.08774
16.945402
17.401432
16.710609
18.010979
18.0471
18.777147
18.786219
18.994801
18.985733
18.754478
18.32823
18.337309
18.509615
19.053751
19.085489
18.849699
19.23966
19.516266
19.783796
19.742985
19.697641
19.180712
19.434643
19.548002
19.334885
19.121765
19.103628
19.339418
19.684036
19.493591
19.992382
20.015053
20.160151
19.643225
19.493591
19.384764
20.13748
20.350599
20.073999
20.173756
20.042253
19.366625
19.407438
19.620552
20.13748
20.015053
20.178293
20.051327
20.264444
20.291651
20.377804
20.237238
19.906225
19.801928
20.046795
20.323397
20.155619
19.93343
20.151081
20.205503
20.092136
20.033186
19.384764
19.398363
19.602413
19.674969
19.61602
19.792864
19.551596
19.829277
19.897558
19.984055
20.238976
19.956743
19.870251
19.806517
19.465103
19.742788
19.410482
19.506077
19.870251
19.929428
20.143381
19.988605
19.997705
20.184343
20.26174
20.37554
20.252638
20.45293
20.466587
20.184343
20.047781
20.325468
20.398304
20.475689
20.594048
20.858072
20.835314
20.940012
21.040161
20.903595
21.094786
20.830761
20.666883
20.402853
20.55308
20.876284
20.912697
20.393749
20.493902
20.621357
20.630465
20.794344
21.067469
21.27688
21.090237
21.026505
20.844416
20.894489
20.889936
20.726059
20.621357
20.653227
20.889936
20.826212
20.803446
20.594048
21.682014
21.663809
21.668356
21.590977
21.718433
21.600079
21.718433
21.736736
21.631502
21.713856
21.645231
21.873989
21.896864
21.800791
21.86484
21.841965
21.919741
21.979223
22.024971
21.732161
21.860266
22.061571
22.267456
22.358961
22.496214
22.308634
22.198832
22.171377
22.258308
22.290335
22.372684
22.532818
22.427588
22.688379
22.564844
22.601446
22.601446
22.505363
22.665497
22.853081
22.692949
22.747849
22.779882
22.514517
22.793606
22.953743
22.926285
22.930862
23.04524
23.072691
23.159618
23.306025
22.894258
22.793606
23.328905
23.365499
22.962891
23.241974
23.328905
23.379221
23.521061
23.580544
23.960278
24.038055
24.262236
24.446075
24.395523
24.446075
24.919466
24.781588
24.413904
24.294411
24.23007
24.551786
24.533401
24.703459
24.616131
24.868908
24.671284
24.469061
24.299013
24.36795
24.423101
24.588552
24.69886
24.731033
24.588552
24.593147
24.602346
24.680473
24.386335
24.731033
24.776991
24.528807
24.220877
24.570175
24.381737
24.74482
24.942446
24.924061
25.493969
25.723764
26.068466
26.073059
26.252306
26.164984
26.330435
26.426952
26.505089
26.702709
26.679728
27.006046
26.757862
26.436146
26.132807
26.031694
25.967358
25.829473
26.358013
26.50968
26.495892
26.477507
26.151194
26.233921
26.073059
25.599672
24.147339
24.469061
24.025846
23.887346
23.827324
24.118183
24.279772
24.473675
24.473675
24.487528
25.73868
25.480141
25.281618
25.461676
25.230833
25.263151
25.120029
25.064627
25.272385
25.429356
25.152349
25.52631
25.512455
25.304701
25.115416
24.967678
24.958448
24.635265
24.501377
24.293619
24.556778
24.810701
24.746065
25.004608
24.93074
24.921507
24.87534
24.926125
25.138498
25.078478
25.092325
25.207747
25.447819
25.21237
24.695284
24.704523
24.796852
24.639887
24.639887
24.810701
24.68605
24.755302
24.316706
24.192051
23.762684
23.776537
23.536465
23.130186
23.434893
23.651884
23.5734
23.942741
23.915045
23.451212
23.525425
23.543976
23.590359
23.720236
23.460489
23.641386
24.146959
24.392792
24.708191
24.796322
25.000404
25.042149
25.005037
25.051426
25.051426
25.11636
25.037514
24.893723
24.893723
25.162746
25.408573
25.505983
25.39002
25.023598
24.805593
24.657169
24.745296
25.032873
24.694279
24.940107
24.759211
24.68964
24.805593
24.879807
24.777765
