Adjusted
34.112919
34.530697
33.524624
33.337048
32.842533
33.37114
33.499039
33.695145
34.513649
33.712189
32.808422
31.376038
31.742653
31.111732
30.693951
31.162897
30.779222
31.162897
31.444241
31.435715
31.682985
32.151913
32.382126
31.503937
31.358986
31.913181
32.944836
35.084881
35.238361
36.014229
36.568439
36.704845
37.216412
38.231026
37.668301
37.898499
39.407612
39.441723
38.665855
39.433201
38.555012
39.288269
39.433201
39.646343
38.427128
38.145767
37.591568
39.203003
39.799816
41.777878
40.840012
39.134792
40.848541
37.693886
37.762093
38.375973
39.561096
40.379601
39.305317
38.851055
39.406063
39.841545
39.867153
39.107208
39.636608
40.157463
40.94302
41.831059
41.839592
40.644169
41.45536
42.112831
43.572945
42.249451
43.026474
44.12796
45.835701
45.357533
44.213345
46.689571
45.93816
43.846184
44.145031
43.487556
44.973301
46.740803
48.602245
47.919147
48.286304
48.388767
47.782524
49.746414
48.807163
48.755928
50.19043
50.327045
48.892551
47.569069
46.177246
44.870827
45.417297
46.006477
44.66589
46.766418
47.483669
47.218979
45.878387
47.884987
49.567108
51.300461
50.258747
50.950371
49.772041
50.600296
52.137249
54.647636
56.304131
54.126766
54.613483
57.883812
55.885746
54.451237
53.708385
54.789814
56.388451
57.585293
59.329266
57.089458
55.003529
52.618401
49.344177
52.644051
54.302513
53.857983
50.857327
48.446526
46.796608
46.446098
47.736984
43.684811
40.145573
41.94083
41.282574
41.8297
40.333645
43.556576
42.872684
42.077618
38.683704
38.4016
39.606991
38.56403
37.008121
37.213303
38.487076
40.273811
39.666832
38.923073
38.4016
40.111366
41.564678
42.222939
40.735435
41.034657
42.274239
43.257374
42.094711
41.376602
38.675163
38.606777
38.179325
37.905766
36.520844
33.246613
34.323784
34.332333
36.127602
32.802074
33.015793
31.767664
32.973068
35.674507
34.956394
34.999146
33.879246
34.563141
32.434475
27.924574
30.717026
29.380768
25.757418
24.772352
22.699419
19.187437
19.196003
15.170065
14.150736
17.302959
18.485039
13.996549
15.718279
17.534241
19.975489
19.975489
18.091011
18.373686
17.474272
15.118672
16.677654
17.688414
18.904762
18.819105
17.671288
19.65856
21.268936
19.298792
20.035448
20.275301
19.153173
17.242996
18.69062
18.185236
18.039618
18.082445
16.532032
11.975018
14.536197
15.641189
15.624056
17.337217
14.716077
12.848732
12.206295
12.077807
10.141931
9.696508
12.060674
12.394742
15.272853
14.193566
14.253523
13.40551
13.893761
13.782405
13.508297
13.679614
13.379809
13.054308
13.002916
13.191363
13.362678
13.470273
13.91785
14.864639
15.604857
16.43115
15.742578
15.157288
14.356818
13.814561
13.986707
13.2637
13.194843
13.134591
11.826297
13.0227
12.222231
12.824734
13.599382
13.461667
14.417066
14.374031
13.607989
13.564954
14.184671
14.709711
15.39829
15.587648
16.241795
15.484359
15.518792
15.863073
16.009403
14.735533
14.098599
14.391245
13.513311
12.773091
13.41863
13.805956
13.289522
13.461667
11.619727
12.032873
12.704234
12.446016
12.10173
12.10173
12.712841
13.435845
13.694061
13.306736
13.685453
14.597818
15.071212
15.467148
15.183109
16.784046
16.758226
16.611898
16.353685
15.785614
15.072606
14.744187
15.167675
16.291204
17.241888
17.120882
16.049215
16.844328
17.890078
17.924644
18.140709
18.088856
18.097498
18.693834
16.913469
16.999891
16.757904
17.224598
17.9765
17.535734
17.181389
17.241888
17.034464
18.054285
19.722296
17.6308
18.486416
18.944464
20.603832
19.350666
19.169174
17.674009
17.907366
17.241888
18.218491
18.711117
18.996323
18.036997
17.717226
18.088856
18.002424
19.2556
19.584013
21.19153
20.819899
19.609943
20.214926
20.119854
19.80872
19.774149
20.672977
21.010036
20.603832
19.860579
19.480307
19.134604
18.883968
18.106138
16.731974
16.654194
16.904825
16.948038
16.973969
16.882875
17.203876
17.065067
16.206171
15.555496
15.269196
15.087008
15.555496
15.486092
15.815766
16.00663
16.665983
17.195198
17.455469
17.672363
17.811172
17.681036
18.349066
18.470522
18.67874
18.210251
17.854557
18.505226
18.60066
19.398823
20.188311
20.223013
21.203365
21.203365
21.246748
20.630768
20.509306
21.168659
20.526661
19.303392
19.572334
19.928041
19.971418
20.639448
20.769581
20.257711
20.223013
20.127584
20.465927
19.815256
19.520281
19.199286
18.722116
19.260015
20.032152
20.517981
21.906094
22.660879
23.502419
24.560854
25.090071
24.265877
24.161772
24.387341
25.254908
24.552181
24.135742
23.884151
24.439394
24.869991
24.704712
23.051929
23.22591
23.921816
24.130589
24.000105
24.600328
24.930882
25.235342
25.626789
24.782999
25.165749
24.939583
25.200546
25.096161
25.078762
24.304564
23.252008
22.38212
22.91275
21.547037
22.651787
21.312166
20.999008
21.32086
21.181684
21.590528
21.068596
21.973276
22.042866
21.903687
21.494843
21.773205
21.868895
21.138186
20.946815
20.337893
20.033438
20.181316
20.572767
21.625322
21.025103
20.807632
20.964212
20.355288
20.033438
19.633287
19.833363
19.615889
19.520205
20.155216
20.033438
21.19908
21.346958
21.668818
21.747107
22.669182
22.947544
23.321598
23.765236
24.208883
24.000105
23.252008
22.994673
22.575956
24.503799
25.271461
24.992317
25.053375
25.219124
24.425299
24.058918
24.268278
24.137424
24.346786
24.608484
24.128704
23.709986
23.221478
23.518068
23.142967
22.619566
22.253187
21.616386
22.558506
22.898718
22.532341
21.092989
21.38958
21.145325
21.380861
21.284895
21.921703
21.773405
22.532341
22.994673
23.954239
24.067642
23.6402
22.942335
23.151693
23.317432
23.177862
23.273819
23.326155
23.378502
22.846378
22.951054
22.322977
22.41893
22.384039
22.497442
22.366596
22.174677
22.174677
21.851917
20.752775
21.11916
20.272999
20.299168
20.159595
19.56641
19.514069
20.307888
20.513556
20.688583
21.108656
21.51123
21.458714
21.082405
21.099905
21.493723
21.29244
21.502474
21.598743
21.327442
20.898621
20.784853
20.889868
20.723587
20.898621
21.782526
21.414963
20.697334
20.7586
20.662333
20.828608
21.07365
20.67108
20.277262
19.66466
19.174568
20.216003
20.373529
20.592316
20.382284
19.795929
19.50713
19.472126
19.340855
18.395689
18.386936
18.159399
18.194401
18.518204
19.445871
19.550888
18.920774
20.408537
21.756275
21.082405
20.959883
20.994888
20.513556
21.362452
21.563736
21.54623
22.193846
22.03632
21.773775
21.537485
21.432467
20.706089
20.55732
20.023472
20.110989
19.647154
18.676872
18.395891
18.281736
18.009531
18.035873
18.808586
18.826147
18.861273
18.668095
18.799805
18.799805
18.826147
18.325638
18.387112
18.887617
18.562727
19.054451
19.151035
19.300312
18.685656
18.545162
18.527596
18.466131
19.019329
19.1686
19.704233
19.642769
19.572521
19.326656
19.528614
18.799805
18.474915
18.246616
18.378325
18.720778
18.334421
18.272955
17.895378
18.071001
17.763664
17.596836
17.623177
18.272955
18.29052
18.158804
18.65053
18.773466
19.072014
18.676872
18.545162
18.360762
18.615412
19.019329
18.870054
18.817369
18.992987
18.843712
19.089573
18.597849
18.369545
18.343204
18.931519
19.019329
19.045673
19.878345
19.957647
20.089813
19.631628
19.666872
19.904779
19.807854
20.310101
20.530384
21.032631
20.477514
20.230801
20.257229
19.992893
19.349661
19.525888
19.340855
18.680002
18.644758
18.732874
18.829794
18.794554
19.102949
19.235121
19.428968
19.658064
19.640436
19.622816
20.001701
20.318909
20.627308
20.451082
20.019323
19.658064
19.349661
19.473026
19.605196
19.948835
19.860723
19.226305
19.543518
19.376102
19.428968
18.609516
18.865044
19.058887
19.525888
19.869535
20.036947
20.169119
20.116247
20.195555
20.186743
20.283667
20.715424
20.768288
20.530384
22.345516
22.363138
22.389572
22.565798
22.530552
22.777271
23.041609
22.948826
22.895809
23.426006
23.169743
23.41717
23.567394
23.814821
23.82366
24.159456
24.645468
24.477571
24.442223
24.451063
24.592449
24.574776
24.565939
24.875223
24.238981
24.786854
24.477571
24.150614
26.094685
26.713247
26.960674
26.925329
26.563025
27.632259
27.870852
27.278801
27.23461
27.252283
27.862019
27.14625
27.110899
26.943005
26.889988
28.286179
30.336281
30.353954
31.255293
31.467381
29.779575
29.947466
29.717716
29.664696
29.558659
28.807539
29.647024
28.365707
28.993109
29.655861
29.700043
30.619055
30.04467
29.487961
29.823759
29.779575
29.806086
29.938633
30.256756
29.214022
29.487961
30.404625
29.687239
29.669523
29.961798
29.944078
29.828949
30.546329
30.130068
29.527822
28.279045
28.695305
28.916716
28.987574
28.323328
28.323328
28.527029
28.952143
28.792727
29.30641
29.332975
29.421545
29.820087
29.430397
27.747652
27.216255
27.331388
27.4111
27.721081
28.004492
27.384531
26.994839
26.37488
26.233173
25.763779
26.525438
26.490015
27.118835
26.746857
27.384531
27.455379
27.526236
27.552807
27.756508
26.915131
27.056835
27.039122
26.286312
26.330597
26.206606
26.348312
25.896626
25.081816
25.666355
25.471512
24.948971
24.816124
24.886972
25.498083
25.675209
25.657503
24.807268
24.798409
25.250097
25.808008
26.376581
26.740824
26.909624
26.811899
27.105068
27.167257
26.429888
26.447655
26.598682
26.838547
29.281649
29.219461
29.90353
29.956831
30.187815
30.552059
30.090094
30.303308
29.672544
29.6992
30.516525
30.516525
30.338842
30.409914
27.851326
27.256094
24.164467
25.870195
25.568142
27.442663
27.806908
28.686422
28.126728
28.16227
26.492073
26.038994
25.248314
26.341049
26.811899
26.252207
27.113953
28.224457
28.810793
28.775261
29.414911
28.526506
27.469313
27.993471
28.393253
26.98958
27.327173
27.9757
28.002356
28.180037
28.268873
27.593691
27.016228
26.136717
24.057858
23.133924
24.457642
24.590899
24.226658
23.868357
22.772087
21.354963
22.388842
22.629488
23.092949
22.593832
23.841621
23.725756
23.841621
23.930752
24.732895
24.33182
24.385298
24.153568
24.33182
24.786371
25.240925
24.340733
25.089411
25.98959
26.506533
25.06267
24.064442
24.964624
25.873724
24.126829
23.921833
24.144653
22.789913
22.763178
23.574238
22.879042
22.70079
22.691874
22.03233
21.684731
21.453005
21.087582
20.24087
19.982395
20.820198
21.194532
22.584927
22.549269
22.674044
22.415577
22.887953
22.754263
21.595606
21.978853
21.141054
20.882586
20.116093
20.303255
20.481512
19.661539
20.338905
20.490421
20.962799
21.149969
20.962799
20.196302
20.258692
19.866528
21.034098
21.265833
21.051931
21.372789
20.998453
20.748894
20.125004
19.836887
19.156866
18.620007
19.192656
18.503689
18.754223
19.935308
20.123205
20.919548
19.595299
19.729513
19.407396
18.906326
18.763166
19.792149
19.962149
20.266371
19.845831
19.783197
19.988991
19.801092
20.275322
20.320055
20.597431
21.268507
22.109587
22.029055
21.501141
22.35117
22.771704
22.467485
22.413799
22.369059
22.306429
21.769571
21.680096
21.080603
21.545881
21.993263
21.966421
21.662199
22.100634
21.689041
21.867996
22.422747
22.780651
22.888025
22.539064
21.859049
22.064842
21.662199
21.689041
20.803228
20.767437
20.731647
20.856913
20.329004
19.890572
19.818987
19.21055
18.512632
17.966829
18.567162
17.929081
17.246067
17.183163
16.230536
16.176615
15.673342
16.176615
15.969914
16.293447
15.781188
15.924974
16.572041
17.614534
15.04425
15.448667
15.628406
15.394745
15.215005
15.709291
15.439678
13.309758
13.947837
13.165968
12.61776
12.177397
12.905343
13.399629
13.408616
13.561395
14.001759
14.20846
14.693759
14.774642
15.188044
14.001759
14.846538
15.277912
16.365343
16.041809
16.500145
15.826121
15.700305
15.215005
15.574484
16.266483
15.880043
16.81469
17.111263
16.28446
16.724821
15.304875
15.32285
16.113703
15.978902
16.715836
16.832666
17.398849
17.650484
18.009966
17.956038
16.796719
17.147213
16.847456
17.253742
17.316942
17.371119
17.335001
16.504368
15.529271
15.745962
15.186183
15.601504
16.386997
16.666883
16.88357
16.991915
16.856485
16.188366
16.15225
15.980705
17.488491
17.96701
18.337183
17.768381
17.208603
17.344032
17.163458
17.181519
17.28083
17.515575
17.81352
17.976036
17.425289
17.506548
17.425289
17.488491
17.623919
17.190544
17.47043
17.325975
17.641979
17.786432
18.364267
17.669062
18.147583
17.957981
17.96701
18.526787
18.210781
18.03021
17.768381
17.605864
17.47946
17.497517
17.235689
16.97386
17.244713
17.03706
17.416262
17.641979
17.15443
17.578777
17.362087
17.533632
17.68712
17.551687
18.265442
18.301718
18.165682
18.483101
19.127018
19.571413
18.873079
18.854942
18.519379
18.211027
18.337996
18.229158
18.374273
18.20196
16.769014
16.569496
16.814363
15.925577
15.599085
15.453978
15.626294
15.771401
15.281662
14.864476
15.07307
15.843951
15.961856
15.952786
16.17045
15.635362
15.789542
15.825819
15.898368
15.444908
15.327009
15.299802
15.390493
15.508394
15.644432
15.408631
15.499323
15.381424
15.127484
15.018655
15.1819
15.644432
15.599085
15.943716
15.707915
15.435841
15.553742
15.29073
15.018655
