Adjusted
30.762411
30.981167
31.33518
31.808516
31.812483
32.210236
32.178417
31.585768
31.569853
31.279491
31.307344
30.742525
30.62718
29.811783
30.12751
29.759821
29.476048
29.703857
29.591948
29.37612
30.575153
30.143497
29.847746
29.923693
29.759821
30.223448
29.703857
30.219435
30.663084
30.818956
30.459238
30.103542
29.943655
30.383316
30.043581
30.44726
30.826935
30.767004
30.966841
30.862923
30.411278
30.711042
30.751011
30.627111
30.255409
29.931669
30.051594
30.543179
30.547171
30.82295
30.487226
30.639095
31.018793
30.886894
30.974825
31.022791
31.210636
30.998814
31.054764
31.22263
31.138695
31.330538
31.078743
31.134701
31.530382
31.314554
31.334541
31.430456
31.466434
31.174662
31.342535
31.298561
31.290577
31.054764
30.938856
30.958849
30.749939
30.697708
30.697708
30.57316
30.545038
30.444611
28.403709
29.231314
29.600931
29.420137
29.476389
28.869741
28.801439
28.608603
28.528252
28.447914
28.765291
29.046515
29.126863
28.958124
28.837614
28.737162
28.986252
28.982235
29.10677
29.267483
29.528612
29.874117
29.392023
29.468359
29.926346
30.14731
29.203199
29.287565
29.862066
29.649137
29.468359
29.448267
29.263458
29.082666
28.809483
28.749216
27.965799
27.656456
27.495764
27.993925
27.805109
27.403349
27.760916
27.881437
27.732794
28.263096
27.945721
28.074278
28.247032
28.070263
27.797073
27.704666
27.748863
27.781012
28.00197
27.656456
27.556015
28.32382
28.331902
28.283409
27.96417
27.705536
29.964508
30.295862
30.012997
30.081694
30.271622
30.647436
30.760588
30.615116
31.629421
31.459698
31.496065
31.269751
31.322306
31.690027
31.419275
31.249556
30.91011
30.817162
31.221277
30.704016
30.655514
30.80505
31.039423
30.724222
31.003056
31.140455
30.89393
31.144497
32.02544
31.758728
31.601122
32.134548
32.324478
31.593054
31.722357
30.857571
31.067699
30.594898
29.701832
29.762451
30.231205
30.712103
31.140455
30.174629
30.449419
30.841417
31.019226
30.510046
29.350252
28.954237
27.42267
25.672884
24.549469
27.127666
25.862814
24.476725
25.301109
25.131386
26.10932
25.410215
23.921722
23.706171
22.750443
22.274601
24.369081
24.401619
26.121931
25.52409
25.837242
26.902782
25.910448
25.05232
25.629827
25.845381
25.1784
24.202339
25.906387
25.239405
25.247538
26.048731
25.617632
24.604965
25.479359
25.983656
25.515957
25.82098
26.46356
24.983191
25.479359
25.881985
25.117401
25.625761
24.962852
24.393484
24.06406
23.815985
24.084391
24.157597
25.467154
25.288202
25.995861
26.435087
26.898712
26.780769
27.500624
27.695833
27.407084
27.663296
27.874781
28.192007
27.66736
27.04513
26.80924
26.654701
26.394415
26.675034
26.211401
25.548492
25.646099
25.841312
25.442755
25.796574
25.608307
25.244057
25.284983
25.465069
26.132185
26.692884
26.619225
26.332724
26.913898
26.218126
26.365467
26.872974
26.254959
25.636953
25.74337
25.911175
25.837505
25.006672
24.920723
24.851152
24.343651
23.90164
24.36002
24.089901
24.28635
24.630144
23.795221
23.459612
23.983488
22.931656
22.939844
22.530561
22.853893
23.074902
23.128111
23.582394
23.459612
24.110361
23.631516
23.455523
23.480076
24.274075
23.930283
24.241335
24.675163
24.355927
24.061253
24.139011
24.065342
25.059879
24.736557
25.010769
24.691534
24.810225
24.474619
23.938473
23.447342
23.750198
24.237236
24.892075
24.752922
24.802042
24.418629
24.311434
24.389767
24.476341
24.315559
24.616516
24.323805
25.313255
25.671926
25.379215
25.292635
25.507019
25.486403
25.638948
26.162523
26.442865
26.154276
26.174894
26.583031
26.471725
26.343916
26.343916
26.430498
26.698471
26.179014
26.37278
27.189068
28.619637
28.957701
29.205059
29.402943
29.229797
29.221544
28.928835
29.007166
28.96595
29.427681
28.842264
28.281584
28.660868
29.192692
29.093746
29.085506
29.007166
28.937094
29.452423
29.584341
29.576094
29.16383
29.741009
29.716269
30.664478
30.145033
30.235731
30.120295
29.36585
30.029589
30.235731
30.13678
30.318176
30.309942
30.272837
30.425379
30.458553
30.931362
31.147036
31.147036
31.259007
31.458069
29.790817
30.043827
29.915239
29.948423
29.695429
29.653959
29.45487
29.571014
29.765932
29.786671
29.873768
29.757643
29.587595
29.558565
29.848886
30.180676
30.342428
30.201414
30.313393
30.40049
30.371464
30.176525
30.151644
29.770071
29.861326
29.517092
29.479769
29.649799
29.877914
30.371464
31.200939
31.126295
30.877438
31.31707
31.213383
31.561766
31.395861
31.379282
31.669594
31.677887
31.727671
31.677887
31.7484
31.636419
31.445635
31.868668
31.876961
32.316586
32.250237
32.644238
32.644238
33.02166
32.623497
32.623497
32.669117
32.872337
32.959446
32.946999
32.731323
33.106697
32.41436
32.289242
32.468586
32.397682
32.923191
32.793884
32.823086
32.34346
32.668777
33.198444
33.311054
33.878265
33.978355
34.082623
33.573807
33.986702
34.36623
34.549736
35.81345
35.208706
35.021015
35.271271
35.475628
35.225395
34.879223
35.112778
35.763405
36.001129
35.721695
35.538174
34.608135
34.199402
34.407932
34.541397
35.000175
35.2379
35.242069
35.292114
34.566414
34.457989
34.712395
34.716564
34.799976
34.679039
34.595612
34.558086
34.553913
34.261963
34.553913
34.833344
34.754105
34.616478
33.995045
33.844894
33.648869
33.807362
33.540432
33.365269
33.611347
33.035782
33.161613
33.849419
33.748749
33.71101
33.715202
33.547455
33.56422
33.526485
33.992008
33.895546
33.413242
33.241295
33.169998
33.622944
33.476151
33.690048
33.409061
33.811676
34.05492
34.574978
34.285591
34.424
34.344307
34.79306
34.855965
34.784668
35.141159
35.170521
35.170521
35.296337
35.317303
35.20826
35.438923
35.053082
35.262779
35.292137
35.384399
35.489262
35.493439
35.552162
35.58152
35.627647
35.791218
35.371819
34.981796
35.413765
35.640247
35.841545
35.757664
35.988335
35.908653
35.619267
35.694752
35.464085
35.342472
35.560547
35.4599
35.497639
35.334076
35.334076
35.292137
35.4557
35.522804
35.442619
35.142963
35.535469
35.278011
35.873096
35.788692
35.493275
35.56501
34.974163
34.910851
34.509914
33.851543
35.10498
34.957272
35.26115
35.083889
34.927731
35.370869
35.092327
34.670296
33.889526
33.58987
33.226921
33.058113
32.910404
33.243813
32.956821
32.467258
33.011677
33.290226
32.598091
32.766911
33.239582
33.222706
33.539223
33.404182
33.475933
34.104759
34.02879
34.142738
34.011906
34.252472
34.159622
33.90218
33.897968
33.353539
33.442162
32.918854
33.239582
33.27335
33.222706
33.243813
34.176502
34.590099
34.670296
34.961487
35.092327
35.159847
35.067017
34.957272
35.075447
35.4384
35.041687
35.071407
35.453686
35.568371
35.929394
35.619331
33.181297
33.546574
33.236504
33.189777
33.1558
32.760796
32.493195
32.395504
33.11758
32.48045
32.714073
32.446472
32.353031
32.471962
32.620625
32.59938
32.293568
32.076935
32.055702
31.975006
31.42708
31.537516
31.37187
31.363373
31.822086
31.783869
31.792358
31.754139
31.681929
31.669182
31.932529
31.877314
32.038719
32.395504
32.52718
32.862736
33.236504
33.363934
33.321445
33.1558
33.351185
33.52533
33.474365
33.261986
32.646099
32.522942
32.459221
31.822086
31.414337
31.325136
31.813601
31.792358
31.830595
32.166149
32.212864
32.234104
32.590881
32.387016
32.782028
32.803406
32.863281
32.876129
32.696495
32.290195
32.042126
32.983036
33.042904
33.380795
33.556129
33.547585
33.175499
33.154106
32.927437
32.906059
32.824795
32.752083
33.517643
32.850456
33.089962
33.449219
33.586075
33.526188
33.256763
33.346577
33.098507
33.012974
32.739262
33.030087
33.256763
33.338017
33.248192
33.432095
33.637398
33.440659
33.449219
33.936771
34.548363
34.638187
34.719429
34.642456
34.40295
34.172001
34.608234
34.441444
34.390114
34.548363
34.411507
34.343075
34.373013
34.124947
34.077904
33.864056
33.663055
33.50053
33.312359
33.449219
33.534756
33.491982
33.491982
33.530479
33.78709
33.782806
34.01532
34.376999
34.497555
34.445892
33.32209
33.149853
33.055138
33.029305
32.745129
32.693459
32.82692
32.844158
33.825871
33.722527
33.468487
33.980881
34.019627
33.688084
33.817253
33.756973
33.765583
33.843082
33.744041
33.438347
33.636414
33.808632
33.429733
33.283344
33.614883
33.369457
33.386684
33.666542
34.01532
34.006702
34.092812
33.700996
33.270428
33.007786
33.024986
33.132648
33.761288
33.769894
33.70961
34.575058
34.510471
34.656872
34.626728
34.966881
34.773121
34.669788
34.885071
34.807571
35.104671
35.117577
34.997028
35.139118
35.539543
35.139118
35.23814
35.225212
35.027164
35.057301
34.992718
34.975372
34.65012
34.932003
35.153168
35.981483
36.579948
36.666683
36.731724
37.143711
36.818451
36.809792
36.853153
37.061317
36.892189
37.820244
37.534019
37.273815
37.412594
37.386566
37.68581
37.534019
37.325863
37.122021
36.896523
37.000595
37.174072
37.959011
37.690132
37.07
36.475876
36.614639
36.380459
36.519238
36.905201
36.731724
37.00927
37.555691
37.191414
37.542698
38.110798
38.644211
38.56181
37.959011
37.386566
37.061317
37.039635
37.21743
37.616405
37.906967
38.366657
38.154167
38.344978
38.501099
38.344978
38.292946
38.141148
38.119461
37.763855
38.600834
38.158497
38.388336
38.405682
38.596508
38.247292
37.880619
37.928638
37.317516
37.051254
36.832989
36.675842
37.007607
36.806801
36.047268
36.732597
36.143299
36.361549
34.999638
36.741329
37.252041
37.653633
37.636181
37.675453
37.121094
37.099262
37.190929
37.981026
38.107601
37.911171
38.343323
39.185787
39.565559
39.273102
39.242542
38.64016
38.84531
40.07629
39.486988
38.832218
38.290947
39.05048
39.892941
40.285809
40.875103
40.735416
41.014786
39.281834
38.155632
38.814758
39.674694
39.753262
38.731823
39.0854
38.709991
38.544128
38.596508
39.06794
39.369141
39.465164
40.045723
39.438976
39.818737
39.770729
40.30764
39.69651
40.30764
40.237797
39.993351
41.258522
40.0812
39.527691
39.773701
40.120743
40.072418
39.699028
38.697422
38.631523
38.886326
38.68425
38.855576
39.29047
38.416279
38.719391
39.171864
38.943436
39.004925
38.939049
38.675468
38.925861
38.411888
38.745758
37.990166
38.099987
38.780891
39.404686
40.195419
39.584805
39.619946
39.720985
39.773701
40.063629
39.778091
39.738552
39.628742
39.400299
39.228977
39.791267
39.488163
39.496937
40.217388
40.84119
40.595177
40.893898
41.003727
40.735756
40.951012
40.586399
40.010921
39.800064
39.597984
39.448627
39.439842
39.294872
38.881927
38.899502
38.886326
39.417873
39.672657
39.523308
39.350868
39.072323
39.019264
39.545414
40.389912
39.969875
39.576359
40.111355
40.292637
40.186523
40.473907
40.341274
40.473907
40.442959
40.571186
40.310322
40.518135
40.63308
40.748043
41.260921
41.229977
41.283043
41.181347
41.265354
41.252094
40.849739
41.106182
41.199032
41.053131
41.207867
41.274189
41.269768
41.044289
41.535061
41.552742
41.773819
42.105434
42.070049
42.189438
41.910877
42.167324
42.291126
42.521038
42.569683
42.41935
42.80402
42.759804
42.467983
42.750973
43.232891
43.524712
43.431858
43.263844
43.400921
42.905708
42.521038
42.684643
43.082565
42.980869
43.184254
43.59103
43.551231
43.409752
43.997089
43.480949
43.796867
44.308559
44.259617
43.774616
44.023788
44.094986
44.651173
44.490986
44.108334
44.317451
44.130585
44.086082
44.339706
44.188431
44.054935
44.958199
45.082783
44.410904
43.957035
44.032684
44.135033
43.779068
44.108334
43.961506
44.21067
43.974857
43.739017
42.929199
43.236229
43.27182
43.752361
43.939251
44.571087
44.490986
44.517689
44.588882
45.082783
45.17622
45.238514
45.073883
44.820267
44.250717
44.450939
44.192867
44.53994
45.162868
45.380905
46.319752
46.150669
46.54668
46.56448
46.404301
46.390953
46.230766
46.199615
46.101734
46.924892
46.439899
46.791405
46.844803
46.996094
46.503754
46.006931
45.698093
45.765244
47.613743
47.967339
48.101616
48.05238
47.712219
47.161686
47.649555
47.600319
46.942379
47.116943
46.973705
47.161686
47.242256
47.184074
47.219875
47.36758
47.524235
47.421284
47.309387
47.161686
46.866283
47.340721
47.354153
47.600319
47.636135
47.358631
47.58242
47.989716
47.667458
48.110558
47.57795
46.414227
46.020351
45.930843
46.790203
46.436611
47.063217
47.448147
47.394432
47.797249
47.680878
47.864391
47.734592
47.779354
48.047909
47.989716
48.334351
48.30302
48.352261
48.544716
48.540237
48.558151
48.083702
48.200081
48.352261
48.289604
48.544716
48.602894
49.489105
49.511501
48.494259
48.471752
47.949631
47.963131
47.080925
46.75235
47.242966
47.652565
47.242966
47.364498
47.549053
47.247467
46.842369
46.75235
46.950397
46.936897
46.599316
46.70734
47.328484
48.120674
48.120674
48.071167
48.61129
48.548275
48.449249
48.503262
48.615788
48.836342
48.651787
48.422241
48.255699
48.003651
48.777824
48.066662
48.557274
48.156673
47.783092
47.639065
47.805595
48.278214
47.724575
47.616543
47.305973
47.283478
47.13044
47.382492
46.828873
