Adjusted
35.065624
33.95829
32.744312
33.26107
31.96508
33.211849
34.384815
34.762131
34.146938
32.801743
34.671906
30.841347
30.053902
30.7183
32.416229
33.81884
32.686886
33.884457
33.925468
34.803146
35.730019
37.026016
35.196861
33.876259
33.36771
34.114128
33.51535
32.555656
33.162647
32.727905
32.137329
32.153744
31.505737
32.047108
31.34169
32.194752
32.235764
32.014294
31.956877
30.529648
29.725817
29.422314
30.201548
29.80784
28.839933
29.734005
29.619171
32.243961
31.167776
31.810154
30.675564
30.650541
32.202259
31.359653
32.978111
32.919712
32.694466
31.117723
29.991472
29.248995
29.265676
31.468122
30.934187
30.967564
30.116615
30.867449
30.149982
29.365789
29.265676
28.781805
27.797384
28.106056
28.823521
28.748432
28.381355
27.680595
27.180038
27.021528
28.448105
28.965347
29.674461
29.340748
28.973688
31.126064
31.609934
32.302376
33.62883
32.736179
32.385784
32.419151
33.111607
32.744518
32.936401
32.836281
31.985344
32.0938
30.967564
30.475349
31.134403
30.767332
30.925835
29.749537
30.867449
31.01762
30.408602
30.391912
30.333515
30.984238
29.457558
28.272913
28.698387
27.354475
27.141829
26.172174
27.235395
26.708038
24.777229
24.437
25.100449
23.390799
24.232868
24.088274
23.2377
22.880451
21.80022
22.982525
21.766205
20.992176
19.809883
22.361597
20.532867
20.005512
20.286205
18.236315
17.768497
20.405281
23.969185
24.641144
23.390799
26.316774
27.065281
24.190331
23.697002
22.82942
24.734701
25.525734
24.428497
25.091948
25.151485
26.861141
27.031254
25.848955
26.716545
27.941366
26.299759
25.415163
25.874477
25.865971
24.930336
23.807583
22.880451
21.859762
22.880451
21.970337
22.268034
22.489185
23.756542
23.892635
24.802748
25.270563
23.186659
25.644821
28.375166
27.133324
26.869648
27.443003
28.224854
26.470028
28.398602
27.234509
31.777939
36.486431
32.577164
32.116741
30.422726
30.231609
29.797243
26.27891
28.485472
31.013454
29.84938
29.03277
27.582003
26.061728
23.264437
19.737423
21.136061
21.414057
25.844551
24.584896
25.384127
25.471003
24.36772
25.253813
23.759613
22.560776
21.205561
22.413092
24.767338
23.611931
23.142813
23.968107
23.863865
25.349377
23.577185
21.822355
21.327181
20.719076
20.197842
18.999002
20.432405
19.068502
18.799196
18.694944
17.009619
14.551135
14.881248
16.679512
17.609045
18.486456
19.589735
15.923715
17.331045
18.121592
17.635105
18.868692
20.006723
18.738386
18.47777
16.377621
16.951193
16.201134
17.533585
16.898245
16.915895
16.7747
16.85412
16.836483
16.96884
16.8806
16.527632
17.110025
17.51594
18.486593
17.136497
17.974791
16.642345
16.659986
15.795232
14.321595
14.859865
14.277472
12.883257
12.689128
11.383151
12.23027
13.368586
15.089298
15.142241
15.283428
17.63065
15.989359
14.701033
14.833393
14.683381
14.815747
14.97458
16.721762
16.818817
13.818618
14.639265
14.524549
13.668609
12.256743
12.071436
11.012537
11.97437
12.000845
13.236223
13.42153
14.56867
13.245048
12.874434
12.530292
12.274394
10.906647
11.330208
11.894953
13.465653
14.634272
16.218985
15.776325
15.554997
16.387192
18.299473
16.617376
15.811742
18.264059
16.953791
17.865669
17.608931
17.352192
15.484172
16.210131
16.989208
16.759026
17.299065
16.573112
15.926833
14.536884
17.325628
18.954609
17.272507
16.820999
17.989613
19.255615
16.528843
19.158228
18.901489
18.644747
19.547775
17.963058
17.865669
19.299883
18.573917
18.556219
21.557438
21.309544
22.973942
20.123224
20.335701
19.521215
18.600481
18.051582
18.936905
18.104708
19.220205
18.812956
17.901081
18.405708
17.998468
18.706718
17.971909
18.503096
19.193644
18.910345
18.538513
18.423422
19.990423
19.255615
19.175938
19.043142
19.423824
20.240179
20.080452
19.343964
18.784945
18.083948
18.891422
19.113255
18.110571
18.10169
18.32353
18.82044
18.926918
19.20199
18.767195
18.989031
18.500998
18.651844
18.767195
18.234798
18.367891
18.021828
19.131008
19.379457
20.266792
20.169191
19.654537
20.249044
18.199299
18.61635
19.370581
19.805382
20.754831
20.861313
20.293419
21.109768
21.15414
22.298798
22.671476
23.665304
23.399094
24.499399
24.472782
23.292616
23.940374
24.250938
24.463911
23.434593
23.736288
23.656425
23.762911
24.037975
23.656425
23.328112
23.434593
23.38135
23.71854
23.665304
22.777966
21.86401
22.32542
22.556129
23.22163
24.002489
24.56151
24.534845
24.534845
25.663807
27.87727
26.837202
27.24612
26.401625
26.463858
26.170506
25.610468
25.388235
26.27717
26.508295
26.37496
25.219336
25.583803
26.650534
26.517187
27.041662
26.543852
26.961658
26.810535
26.677198
27.939495
27.521696
26.623865
26.997217
28.179512
26.872763
28.135065
27.370571
26.499405
25.859369
24.837088
25.334888
24.668184
24.56151
24.437056
24.010368
24.170382
24.508175
25.237108
24.899311
25.494902
24.881531
24.810419
25.334888
25.566023
25.894928
24.95265
24.810419
25.477123
25.414894
25.539351
24.712635
25.308226
25.192667
25.477123
24.588177
25.139322
24.428171
24.668184
25.31711
24.970428
25.718466
26.039061
24.997139
24.881372
24.640936
25.157438
25.816425
26.23498
26.37746
26.858339
26.519947
26.680237
26.751482
26.332937
27.161129
27.259089
27.864643
29.378546
29.004517
28.692835
28.986702
29.529928
30.393738
29.262774
29.423071
29.895048
31.898748
31.72064
31.613777
30.972586
31.515814
31.346609
30.732147
31.569239
31.346609
30.758856
29.690228
30.304686
29.761469
30.3225
30.830101
31.204117
31.168509
31.702829
31.355505
30.954765
31.658295
32.201519
31.319891
32.076847
31.872021
32.13028
31.818592
31.76515
31.631582
31.827496
32.718029
32.317287
31.791872
32.495392
32.629162
32.86993
33.226631
33.663589
34.100544
33.868694
34.011372
33.984612
33.984612
34.269966
34.082726
33.494148
33.779518
33.761681
33.922199
33.859764
34.724777
36.178333
36.374512
36.561779
37.061161
37.212753
36.864971
37.836979
37.551624
36.356674
36.490433
37.649715
38.701973
39.772079
39.486717
38.006397
37.007645
36.971977
37.37326
37.453529
38.479046
37.524868
37.988575
36.945229
35.928642
38.015327
38.479046
38.942738
38.657387
37.649715
37.507023
36.392342
36.249668
33.654667
34.466156
33.280132
33.868694
33.868694
34.849613
33.975697
33.226631
34.394821
33.877605
32.325977
32.049515
32.780743
32.646999
33.636829
33.431458
33.627895
34.601204
34.431545
34.279747
35.020893
34.851219
34.208317
33.752911
32.913559
34.315464
34.449406
33.261806
32.88678
32.520672
31.50272
32.181355
34.324398
34.092228
34.958378
34.761925
35.788815
34.976231
34.636921
32.297424
32.333153
32.868912
32.342072
33.342171
33.699348
34.547619
34.967308
34.788719
34.636921
34.252964
35.181606
35.047676
34.672638
34.127956
33.181435
33.32431
33.574333
32.368874
32.368874
32.029549
32.154564
32.4403
32.493874
31.717024
31.556297
31.288418
30.538357
30.199038
29.743641
30.413345
29.859716
30.725878
31.725962
32.431377
32.976063
32.208134
32.681389
32.824268
32.770683
33.995678
33.530724
33.790028
33.217762
32.976341
33.682724
32.779625
32.162663
31.572523
32.484558
31.626177
32.743862
32.654449
33.217762
33.226711
33.181995
34.567932
34.997135
34.541107
34.603706
34.514286
34.773579
34.398052
34.514286
34.138748
35.095493
34.326508
32.135838
31.903351
32.42197
31.500988
31.742411
32.448788
31.921246
31.992764
32.091133
32.144787
33.083641
33.986744
34.550041
34.710999
33.9599
34.237099
33.968845
33.325058
33.673779
32.851162
33.029984
33.450241
33.190945
33.137291
32.627625
32.860115
32.609745
33.065762
32.627625
33.396587
34.952415
35.390556
35.247478
34.657349
35.819756
36.266834
36.63343
36.337635
36.543785
36.068737
36.445198
37.054714
37.422211
38.264767
38.30061
37.879333
38.058605
38.381283
38.30061
38.040676
37.86142
38.336472
38.865314
38.703972
37.027817
36.758919
36.696167
36.911289
37.664215
37.655258
37.870377
34.724216
34.195374
34.849705
35.405434
35.118603
35.046906
34.455311
34.392582
34.051971
34.240204
34.948307
34.742157
34.437393
34.598732
35.091732
35.297882
35.450253
35.279957
35.692268
35.790871
35.620567
35.441311
35.10965
35.539886
33.881649
33.702393
34.365685
34.80489
34.867645
34.150558
34.222271
34.813862
34.38361
34.051971
34.688366
35.082764
34.867645
35.173172
34.41832
33.753311
33.169193
33.420799
33.959995
33.861149
33.492706
33.088314
33.097286
33.061356
32.800728
32.746815
33.025402
32.998459
33.205132
33.312969
33.241077
33.618504
34.454258
33.995945
34.319458
34.544117
34.499191
34.166687
34.094795
33.663445
32.926544
32.890606
32.630005
32.701881
33.366894
34.139729
34.112774
34.085812
34.067841
34.14872
33.995945
33.73534
33.672432
33.47472
33.663445
33.303997
33.259052
32.701881
32.971485
33.447769
33.564598
33.286015
32.773788
32.17168
32.153717
31.596554
31.767294
32.270531
32.450268
31.012413
30.967495
30.679926
30.473232
30.617023
30.374392
30.545128
30.356415
30.311346
31.005356
30.437534
30.599764
31.014374
30.897205
31.185625
30.771011
30.545677
30.41049
30.626801
30.572723
30.861153
31.158575
31.897673
30.933241
30.572723
31.275755
30.455551
29.752529
29.446083
29.833647
29.364964
29.373974
29.121607
29.274832
29.644367
30.590754
30.446539
30.347393
30.239239
29.446083
29.220745
28.869234
28.716011
27.715544
28.022001
26.958441
26.255411
23.668625
24.155336
21.829935
22.442833
22.001183
22.839417
22.20849
22.352701
21.009741
20.351774
20.33375
21.117891
21.48744
21.099876
21.640657
22.731253
22.61408
23.064743
22.046249
21.126907
20.423876
21.217043
20.306709
20.108414
20.459934
21.546299
22.089479
22.632669
22.569296
22.098536
22.170963
20.541407
19.89864
20.360346
21.20229
21.193233
20.49614
21.682098
20.794895
20.088758
21.283756
21.591564
22.569296
21.283756
22.469711
22.922367
23.673771
23.139639
23.230169
22.152853
23.402184
20.939739
20.885431
22.071379
22.714148
21.962742
22.732252
23.691877
23.465549
23.130587
22.469711
23.103426
23.537981
23.248278
23.610401
24.307487
23.121538
23.212061
23.96347
23.420286
23.64661
23.248278
22.705088
22.542135
21.808836
21.618725
20.704363
20.840164
21.482931
21.67304
22.831835
22.759413
22.822783
23.483662
23.438395
24.135471
23.302599
23.990623
23.356913
22.775263
22.738909
22.802528
22.484436
21.93005
22.829794
22.957026
23.565945
23.838593
23.68409
23.31147
23.656826
23.447794
24.283918
24.356627
24.883747
25.374514
25.774401
25.892551
26.101578
26.592346
26.755939
26.674135
26.728666
26.065226
26.883173
26.810465
26.901348
26.528727
25.347254
25.465399
25.292717
25.147303
25.529015
25.71987
27.337585
27.064938
27.34668
27.701117
27.655674
27.392111
27.401205
27.264879
26.964968
27.701117
28.310038
27.946503
26.801374
26.983145
26.646873
26.783203
26.765024
26.983145
27.419378
26.874084
26.446932
25.947071
26.755939
27.301233
27.664766
27.682941
28.959496
29.26951
30.609894
30.27252
30.363708
30.27252
29.807484
29.351576
29.442757
29.871317
29.479235
29.70719
29.479235
29.506586
29.442757
29.679829
29.196562
28.904781
28.421516
27.710295
27.95649
28.58564
27.856184
28.138853
29.132738
28.713299
28.850077
28.813602
28.640358
29.059792
29.214808
29.533937
29.643362
29.196562
29.70719
29.606894
29.479235
28.968611
29.032434
28.649473
28.603884
28.813602
28.731539
27.828829
27.509695
27.372927
27.18144
26.670824
26.816711
27.044666
27.272619
27.564402
27.719416
28.302979
27.409388
27.737648
26.151073
25.512802
25.704283
26.078131
26.388155
26.88966
26.005192
26.689054
26.54241
27.128984
27.458931
27.183973
27.715555
27.697222
27.28479
27.75222
26.753212
27.147314
27.394773
27.550579
28.14632
28.503761
28.916193
28.228806
28.036339
27.834707
27.495596
27.788883
27.40394
28.127991
28.237976
29.319466
28.980358
28.595417
28.100491
27.596409
27.358112
27.348948
27.944689
28.247139
27.926355
27.688063
27.660566
27.293955
28.100491
27.843868
27.935518
28.036339
28.082165
28.237976
28.228806
28.109663
28.439604
28.302128
28.870367
28.558752
28.393782
28.347954
27.990513
28.182978
28.127991
28.439604
28.641241
28.412113
28.14632
28.155489
27.96302
29.035345
29.539431
29.053675
29.06284
29.624575
30.480986
30.416529
29.845589
29.550905
29.440399
29.173342
28.795788
29.053629
28.33535
28.298508
28.639238
28.593193
28.583984
28.3906
28.758947
29.182556
29.28385
29.081257
28.952335
28.77737
29.072046
28.445852
28.436644
28.583984
27.902536
27.30397
27.101372
27.230295
27.018496
26.852737
27.230295
26.907993
27.451303
28.105129
27.838076
27.617064
27.764404
26.530434
26.235752
26.189701
26.346258
26.134455
25.664808
25.802938
25.830566
26.3923
26.62252
26.401512
26.880363
27.432892
27.248713
27.331594
27.092163
27.248713
26.815905
26.539642
26.62252
26.640938
26.825109
26.944828
27.092163
27.092163
26.721928
26.52755
27.175468
28.156601
27.915945
28.147341
27.934454
27.777103
28.017761
27.925203
27.888174
