Adjusted
7.474134
7.322116
7.110983
7.178545
7.018086
7.203881
7.271446
7.229219
7.461466
7.461466
7.676821
7.351674
7.191214
7.030752
7.288336
7.364345
7.271446
7.46991
7.583922
7.453019
7.668377
7.83306
7.668377
7.364345
7.398126
7.339006
7.203881
7.191214
7.275666
7.520582
8.124428
8.525577
8.643813
8.508689
8.272218
8.508689
8.576252
8.517136
8.555137
8.496022
8.251108
8.445351
8.436903
8.394677
8.32289
8.306003
8.187766
8.280666
8.213099
8.191989
7.989301
7.959739
8.183542
8.158208
8.175099
8.534024
8.673372
8.32289
8.267996
8.014635
8.193848
8.532784
8.676836
8.65989
8.59634
8.795466
8.689547
8.515841
8.456527
8.325191
8.37603
8.350607
8.443817
8.541264
8.592104
8.566683
8.435342
8.371791
8.380265
8.27435
8.409923
8.583632
8.706493
9.452162
9.308114
9.164062
9.257272
9.138643
9.342006
9.185246
9.33777
9.358953
9.47758
9.549607
9.354717
9.350478
9.278453
9.21914
9.40556
9.159824
9.274217
9.210668
9.384375
9.53266
9.541135
9.435213
9.587736
9.62587
9.295403
9.303872
9.210668
9.108989
9.045434
9.210668
9.015779
8.94375
8.668367
8.706493
8.346373
8.113352
8.041327
8.159958
7.884567
7.893041
8.03709
7.960828
7.812545
7.765937
7.847989
8.052057
7.856492
7.933016
7.860743
7.775718
7.826731
8.090318
8.379405
8.604732
8.400666
8.430427
8.523956
8.447432
8.341145
8.035048
8.154089
8.53246
8.766282
8.651496
8.73652
9.153151
9.029866
8.932084
9.233931
9.276444
9.280696
9.293452
9.352967
9.472006
9.276444
9.13615
9.046871
9.127645
9.229678
8.842805
8.966095
9.046871
9.208423
9.004358
8.995852
9.161658
8.86406
8.762033
9.063873
8.804543
8.978852
9.153151
9.229678
8.868314
8.732273
8.277375
8.689756
8.804543
8.451681
8.188098
8.154089
8.460184
8.800295
7.656678
8.345398
8.22636
7.801223
7.830986
7.73841
7.316087
7.247831
6.957747
6.552483
7.239298
7.098522
6.070431
6.552483
6.497025
6.812704
6.552483
6.057633
6.066166
5.575581
5.810209
7.235031
6.518355
6.441569
6.72312
7.290493
7.580574
7.209436
7.124117
7.427
7.055865
6.714588
6.386113
6.936417
6.625004
6.479961
6.578079
5.874199
5.673699
6.002176
6.518355
6.697525
7.102789
7.397138
6.590876
6.825502
6.851098
6.731651
6.893758
7.06013
7.000406
7.017471
6.812704
6.676194
6.654864
7.017471
6.970544
6.744452
6.72312
6.69326
6.625004
6.565279
6.654864
6.625004
7.021735
7.200905
7.674425
7.290425
7.376045
7.123469
7.239054
6.99076
6.721062
6.562667
6.340058
6.425676
6.562667
6.001866
6.451363
6.331497
6.417116
6.442801
6.387149
6.832365
6.562667
6.271563
6.292969
6.284407
6.061798
5.920528
6.066079
6.168821
5.79638
5.809224
5.899124
5.847752
5.518119
5.291229
5.560928
5.496714
5.432502
5.941932
6.014708
5.710761
5.590895
5.389691
5.351162
5.453906
5.137116
4.978722
4.803204
5.227016
5.295511
5.530962
5.578053
5.38113
5.680796
5.809224
5.586615
5.445344
6.027551
5.989022
5.967616
6.228754
6.224473
5.843469
5.83919
5.959056
6.237317
6.207349
6.176381
6.038748
6.133369
6.28821
6.17208
5.961328
6.184985
6.348426
6.227994
5.991435
6.137671
6.043046
5.853799
5.97423
5.918315
6.103262
6.554878
6.649502
7.036602
7.161334
6.989292
6.881763
6.748429
6.774234
6.627997
6.537672
6.434448
6.391437
6.202189
6.520469
6.451653
6.395738
6.21509
6.116167
6.314018
6.150575
6.103262
5.922617
5.987135
6.219393
6.103262
6.223695
6.068854
6.17208
6.193587
6.146274
6.240898
6.17208
5.944123
5.81939
5.961328
5.965628
5.965628
5.858101
5.931219
5.948424
6.176381
6.116167
6.176381
6.219393
6.223695
5.97423
6.007943
5.748608
5.835054
5.787508
5.731319
5.843697
5.860987
6.094389
6.120322
6.116002
6.267279
6.185157
6.116002
6.262956
6.267279
6.435848
6.435848
6.306179
6.492036
6.42288
6.539582
6.656282
6.509326
6.505003
6.466103
6.483393
6.379658
6.418558
6.461781
6.401269
6.293213
6.198123
6.314824
6.28889
6.513648
6.526615
6.57416
6.543903
6.721117
6.790273
6.621706
6.548225
6.664927
6.690861
7.058254
7.118765
7.283011
7.41268
7.438612
7.538024
7.529382
7.58557
7.369455
7.473191
7.460224
7.438612
7.278687
7.22682
7.213854
7.365134
7.512089
7.295976
6.772984
6.587127
6.660067
6.712166
6.742558
6.794656
6.75124
6.634016
6.668747
6.668747
6.629675
6.625334
6.703482
6.668747
6.560208
6.738214
6.5385
6.442985
6.386543
6.360492
6.516792
6.295369
6.29971
6.29971
6.104336
6.16512
6.334442
6.577576
6.447327
6.555867
6.655725
6.699142
6.881489
6.733875
6.568893
6.529819
6.516792
6.551527
6.564549
6.542842
6.46035
6.364835
6.495084
6.486401
6.907539
7.003053
7.498001
7.537077
7.615227
7.632592
7.65864
7.628252
7.628252
7.602199
7.428535
7.484976
7.541419
7.467611
7.428535
7.454584
7.411169
7.41551
7.411169
7.319994
7.409502
7.309081
7.256685
7.409502
7.387671
7.339644
7.208657
7.322177
7.278514
7.26105
7.339644
7.213023
6.985978
6.920484
6.990344
6.85499
6.920484
6.820061
6.911753
6.959779
7.112598
6.972879
6.776398
6.732737
6.641046
6.719637
6.684707
6.69344
6.697806
6.841891
6.837526
6.86809
6.985978
7.068936
7.047106
7.169358
7.047106
7.178091
7.348374
7.335277
7.405136
7.496828
7.610351
7.667109
7.64528
7.65401
7.671476
7.605982
7.65401
7.636547
7.675843
7.715139
7.65401
7.763168
7.898524
7.937817
8.051342
8.007678
8.077536
8.182325
8.221622
8.234723
8.258856
8.232528
8.026275
8.087709
8.118429
8.175479
8.193032
8.307129
8.276408
8.039439
8.153535
8.135986
8.131595
8.250077
8.320293
8.372953
8.100877
8.254468
8.776682
8.675748
8.947829
8.719633
8.662585
8.122818
8.056992
7.912179
7.934119
7.978004
7.793692
7.72348
7.942895
7.762974
7.7147
7.368025
7.473345
7.359248
7.754197
7.776139
8.043831
7.938507
7.907791
8.065768
8.074546
7.806859
7.618158
7.648877
7.64449
7.92973
7.982393
7.964839
8.184256
8.07016
8.153535
8.122818
8.052603
8.004333
7.978004
7.820023
7.754197
7.947286
7.758587
7.622548
7.784916
7.703293
7.853302
7.87095
7.87095
7.972425
8.166553
8.391562
8.373914
8.519506
8.179786
8.387148
8.32097
8.095959
8.303321
8.523922
8.590101
8.528333
8.629807
8.440091
8.590101
8.594511
8.475389
8.484214
8.356267
8.223907
8.263615
8.210673
7.945954
8.016544
7.884186
7.831242
7.835651
7.990071
7.87095
7.857712
7.698884
7.504756
7.645938
7.51358
7.610644
7.500343
7.544466
7.915067
7.976838
8.03419
7.853302
7.906247
7.932718
8.118018
8.126843
7.848889
7.95919
7.751826
7.782711
7.98566
7.998899
7.919481
7.906247
8.193022
8.078311
8.091548
8.00772
7.976838
7.862124
7.833295
8.015156
7.877649
7.935313
7.97967
7.992978
7.992978
8.046204
8.152656
8.405491
8.432101
8.476459
8.596218
8.653882
8.631704
8.769209
8.711547
8.990989
9.252689
9.150671
9.093008
9.172851
9.168413
9.341404
9.332532
9.274868
9.21277
9.195027
9.172851
9.061959
9.13293
8.986553
9.044217
9.124059
9.119624
9.048651
8.937762
9.039778
8.968813
8.964376
8.888969
9.239383
9.190592
9.186157
9.137365
9.221641
9.221641
9.248255
9.452291
9.45673
9.753915
9.585361
9.603103
9.501084
9.727301
9.869242
9.847062
9.838193
9.802709
9.793836
9.736173
9.793836
9.745042
9.965559
9.996743
10.130392
10.139301
10.11257
10.12148
10.068023
10.036839
10.041291
10.12148
10.14821
10.290766
10.362044
10.482327
10.513512
10.397685
10.388771
10.384318
10.174938
10.134846
10.424414
10.2774
10.339768
10.3665
10.486781
10.540237
10.482327
10.593699
10.691704
10.633791
10.762984
11.195106
11.235201
11.43567
11.195106
11.083735
11.110462
11.253019
11.475764
11.261931
11.168375
11.480218
11.38221
11.324299
11.386665
11.275292
11.012455
11.114919
10.909993
10.762984
10.442233
10.727345
10.629335
10.767439
10.718434
10.736254
11.016912
11.146104
10.883265
10.923358
11.003547
11.012455
11.230742
11.303686
11.258934
11.111266
11.026239
11.04414
10.985965
10.878569
10.829343
10.851718
10.959117
10.721946
10.869616
11.129164
11.339487
11.317113
11.451361
11.563232
11.693003
11.728806
11.939129
11.907804
11.616932
11.437936
11.384236
11.312636
11.554283
11.415563
11.384236
11.245513
11.057566
11.19629
11.35291
11.357387
11.241038
10.985965
10.914367
10.936741
11.156015
11.138114
11.294735
10.936741
11.021766
10.842766
10.704044
10.748794
10.793544
10.878569
10.690619
10.610071
10.70852
10.498198
10.489249
10.583222
10.601121
10.762219
10.704044
10.610071
10.551899
10.860668
11.079938
11.160489
11.339487
11.565583
11.673464
11.457705
11.498159
11.466695
11.250935
11.066642
11.044166
10.981237
10.846388
10.760983
10.999217
10.828406
11.048661
11.170026
11.250935
11.34533
11.08462
10.864368
10.796942
10.720527
10.21709
10.235068
9.799057
9.835017
9.183245
9.309102
8.89107
9.255163
9.277637
9.560824
9.538347
9.587791
9.115819
8.971981
8.89107
9.01693
9.246173
9.093343
9.246173
9.547337
9.583297
9.668703
9.718148
9.439459
9.309102
9.614761
9.628247
9.399003
9.502387
9.817038
9.879964
10.163152
10.311483
10.275524
10.212595
9.826026
9.448446
9.619254
9.844007
10.037292
9.888954
9.749612
9.403497
9.201482
9.567553
9.775445
9.983335
9.969778
10.417197
10.385562
10.665763
10.647689
10.819425
10.584416
10.747115
10.638651
10.652206
10.995679
11.149338
10.941447
11.208091
11.113183
10.77875
10.597975
10.385562
10.403639
10.539223
10.281615
10.23642
10.286133
9.766406
10.019493
10.17767
10.03757
10.078243
9.721212
9.603708
9.685058
9.725731
9.666978
9.522358
9.490724
9.829677
9.829677
10.245461
10.200267
10.557299
10.462391
10.480472
10.453353
10.155074
10.24998
10.516623
10.480472
10.475951
10.525664
10.54374
10.335848
10.575376
10.661244
10.679321
10.774232
10.756152
10.602492
10.76971
10.76653
11.125266
11.229705
11.329607
11.211543
11.447671
11.533947
11.543032
11.579358
11.524866
11.597521
11.679257
11.747373
11.83819
11.774617
11.742829
11.860895
11.947173
11.956254
11.969877
12.069778
12.192383
12.119729
12.328609
12.301365
12.301365
12.37402
12.469379
12.342235
12.446674
12.37402
12.950718
13.009747
13.245877
13.200469
13.295827
13.536495
13.25496
13.25496
13.336697
13.35486
13.373022
13.277662
13.214092
13.132353
13.277662
13.450217
13.550118
13.445678
13.640936
13.527413
13.531957
13.395727
13.5592
13.518332
13.491088
13.572823
13.618232
13.781706
13.69997
13.586446
13.545579
13.627317
13.719998
13.541936
13.386701
13.496279
13.391268
13.080797
13.231465
13.551067
13.468883
13.592159
13.738262
13.63325
13.459751
13.446056
13.25886
13.400396
13.537371
13.806748
13.825009
13.85697
13.971113
13.88893
13.861538
13.446056
13.528237
13.423225
13.318215
13.528237
13.414093
13.190373
13.172112
13.172112
12.943826
12.911866
13.10819
13.213204
13.144716
13.20864
13.172112
13.341041
13.21777
13.199508
13.071667
13.21777
13.254293
13.587592
13.701736
13.820445
13.669775
13.902627
13.68804
14.021338
14.194833
14.226794
14.29528
14.240494
14.00764
14.076124
13.847838
13.961983
14.172006
14.172006
14.673673
14.806777
14.701211
14.435003
14.393695
14.352386
14.389106
14.563516
14.27436
14.627775
14.609415
14.838907
14.866447
14.861857
14.77006
14.398287
14.412052
14.393695
14.50844
14.820546
14.783831
14.93988
15.398864
15.660487
15.885386
16.036848
15.857847
15.839488
15.857847
15.940463
15.857847
15.770638
15.692613
15.669665
15.614589
15.559506
15.623765
15.59164
15.582457
15.582457
15.59164
15.582457
15.582457
15.435586
15.389687
15.389687
15.472307
15.903749
15.816539
15.683435
15.72933
15.876205
16.179136
16.202087
16.09193
15.995544
16.2388
16.500423
16.624355
16.720734
16.459116
16.119469
16.426987
16.404037
16.313202
16.525303
16.691292
16.82962
16.848068
16.695906
16.28554
16.211761
16.197931
16.497637
16.79734
16.908007
17.115488
17.193878
17.037109
17.073996
16.79734
16.792728
16.765068
17.318371
17.304535
17.313761
17.341423
17.258429
17.138546
16.866508
16.691292
16.654408
16.677462
16.649794
16.322422
16.202545
16.345478
16.603685
16.857285
16.825008
17.018667
16.889561
16.732794
16.903391
16.995611
17.15238
17.097048
17.15238
17.004831
17.124712
17.073996
17.175432
17.2446
17.25382
17.032495
16.848068
17.309145
17.544304
17.525862
17.562742
17.166214
17.226151
17.19849
17.055552
16.922632
