Adjusted
93.304451
90.031837
86.037933
85.009384
82.784698
83.10865
84.68129
85.507736
86.295464
82.611664
79.84433
75.410225
77.302635
80.43129
84.444572
87.926216
87.076233
86.522469
85.414986
82.819336
85.470352
84.454262
85.691872
81.511108
67.176056
73.095558
71.571396
72.194366
73.405678
74.064629
73.502602
72.951599
71.986702
72.194366
71.493866
72.692711
73.509468
73.2714
72.916992
71.61293
71.059181
71.575539
69.633286
71.770744
70.128006
68.180054
63.995533
69.996216
69.149879
70.322296
67.436394
62.323662
65.625778
62.420795
65.48703
67.706924
69.817207
67.835976
67.902603
66.499863
65.084671
69.370445
70.495705
71.300423
70.842537
70.620567
70.8564
69.248383
69.317734
67.83181
66.180756
67.219955
68.941757
69.152641
69.889374
72.632332
67.082581
67.651428
67.290718
66.721855
65.684029
65.90329
63.468323
66.569252
67.622307
67.894249
67.289337
65.031975
64.560242
64.051041
64.529686
63.496071
65.90329
65.79921
66.319489
67.158897
67.221329
64.37709
64.404846
63.364254
63.010471
60.658752
60.672626
59.701443
57.176281
55.539116
52.445126
55.849907
53.931141
54.177414
54.299862
53.708515
55.183414
57.729706
58.357235
61.475384
61.451706
61.368252
59.72776
60.797741
60.352516
59.491219
56.623516
54.195496
53.31752
50.005974
48.849705
48.119217
46.513519
47.655861
44.632332
43.092041
42.64679
41.163551
42.932026
46.058533
46.584484
46.288113
45.29464
50.963245
54.35136
51.165016
51.319466
48.845524
52.063873
51.940022
50.108921
46.325684
44.838268
47.099308
47.687874
45.706486
47.604401
48.725876
46.982418
47.096523
47.853466
49.766621
46.840519
46.827984
47.584904
47.601601
49.698471
47.395679
44.864704
45.986183
47.93277
46.665188
47.042255
48.398891
45.589619
45.767731
48.987583
45.544323
46.386292
47.756054
48.908005
47.029976
48.068821
44.915989
50.266575
56.549908
55.293247
52.415443
51.86676
53.576458
56.424561
45.252781
52.537064
56.247784
52.842518
51.23465
57.110405
56.000298
57.36356
50.258877
55.593044
58.183754
56.33971
50.888153
52.795864
51.64473
50.954632
46.48167
43.014187
39.265278
35.523438
32.976555
37.282631
37.474957
38.983875
39.90023
42.591354
45.163696
39.886086
36.716976
38.047688
34.353928
33.431904
31.76745
31.846643
29.559956
26.85611
26.43187
24.164986
22.138508
24.857916
28.383392
28.274494
29.946028
29.972906
24.413885
24.408228
25.77853
25.095499
27.515104
31.76429
30.99753
31.491156
30.400051
29.91353
28.931973
31.659019
31.720188
31.673233
30.334608
27.569162
26.371367
26.662991
25.903355
26.136648
28.475338
29.604845
30.240725
29.922075
28.877914
28.264788
27.344398
26.776798
26.911942
26.320158
25.00856
23.863405
24.823627
22.628622
25.68854
23.951595
24.004236
23.696955
23.990005
26.334389
24.702713
24.739704
23.935951
24.399708
24.549068
25.328634
26.886335
26.741241
25.476583
26.357143
27.463894
27.118216
25.389807
25.266039
25.428209
25.866362
24.603132
26.210609
25.889116
26.18075
25.947449
24.651501
25.303034
26.771103
25.951714
26.119215
26.32106
27.808481
27.658159
28.767639
28.366791
27.882923
32.054543
34.073078
32.630051
32.728817
37.855324
33.971451
35.685036
36.757301
35.000744
33.559132
35.272747
33.985752
35.125298
36.632755
35.149628
34.40807
34.866177
36.920486
38.041424
35.431652
36.239059
35.01936
33.987175
31.862724
32.778931
31.288654
34.568409
34.32933
33.038044
32.46685
32.568485
31.688072
31.865572
33.547691
35.397293
36.350719
33.637875
35.553333
34.576988
37.003525
39.239658
40.7099
39.697758
41.220974
40.217426
39.189545
40.097164
41.982574
43.59597
42.698364
45.714706
46.045395
47.196373
48.006676
46.960182
48.202801
47.946541
47.601776
47.834488
47.08033
49.141716
48.975075
47.631943
47.38916
46.902199
47.269928
47.054462
43.595341
43.605389
45.097927
45.33065
45.602154
45.712753
44.692837
44.283417
43.303722
42.700378
40.51833
37.909618
38.405201
37.806183
39.139263
38.604889
39.920731
39.142143
39.439503
40.111774
39.380604
39.173744
39.647789
38.906555
38.803127
38.291729
38.676712
39.76128
40.054333
40.617439
40.070129
40.084488
39.235512
41.079998
40.643288
39.647789
40.512573
40.955017
40.368923
38.732723
38.637924
38.573277
39.057384
39.665043
38.50576
38.577583
39.685135
39.920731
41.025417
41.808311
40.103172
39.902069
38.997051
38.857712
39.330898
39.538639
39.766582
39.642509
40.099834
41.020237
42.063278
42.312855
43.856483
43.943039
44.905281
44.159439
43.047157
42.337391
44.589344
44.098854
44.460957
42.200336
42.239269
42.263798
41.489082
41.789169
41.448704
42.520596
42.960606
43.888226
44.331112
44.563393
45.134666
45.964188
45.881962
45.795391
45.806946
46.158951
46.310432
45.659798
44.436432
45.265961
43.655956
44.087315
43.504475
42.800465
44.175301
44.234459
45.26162
44.403252
45.193817
45.463589
45.2645
45.945446
46.459023
46.757641
46.448921
46.596073
46.697056
46.48642
47.418392
46.547012
47.35202
47.729992
47.37077
47.608807
47.698261
46.695614
46.252586
47.163258
47.473091
48.37505
48.215797
47.958084
47.855293
46.986622
46.977947
46.957657
47.394897
47.487564
47.946507
49.162651
48.99181
48.983135
48.640007
49.573822
49.533276
49.197395
49.258198
50.574238
50.564114
49.539059
49.692547
49.478275
48.825325
48.962852
47.775669
45.029205
45.189919
44.445736
41.435795
42.612839
42.059784
41.525555
42.162571
42.450684
42.291431
38.987583
40.653984
40.57869
40.998558
40.009716
41.27219
42.140865
43.021133
42.43187
42.230625
42.246555
41.557404
40.041565
42.068474
42.77356
43.678429
43.582867
44.803352
44.282143
44.522488
44.900352
45.503429
44.77829
44.743412
45.525215
45.69088
45.651642
45.677803
45.92049
45.177917
45.286892
45.282543
45.134312
46.341904
46.479954
45.876892
45.868179
45.94228
45.936466
46.459618
46.083248
46.051266
45.674896
45.30579
45.353756
45.119781
45.077648
46.424747
46.664513
45.366825
46.657249
46.554066
46.865055
49.113125
48.661179
49.662418
48.428677
47.999996
48.172913
47.848858
47.802353
46.81419
47.180393
46.703754
45.802776
48.390884
47.838692
47.845955
47.061218
45.834747
45.92775
44.792824
45.148846
44.031357
46.285233
46.939171
45.382805
44.999161
46.347706
46.01495
45.28545
46.92609
47.008907
45.141582
43.53146
43.487694
42.519066
44.287106
44.120808
44.815186
45.185722
45.317001
45.152168
44.804977
44.828304
44.357128
43.846565
42.332336
43.366631
43.296581
41.999733
41.071957
40.627029
40.096031
40.046429
40.573048
41.083622
40.435928
40.411129
40.597851
40.187935
40.313377
38.837109
39.017998
40.151466
39.846569
41.096767
41.802799
41.381222
41.408936
41.357876
41.696304
40.670792
41.740082
40.783127
40.577431
40.094574
39.600037
39.674446
38.498672
36.77877
36.380516
35.713848
35.957485
36.152946
35.859737
35.121593
34.67374
34.697098
34.831303
35.869949
36.603718
37.452724
36.323627
36.201084
37.38562
38.285675
38.673725
37.700718
38.200386
38.442154
38.815815
39.714039
39.463467
39.781445
39.278843
38.66489
39.844444
39.407787
39.026806
38.24728
39.5089
39.000443
38.760136
38.031868
38.163746
38.099281
38.083164
39.215839
39.158695
38.66489
38.446556
38.034805
38.708839
38.650223
38.820217
39.198246
41.155899
41.141239
41.142708
41.358112
41.569107
41.46508
41.106056
41.387417
42.4058
42.442425
42.054119
42.339851
42.433647
43.537006
43.230755
43.346516
42.961151
43.180935
42.958214
42.379425
42.42778
42.002831
42.669544
43.189735
43.295231
42.172806
41.210102
42.404324
42.4688
41.892941
42.209438
43.964874
45.79063
45.573769
45.838997
46.007504
47.241409
47.323761
47.304646
47.462013
47.539959
46.826675
47.372303
46.953156
47.301708
47.956169
48.091465
47.688496
47.975266
47.682621
47.744373
47.364944
47.319355
46.53841
46.619305
45.791302
46.126633
45.247158
46.307514
45.714844
46.316349
46.120754
46.614891
46.179565
45.041252
45.475113
45.572178
45.525116
45.135391
44.941265
45.573654
44.839771
45.379528
46.463417
46.347233
44.247086
44.735359
44.661823
44.273563
44.48975
45.255978
45.408936
44.498577
42.845528
43.191143
44.502979
44.538296
44.132366
44.326504
44.791241
46.113392
45.779549
45.076546
44.714756
45.317753
44.82655
44.689762
44.843426
44.304142
43.724957
43.670288
43.045322
42.24157
41.412678
42.432148
42.225311
42.839939
42.983253
44.151962
44.075119
43.713142
43.659958
44.032284
44.805016
44.553841
44.955723
45.079823
45.044373
45.59547
45.200981
45.11676
44.915829
44.571571
45.0089
45.141872
45.329521
44.901043
44.620331
45.796402
45.763905
45.396008
45.910175
45.786064
44.923218
43.699848
43.902256
43.101463
42.438068
42.26078
43.082253
43.587551
44.146049
43.887486
43.976135
43.491512
44.092861
43.621544
43.917038
44.23912
44.081043
43.636322
42.860622
42.299179
41.977089
41.835255
42.220871
41.05513
41.152649
40.198181
39.322041
39.298393
38.745815
39.338284
39.636745
40.1908
40.598595
40.063732
40.84494
41.269691
41.424145
42.001877
41.782063
41.490971
41.61573
41.734547
42.175636
42.775639
43.30584
44.067734
44.064766
44.012775
44.404865
43.738022
42.652367
42.934547
42.993958
42.964252
43.433578
42.46524
42.980595
42.401379
42.57811
42.431084
42.295929
42.341972
41.363247
42.153355
42.949406
42.745941
41.620182
41.559296
39.447395
40.013237
36.744396
39.512741
35.526562
38.155293
37.864212
38.700356
38.121143
37.740948
35.747849
35.223598
35.528049
37.183998
37.709743
36.582516
37.26569
39.196388
39.405804
39.67165
39.447395
38.421146
37.840446
39.716118
38.602066
38.219765
38.8634
39.49958
40.264191
40.598701
40.630062
39.693718
39.374126
38.525902
38.655823
38.525902
39.435356
39.169544
37.979328
38.406429
36.796585
37.110191
37.68663
38.227226
39.790787
37.924076
39.73254
38.379555
38.767826
38.275017
38.784245
37.812073
38.836525
38.433308
39.044106
39.498085
40.125301
38.593105
39.339783
41.331944
41.814293
41.151237
37.61496
38.736469
40.104389
40.519543
41.082546
41.655994
39.692219
38.842491
39.360691
38.510963
38.455715
36.01704
35.549618
37.168434
36.069313
35.925938
35.695972
35.525726
36.606926
35.782581
37.226669
37.33419
37.828495
37.201275
37.160957
37.804607
36.524788
37.044487
36.365009
35.990162
35.675064
35.915405
36.352539
36.352539
37.273376
36.253407
36.915855
37.011993
36.834736
36.436661
36.851257
36.603405
36.897823
36.203827
35.84481
35.150806
34.285553
34.178898
33.949078
35.035137
35.225918
34.422249
34.948006
35.684078
36.034077
35.817768
36.130234
36.369068
36.11972
36.184292
36.052113
35.978508
36.875298
39.959248
41.073868
41.357769
41.467438
42.784851
42.567017
43.801804
43.713188
43.562969
43.659092
44.411694
44.16082
43.574986
43.285065
43.831848
43.921986
43.529919
43.683132
43.486351
43.493862
43.502872
42.214012
41.299198
42.142941
42.299129
42.34967
41.375755
41.802994
42.348129
43.8335
44.323517
44.413857
45.079971
45.735378
45.288239
45.328045
45.586834
45.035564
44.517994
44.346481
44.305126
44.594551
44.162727
43.828907
44.090752
43.590027
43.196468
43.508862
44.023373
43.207195
42.98209
42.905529
42.625294
42.487484
41.81218
41.636078
41.738667
41.825954
41.957657
41.097057
40.705051
41.097057
40.293121
40.446262
39.5336
39.100243
39.340664
39.813831
40.075676
40.264027
39.830677
39.590252
39.314629
38.832268
39.507565
40.415627
39.392719
38.820011
39.225807
40.199722
40.395721
39.931732
39.441723
39.355968
39.936333
41.067963
41.616135
41.185322
41.931137
42.193645
42.504021
41.951206
42.138054
42.913204
43.57719
43.220497
42.805126
41.934227
42.043873
41.253265
41.568264
40.899647
40.847149
41.39996
41.883282
41.676353
40.945976
40.689663
40.464203
39.979351
40.073536
40.257286
40.635605
40.519802
40.635605
40.722084
40.232574
39.684414
39.468227
39.460518
39.576324
40.487362
40.541416
40.394722
40.232574
39.460518
38.472267
39.321537
40.147659
40.966045
40.881123
41.313488
41.375256
41.305763
40.595455
40.649509
41.290321
41.776722
41.684082
41.375256
41.344368
41.174519
41.437016
41.460171
41.707237
42.016064
42.085552
42.386669
42.703213
42.703213
43.894169
45.458763
45.622231
45.598873
45.871307
46.198238
45.840176
45.707855
45.458763
44.929447
45.178539
45.13961
45.053989
44.462395
44.586941
44.680351
44.59473
44.446831
44.454624
44.423481
44.781555
44.773766
44.76598
44.345638
44.306721
44.042065
43.878597
44.260025
44.750416
45.061779
44.882748
43.979794
44.088764
43.964214
44.018715
42.812191
43.139114
43.536106
43.956448
43.364849
43.699566
43.878597
43.255875
42.602013
42.275093
42.298443
42.00264
41.691292
42.096054
42.220608
42.384071
42.500828
42.368496
42.531967
43.022358
42.259521
42.734348
42.928947
43.022358
43.255875
42.539753
42.594242
43.190716
43.135792
42.42942
41.54253
41.440487
41.20715
41.223232
41.529011
42.172741
42.349777
41.360035
40.828945
40.901367
40.836987
40.515121
40.330044
