Adjusted
13.79
13.69
13.725
13.97
14.2
13.665
13.68
13.385
13.55
13.365
13.855
13.52
13.185
12.995
12.74
12.64
12.025
12.435
12.14
12.055
11.97
12.325
12.385
12.075
12.255
12.335
10.71
9.585
9.68
9.525
9.425
9.745
9.36
9.625
9.41
9.35
9.445
9.69
9.72
9.39
8.96
9.16
9.215
8.855
8.78
9
8.62
7.71
8.405
8.89
8.65
8.755
8.915
6.93
7.45
7.355
7.415
7.285
7.29
7.065
6.97
7.255
7.02
7.105
7.13
7.05
7.165
6.965
6.85
6.795
6.65
6.845
6.76
6.72
6.845
6.975
7.61
7.945
8.045
8.42
8.765
9.22
9.185
9.325
9.095
9.165
9.25
9.53
9.59
9.585
9.655
9.545
9.725
9.67
9.635
9.635
9.59
10.17
10.11
9.9
10.225
10.29
10.24
10.555
10.005
10.14
10.12
10.695
10.15
10.2
9.97
9.585
9.62
9.74
9.77
9.545
9.545
9.105
9.015
8.735
8.575
8.855
8.715
8.69
8.395
8.38
8.75
8.69
8.695
8.91
8.715
8.79
8.79
8.765
8.775
8.805
8.88
8.625
8.485
9.96
10.805
10.925
10.865
10.88
11.45
11.41
11.155
11.375
11.33
11.77
11.555
11.245
11.45
11.58
11.615
11.75
11.755
11.605
11.14
10.97
10.9
11.32
11.89
11.59
11.69
11.825
11.505
11.29
11.495
11.435
11.495
11.245
11.72
11.54
11.95
11.995
12.145
11.7
11.375
10.335
10.305
11.75
11.395
11.11
11.105
11.2
11.26
10.78
10.255
10.425
9.96
10.64
10.15
9.98
9.645
9.245
9.745
10.125
10.36
9.55
10.27
10.09
10
9.75
9.495
8.985
8.8
8.865
9.63
9.29
9.215
9.42
9.605
10
10.25
9.78
9.775
8.99
8.825
8.56
9.155
8.63
8.6
8.75
8.47
8.115
8.565
8.7
8.79
9.135
9.25
8.18
8.41
8.625
8.26
8.91
8.96
8.455
8.51
8.055
7.98
7.885
8.03
8.47
8.87
9.64
9.6
9.7
9.605
9.925
9.78
10.045
9.855
9.785
9.83
10.18
10.175
10.255
10.1
10.265
9.96
9.405
9.465
9.54
9.02
9.285
9.33
9.115
9.06
9.165
9.135
8.99
8.865
9.105
9.425
9.24
9.62
9.925
9.675
10.395
10.91
11.135
10.91
10.765
10.73
10.81
10.6
10.07
10.46
9.755
8.96
8.49
8.005
8.045
8.13
7.52
7.75
7.675
8.005
7.81
8.295
8.54
8.33
8.83
8.64
8.3
7.96
8.26
7.785
8.07
8.25
8.57
8.66
9.01
8.845
9.615
9.93
9.615
9.18
9.405
10.165
10.19
9.955
10.15
9.855
9.83
9.65
9.76
9.68
9.345
9.375
9.855
9.69
9.43
9.185
9.065
9.25
9.065
9.155
9.635
9.91
9.535
9.335
9.195
9.395
9.21
9.2
9.455
9.885
9.685
8.98
9.275
9.105
9.06
9.09
8.98
9.075
9.26
9.33
9.33
9.19
9.115
8.87
8.915
8.905
8.785
8.88
9.065
9.425
10.02
9.95
10
9.505
9.86
10.245
10.18
9.99
10.155
9.68
9.55
9.75
9.595
9.315
9.36
9.6
9.44
9.45
9.265
9.08
8.935
8.96
9.075
9.27
9.22
8.99
9.7
10.05
9.975
9.655
9.6
9.5
9.025
9.02
9.125
9.065
9
8.99
9.05
8.76
9.12
9.1
9.12
9.265
9.305
9.14
9
8.965
8.915
8.755
8.655
8.51
8.885
8.75
9.015
8.925
9.13
9.505
9.81
9.685
9.63
9.565
9.515
9.555
9.54
9.39
9.615
9.45
9.465
9.77
9.665
9.47
9.15
9.025
8.885
9.01
9
8.85
9.325
9.475
9.275
9.395
9.235
9.115
9.13
9.14
9.03
9.245
9
8.67
9.16
9.18
9.18
8.915
8.86
8.775
9.045
9.33
9.62
9.54
9.495
9.52
9.39
9.305
9.48
9.28
9.15
9
9.01
9.265
9.44
9.435
9.465
9.41
9.635
9.55
9.29
9.52
9.56
9.58
9.49
9.595
9.585
9.74
10.01
10.515
10.35
10.41
10.655
10.75
10.955
10.96
10.88
10.815
10.815
10.585
10.85
10.505
10.63
10.895
10.785
10.7
10.66
10.85
11
11.02
10.5
9.78
9.705
9.97
9.895
9.725
9.845
9.76
9.625
9.64
9.615
9.555
9.27
9.2
9.04
9.15
9.01
8.99
9.075
9.015
9.025
9.045
9.095
9.015
8.985
8.94
8.96
8.935
9.105
9.275
9.28
9.295
9.315
9.25
8.955
8.975
9.15
9.04
9.285
9.595
9.83
10.325
10.915
12.07
12.12
12.13
12.055
11.76
12.06
12.025
12.02
12.295
12.325
12.295
12.135
12.045
12.1
12.065
11.95
12.155
12.355
12.23
12.58
12.815
12.54
12.585
12.71
12.33
12.075
11.98
11.965
11.45
11.545
11.16
11.175
10.875
10.515
11.045
11.135
11.445
11.26
11.53
11.54
11.485
11.52
10.845
10.83
10.68
10.675
10.995
11.34
11.41
11.16
11.04
11.41
11.79
11.805
11.515
11.32
11.385
11.455
11.415
11.545
11.555
11.67
11.83
11.715
11.205
11.62
11.355
11.305
11.05
10.62
10.75
10.575
10.67
10.775
10.54
10.465
10.425
10.315
10.685
10.905
10.95
10.5
10.46
10.63
10.12
10.345
10.605
10.86
11.08
10.28
10.195
10.655
10.845
11.07
11.325
10.975
10.95
10.95
10.985
10.595
10.465
10.515
10.565
10.49
10.585
10.255
10.15
10.36
10.165
10.33
10.755
10.925
10.42
10.11
10.305
10.285
10.73
10.49
10.565
10.665
10.84
11.065
11
11.105
10.975
10.945
11.155
11.09
11.035
10.65
10.995
11.055
11.465
11.55
11.795
11.685
11.415
11.705
11.58
11.54
11.75
11.86
12.02
12.085
12.1
12.25
12.36
11.995
12.15
11.945
12.145
12.22
11.405
11.415
11.25
11.16
11.155
11.43
11.185
11.415
11.315
11.325
11.105
10.915
11.04
11.025
11.02
10.97
11.3
11.37
11.31
11.585
11.5
11.735
11.565
11.7
11.625
11.785
11.91
11.985
11.985
11.93
12.345
11.985
12.12
11.94
12.165
12.29
12.545
12.7
12.925
13.035
13.04
13.025
12.995
12.92
13.155
12.86
12.67
13.21
13.12
13.05
13.765
13.87
13.89
13.88
13.785
13.955
14.575
14.57
13.485
12.9
12.74
12.82
13.325
13.85
14.005
13.64
13.86
14.145
13.905
14.09
13.97
13.875
14.605
14.78
14.685
14.785
14.86
14.76
14.965
14.94
15.185
14.78
14.205
14.65
15.1
15.235
14.74
14.995
15.405
15.33
15.33
15.615
15.79
15.5
15.405
15.025
14.855
14.525
14.645
14.765
15.145
15.03
15
15.43
15.525
15.735
16.115
16.360001
16.49
16.75
16.985001
16.715
16.469999
16.34
16.055
16.075001
16.01
16.145
16.145
16.33
15.73
15.96
16.07
16.469999
16.075001
17.09
17.83
17.9
18.115
18.200001
17.75
17.280001
17.110001
17.389999
17.65
17.775
18.615
17.275
17.445
17.245001
17.155001
17.504999
17.905001
17.620001
17.105
17.105
17.055
17.35
17.334999
17.4
17.075001
17.469999
17.200001
16.825001
16.940001
16.9
16.82
16.49
16.58
16.975
16.655001
16.635
16.32
16.74
17.16
16.934999
17.165001
16.924999
17.235001
17.834999
17.879999
17.764999
17.965
18.205
18.375
18.934999
18.5
18.07
18.190001
18.184999
17.895
17.635
17.42
17.629999
17.695
18.045
17.85
17.125
18.165001
17.684999
17.575001
16.405001
15.795
15.35
15.42
14.835
14.45
13.16
14.005
13.42
14.45
14.85
15.235
15.13
15.22
14.345
14.31
14.08
14.955
15.15
14.685
15.18
15.715
15.925
15.945
15.83
15.44
15.395
15.985
15.55
14.925
14.795
15.02
14.8
15.505
15.695
15.575
15.605
15.13
14.63
14.795
15.1
15.51
14.87
14.595
14.335
13.27
13.56
13.765
14.095
13.685
14.235
14.09
14.1
14.21
14.255
13.65
13.715
13.7
13.92
14.115
14.535
15.87
16.370001
17.395
17.780001
17.575001
17.15
17.43
17.575001
17.66
17.629999
17.73
17.129999
17.110001
17.73
17.735001
18.17
18.105
18.16
18.25
18.139999
18.344999
18.014999
17.485001
18.365
18.469999
19.355
19.16
18.885
19.34
18.975
19.105
18.290001
18.780001
18.16
17.885
17.68
17.815001
19.155001
19.219999
20.105
19.93
19.870001
20.004999
20.27
19.690001
20.08
19.795
20.004999
19.674999
20.549999
21.18
21.799999
21.799999
21.945
22.030001
21.934999
22.245001
22.285
22.18
21.934999
21.684999
22.014999
21.83
21.504999
22.139999
21.875
22.6
23.17
23.32
23.139999
22.799999
22.885
23.83
23.540001
23.66
24.535
24.334999
24.35
24.875
24.870001
24.885
24.254999
24.24
24.450001
24.295
24.620001
24.4
24.52
23.295
23.280001
22.74
22.934999
23.030001
23.389999
22.805
22.825001
22.74
23.145
22.73
22.959999
22.379999
22.35
22.200001
22.445
23.950001
23.385
23.865
23.725
24.485001
24.719999
25.035
24.799999
25.4
21.485001
20.635
20.940001
21.85
22.014999
21.535
22.01
21.950001
22.815001
23.200001
22.43
21.1
21.075001
21.084999
20.030001
19.795
20.18
20.174999
19.809999
19.01
19.155001
19.040001
18.684999
18.834999
18.594999
18.215
18.245001
17.879999
17.51
17.26
17.950001
17.495001
17.584999
18.055
18.65
18.51
18.415001
18.07
17.375
17.305
17.834999
18.665001
16.42
17.735001
13.79
13.45
13.42
14.1
14.1
14.175
14.525
14.95
15.225
15.325
14.87
15.155
14.955
15.295
15.08
14.945
14.85
14.87
14.465
17.379999
17.205
17.370001
17.450001
17.959999
17.68
18.195
18.695
18.790001
18.459999
17.32
18.379999
18.52
18.844999
19.9
19.5
19.02
18.74
18.52
18.379999
18.809999
19.665001
19.969999
20.139999
19.879999
19.764999
19.545
20.334999
20.52
20.905001
19.950001
19.434999
20.110001
20.184999
20.01
20.35
20.379999
20.43
20.325001
20.305
20.709999
20.735001
20.924999
20.77
20.24
20.075001
18.67
18.715
18.65
19.040001
18.825001
18.51
18.094999
18.67
18.495001
18.195
18.254999
18.57
18.705
18.514999
18.200001
18.43
18.299999
18.135
18.07
17.809999
17.844999
17.91
17.795
17.77
17.49
19.405001
19.424999
19.24
19.205
19.25
19.264999
19.24
19.139999
18.99
19.389999
19.465
19.625
19.934999
21.940001
21.17
21.245001
21.33
21.280001
21.094999
21.125
21.205
21.475
21.48
21.549999
21.715
21.605
21.32
21.465
21.865
21.955
22.73
22.690001
22.645
22.42
22.57
22.85
22.860001
22.745001
22.485001
20.360001
21.004999
20.684999
20.52
20.57
20.285
20.030001
20.190001
20.17
19.674999
