Adjusted
37.667168
38.043835
38.113235
37.568043
37.577946
37.885231
38.172691
37.914978
38.014103
38.23217
38.390759
38.033916
37.409443
37.151714
37.012947
37.131886
36.576805
37.280579
37.439175
38.182613
39.03508
40.878784
39.937107
40.125435
39.738853
38.995434
39.183762
39.025162
39.213512
36.63628
35.813545
35.377396
35.635117
36.219952
35.258446
34.485275
34.911518
35.575653
35.337738
34.772739
33.89053
33.008331
33.295792
33.434566
33.464306
32.909199
31.630508
32.056736
31.670155
31.808929
30.609524
29.66785
31.303398
31.898144
32.621754
33.494049
33.484127
33.682377
33.811234
33.989666
34.128437
35.050289
35.724327
36.348816
37.032772
36.358723
37.032772
36.477676
36.388477
36.775047
36.438026
36.170395
36.041538
36.418205
35.783798
35.000732
34.37624
34.425808
34.148254
34.515018
35.248543
35.367481
34.693447
35.674778
36.269508
36.824604
37.667168
37.677082
36.864258
37.181454
37.667168
37.647343
38.053745
38.529541
38.678223
38.608841
38.926044
38.02401
38.569199
39.11438
39.699207
39.362183
40.244389
40.095703
39.719032
40.244389
40.472378
40.977901
38.162785
37.934799
38.390759
38.241974
39.154617
40.146633
38.86694
38.628849
38.55941
38.450283
37.815411
37.547562
36.674599
37.279724
36.099228
36.525795
36.853157
37.507881
38.05349
37.001953
37.249962
37.210289
36.694439
35.414745
35.712349
34.720329
34.095371
33.827522
34.085449
34.998093
33.668812
34.720329
34.591373
33.758091
34.154892
33.787849
33.86721
33.559692
33.430721
32.785912
32.736313
34.283848
35.107224
34.571529
35.940506
35.851223
34.621132
34.412815
34.849297
35.732185
36.188511
34.988174
35.196495
35.414745
35.761951
35.384983
35.236183
35.890903
36.585316
36.535713
36.396832
36.019878
35.880989
33.738251
33.658886
34.0061
33.023998
34.224331
34.51202
34.135052
34.323532
33.996174
36.039719
36.535713
34.561611
35.484184
34.541779
35.295696
35.037781
34.264011
34.482254
35.365139
34.720329
34.660812
31.893112
30.534056
29.432926
23.808229
22.518618
23.361826
23.272545
21.695251
21.328213
21.88373
22.826141
23.312225
21.367889
18.064497
17.092327
16.397919
15.584471
15.356308
15.703511
16.34832
17.211367
16.804644
16.35824
15.048786
15.911834
15.57455
15.068626
14.195657
15.782874
15.227349
14.642062
14.185737
13.759174
10.852585
11.427948
11.864435
11.755315
12.866364
13.292928
12.162039
12.539001
14.899984
13.650051
15.118223
14.999186
14.175816
13.104446
12.995328
13.134209
12.2414
13.650051
13.779014
13.858375
14.245257
14.364299
14.701582
14.632141
15.217429
15.683671
16.35824
16.268953
18.520819
18.848185
19.492987
19.056509
19.145784
18.748981
20.306435
18.858105
19.394638
20.606798
20.308723
18.907784
20.139818
19.424438
19.056818
19.176048
19.374763
19.474121
18.728935
18.848167
18.828293
18.937588
19.046885
19.185984
19.543671
19.205851
18.659388
20.726025
21.441406
22.613827
21.65999
21.868639
22.216394
21.292368
20.865126
21.84877
22.206459
22.663504
21.84877
19.007141
19.086624
20.030523
19.086624
18.212273
19.623159
20.904869
20.537247
20.765776
21.491087
21.302301
21.93819
23.060936
23.68689
23.915411
25.048088
24.48175
25.574686
26.647749
26.26026
25.783339
26.270193
26.270193
27.104797
26.578201
26.319868
25.375971
25.783339
26.568266
26.498713
26.141024
25.813143
26.150961
27.114729
27.084927
28.018887
28.952848
28.843559
28.823683
29.320473
28.982658
29.76758
28.565355
29.529123
29.489386
29.44964
28.615034
28.58523
28.813747
27.959276
27.214092
26.886209
27.382999
26.916018
27.392933
27.68107
27.790367
26.965696
26.677555
26.846464
26.319868
25.773403
26.339741
27.104797
28.71439
28.406384
28.90317
28.764072
27.32338
26.737177
26.727232
27.084927
27.27371
27.055117
26.210573
26.90608
27.541969
27.27371
26.707359
26.111219
26.429165
27.074991
27.293575
25.336231
24.571169
25.286549
24.978539
24.690403
24.33271
24.114128
23.825989
24.054506
24.620853
24.998415
25.6343
25.972511
25.863091
25.942673
26.211248
25.992403
25.843195
26.440035
27.325348
27.663559
28.0714
27.325348
27.295511
27.345242
27.713297
27.792871
27.504402
27.971924
27.3353
27.136349
27.583979
27.693396
27.583979
26.808088
26.977194
27.345242
28.0714
28.30019
28.160921
28.926872
27.961977
28.519032
27.723244
27.176132
26.111774
26.221193
26.529562
25.524878
26.181404
27.235823
27.146296
28.031609
29.195454
29.056185
29.34466
29.334709
29.69282
30.050917
30.031025
29.891762
29.583393
28.787605
29.921602
30.279713
29.57345
28.578714
28.39966
28.608553
29.324762
29.304869
29.59334
29.633135
30.826815
30.160337
30.747236
31.145128
30.876553
31.184912
30.806917
30.448814
30.637812
30.279713
29.513763
29.11587
28.041557
28.389721
27.862505
28.30019
28.419554
29.145708
30.160337
30.399078
31.155077
31.21476
31.334126
31.294338
31.344078
32.030441
31.642498
31.781757
31.543024
31.284389
31.911077
33.870693
33.990067
33.452915
33.313652
33.900539
34.387962
33.900539
33.890591
33.741386
33.741386
36.347591
36.188435
36.25806
37.402
37.710369
37.809841
37.203064
37.511429
37.302528
38.227634
37.839695
37.988899
37.939163
38.39674
38.068478
37.919266
37.551216
37.988899
37.968998
38.366894
37.750156
37.799908
37.43185
38.456425
38.346912
37.520645
38.078129
37.898945
36.873562
36.505234
36.276257
35.997524
35.668999
35.270802
35.161285
34.992069
35.639141
35.101559
36.286217
36.007473
36.037342
36.485321
36.80389
37.490784
38.157776
37.96862
38.555981
38.247368
38.267273
39.003952
39.003952
39.89991
40.019375
39.880001
40.527077
40.775951
39.591301
40.019375
38.33696
39.073639
38.904404
39.571396
39.292648
38.695339
38.814812
38.86459
39.461887
39.700813
39.88995
40.825729
40.497208
40.069141
39.511662
37.849167
38.33696
38.546021
38.705299
38.794903
38.984043
38.217499
37.879032
38.078129
38.585846
39.272743
38.993996
38.625656
38.396694
37.948715
37.839211
39.063686
38.824764
38.476337
38.67543
38.884495
38.655521
38.86459
39.222961
38.715252
38.715252
37.441006
37.530602
37.062717
36.087116
36.56496
36.415642
36.923344
37.102535
36.236446
36.455448
36.435543
36.126942
34.932335
34.693413
35.639141
35.410164
35.300663
36.853657
36.694378
35.88802
36.963161
37.789436
37.052753
36.863613
35.539593
35.838238
35.987576
36.634651
36.754108
38.187637
38.386738
38.685387
39.621166
40.716225
40.716225
40.079098
39.780441
41.383213
41.353355
39.85014
39.61121
39.203053
39.023857
38.924316
39.432018
39.382244
39.601261
39.382244
39.840176
39.651031
39.113464
38.485813
38.047459
38.127159
37.738613
38.63525
38.924171
39.731144
39.322678
38.704983
38.794655
38.714951
39.442226
39.611588
40.528152
40.279099
41.036247
40.86689
40.797153
40.049957
40.348835
39.950325
40.787193
41.743607
41.245472
40.707485
40.657669
41.086071
41.016323
40.498264
39.870625
39.70126
39.681335
40.189423
40.657669
41.105988
44.015091
43.506992
43.497036
43.835751
43.885574
45.977745
45.150833
46.087322
46.06741
46.316471
46.346359
46.017582
45.101025
44.722443
45.648968
46.246731
46.206886
46.665161
46.047485
46.734894
46.505764
47.322701
47.332664
48.049969
48.099796
48.637779
49.175755
50.391201
50.590454
50.311501
50.630302
49.653961
50.630302
50.610386
50.470909
49.853222
49.414864
49.743637
49.693813
49.155827
49.384983
50.291576
49.863182
49.843254
49.992699
49.434792
49.215614
49.703785
49.474644
49.335167
49.604149
48.946613
48.79718
50.291576
50.680119
51.955341
51.526947
52.802177
52.094822
51.925457
53.300304
54.157093
53.589222
53.350124
53.300304
53.360088
56.717503
57.45475
57.6241
57.853249
58.082401
58.072433
58.31152
58.132198
57.434818
57.036308
56.717503
56.448509
56.189484
56.368813
56.169552
56.438549
56.1297
56.637798
56.17952
55.850754
55.850754
55.86071
56.388725
57.514515
57.524475
57.165825
57.165825
57.275463
57.205692
57.265503
56.208912
56.966469
57.41502
57.753929
57.99316
56.747173
57.155853
57.295403
57.564545
58.082874
58.461647
59.159405
59.438499
59.558121
59.827248
61.511822
61.800896
61.043331
61.551689
61.581593
61.461983
60.654587
58.900242
59.279011
61.362309
61.621468
61.571636
61.422104
63.415684
69.87487
69.107353
70.273613
70.333412
68.668762
68.758484
68.479347
65.937569
65.269714
64.821159
65.309586
67.00412
66.475838
66.784836
67.572304
69.127281
68.589027
68.927925
68.469414
69.226967
69.376488
69.306702
68.937889
69.16716
73.273941
72.43663
72.346931
72.267151
72.386795
73.383575
73.343697
73.124405
73.46331
74.061386
73.991615
72.396736
73.89193
73.313797
73.951744
74.659462
74.968468
74.300606
73.46331
73.104469
73.692574
74.958496
75.167839
74.958496
75.815735
75.068153
75.317329
74.739212
75.078125
75.436966
74.101273
73.144348
71.878426
73.343697
74.200935
74.121193
74.669426
73.343697
72.456566
73.46331
73.46331
73.871994
73.622803
73.65271
72.825378
72.85527
74.509941
72.556244
71.858498
72.635971
74.789032
76.702881
77.251106
76.942101
75.755943
75.197723
75.387123
76.523468
78.985519
80.032143
79.733109
81.467529
81.806435
81.088745
80.171707
80.012207
80.510612
80.022186
80.32122
79.773003
80.819618
80.560463
80.500641
80.241371
79.024834
78.177238
76.631638
76.262695
76.272659
75.524811
75.784058
75.066109
71.157257
69.711357
63.618729
68.425026
66.071739
70.66864
70.289703
71.695709
71.007668
70.439293
66.590263
66.031853
66.281151
69.45211
70.229897
69.182869
72.044716
74.148727
75.125938
75.056137
74.786896
72.563248
73.450722
75.7342
75.415108
73.24131
72.832489
75.046165
76.80117
78.825401
79.782661
79.732819
82.764168
80.061874
78.286942
79.254173
78.965004
80.221428
79.762726
79.18438
78.925117
73.799713
75.644455
76.681519
78.257011
76.75132
78.366699
71.944992
73.949295
74.457848
73.64016
69.033295
68.155807
66.819595
65.32386
68.165756
70.349556
69.721344
70.140152
71.23703
70.858093
69.103104
66.610214
68.105949
69.142975
65.972015
67.128708
67.58741
65.932137
65.981995
66.819595
64.76545
56.479065
58.682785
58.423527
58.084496
57.017536
57.49617
57.725521
57.296734
59.141487
58.692764
61.085945
61.205605
59.799606
60.427818
59.660004
58.443466
57.994751
67.617332
66.799652
64.436401
65.772591
66.390831
68.175743
68.295387
70.369492
70.279747
70.050407
70.010521
70.379463
69.501961
70.89798
70.319626
70.568916
70.519058
69.890839
69.581741
68.993423
69.342415
70.588867
70.199966
70.66864
69.023338
69.571762
70.66864
70.199966
68.573906
70.559113
72.015579
71.606567
71.955719
72.514374
71.965683
74.549446
74.270111
75.896179
76.115639
75.048225
74.818794
73.741394
74.210258
74.788849
74.290062
74.858688
77.901321
78.021027
77.901321
77.931244
78.988686
79.068497
79.497467
79.886505
79.287949
79.377747
78.310326
78.16069
77.312737
78.100853
78.739304
81.761963
79.387718
79.906471
80.963898
80.634689
80.584824
79.367752
78.210556
78.070915
78.809128
78.709358
79.806709
79.776802
80.235664
81.05368
81.512581
82.051262
81.352974
80.485054
83.557625
82.500191
81.333
81.692139
83.42791
82.769524
82.340576
83.956665
84.724792
85.65255
85.273453
85.073944
85.423088
86.480537
86.261063
88.346016
87.956978
88.01683
87.567917
88.196388
86.789787
87.009254
87.6577
86.759857
88.066689
87.956978
87.208763
86.690041
86.440636
85.542816
84.764702
86.111435
85.662521
85.55278
85.532837
85.323334
85.512894
85.123833
84.974174
82.669785
79.108391
81.05368
81.951492
79.866562
78.629547
77.841461
78.479912
77.612015
77.402527
78.759232
79.248062
79.228111
79.417648
79.317902
80.405243
78.519829
78.420074
78.539772
77.143166
79.567284
79.756821
79.647079
78.2006
77.332703
77.08329
76.514671
78.110817
77.193031
78.739304
76.883789
76.365051
76.863823
77.013474
75.346863
74.029526
73.64032
75.38678
74.887787
75.84584
76.195137
75.107361
73.64032
72.143372
72.452736
74.947678
76.185158
76.793915
77.991493
77.841782
77.961548
78.011421
81.584183
81.534286
82.751808
81.434486
81.454453
81.873596
81.673996
82.432457
83.071159
83.300674
83.061195
82.991325
83.679924
84.757729
84.458344
85.855492
93.140694
92.82135
94.408119
93.789368
94.63765
93.6297
93.589775
93.260452
93.140694
93.390175
93.569832
93.080818
94.29834
93.489975
94.088768
94.26841
93.849251
96.982887
99.108543
100.46579
97.791237
96.773308
95.755379
96.044792
97.511803
96.6735
97.461906
98.150513
98.419968
97.232376
95.465965
95.106712
94.19854
95.645599
95.875145
94.797325
95.785324
98.250305
95.93502
97.332161
97.601616
96.294289
93.829292
93.170639
93.070839
91.364319
90.516037
89.218658
91.024986
92.46209
93.080818
94.208519
95.086746
95.086746
94.897118
96.394089
95.705482
94.747429
94.937042
94.937042
93.380211
93.659637
94.338257
95.50589
96.713425
95.545807
94.807312
95.286339
95.745399
94.857208
94.288353
92.561882
92.671646
94.01889
91.703613
92.272453
91.324387
