Adjusted
15.07
15.245
14.715
14.44
13.675
13.5825
13.895
13.6175
13.9125
13.5525
13.5875
13.38
12.96
13.07
13.815
14.1125
13.235
13.385
13.0075
12.59
12.9775
12.93
12.9425
13.195
11.97
12.71
12.7175
13.7
13.6125
13.9825
13.785
13.46
12.8675
13.2825
13.38
13.085
13.6025
13.19
13.155
15.415
14.93
14.6925
14.47
14.7525
14.435
14.165
14.02
14.6125
14.5525
14.7275
14.4625
13.8775
14.6525
14.1525
13.9575
14.91
15.24
14.81
14.1575
14.2125
14.4675
15.305
15.575
15.7
16.280001
16.262501
15.9575
15.815
16.407499
15.2725
15.025
14.8375
15.3925
15.55
15.975
15.68
15.335
16.8925
17.07
17.022499
16.865
16.737499
16.682501
16.8225
16.825001
17.342501
17.5425
16.702499
16.8925
16.674999
16.905001
16.987499
17.35
17.305
17.174999
16.57
15.7
15.665
16.577499
16.754999
17.0625
17.545
17.877501
18.077499
17.8225
18.047501
18.137501
18.48
17.754999
17.424999
17.834999
17.360001
17.5525
18.1975
18.205
18.012501
17.7575
18.387501
18.275
18.6075
17.715
17.6875
16.782499
17.155001
17.057501
17.530001
17.475
16.8825
16.785
16.705
16.305
16.225
15.82
15.5925
15.8475
16.75
17.405001
17.684999
17.344999
16.42
16.147499
15.8625
15.9375
15.6625
15.93
16.2325
15.9475
16.0725
16.262501
17.0525
17.139999
16.905001
17.397499
17.6075
17.58
17.2875
16.805
16.577499
16.16
16.370001
16.325001
13.3125
13.9925
14.1325
14.14
14.2525
14.425
14.005
13.7875
13.495
13.475
13.6125
13.7125
13.025
14.0225
14.5
14.3
13.7
14.06
13.33
13.8275
13.9525
13.0925
13.0575
12.7475
13.01
12.6625
11.19
12.1
11.6025
11.0475
10.3925
10.1
8.985
9.125
8.4925
8.14
9.4325
8.975
7.73
8.1225
7.8975
7.955
7.4975
6.8825
6.8025
6.67
6.3275
7.1425
7.515
7.63
7.74
7.6475
7.8825
7.45
7.0875
7.14
7.08
6.6925
6.0825
6.845
6.6
6.3975
5.95
5.49
5.7075
5.58
6.6475
6.4925
7.2225
7.155
6.7375
7.2675
7.9325
7.1675
7.79
8.71
8.335
8.645
7.8775
7.9875
7.6275
8.18
8.295
8.0375
8.075
7.7725
7.895
7.8875
7.855
7.7325
7.74
8.0025
8.505
8.3375
8.65
8
8.2275
7.8825
7.7125
7.4075
6.965
6.9225
7.0325
6.5175
6.8925
6.62
6.7725
6.875
6.85
7.3475
6.9
6.6525
6.66
7.5
7.3325
7.68
7.26
7.23
6.7125
6.8075
6.77
6.715
6.485
6.4425
6.4825
6.5125
6.5
6.8675
7.025
7.1375
7
6.83
7.04
7.505
7.5325
7.5175
7.7225
8.1225
8.3325
8.465
8.1975
8.0675
8.49
8.745
8.885
8.69
9.2575
8.73
8.53
8.9275
8.52
8.1425
8.1825
8.1725
8.5375
9.3175
9.12
9.155
9.345
9.35
9.5625
9.48
9.34
9.455
9.5825
9.24
9.6975
10
9.82
10.0425
10.1625
10.145
10.3675
10.7025
10.3525
10.9075
11.225
10.9675
10.295
10.26
10.3175
10.2175
9.7525
9.9425
10.05
10.1
10.255
10.0675
9.9125
9.0375
9.375
9.125
9.4425
9.4875
9.945
9.815
9.82
9.8175
9.7825
9.6775
9.895
9.9925
10.4
10.4
10.1575
9.99
10.125
10.04
9.9775
9.325
9.4525
9.81
9.945
9.7275
9.7275
9.5425
9.7275
9.54
9.27
8.8925
9.125
9.205
9.315
9.555
9.535
9.925
10.02
10.21
10.4325
10.4525
10.6175
11.0425
11.2825
11.135
10.89
10.7975
10.9325
10.835
11.165
11.3725
11.275
11.3425
11.6825
11.4475
11.1975
12.0275
11.9975
11.78
11.235
11.075
11.26
11.545
13.4175
13.195
13.075
13.2175
13.17
13.0625
12.9675
12.785
12.89
13.0875
13.2
13.6125
13.87
14.105
14.48
14.3675
14.1825
14.3375
14.635
14.5425
14.27
14.2175
14.385
14.025
13.765
14.3675
14.29
14.2325
13.6375
13.6275
14.105
14.6425
14.61
15.09
15.2425
15.3675
15.2825
15.6225
15.745
15.59
15.7175
15.5375
15.8725
15.6675
15.78
15.355
14.84
14.48
14.915
14.1875
14.4525
14.6475
14.69
15.1575
15.2525
15.8725
15.9175
15.8825
15.725
16.532499
16.7125
16.4025
15.9025
15.645
15.64
16.125
16.360001
16.272499
15.8125
15.67
16.08
16.18
16.172501
16.487499
16.467501
16.035
15.9425
16.172501
15.815
16.23
16.2675
16.445
16.219999
16.969999
17.43
17.825001
18.15
18.165001
18.405001
18.66
18.504999
18.442499
18.705
18.625
18.592501
18.51
18.5375
18.4125
17.0725
17.125
17.297501
17.157499
17.375
17.137501
16.719999
16.135
16.032499
16.352501
16.35
16.040001
15.8875
16.295
16.264999
16.405001
15.6075
15.52
15.53
16.165001
16.182501
16.49
16.272499
16.549999
16.695
17.112499
17.23
17.26
17.059999
17.360001
17.002501
16.987499
17.725
17.959999
17.6425
17.7225
18.07
18.237499
18.42
18.797501
18.855
18.9275
18.9
19.172501
19.184999
19.227501
19.004999
19.377501
19.275
19.040001
18.9925
18.737499
18.692499
18.852501
18.612499
18.885
19.2125
19.7075
19.295
19.487499
19.942499
20.127501
20.1075
20.967501
20.932501
20.870001
20.6625
21.120001
21.27
22.174999
22.040001
22.122499
21.452499
21.5375
22.035
21.4
21.93
21.647499
21.305
20.225
19.379999
21.372499
21.549999
22.1
21.67
21.18
21.309999
21.040001
20.4
19.7575
20.809999
20.547501
20.532499
20.9375
21.75
21.6325
21.2225
22.110001
23.799999
22.41
21.975
22
22.254999
23.105
24.16
23.375
23.752501
23.584999
24.275
23.93
23.852501
22.975
23.235001
22.76
22.905001
22.82
21.352501
21.455
21.7675
21.7775
22.0275
22.844999
22.8925
22.945
22.9625
23.4125
23.932501
23.997499
23.012501
23.157499
23.280001
23.040001
23.9825
24.942499
25.0175
24.700001
24.5275
24.4475
24.737499
25.477501
25.252501
25.889999
25.672501
25.5825
26.014999
25.4125
24.477501
24.237499
24.309999
24.157499
24.8325
24.8325
24.102501
28.1875
28.07
28.3225
28.047501
27.459999
27.870001
27.2925
27.469999
29.1
29.780001
29.907499
29.9125
29.9475
29.4125
29.355
29.647499
29.445
29.202499
29.23
29.184999
30.785
30.3475
29.672501
29.372499
29.834999
29.26
28.692499
28.395
27.950001
28
28.02
28.477501
26.237499
26.23
26.467501
24.977501
26.3675
26.827499
26.84
27.094999
26.407499
25.907499
26.1075
26.325001
26.985001
28.137501
27.965
28.764999
28.75
29.0175
28.4375
28.8575
29.112499
28.5075
28.2925
28.625
28.692499
29.469999
29.182501
28.752501
28.407499
27.754999
27.5375
28.942499
34.185001
34.9575
35.625
36.2925
36.4575
35.952499
34.805
36.009998
35.755001
35.702499
36.307499
36.310001
37.645
37.122501
37.1525
35.970001
34.080002
33.93
34.3825
34.125
33.552502
34.7575
33.8825
33.860001
33.502499
33.330002
33.237499
33.060001
33
34.150002
33.922501
35.549999
35.834999
35.555
35.66
35.279999
35.41
35.962502
36.6175
36.0825
35.209999
32.947498
33.060001
31.9575
30.9925
32.072498
32.060001
32.9025
32.285
32.91
33.77
33.5425
34.487499
34.224998
34.075001
33.612499
34.490002
35.377499
35.555
35.622501
35.6875
35.235001
35.77
34.1875
33.342499
33.580002
34.7075
33.067501
32.012501
32.002499
32.517502
32.4925
32.005001
31.83
31.9275
31.799999
31.967501
31.235001
31.387501
31.040001
30.5825
30.002501
31.105
30.372499
30.530001
32.3125
31.862499
31.997499
31.85
33.622501
33.395
33.529999
33.5275
33.4025
32.857498
33.490002
33.662498
33.654999
33.205002
33.595001
33.255001
33.432499
33.047501
32.6325
35.52
34.967499
34.702499
34.4025
34.755001
34.462502
34.650002
34.047501
33.415001
32.9175
32.7425
33.080002
33.177502
33.842499
33.595001
33.872501
33.727501
32.240002
32.52
33.5625
33.952499
36.6525
36.325001
37.650002
37.732498
38.389999
37.825001
38.064999
36.445
37.060001
36.247501
35.7075
35.509998
35.07
35.455002
35.075001
34.275002
35.154999
34.865002
34.32
34.8825
34.862499
35.98
35.537498
36.119999
35.759998
36.272499
36.842499
36.5625
37.244999
37.3475
38.487499
39.072498
39.532501
39.1675
38.107498
37.724998
38.220001
37.619999
38.599998
38.157501
39.830002
38.709999
36.772499
37.602501
37.407501
37.9375
36.3475
36.525002
36.177502
36.415001
35.814999
35.994999
33.857498
33.922501
31.2325
33.127499
32.057499
33.637501
33.52
34.342499
33.2925
31.577499
28.514999
27.75
27.715
29.665001
29.105
28.1175
29.375
31.645
30.865
32.1875
31.75
30.9025
30.2325
31.365
31.2225
30.807501
30.934999
31.645
32.59
33.055
34.139999
34.02
32.102501
31.6675
29.334999
30.075001
30.295
31.1875
30.202499
29.887501
28.57
27.977501
29.4
29.3125
30.5
30.24
31.432501
31.897499
31.815001
32.387501
32.950001
31.68
32.384998
31.842501
31.92
32.322498
33.1325
32.389999
30.889999
33.34
34.785
33.2925
32.587502
32.459999
33.262501
32.8325
33.334999
33.532501
32.1875
31.952499
32.467499
33.380001
34.150002
32.939999
31.522499
28.3575
27.995001
27.0625
26.4475
26.2325
27.795
27.647499
29.605
29.594999
29.91
31.252501
30.83
30.647499
30.157499
30.969999
29.0175
28.3325
27.092501
26.6775
26.764999
25.8675
26.08
24.7575
25.084999
24.504999
25.0725
25.032499
25.547501
25.365
25.299999
24.370001
24.692499
25.264999
25.1875
26.1975
26.455
26.42
25.975
25.860001
26.924999
28.627501
28.547501
28.6875
29.3825
29.535
29.055
29.15
28.8925
29.200001
29.83
29.57
31.025
30.807501
30.700001
30.950001
31.4025
32.110001
33.057499
32.900002
32.654999
32.9375
32.2925
31.9025
32.017502
32.942501
35.91
35.837502
35.865002
35.790001
36.244999
35.947498
35.52
35.172501
35.865002
36.52
36.857498
36.7925
38.064999
37.9025
38.107498
37.8475
37.485001
37.747501
38.592499
38.209999
38.474998
39.334999
38.375
38.514999
39.102501
38.627499
39.294998
39.580002
38.919998
39.259998
39.380001
38.432499
39.52
39.575001
39.842499
38.732498
39.0425
39.66
39.892502
39.224998
38.75
37.494999
37.674999
39.049999
39.165001
38.932499
39.220001
39.735001
39.380001
38.147499
37.9575
36.505001
37.244999
33.860001
34.445
34.137501
34.525002
34.145
33.450001
36.395
37.262501
37.362499
37.6525
36.552502
36.75
36.422501
35.237499
34.654999
32.747501
32.805
33.435001
34.244999
33.889999
34.122501
32.615002
32.645
31.8325
32.34
33.639999
34.200001
34.502499
34.4375
33.192501
34.2775
33.540001
33.8325
33.93
32.945
34.564999
34.767502
35.337502
35.605
33.9375
32.825001
32.217499
31.727501
31.885
32.637501
31.997499
31.695
33.724998
34.7775
33.790001
32.75
31.68
31.33
31.1525
32.872501
31.467501
31.09
31.1425
30.342501
32.067501
33.18
34.169998
33.887501
34.439999
34.959999
36.287498
35.639999
36.032501
36.740002
36.807499
36.892502
36.91
37.154999
36.692501
37.134998
37.264999
36.279999
36.400002
35.672501
36.294998
36.209999
36.182499
37.2225
37.392502
37.334999
37.697498
38.177502
39.247501
39.857498
39.540001
39.072498
39.494999
39.005001
38.799999
38.392502
38.032501
37.235001
38.294998
38.172501
37.785
38.235001
39.259998
39.4575
38.682499
38.400002
38.035
37.540001
38.1525
38.322498
38.537498
38.865002
37.907501
37.525002
37.252499
36.907501
37.200001
37.055
36.327499
36.662498
36.494999
36.555
36.650002
36.272499
36.93
36.630001
35.82
35.285
35.419998
35.2775
34.919998
35.182499
36.075001
36.830002
36.474998
39.695
39.862499
40.055
39.092499
39.465
39.6875
39.4175
39.262501
39.235001
39.217499
39.352501
39.174999
39.605
41.25
41.7575
41.66
41.702499
42.227501
42.724998
42.465
42.52
42.237499
42.337502
41.584999
41.560001
41.044998
