Adjusted
22.117016
22.292015
21.767012
21.775343
21.192001
21.867014
21.867014
21.558674
21.908678
21.542009
20.958666
20.275318
20.250319
19.566975
20.025318
20.925329
20.166986
20.083652
20.050316
20.30032
20.416988
20.783665
19.850313
19.38364
19.233637
19.483641
19.616982
19.600311
19.525311
20.050316
19.608644
19.416975
19.066969
19.333643
19.325308
19.666973
19.833647
20.058651
20.791996
20.550325
20.325321
20.333652
20.241985
20.225321
19.950315
20.091978
19.991978
20.958666
20.950329
20.791996
20.266987
20.241985
21.317003
20.391987
20.641991
21.367002
21.45867
20.650324
20.15032
20.066988
20.075317
20.816994
20.800329
20.191986
20.325321
19.950315
19.966986
19.608644
20.033653
19.483641
19.425306
19.258635
19.858648
19.908646
20.425323
20.741993
20.766994
21.200333
21.692013
21.333672
21.125338
21.258667
21.367002
22.225353
22.292015
21.900345
21.942013
21.483671
21.417006
21.242001
21.533678
21.575336
21.45867
22.083681
22.092016
21.975351
21.542009
21.142006
21.317003
20.917
21.325338
21.283667
21.84201
22.267015
21.958681
21.950348
22.300352
22.950363
22.117016
22.025349
21.96701
21.37533
21.633675
21.975351
21.892014
21.642012
21.067005
21.266998
20.533665
20.458651
20.400322
20.583664
19.850313
19.675306
19.38364
19.291969
19.033634
19.266968
18.808632
19.066969
17.983618
18.441959
18.18362
17.750278
17.533607
17.583611
17.933619
18.050287
18.200287
18.250284
18.475288
18.133617
18.691969
18.316954
18.683628
18.475288
18.325285
18.325285
18.325285
18.875296
19.941984
19.650312
20.208654
20.516991
20.416988
20.25865
20.558657
20.758659
20.408653
20.200317
20.191986
20.191986
20.59199
20.17532
20.091978
20.308653
20.550325
20.041983
19.791979
19.425306
18.566957
18.550289
19.475309
19.141966
19.158638
19.208635
19.550312
18.65029
19.000301
18.166954
19.000301
20.241985
19.258635
18.941965
19.000301
19.566975
19.850313
18.158621
18.800299
18.291956
17.666946
17.708616
17.05027
15.700249
15.28357
14.325228
14.358562
16.058586
15.450245
13.808548
14.791903
14.925233
15.800248
14.883574
14.508562
14.366893
13.59188
13.408546
15.258576
14.891904
14.825233
14.808569
14.333562
15.275243
14.491894
14.116887
14.65023
14.641895
14.316891
13.791885
14.383564
13.850219
13.508544
13.70855
12.566864
12.058524
12.641866
13.666883
12.850201
13.658548
13.783555
12.466864
12.76687
13.341876
12.775203
13.283545
14.375226
14.300225
14.441896
14.091888
14.158558
14.033553
14.516897
14.033553
13.883552
13.866883
13.641883
13.533547
13.625216
13.558546
13.341876
13.525215
13.583549
14.133555
14.258557
14.825233
14.433562
14.616898
13.916888
13.666883
13.70855
13.116873
13.175209
13.183541
12.508532
13.083541
12.808537
13.241876
13.583549
13.941889
14.066887
13.275208
12.475198
12.758534
13.016874
13.200209
13.625216
14.200225
14.041891
13.375212
13.475212
13.500215
13.416879
12.741867
12.808537
12.533532
12.566864
11.966854
12.491865
12.308529
12.075191
12.141857
11.933523
11.991854
12.708534
12.125193
11.816856
11.350183
12.200195
12.516867
12.925204
12.925204
12.875205
13.450212
13.75022
13.525215
13.258542
14.150223
13.900221
13.808548
14.425229
14.125225
13.59188
13.975223
14.550228
15.116903
15.133569
14.608566
14.041891
14.275228
14.850236
14.908568
14.941902
14.633563
15.066906
14.991905
14.425229
14.741897
14.533566
14.683569
15.350245
15.308574
15.558576
16.041918
16.100258
16.316923
16.250252
16.358595
16.341927
15.791916
15.608586
15.508578
15.600246
15.041903
15.075239
14.933572
15.600246
15.733581
15.500246
15.083572
14.916903
15.408576
15.183569
15.425242
15.416909
16.250252
16.341927
16.133589
16.391928
16.558596
16.558596
16.733589
16.625263
16.750267
16.591932
16.133589
15.90025
16.000256
15.825245
15.766913
15.341907
15.475244
15.508578
15.858583
15.75858
15.825245
15.541911
15.666914
15.416909
15.44191
15.200235
15.108571
15.141906
15.28357
15.475244
15.608586
16.508593
16.766932
17.091934
17.62528
17.991947
17.87528
18.250284
18.233618
18.200287
18.27529
18.100286
18.316954
18.341953
18.808632
18.700298
18.475288
18.591959
18.491959
18.033617
17.641945
17.858616
17.925282
17.75861
17.27527
17.508608
17.700279
18.241953
18.491959
18.383625
18.333622
18.27529
18.233618
18.333622
18.000282
17.641945
17.958612
17.908617
18.200287
18.266956
18.525291
19.175301
19.24197
18.991968
19.150305
19.466974
19.491972
19.500309
19.691978
19.50864
19.000301
18.875296
18.850296
19.675306
19.416975
19.616982
19.24197
18.891962
19.11697
19.458641
19.675306
19.725311
20.025318
19.816977
19.908646
20.316988
20.308653
20.016987
20.208654
20.091978
19.966986
20.15032
20.141987
19.750311
19.616982
19.183638
19.600311
19.008636
19.166969
19.091969
19.408642
19.941984
19.850313
19.991978
19.708645
19.933647
19.500309
19.758646
19.891981
20.075317
20.000313
19.733641
19.550312
19.916979
19.783648
19.783648
19.483641
19.500309
19.933647
19.891981
19.858648
20.133648
20.17532
19.841978
19.88365
19.950315
19.808653
19.86698
19.566975
19.541971
19.316973
19.441973
19.70031
19.791979
19.816977
19.966986
20.066988
20.083652
20.15032
19.950315
20.575333
20.483654
20.350325
20.44199
20.550325
20.491987
20.166986
20.533665
20.791996
20.333652
20.708668
20.341988
19.983648
19.141966
19.158638
19.083637
19.291969
18.766962
18.725294
18.941965
19.183638
19.225306
19.300304
19.750311
19.583641
19.908646
19.800314
19.941984
19.800314
20.000313
20.058651
20.233648
20.30032
20.250319
20.041983
20.283653
20.275318
20.275318
20.500328
20.508657
20.700327
20.791996
21.008663
21.775343
21.775343
21.558674
21.642012
21.567007
21.733677
21.792007
21.88368
21.950348
21.792007
21.900345
22.200348
22.042011
22.025349
22.058685
22.092016
22.208685
21.692013
21.525341
21.80868
21.850346
21.950348
21.900345
22.167019
22.108686
22.033678
22.400349
22.67536
22.48369
22.558685
22.65036
22.700365
22.767025
22.892029
22.975363
22.50869
22.533688
22.94203
22.44202
22.950363
22.13368
22.125351
21.242001
20.59199
21.775343
21.633675
22.283688
21.275335
20.783665
20.725325
20.30032
20.21699
19.425306
19.550312
19.475309
19.425306
19.075302
19.725311
19.300304
19.166969
19.458641
19.766977
19.133638
18.966967
19.133638
18.983631
18.9753
19.091969
18.966967
19.441973
19.408642
19.308636
19.575306
19.45031
19.141966
19.050303
18.808632
18.483624
18.683628
18.016953
17.75861
17.716944
17.60861
17.783613
18.733624
18.791964
18.916965
19.050303
19.24197
19.783648
19.933647
18.958632
18.941965
19.208635
18.800299
19.391973
19.458641
19.675306
19.416975
19.491972
19.341967
19.225306
19.833647
19.850313
20.116985
20.141987
20.058651
20.641991
20.25865
19.775311
17.800283
17.800283
18.258625
18.375286
18.675297
18.516958
18.525291
18.066956
17.60861
17.675278
17.250271
17.341938
16.933598
16.658596
16.883604
17.100271
17.533607
17.15027
17.200268
17.175274
17.183605
17.716944
17.87528
17.991947
18.27529
18.216953
18.125288
18.033617
18.058617
17.941956
18.408627
18.425295
18.216953
18.225294
18.250284
18.258625
18.133617
18.325285
18.583632
18.658634
18.733624
18.725294
18.850296
19.316973
19.225306
19.466974
19.416975
19.141966
19.500309
19.38364
19.566975
19.675306
19.500309
19.408642
19.325308
19.050303
19.1003
19.308636
19.758646
20.17532
20.21699
20.325321
20.291988
20.408653
17.100271
16.791929
16.625263
16.200253
16.175255
16.341927
16.341927
16.300251
16.000256
16.216921
16.24192
16.200253
15.966925
16.100258
16.016916
15.891919
16.191923
16.15859
16.125254
16.416929
16.416929
16.316923
16.283588
16.225256
16.458593
16.29192
16.35026
16.275257
16.300251
16.408592
16.800266
16.958601
16.875267
16.858597
16.858597
17.075268
17.100271
17.308611
17.458609
17.475277
17.325272
17.40027
17.600277
17.566942
17.675278
17.683609
17.350273
17.308611
17.27527
17.641945
17.950285
17.850281
17.866953
17.441946
17.62528
17.891947
18.016953
18.258625
18.375286
18.358622
18.325285
18.366957
15.766913
15.583582
15.675244
15.558576
15.483574
15.566912
15.708582
15.491915
15.333578
15.300242
15.533581
15.46691
15.46691
15.416909
15.44191
15.333578
15.166908
15.183569
15.100235
14.933572
14.958569
14.875236
14.491894
14.208557
14.166886
14.283556
14.491894
14.541892
14.65023
14.466896
14.40023
14.325228
14.584467
14.492478
14.341949
14.249963
14.266686
14.400487
15.111316
14.977512
14.760083
14.609551
14.584467
14.425581
14.358676
14.241596
13.990719
13.890369
14.157973
14.166335
14.300138
14.651371
14.375404
14.459026
14.651371
14.701546
14.559383
14.609551
14.617919
14.68482
14.718274
14.877166
14.868798
14.157973
14.11616
13.882002
13.915455
13.923816
13.932181
13.823466
13.67294
13.606037
13.539138
13.589312
13.764927
14.049258
13.698026
13.589312
13.388606
13.371885
12.970476
12.79486
12.803222
12.644331
12.594156
12.610883
12.410177
12.585797
12.518894
12.661057
12.970476
12.845035
12.937028
12.485444
12.585797
12.652694
12.828313
13.0541
13.263168
13.154041
13.061703
13.347112
13.212802
12.952578
13.095281
13.070095
12.952578
13.086887
12.96097
13.145647
13.279958
13.724864
13.817198
13.666103
13.674497
13.17083
13.439452
13.405872
13.288352
12.97776
13.002943
12.440516
12.541248
11.701808
11.802541
11.525526
13.363904
13.422662
13.45624
13.431058
13.305141
12.600011
12.658771
12.600011
12.96097
12.97776
12.658771
12.860237
13.212802
13.120463
13.154041
13.279958
12.935787
12.826658
13.330325
13.674497
13.279958
13.506609
13.724864
13.708072
13.993483
13.951509
13.859175
13.875962
13.296745
12.868631
13.103675
13.422662
13.489819
13.296745
13.305141
13.011337
12.75111
13.130357
13.61916
14.1164
14.040549
14.402937
14.318665
14.537782
14.681055
14.790611
14.470363
14.756899
14.461933
14.487213
14.647343
14.782186
14.849607
14.84118
15.540679
15.641809
15.616529
14.824318
15.043445
15.321558
15.195139
15.178288
15.43112
14.84118
15.683943
16.02948
15.962063
16.11376
15.844072
15.574393
15.523823
15.169861
15.102437
14.672622
14.748476
15.178288
14.900175
15.70923
15.658666
15.633383
15.835646
15.785082
16.004196
15.650237
15.911498
15.616529
15.565961
15.153001
15.203573
15.11929
14.9086
15.515392
15.102437
15.279417
15.565961
15.658666
15.304703
15.380552
15.237281
15.753082
16.057491
15.9983
15.939113
16.040577
15.922201
16.125134
16.192787
16.11668
16.328074
16.522552
16.733952
16.843882
16.767771
16.759319
16.767771
16.767771
16.539465
16.539465
16.61557
16.742409
16.742409
16.987623
17.07218
17.080637
17.27512
16.911522
16.826965
16.93689
16.970713
16.835421
17.07218
17.156742
17.215931
17.012991
17.106005
17.029902
17.055269
17.080637
16.810049
16.810049
16.708588
16.573294
16.471823
16.41263
16.640942
16.742409
16.767771
17.097551
17.080637
16.835421
16.93689
17.029902
17.393497
17.334309
17.232836
17.35968
17.621811
17.680996
17.824745
17.782469
17.883936
17.917755
17.671612
17.28117
17.162342
16.94166
16.593658
16.992588
17.026537
16.848293
16.746441
17.043518
17.026537
16.899218
16.899218
16.704004
16.48332
16.542738
16.636097
16.958637
17.111416
16.958637
16.839806
16.737951
16.228685
16.194731
15.880683
15.940095
14.268
14.013367
14.183125
14.03883
14.166148
14.047316
13.979417
14.14917
14.200099
14.166148
13.911513
13.860584
14.081267
13.911513
13.860584
13.546538
13.673855
13.682343
14.166148
14.072781
14.200099
13.987906
14.251025
14.140684
14.361368
14.51415
14.548099
14.582047
14.862151
14.369855
14.539612
14.378344
14.276489
14.200099
13.987906
14.573562
14.565035
14.624727
14.445648
14.300683
14.198349
13.993691
13.968104
13.627006
13.908413
13.806085
13.840192
14.240986
14.223936
13.951054
13.703753
12.893637
13.149464
13.115352
13.379706
13.533202
13.601423
13.627006
13.422343
13.942525
14.232461
14.616199
14.633257
15.093743
14.957304
14.786751
14.641785
14.795278
16.219376
16.253487
16.151157
16.33876
16.389927
16.313179
16.372873
16.509315
16.389927
16.372873
16.117046
16.270542
16.20232
16.117046
16.824829
16.679861
16.330235
16.236435
16.270542
16.509315
16.620173
16.33876
16.244961
16.304647
16.296133
16.117046
16.040298
15.920909
15.84417
16.031769
16.287598
16.236435
16.210663
16.262205
16.236435
16.202066
16.236435
16.150526
15.729583
15.68663
15.815485
15.935756
16.193481
16.07321
15.987307
15.49763
15.626488
15.471864
14.930644
14.776012
14.853331
14.733059
15.04232
14.904874
14.947828
15.016554
14.7846
14.458155
14.449562
14.483927
14.475337
15.171184
15.411725
15.454677
15.720989
15.755355
15.875625
16.184887
16.373884
16.408501
16.29599
16.451773
16.365227
16.469078
16.590235
16.624857
16.858519
16.73736
17.126806
17.118155
17.074879
17.083532
17.187387
17.403742
17.637405
17.54221
17.516247
17.273924
17.161423
17.239307
17.005644
16.83256
