Adjusted
21.57
22.08
21.059999
21.190001
22.1
23.27
22.459999
21.68
22.219999
21.290001
20.41
19.33
19.07
19.18
19.09
19.629999
19.549999
19.98
20.110001
20.309999
20.17
21.48
20.83
19.82
19.889999
20.01
20.09
19.969999
21.219999
22.98
22.290001
22.200001
22.68
22.950001
21.809999
22.040001
22.41
22.120001
22.82
24.959999
23.299999
23.719999
23.77
25.1
24.690001
23.93
23.799999
23.959999
24.51
25.25
24.959999
23.92
25.09
23.870001
24.129999
25.09
25.309999
25.41
25.370001
25.68
25.639999
25.59
25.77
26.24
26.610001
26.530001
26.719999
26.110001
27.200001
27.57
27.17
26.950001
27.49
27.91
27.190001
26.18
26.67
27.4
27
27.549999
28
27.91
27.57
27.16
27.309999
27.02
27.33
26.790001
26.99
27.940001
27.58
27.940001
28.4
29.110001
29.42
29.139999
30.780001
30.76
32.209999
32.310001
32.619999
32.060001
31.48
31.9
33.830002
32.610001
31.690001
32.529999
36.110001
39.799999
37.619999
37.619999
36.970001
38.599998
40.18
39.889999
39.990002
39.5
39.130001
38.810001
37.700001
36.349998
36.5
38
37.299999
38.16
36.330002
34.48
33.189999
32.27
31.620001
33.119999
34.139999
35.110001
34.150002
33.509998
30.780001
30.82
31.66
31.700001
30.65
30.1
31.42
31.450001
30.629999
33.439999
32.75
32.459999
28.76
29.450001
31.01
30.32
29.51
27.07
29.1
30.68
31.17
31.639999
29.309999
30.26
32.41
32.93
33.450001
32.990002
33.470001
33.68
33.310001
32.669998
29.629999
29.440001
27.25
27.309999
26.24
22.469999
25.370001
25.870001
27.459999
24.75
26.030001
24.57
26
29.889999
30.34
30.540001
29.629999
30.35
29.860001
24.73
27.610001
26.120001
24.41
24.92
24.110001
22.280001
20.709999
18.52
16.91
22.120001
23.4
19.9
21.530001
23.25
26.83
25.43
21.360001
20.440001
19.870001
18.959999
20.82
21.299999
21.75
21.25
20.42
22.620001
21.74
21.23
21.969999
22.91
21.76
21.43
24.799999
22.629999
22.17
21.959999
19.59
15.18
18.610001
20.049999
20.77
23.370001
23.59
21.57
21.99
21.85
18.110001
17.209999
19.639999
19.85
21.629999
21.41
22.120001
23.799999
23.99
22.639999
20.66
21.290001
20.07
20.860001
20.870001
21.91
22.02
22.43
22.82
22.24
23.959999
23.950001
22.34
22.09
21.85
20.73
21.440001
20.040001
21.26
22.110001
19.85
21.32
20.280001
21.700001
23.129999
22.83
24.02
24.629999
25.219999
24.49
24.52
24.65
24.99
26.35
26.98
25.43
24.74
24.879999
25.32
22.49
21.49
21.68
21.299999
20.5
20.67
20.200001
20.68
19.950001
17.379999
18.25
19.700001
19.73
19.82
19.719999
21.709999
21.459999
22.450001
22.610001
22.290001
23.370001
23.91
26.549999
25.129999
27.09
25.73
27.27
27.200001
26.299999
25.700001
25.59
26.200001
27.98
27.959999
26.16
24.07
25.24
26.85
27.01
26.940001
25.48
26.629999
27.700001
24.98
24.91
24.75
24.65
25.559999
25.389999
25.299999
26.879999
27.42
27.57
28.030001
27.469999
28.6
29.01
30.790001
30.219999
30.16
29
28.9
27.719999
29.389999
29.93
30.120001
29.4
29.129999
29.610001
29.17
30.799999
32.049999
31.99
32.220001
30.290001
30.370001
31.9
31.379999
31.9
32.189999
33.209999
32.209999
31.530001
30.4
29.18
29.07
29.35
26.139999
26.51
27.040001
28.5
27.950001
28.709999
28.690001
29.65
28.07
27.26
27.01
25.85
26.709999
26.76
26.99
27.77
29.07
29.200001
29.43
30.6
30.4
30.459999
31.950001
32.060001
31.49
30.440001
29.299999
30.34
30.700001
33.040001
34.860001
34.580002
33.549999
34.43
34.23
34.209999
33.959999
33.779999
32.689999
31.5
32
32.93
33.470001
34.02
34.119999
33.200001
33.07
33.330002
33.740002
32.59
31.25
32.07
32.540001
33
35.07
35.98
36.330002
36.790001
35.779999
38.389999
37.73
36.959999
35.5
35.950001
37.57
37.200001
36.459999
35.27
36.5
36.240002
36.32
34.939999
34.84
36.41
37.740002
37.869999
38.57
38.5
38.110001
39.48
40.310001
42.139999
42.119999
41.580002
41.240002
40.959999
39.5
38.900002
38.52
38.880001
35.700001
39.119999
38.110001
38.009998
40.23
40.23
41.369999
41.150002
43.330002
42.84
41.439999
41.110001
41.400002
42.84
42.389999
42.02
41
40.639999
41.5
41.970001
43
41.02
40.880001
42.540001
41.669998
40.919998
40.849998
41.259998
40.799999
40.860001
41.48
41.259998
43.150002
44.200001
44.389999
44.540001
45.119999
45.09
44.959999
45.869999
46.169998
45.950001
45.720001
44.98
44.900002
47.389999
45.73
45.93
46.040001
46.990002
46.740002
44.959999
44.369999
44.369999
44.060001
44.91
44.400002
43.869999
43.25
44.080002
42.860001
45
44.98
44.869999
46.16
47.439999
46.380001
44.919998
44.27
44.59
45.580002
45.290001
46
45.41
46.68
46.959999
47.52
47.75
45.759998
45.16
45.48
46.790001
46.450001
48.029999
49.049999
49.650002
48.77
50.040001
48.450001
49.549999
49.529999
50.200001
50.16
50.139999
50.169998
51.34
48.369999
48.16
48.93
49.759998
49.77
48.360001
48.259998
49.700001
49.77
50.360001
52.169998
53.549999
53.189999
54.049999
53.610001
54.639999
53.450001
53.470001
54.57
55.279999
53.919998
53.389999
54.380001
53.799999
54.57
56.540001
56.790001
54.450001
53.970001
54.700001
56.82
58.869999
57.139999
54.48
51.18
49.049999
53.73
53.84
55.400002
55.709999
54.07
51.25
51.59
50.389999
46.880001
48
46.880001
47.419998
48.799999
51.810001
52.049999
51.919998
57.18
59.57
54.25
53.419998
54.919998
55.099998
58.099998
58.84
59.700001
60.959999
60.580002
59.610001
59.610001
58.720001
57.279999
56.84
56.150002
59.099998
58.43
55.619999
55.330002
54.029999
53.900002
54
55.779999
55.099998
54.639999
54.18
55.099998
55.189999
54.98
53.07
53.290001
57.290001
57.049999
57.700001
60.939999
61.16
60.040001
60.48
60.889999
59.98
62.110001
62.360001
62.25
62.389999
63.080002
63.189999
62.57
59.799999
60.529999
60.599998
60.27
62.380001
61.27
60.560001
60.560001
61.16
59.389999
58
57.639999
58.689999
58.619999
58.419998
61.619999
62.450001
64.160004
63.349998
64.150002
63.360001
63.799999
65.949997
65.010002
64.800003
64.209999
63.16
64.580002
64.489998
62.619999
62.84
64.449997
63.240002
64.260002
65.639999
66.169998
67.489998
67.230003
68.900002
69.239998
67.879997
68.540001
68.779999
68.260002
69.760002
69.150002
69.25
69.389999
66.980003
67.57
67.519997
68.32
68.330002
68.440002
68.550003
68.489998
68.669998
69.959999
71.459999
71.860001
76.970001
76.919998
77.730003
77.910004
78.099998
80.050003
76.199997
75.160004
75.639999
76.169998
77.470001
78.910004
79.580002
78.529999
81.139999
81.110001
82.379997
82.75
83.449997
85.330002
85.910004
87.010002
86.860001
82.800003
84.760002
83.639999
82.809998
83.07
84.059998
84.139999
84.709999
86.419998
88.43
88.080002
87.150002
86.879997
87.419998
87.68
87.199997
87.669998
88.910004
88.010002
86.510002
85.5
86.300003
87.32
88.650002
91.75
91.970001
94.110001
95.019997
92.449997
90
90.110001
89.110001
86.980003
90.32
87.650002
91.25
96.25
96
96.410004
96.510002
95.620003
96.019997
97.089996
97.32
98.449997
99.029999
100.959999
101.709999
104.339996
105.230003
105.519997
106.919998
108.199997
107.529999
109.790001
106.519997
106.529999
108.300003
108.489998
108.849998
108.580002
104.639999
101.669998
100.360001
101.059998
102.5
102.879997
101.889999
104.809998
104.309998
108.330002
108.160004
104.660004
105.400002
105.860001
104.349998
106.339996
106.779999
107.300003
107.300003
109.400002
106.989998
104.699997
104.32
106.190002
103.080002
98.849998
98.900002
100.089996
102.099998
100.309998
101.889999
104.870003
105.290001
105.699997
106.150002
105.959999
105.889999
106.849998
104.199997
100.5
97.529999
94
94.339996
96.019997
96.360001
92.459999
91.919998
90.529999
89.660004
90.720001
92.529999
91.720001
91.379997
88.860001
90.449997
93.709999
94.160004
95.129997
94.610001
91.889999
91.339996
91.169998
89.019997
87.93
87.230003
89.620003
88.199997
86.540001
88.050003
86.32
85.269997
84.790001
84.650002
86.910004
86.839996
86.169998
85.730003
85.309998
88.949997
90.449997
91.849998
91.809998
93.82
92.599998
95.720001
94.089996
91.160004
90.870003
91.349998
89.940002
95.400002
94.519997
95.309998
97.559998
96.980003
97.879997
96.839996
96.230003
94.120003
94.620003
93.580002
94.050003
91.809998
92.720001
86.43
82.870003
74.5
79.07
80.980003
85.589996
84.099998
87.519997
84.260002
85.300003
82.269997
82.279999
80.889999
82.959999
83.690002
81.480003
82.239998
85.589996
86.110001
86.949997
87.019997
85.589996
84.779999
88.940002
86.93
83.610001
82.779999
83.010002
85.25
87.010002
88.709999
85.790001
87.019997
82.57
76.410004
75.209999
78.599998
78.720001
74.279999
74.190002
71.139999
67.25
69.75
73.139999
77.050003
75.349998
80.389999
78.480003
77.980003
79.160004
83.830002
81.470001
85.080002
86.110001
86.540001
89.150002
91.610001
88.93
92.190002
98.300003
99.870003
94.720001
92.360001
96.059998
99.489998
98.019997
98.300003
99.599998
95.169998
96.760002
97.379997
96.57
97.07
98.580002
95.589996
95.269997
94.419998
92.919998
90.639999
90.43
94.449997
96.57
101.620003
101.510002
102.379997
102.900002
103.099998
102.519997
98.559998
100.580002
98.269997
96.889999
91.400002
90.989998
93.480003
90.93
93.639999
93.169998
95.089996
93.82
95.07
92.989998
93.57
93.75
97.480003
102.089996
101.910004
101.029999
100.970001
102.410004
101.370003
100.970001
99.690002
100.919998
100.940002
100.739998
100.25
101.940002
102.019997
107.629997
106.25
106.599998
105.68
106.660004
107.389999
108.480003
108.489998
109.730003
112.330002
111.019997
112.650002
110.730003
111.129997
112.68
112.900002
115.650002
114.75
115.839996
116
112.25
113.43
112.959999
109.550003
106.839996
109.779999
106.889999
104.239998
102.760002
102.519997
103.650002
102.639999
99.690002
99.339996
99.82
99.669998
101.739998
103.589996
100.129997
101.360001
97.290001
99.919998
103.010002
101.389999
100.459999
99.519997
102.080002
103.760002
102.809998
100.919998
99.339996
97.839996
96.290001
95.209999
98.699997
97.540001
96.910004
97.580002
97.830002
99.629997
98.169998
99.169998
98.699997
104.199997
107.110001
108.199997
107.18
107.099998
105.230003
99.5
96.32
93.25
92.120003
90.07
91.32
89.169998
92.019997
89.610001
88.5
86.489998
85.900002
90.260002
89.639999
90.510002
88.849998
89.669998
93.580002
88.050003
87.739998
83.779999
85.010002
87.449997
91.650002
91.980003
92.260002
88.169998
90.760002
89.68
89.769997
91.139999
88.860001
89.370003
86.120003
79.860001
81.080002
78.480003
81.019997
82.510002
81.199997
85.120003
85.059998
89.160004
87.360001
84.389999
84.349998
82.919998
83.699997
83.790001
83.980003
86.07
89.239998
89.139999
90.169998
88.940002
84.660004
81.900002
82.330002
82.860001
86.400002
85.629997
85.25
87.580002
86.639999
88.769997
89.169998
93.019997
92.940002
93.830002
95.209999
93.800003
95.080002
96.25
97
96.339996
95.199997
94.080002
94.059998
92.949997
93.199997
92.629997
91.870003
89.699997
88.150002
89.739998
88.139999
88.580002
91.760002
94.269997
93.900002
93.989998
93.220001
97.279999
101.150002
99.800003
97.919998
97.57
97.489998
100.230003
96.940002
96.029999
93
94.43
94.75
97.480003
96.879997
95.019997
95.940002
93.980003
94.809998
95.300003
93.360001
92.989998
91.459999
92.099998
93.080002
94.519997
94.360001
92.339996
89.540001
87.260002
86.169998
87.559998
86.769997
86.120003
88.07
87.599998
88.339996
90.260002
87
80.400002
82.730003
80.970001
80.419998
80.059998
80.32
79.139999
81.57
79.650002
80.449997
81.239998
78.900002
78.620003
78.120003
80.459999
80.260002
78.779999
77.800003
81.629997
81.07
81.669998
82.589996
83.669998
84.010002
81.690002
82.389999
82.690002
83.709999
81.669998
81.260002
79.489998
78.709999
79.029999
78.150002
78.870003
