Adjusted
31.683176
31.621893
31.628695
32.493645
32.262081
32.766083
32.514072
32.207603
32.391491
32.003296
31.819389
30.634344
30.130348
28.843143
29.58551
28.720547
27.944132
28.672873
28.843143
29.12919
29.285826
29.674034
30.103117
29.095135
28.931683
28.884001
28.679682
28.570711
28.93849
29.299456
29.013405
29.061071
29.013405
28.802277
28.407257
28.788654
29.020212
29.115568
28.816542
28.520948
27.455458
27.647926
27.675423
27.902279
27.077366
26.878016
26.843655
27.668552
27.565432
27.269857
27.201113
27.641054
28.342224
27.586063
28.012255
27.971012
27.840408
27.943527
28.039757
27.840408
28.074121
29.20837
29.387094
29.091494
29.703308
29.833918
29.90267
29.90267
29.813295
29.52458
29.579567
29.85454
30.397606
30.136385
30.376982
30.108887
29.847675
29.964535
29.827044
29.930153
29.847675
29.861408
29.827044
30.411345
31.339367
30.803177
30.796299
30.603821
30.940659
30.926908
31.140013
30.885666
31.408096
31.38748
31.600588
31.703691
31.875544
31.958035
32.123016
31.23625
31.277498
31.634605
31.814903
32.106144
31.80798
32.237907
32.563824
32.855068
31.842649
32.452873
32.626236
32.078415
31.766373
31.988272
32.237907
32.272572
32.321125
32.952141
32.647034
32.945217
32.993763
33.174034
32.556881
32.036808
32.931343
33.063095
32.931343
32.577694
32.487545
32.30724
32.549957
32.681713
32.501408
31.891186
31.703962
30.885704
30.656855
30.83716
31.059063
30.913445
30.282412
30.358696
30.032774
30.324018
30.109051
30.816364
30.636061
29.533493
29.353207
29.457214
29.242262
29.082766
29.658321
30.011972
29.602837
29.810875
29.332401
29.505764
29.464159
29.651379
29.894083
30.233868
30.220005
30.011972
30.559786
30.668243
31.046082
30.458328
30.157448
29.702633
29.107889
28.646082
29.793613
28.960953
29.597692
29.478727
30.164442
29.191851
29.919556
28.681065
29.198854
30.906145
30.437342
29.891567
29.618677
30.612255
30.367365
29.380764
29.933548
30.53529
29.450745
29.303802
28.04434
26.812841
26.274069
24.524796
23.559196
26.036165
25.966198
24.007015
25.238501
25.154539
26.560949
25.21051
23.692148
24.979607
24.587769
23.776104
25.973198
24.636747
25.378447
25.385433
25.511383
25.658323
24.650742
24.000013
25.070574
24.622757
24.503809
24.014006
25.392437
25.462404
25.17552
25.245501
24.454823
23.496222
25.840254
26.064159
25.959194
25.70813
26.040539
24.640198
25.170631
25.474741
24.519966
24.916019
25.128199
24.746281
24.512896
24.449244
24.470461
24.314871
24.512896
24.286579
24.597763
24.739212
24.534113
24.336094
24.527044
24.682631
24.633123
24.916019
25.347439
25.842506
25.743494
25.616196
25.234283
25.085766
24.831158
24.852373
24.307798
23.961254
23.996614
24.470461
24.321938
24.675556
24.70385
24.753357
25.283785
25.085766
25.241348
25.609116
24.880663
25.644478
25.86372
25.856657
26.012247
26.118326
25.594971
25.106974
24.838219
24.70385
24.428024
23.777365
23.034771
23.01355
22.412399
21.790024
22.384109
22.067125
21.572287
21.643997
20.568253
19.908459
20.367447
20.001694
20.166643
19.571392
20.087749
20.188152
20.568253
21.177843
21.66551
21.902174
22.282274
22.375504
22.224895
23.214581
22.475908
22.511759
22.626503
22.282274
21.880659
22.224895
22.067125
22.081465
21.83046
21.66551
21.837633
21.902174
21.859142
21.629654
21.493389
21.780258
21.557936
21.47188
21.213696
21.070263
20.804913
20.998545
21.005718
21.206522
21.443188
21.23521
21.629654
22.296608
22.669537
22.705397
22.604992
22.855997
22.855997
22.79146
22.94206
22.447216
22.260754
21.887827
21.873484
22.526102
22.325302
22.031265
22.095804
22.626503
22.057793
22.675966
23.119593
23.926851
23.71594
23.235956
23.323223
23.286861
23.097773
23.177773
23.446861
23.963205
24.283209
23.737761
23.657763
23.555943
24.246843
23.795944
24.006845
23.672308
23.846853
24.254122
24.283209
24.632294
24.305019
24.894106
24.137754
24.355932
23.803215
23.708668
23.861393
23.599581
24.014124
24.072296
24.13048
24.123209
23.905033
23.890484
24.021391
24.086842
24.654108
25.155918
25.308636
24.82865
24.82865
25.119558
24.581379
24.661383
24.559566
24.486839
24.603205
24.43593
24.43593
24.355932
24.49411
24.450472
24.406839
24.09412
24.137754
24.312298
24.486839
24.886827
25.046829
24.952282
24.670881
24.641409
24.471981
24.368849
24.31728
24.118385
24.118385
24.309916
24.324642
24.368849
24.177315
24.155216
24.449877
24.648783
25.142342
25.061312
25.289675
25.186541
25.105518
25.083412
25.230745
25.186541
25.488577
25.584343
25.4149
24.899239
24.670881
24.825581
24.943443
25.112877
25.216013
25.562246
25.680111
25.429642
25.576973
25.297045
25.429642
25.864281
25.761137
25.834808
26.144203
25.908472
25.643269
25.569611
25.495945
25.510674
25.112877
25.488577
25.584343
25.856913
26.379942
26.497808
26.969271
27.087137
27.006105
26.711437
26.711437
27.330238
27.440735
27.286045
27.116606
26.792461
27.07976
27.23447
27.419353
26.942236
27.121155
27.717558
28.239395
28.224495
28.142485
28.492865
28.440683
28.545046
28.776154
29.133995
29.469467
29.260729
29.215998
29.044529
29.171274
29.253275
29.163813
29.178719
29.35018
29.5291
29.372555
29.4471
29.014715
29.044529
28.686697
28.716524
28.761248
28.746338
29.171274
29.022169
29.186176
29.156364
28.962538
29.394915
29.10417
28.723972
28.179762
28.381041
28.403408
28.328857
28.030655
27.926292
28.142485
28.321404
28.060478
27.478994
27.396986
27.039152
27.262798
27.28516
27.63555
27.687731
28.507788
28.612152
28.865614
29.201096
29.074356
28.940165
29.0669
28.923563
28.659536
28.893391
29.029177
29.127253
29.232866
29.504454
29.481825
29.587433
29.708139
29.911827
29.942003
29.957096
30.092882
30.598331
30.560614
30.703943
30.273937
30.319199
30.236217
30.372013
30.628504
31.066057
31.126406
31.013241
31.556416
31.541315
31.45834
31.42062
31.284828
31.375359
31.533783
31.435709
31.292374
31.262192
31.066057
31.1415
31.247107
31.201841
31.194305
31.511148
31.579046
31.035873
31.247107
31.156576
31.533783
32.039227
31.443254
31.518696
30.334297
30.341829
31.616762
31.533783
31.571503
31.337645
30.922716
31.133953
30.711483
30.500252
29.602522
29.821293
29.610065
29.594982
29.433155
29.875877
29.73848
29.45606
30.318592
30.646822
29.776649
30.020916
30.654455
30.471262
31.150602
30.990313
30.898714
31.509359
31.807047
31.944441
32.058933
31.921543
31.188772
30.707886
30.646822
30.662086
30.967409
29.975109
29.570559
29.753748
29.51712
29.875877
30.669722
31.104809
31.219307
31.288006
31.371952
31.631489
31.50173
30.860546
31.600946
32.028404
31.494093
32.226875
32.371899
32.51693
33.028347
32.806984
31.822311
32.051304
32.974911
32.913845
33.203907
33.242069
33.33366
33.608459
33.722958
33.364204
33.432896
33.516853
33.608459
34.127506
33.669521
33.33366
33.532131
33.852715
33.898506
33.279964
32.979156
33.488201
32.925182
32.956028
33.827553
33.611603
33.927818
33.796703
33.727291
33.889252
33.387936
33.873829
33.958675
33.534481
33.619316
33.488201
34.159199
34.020367
34.097496
33.488201
34.112926
34.136059
34.082069
33.896965
33.673302
33.958675
33.850697
34.382866
34.313446
34.328884
34.459995
34.467701
34.182331
34.359726
34.421429
34.352013
34.645092
34.321167
34.475426
34.506264
34.328884
34.290314
33.966385
33.796703
33.896965
33.519047
32.770924
33.025436
33.064011
33.57304
33.549908
33.233688
33.218262
33.148846
33.040871
33.056293
33.256824
33.002304
32.740082
33.010014
32.979156
33.171986
32.770924
32.769371
32.621235
32.441902
32.379532
32.784962
32.82394
33.073437
32.777172
32.668018
32.613434
32.566658
32.449707
32.784962
32.745975
32.527672
32.98769
33.190384
33.471073
33.494453
33.463272
33.494453
33.439877
33.463272
33.478855
33.447678
33.307335
33.330719
33.634792
33.549034
33.673782
33.704971
33.089024
33.003262
32.948689
33.221573
33.510052
33.510052
33.502247
33.814114
33.798527
33.977856
33.970051
33.954464
34.141579
33.829712
33.946663
34.133778
33.923271
34.063614
34.00124
33.853107
33.946663
33.946663
34.227341
34.398865
34.05582
34.102596
34.375481
34.445648
34.593796
34.53141
34.804302
34.882267
35.08498
35.576164
35.529385
35.303181
35.886448
35.894314
35.799736
36.367233
36.524876
35.988899
35.870682
35.594799
35.255886
34.459812
34.373112
34.507095
35.066719
35.019424
34.743553
35.003662
35.106129
34.861797
35.11401
35.602676
35.232239
35.232239
35.40564
35.287411
35.492336
35.429283
35.326828
34.664726
34.365231
34.325817
34.704144
35.050953
34.759327
34.924854
35.05883
35.271652
35.539642
36.059845
36.30418
36.516994
36.58794
36.68251
36.832272
37.060856
36.68251
36.982021
37.052971
37.549526
37.557415
37.951504
37.825378
37.730824
38.093384
37.809631
37.990913
38.053974
37.78598
37.762344
37.573601
37.701015
37.613419
38.003647
37.525803
37.645256
37.549709
37.350613
37.748798
37.979748
38.210697
37.852333
38.091236
37.979748
37.509888
37.637302
37.955864
38.354057
38.409805
38.035496
37.54174
37.629345
37.987717
38.06736
38.306274
38.441658
39.015053
38.712433
38.943386
38.991169
38.728352
38.314243
38.513329
38.449619
38.362019
38.592964
38.226635
38.776138
39.230083
39.819405
39.644199
39.476963
39.261929
39.06284
39.015053
38.584999
38.696503
38.306274
38.752258
38.043461
38.696503
36.586067
37.247074
36.920559
38.250523
37.995682
39.56456
39.572521
39.91497
39.086735
38.218681
38.425728
39.102661
39.885414
39.370548
38.984398
39.39468
39.21769
39.20966
39.088985
38.598263
38.525856
38.775249
38.735023
37.962738
38.187981
38.437366
39.048763
39.788876
40.094574
40.014122
40.705963
40.134792
39.668205
40.21524
40.850758
40.971439
40.561157
41.22887
40.84272
40.094574
39.563622
39.829094
40.223286
40.440495
41.188644
40.689869
40.36005
40.255459
40.617474
40.239376
40.601379
40.995575
41.059937
41.888519
41.349537
40.786407
41.148415
41.840248
41.325401
41.502384
40.545063
41.212772
41.590881
41.478256
42.194221
42.347076
41.252995
41.309307
41.880482
41.615021
41.478256
41.043839
40.899029
41.059937
40.754234
40.255459
39.668205
39.829094
40.311775
40.907085
41.933064
41.713734
41.071987
41.023243
40.89328
41.023243
40.730801
41.242577
40.8689
41.007004
40.76329
41.250702
41.145096
40.909508
42.339233
42.883499
42.826633
43.013474
43.4034
43.119091
43.484634
43.119091
42.64793
42.298618
42.209263
41.778713
41.721855
41.665001
41.567509
41.372543
41.104473
41.266941
40.966373
40.860775
41.080112
41.007004
40.8689
41.518768
41.307552
40.25964
40.080929
40.64957
40.958263
41.031364
40.925758
40.836403
40.958263
40.779541
40.503349
40.543961
40.560215
40.803913
40.682056
40.958263
41.080112
40.730801
40.998871
41.380676
41.689358
41.76247
41.632496
41.425659
41.376411
41.466698
41.71294
41.466698
41.44207
41.532364
41.663689
42.131542
42.156166
41.491322
41.433861
41.302536
41.253292
41.565201
41.41745
41.384617
41.269707
41.622646
41.868881
41.606232
41.680107
42.033054
42.27108
42.303917
42.344948
42.172581
41.778595
41.204041
41.179413
41.286118
41.269707
41.647278
41.852474
41.548775
41.483116
41.87709
41.737564
41.704735
42.057674
42.591194
42.738934
42.837429
43.042633
42.771759
42.615818
42.673264
42.574783
42.648643
42.410618
42.771759
42.862053
42.903099
42.927719
43.100079
42.591194
42.919502
42.870266
43.067261
42.85384
43.091881
43.132915
43.091881
42.999016
43.164833
42.808315
42.725395
42.675652
43.322376
43.728657
44.13493
43.786697
43.803276
43.985676
44.541206
44.590954
45.013813
45.088448
44.914303
44.508038
44.450005
44.226135
44.251015
44.707027
44.582661
44.773361
45.096729
44.964069
44.590954
44.632416
44.582661
44.524624
44.80653
44.524624
44.930897
44.930897
44.964069
45.080147
44.930897
44.7402
44.358795
43.952522
44.184681
44.881153
45.577633
45.536167
45.030388
44.781658
44.615822
45.113312
45.046982
44.756786
44.499744
44.466595
44.541206
44.317341
44.358795
44.615822
44.731903
44.707027
44.872864
44.607533
44.450005
44.060307
44.35051
44.814823
44.731903
44.353428
43.976631
43.94315
43.968266
43.959885
45.023296
44.512535
44.613003
44.328316
44.177586
44.872581
44.227837
44.051998
43.750557
43.842663
44.144104
44.127357
44.470654
44.085499
44.286457
44.219467
44.328316
44.219467
44.571133
44.654873
44.696735
44.59626
44.403675
44.227837
44.562771
44.403675
44.110607
44.177586
44.093861
44.671619
44.864212
44.805592
44.345055
44.118984
43.918026
43.499359
43.599842
44.194347
43.557964
43.290028
42.645271
42.67878
41.74934
41.389278
41.305561
41.188324
42.0424
41.774464
41.598614
41.992161
42.101009
42.151253
42.000526
41.967037
42.410828
42.318714
42.67157
42.874641
43.246952
42.942326
42.646175
43.771564
43.610798
43.73772
43.653103
43.66156
43.62772
43.441574
43.314644
43.966183
44.194641
43.830795
44.169254
43.949257
43.949257
43.754639
43.67849
43.221577
