Adjusted
72.155975
75.115845
71.979996
70.716072
70.444107
70.116112
72.187973
71.404053
75.747787
73.883904
70.284103
63.268475
61.116619
66.516319
66.348335
66.068314
66.300293
68.340202
69.388145
69.172142
70.044106
71.124069
70.556076
66.780319
66.636284
65.580353
65.964325
67.468254
69.180168
68.428207
69.068161
67.996231
66.788284
68.620178
68.700195
69.732109
71.188042
69.964111
68.988136
69.572128
68.164215
70.052124
69.348122
71.420021
70.276077
66.572304
64.996384
68.5802
67.180244
67.380249
66.300293
64.820412
66.740288
63.588467
63.380482
65.156372
65.788353
64.652397
63.512955
64.146873
64.548103
65.029541
64.050591
66.602333
68.80101
70.935486
71.152138
69.747894
69.739868
69.258392
69.009659
69.186188
72.363846
71.858299
74.369919
74.907547
73.744034
72.620605
71.328674
72.219406
71.842232
67.476982
67.460953
67.725731
68.399803
67.701691
69.073845
68.183151
69.667656
69.258392
71.713875
72.371841
65.198059
67.091827
67.027618
64.83699
65.807915
65.663467
64.957329
64.532043
64.082687
66.265327
65.270287
65.270287
64.8209
64.941277
64.716599
66.481956
65.246216
65.543098
65.5271
63.392574
62.558044
62.525959
64.676491
63.553066
62.638306
62.333363
61.282158
62.172867
60.455654
59.027321
57.593513
57.496857
58.10099
59.140099
56.586639
55.13673
56.24028
53.936527
51.560303
53.03437
52.349686
54.210423
52.164417
52.478577
54.661469
54.234558
57.158546
56.852467
57.609631
54.605095
55.72477
56.151672
57.029686
59.18037
56.514149
56.562469
52.551064
53.702946
54.299015
53.944599
55.628098
56.046951
55.861687
54.049305
53.88821
53.686832
53.66267
52.760509
53.42905
53.952644
54.403744
53.195484
53.920422
54.742031
57.198826
56.844398
55.346165
53.590168
51.14949
50.932011
50.569519
48.289959
48.128849
49.602924
50.940063
49.30489
50.89978
48.265785
49.957348
51.052837
50.827293
48.950462
47.621387
46.525902
44.785629
38.658249
40.066666
37.476498
32.150475
31.761944
30.183558
29.139404
30.750164
31.567671
30.855387
34.360203
33.987869
30.029762
31.486732
31.907629
31.243902
30.264502
27.38294
26.209263
24.574226
24.193792
26.929661
28.928946
31.114395
31.211536
31.591963
34.433056
31.996689
28.985605
30.118805
29.843599
28.427095
26.492563
28.961319
27.350559
26.500669
27.293901
25.157013
23.287237
25.067972
26.856806
26.792057
28.945131
28.176176
24.6066
25.772179
27.318184
25.076071
25.893591
29.956923
30.733971
31.36533
29.260809
29.835505
29.43079
30.944412
32.684696
31.300558
31.875263
29.819317
30.175459
30.798725
31.138674
30.877756
30.698387
31.244669
33.845676
34.970886
36.340683
34.775192
36.838047
37.498512
33.886456
33.250462
32.206795
32.320961
32.516647
30.404861
32.03558
30.551609
29.858572
28.798592
29.271502
30.861446
29.353043
28.325672
28.619205
29.361198
30.57608
32.320961
34.09029
33.12001
31.309906
31.212067
30.41301
29.442724
27.30648
26.279119
24.7707
23.555807
22.006624
23.197054
22.022936
22.161543
22.414301
20.245447
20.62051
21.949547
20.644968
20.799894
21.020039
22.69968
23.384586
24.379326
24.175482
24.542404
25.06423
25.325148
25.952972
25.047928
28.04846
28.513216
28.2686
29.287811
28.819397
26.625278
27.011507
28.153763
29.641165
30.651949
30.37254
28.745441
28.293472
30.791643
30.791643
30.421858
32.164001
33.043282
32.410519
30.175325
31.145002
32.20509
31.909241
33.298027
32.303692
31.596983
33.043282
33.906143
35.237411
37.045303
37.308266
38.664185
35.993446
36.905605
36.009872
35.919472
33.741798
34.333462
34.440292
36.544025
36.009872
36.428982
34.160892
34.432076
35.163448
35.163448
34.390984
35.72226
38.590206
38.121811
36.757675
38.146469
38.18755
37.636959
37.75201
37.563015
37.045303
36.790569
35.418194
34.201973
33.65139
33.265163
32.920025
31.991419
32.254391
32.862499
34.604652
34.563286
34.869385
33.049393
33.396839
31.874649
31.452753
29.765125
29.649302
29.508669
29.210852
30.26977
30.509665
31.990475
32.263477
31.75058
32.917011
33.537472
33.231373
34.828007
35.043098
35.340912
34.861103
34.066933
35.465
36.184734
37.591076
37.756542
37.599361
37.52491
38.310818
37.657265
37.111271
37.888908
37.748272
36.83828
35.134102
37.301544
36.217819
36.391552
37.061638
37.516628
38.310818
37.334637
37.285004
36.755535
36.068916
35.15065
34.100018
34.100018
34.894192
35.390541
35.580818
35.597378
35.572556
35.787636
37.367725
37.392548
37.988167
37.285004
37.127815
38.203262
37.549728
36.755535
36.350174
35.442677
35.967194
35.734085
34.468575
34.24379
35.06802
35.892265
35.492634
35.900597
35.775715
35.475983
35.509277
36.425106
36.674896
36.666561
38.331711
38.306728
40.046818
40.279934
40.030163
39.996861
39.064384
37.81551
39.555599
37.923752
38.548183
39.305824
38.931164
40.055138
39.264191
40.363194
40.254955
39.971886
39.472336
39.613876
40.721207
40.921013
42.844261
42.369698
42.319748
43.168964
43.535297
44.709232
43.593578
44.551041
45.000637
44.959
45.292034
45.158829
44.634293
43.518642
43.826698
43.626888
43.660183
44.342892
44.551041
45.400265
45.075573
45.650043
46.274475
47.11536
46.674103
46.898899
46.565868
45.963402
45.829514
45.260513
46.908947
46.733219
46.607712
46.94241
48.22266
50.163948
48.021847
48.774929
48.825127
47.134884
48.247768
46.950775
46.398514
44.365177
44.925812
44.691525
43.838024
42.76696
41.796318
42.967796
43.888229
43.377789
41.729362
41.68755
40.96793
42.105919
41.879997
43.779438
44.440495
45.001118
47.260387
47.913067
47.929794
47.444481
46.934044
47.00935
47.662022
47.946526
48.774929
48.707981
49.084522
48.950645
49.820885
49.536369
49.603325
48.942276
48.306328
49.067787
48.641041
49.302078
49.862717
49.578213
49.360657
50.222519
51.845852
50.615803
50.373138
50.67437
51.573868
51.372112
49.985043
50.220432
50.977005
51.010635
50.775269
50.960194
51.851288
52.153919
51.733604
51.926952
51.918533
50.867722
50.834095
50.607124
50.85931
51.246014
51.943752
52.296844
49.867367
50.085926
50.95179
50.287682
51.548649
49.110764
48.345776
47.404243
47.395847
49.959824
49.985043
51.397335
50.33812
49.060326
48.715664
48.051548
49.489063
47.639626
49.371376
47.353813
46.983921
47.194084
49.968227
48.488689
48.026329
50.497841
50.161583
47.81617
46.050793
46.286182
46.462723
48.648411
49.480656
48.455063
50.018669
49.884163
49.951412
49.81691
50.817284
49.682404
49.774883
48.917419
50.220432
49.434662
46.832405
47.043625
46.646519
46.046654
46.156487
47.820911
48.378555
49.012226
48.564434
50.161274
50.456993
51.606045
50.465454
50.786499
51.276543
52.18058
53.067711
54.495579
54.901142
54.3097
54.22522
54.504036
56.337444
56.751434
56.455734
57.080944
57.435806
57.486504
58.542606
57.385113
55.20528
55.365829
54.791286
55.416519
56.802143
55.746017
55.517899
55.027859
53.245136
52.670605
53.109947
53.01701
54.605415
53.211346
53.45636
56.210705
57.241482
57.984974
57.173889
57.528748
56.895065
57.292183
58.956615
59.167839
59.193184
58.838337
61.212475
62.19257
61.710976
60.89986
60.147911
61.373016
60.916759
60.738605
60.857388
59.202953
58.176353
58.218781
60.492554
61.052513
61.001625
63.92868
63.894745
63.343266
63.869267
63.708065
64.615906
64.52256
63.563843
64.853455
65.370987
65.54068
65.532188
64.836472
64.344376
64.055946
65.15889
64.7686
65.61705
65.769753
67.178123
67.110245
66.74543
66.066704
66.957535
66.847229
65.209801
64.88739
64.225601
64.480141
65.566116
66.160019
65.54068
64.7686
64.675285
64.480141
63.784431
63.377193
64.59893
66.431526
66.439995
67.059349
69.078598
68.391373
68.340469
69.689468
69.494316
70.028809
69.197372
69.808235
69.188896
70.054291
71.657791
71.22509
70.911194
70.902695
70.877258
70.979507
70.970978
70.75798
71.218056
70.732399
71.771851
71.780373
71.85704
72.061531
72.981682
74.506744
76.227776
76.270363
77.190521
76.168129
76.048851
76.031799
76.781578
76.15963
77.522789
77.514267
75.750648
77.446121
79.201218
80.163963
79.644257
79.414238
80.206558
79.652763
80.044678
80.530319
81.297119
80.734833
79.763542
81.671997
81.160789
80.939285
77.531326
75.196854
75.750648
77.096786
76.807121
75.878448
76.295944
78.920052
78.681519
76.994545
77.96582
76.525978
74.591942
74.796417
74.66008
74.702705
74.046669
76.151062
76.764526
78.051025
77.573921
77.897667
79.431252
80.291786
79.490906
80.346085
80.773705
82.86039
84.322777
84.870125
83.989243
82.963005
82.501213
82.039406
81.235504
79.918503
80.029671
80.602654
80.183609
78.276512
79.003433
80.294762
81.45787
81.004601
82.95446
82.749207
82.022285
83.382065
83.287994
81.226967
79.559303
78.285049
78.276512
79.362617
80.807892
78.071243
77.275917
75.018181
75.368835
74.368248
73.974854
73.581444
72.478256
71.032959
71.36647
72.444046
72.640739
73.324913
73.615669
70.776413
72.033546
70.297478
69.869888
69.450844
68.381844
70.126427
69.955406
68.58709
70.126427
68.595657
67.79174
67.158897
68.467377
70.237617
69.758698
69.895554
68.398941
69.006111
70.44162
70.854195
70.871399
72.6679
72.925766
72.710869
74.301102
74.017441
71.765335
70.183739
70.39003
69.994637
70.21814
68.593552
69.521881
69.178055
70.742462
69.831314
70.39003
69.539055
68.266907
68.241119
67.484703
67.665207
66.032028
66.246933
62.241337
62.456226
57.634045
60.969181
58.442043
63.161083
64.441833
65.756973
64.605164
63.831539
60.298706
59.318798
60.169773
62.456226
64.553589
62.800053
65.352966
67.828537
68.860001
69.470306
68.670891
67.072083
66.307091
68.206734
66.41024
64.691109
64.501999
65.80854
66.436043
67.596451
67.063492
66.35006
65.309998
62.593758
58.957794
57.995068
58.828846
59.722797
58.296082
58.832199
55.831772
53.36747
54.889297
57.206604
57.561115
56.808849
59.990841
61.979584
61.434864
60.354008
61.728825
60.155125
60.639339
59.757389
59.878445
62.455158
64.461205
63.224705
63.925102
67.219498
68.023621
65.62851
63.726227
64.046143
65.481506
65.187515
64.980003
65.395035
62.930717
63.622459
65.533386
64.590889
66.000305
66.086777
64.867569
64.219093
62.844254
62.187115
64.608192
63.674339
66.147316
65.57663
68.525154
68.075508
67.176262
67.565361
67.772888
68.231163
66.475868
67.738297
66.553703
65.04052
63.821346
63.743515
63.682987
63.605171
66.268341
66.510468
67.236778
68.040939
67.824753
66.85994
67.442307
67.233711
68.937347
69.945641
70.962631
71.536324
71.910072
72.796661
73.44857
73.396446
73.587654
73.804962
74.943619
75.56945
75.656387
75.534683
75.117477
76.282204
76.195274
76.48214
75.978004
74.882774
75.552071
75.986671
76.838516
76.334351
76.438675
76.92543
76.429985
76.099678
77.081871
77.403511
73.257347
72.240364
72.90097
73.179115
73.335602
73.100883
72.379448
72.483749
72.431595
72.083893
72.214287
71.518921
71.127762
68.850433
68.850433
69.867432
69.684875
69.067734
70.980003
70.919159
70.962631
72.335968
72.283829
71.61454
71.266861
69.910873
70.267258
71.953537
71.623222
70.242149
70.355789
70.714165
71.841766
71.457169
70.985138
71.527054
69.446732
66.876892
67.785957
69.350571
69.464195
69.55162
70.714165
70.749138
70.268387
70.722908
69.918747
70.784096
71.186165
71.937904
72.453636
71.990334
72.846962
72.925636
72.103973
70.530609
70.119774
70.399498
69.097099
69.01844
69.114578
67.593643
66.973045
64.84024
63.782604
63.974915
65.82798
65.495834
66.387405
66.14267
65.679398
66.684593
66.265022
64.569298
62.515171
61.702274
62.628807
64.254623
64.254623
64.953911
63.406731
64.735344
64.044838
65.303528
65.862953
65.460876
67.331429
67.182838
65.609451
66.020294
65.041306
66.431099
68.664841
68.805534
71.118408
70.749054
71.865891
72.094566
70.968887
70.819397
69.122101
68.735207
68.823105
68.137192
67.521591
66.782875
66.536636
66.563026
66.73011
66.088135
64.962479
64.839371
65.982597
68.682419
67.996498
67.556755
68.181137
67.196205
68.163544
68.972633
69.44751
69.623398
69.19249
69.799286
70.14225
70.467628
66.044159
66.404739
67.6623
68.497726
68.286674
67.741425
66.94117
67.424843
66.19368
64.909714
65.358238
65.542908
66.052956
65.182343
65.797913
67.750252
68.787941
67.882156
68.814316
69.289215
70.678673
72.112144
71.250313
71.505341
72.094566
72.367165
72.727715
72.947594
71.804337
71.998917
72.609146
72.936394
73.051323
72.715271
72.441124
73.254745
73.210541
73.201691
72.281937
71.804337
72.847946
72.909851
73.608528
74.784767
75.890266
76.818893
75.165062
75.961006
75.200424
74.563675
74.899742
75.589592
75.563042
76.827728
75.704536
75.961006
76.146744
74.404488
73.926903
74.545982
75.775276
75.784134
74.943954
75.518837
75.394989
76.279411
76.049461
73.254745
74.26297
74.696312
74.643257
74.52829
75.050087
74.333725
73.59967
73.847305
74.50177
74.935127
75.554207
75.863731
75.554207
76.279411
75.660332
75.996399
76.385536
76.818893
76.137917
76.721603
76.226326
76.146744
76.518181
76.411507
75.175606
