Adjusted
11.358806
10.748404
9.660291
9.695676
9.085275
9.315281
9.854914
9.775294
10.208767
9.996455
10.182232
10.359159
10.730707
11.411881
12.783077
13.694256
13.650026
14.065809
14.800058
13.81811
15.26892
15.313151
14.649672
13.66772
13.101546
13.305015
12.661657
12.95653
12.679528
12.920787
12.581237
12.348914
12.768885
13.805408
13.689246
13.599891
13.850086
14.681089
15.27977
13.867957
12.536562
12.143398
12.286364
12.742075
11.75023
11.580455
11.428553
12.804626
12.188075
12.947593
12.429335
12.25956
13.188856
13.072691
14.010922
14.922351
14.520249
13.582019
13.87689
13.724986
14.073474
15.252963
15.333383
15.395934
15.127867
15.15467
14.493441
14.03773
14.386217
14.046665
13.519469
13.841146
14.493441
14.511316
14.93128
14.868736
14.538121
14.198569
14.949155
15.217222
15.32445
14.913413
13.841146
14.162828
13.984118
14.270057
15.05638
14.064533
13.573085
13.251399
13.537339
13.340757
13.724986
14.178444
13.909063
13.478053
12.858475
12.059311
12.032373
11.709115
11.718094
11.601361
11.340958
11.412794
11.260149
11.825849
11.358919
11.340958
10.452002
10.532816
10.92791
10.047926
10.254455
10.685466
10.936889
10.784238
10.90995
11.278104
10.954845
10.559757
11.331982
11.233209
10.595673
10.398126
9.74263
10.020992
9.518147
9.473249
9.060197
9.877321
9.069178
8.907547
8.638165
8.593271
8.647149
9.940176
10.272414
9.994054
9.985074
10.676484
11.251167
9.697735
9.697735
9.410388
10.003034
9.823446
9.985074
10.083849
10.074864
10.047926
10.272414
10.029972
10.811178
10.963825
10.245474
9.922215
10.487266
10.604794
9.935779
9.673596
9.70072
10.306448
10.261247
9.935779
9.899616
10.54151
11.02067
11.26477
11.635438
11.662562
10.8941
11.373259
12.756492
11.599277
11.951867
12.367738
12.566636
11.346136
11.599277
11.02067
12.304455
13.59728
11.346136
11.228606
11.915705
12.584717
12.485271
10.939301
11.771053
12.006109
10.921221
10.008104
9.565105
8.85089
8.805683
7.350127
7.711759
7.765999
7.422451
6.617826
6.672071
6.120584
6.509336
6.129625
5.867443
4.637903
4.583658
4.249151
4.665024
5.388285
5.858403
6.672071
6.039219
6.210992
6.156748
6.617826
6.220034
5.641424
5.722792
5.044736
5.487733
5.234591
5.216512
5.026655
4.321477
4.086417
3.923683
4.520372
6.238114
6.79864
6.210992
5.442529
6.003055
6.581663
7.106961
7.425045
7.724956
7.061519
7.579546
6.852491
7.070608
6.379906
7.079695
7.634075
6.970637
6.761607
6.407171
6.216318
6.134524
5.980025
5.925496
6.352639
6.425345
6.670726
7.270547
7.270547
6.879755
7.406868
7.161489
6.570758
6.543491
5.970937
5.9982
6.161789
5.516529
5.743732
5.507439
5.79826
5.889143
5.816438
6.370816
5.59832
5.416558
5.55288
6.743433
6.834315
7.334164
8.306601
8.206629
7.425045
7.751925
7.733662
8.181066
8.144541
7.706272
6.884511
6.957556
7.313652
8.12628
8.135409
7.733662
7.715402
7.350174
6.683637
7.030602
6.400588
6.327543
6.291019
7.213217
7.313652
7.678878
7.751925
7.331914
7.688009
8.281501
8.09889
7.642356
9.030212
8.683249
9.185436
9.979802
9.870236
9.194568
8.856735
9.24935
10.034588
10.527646
10.052848
9.313266
8.938911
9.715014
9.788059
9.413704
10.189807
10.591556
11.267225
10.135022
10.847214
10.975043
10.965914
11.860716
11.732886
11.705495
11.851586
11.915502
11.285484
12.31725
11.276356
9.851974
8.938911
9.130649
8.975432
8.655857
8.23585
8.363676
8.24265
8.966977
9.132012
8.847784
8.389349
8.26099
8.682747
8.453529
7.967591
8.444361
8.481037
8.829451
8.398519
8.627733
8.444361
8.856952
8.884461
8.820277
8.792769
8.774435
8.609398
8.719422
8.87529
8.563557
8.609398
8.416857
8.389349
8.371013
8.774435
8.801941
8.74693
8.581891
8.563557
8.343506
8.040939
7.784217
7.701698
7.967591
7.793386
7.82089
8.141794
8.591062
8.838615
9.077001
9.205363
9.012819
9.517098
10.241427
10.20475
10.488978
10.452304
10.241427
10.443138
10.62651
10.773208
11.295825
11.552546
11.497535
12.396067
11.726753
12.02015
12.331888
11.873451
11.38751
10.935027
11.238523
10.981009
11.256918
11.64318
11.652377
12.00186
12.682424
12.443305
12.618047
12.332943
11.873099
11.155749
11.27531
11.450049
11.90989
11.937479
12.066236
11.670772
11.532821
11.928286
12.535275
12.130616
12.185795
11.992661
11.863907
11.450049
10.971814
10.640729
10.824665
10.916633
10.493576
10.125705
9.684259
9.923377
10.070524
9.831409
10.613138
10.760287
10.640729
10.84306
11.27531
11.431657
11.220129
11.266112
11.118963
11.192537
11.679968
11.422461
10.971814
10.861453
10.226871
10.465989
10.079722
10.042933
10.309642
10.640729
10.879845
11.063782
11.155749
10.751092
11.367275
10.907435
10.981009
11.321293
11.164948
11.376476
11.266112
9.537108
9.80382
9.730243
9.80382
9.693457
9.454334
9.583095
9.267412
9.23049
9.322793
9.138183
9.092031
9.082799
9.128955
9.101261
9.295103
9.055111
9.498173
9.46125
9.719707
9.913546
10.291996
10.264303
10.264303
10.116613
10.088924
10.144307
10.033542
10.301228
10.670444
10.76275
11.325809
11.233505
11.298119
11.270428
11.464269
11.307348
11.205813
11.381193
11.196582
10.661217
10.338145
10.495064
10.421221
10.771984
10.882747
10.882747
10.993512
12.193475
12.230399
12.193475
11.695029
11.925793
11.981174
11.861178
12.14632
12.10003
12.2389
12.14632
11.831553
11.988938
11.961165
11.637136
11.424208
11.433466
11.442722
11.627882
11.544559
11.637136
11.563073
11.914874
11.998194
12.118547
12.044483
11.998194
12.035226
11.887099
12.062999
11.933391
11.813037
11.581593
11.80378
11.813037
11.89636
12.007455
12.155579
12.062999
11.85007
11.664912
11.581593
11.655652
11.590847
11.044638
11.118696
11.239048
11.137212
11.276084
11.711203
11.664912
11.451979
11.424208
11.813037
12.016711
12.674018
13.118396
12.849918
12.4148
12.609215
13.183202
13.599807
13.859025
13.544257
13.090626
12.636987
12.090775
12.905464
12.812887
13.03383
12.495397
12.170476
12.346864
12.08693
11.762012
11.269994
11.381394
11.195729
11.232862
11.149309
11.455663
11.31641
10.92651
11.260709
10.935794
10.527326
10.109572
10.063157
9.784657
10.490192
10.453057
10.276674
10.573743
10.434496
10.155989
9.979607
9.784657
9.487589
9.719674
9.821789
9.719674
9.617558
9.246222
9.125538
9.144107
9.014139
9.088405
9.469021
9.097689
9.515438
9.376191
9.682541
9.598989
9.858923
9.376191
9.255505
9.645407
9.469021
9.793942
10.07244
10.369509
10.285957
9.877489
10.100293
10.230257
10.443773
9.840357
9.728955
9.673257
9.840357
10.26739
10.053875
9.784657
9.512603
9.540551
9.484651
9.754842
9.894597
9.717574
9.568504
9.298309
9.288995
9.717574
9.475336
9.754842
9.587139
9.559188
9.978451
10.230006
10.444296
10.202055
10.174103
10.230006
10.304544
10.453614
10.332493
10.230006
9.875965
9.885278
10.295224
10.230006
10.146154
9.894597
10.174103
10.285909
10.490883
10.379077
10.360443
10.323176
10.230006
10.099571
10.071618
9.913233
10.015716
9.820063
9.987765
10.043669
9.941181
9.773476
9.820063
9.670992
9.661671
9.903913
9.885278
9.9505
9.820063
9.857328
9.689623
9.717574
9.782791
10.304544
10.174103
10.966045
11.161702
11.198969
10.947411
11.226919
11.338723
10.723804
10.220691
10.267273
9.9505
9.922547
9.764161
9.734235
9.406956
9.397607
9.341499
9.22929
9.388254
9.846445
10.211129
10.388794
10.519708
10.697375
10.472952
10.379445
10.416848
10.622567
10.529056
10.351393
10.519708
10.650619
11.043355
11.136863
11.482846
11.136863
11.370634
11.034005
11.146215
11.230372
11.155566
11.538949
11.230372
11.595056
11.997142
12.174809
11.838177
12.249616
12.258965
12.230912
12.62365
12.464684
12.006491
12.07195
11.866231
12.100002
12.165458
12.380527
11.978443
11.688565
11.585706
11.595056
11.43609
11.127514
10.968549
11.333231
11.612765
11.687807
11.594002
11.734708
11.687807
11.556484
11.678426
11.903552
12.006738
11.321977
11.143751
11.04057
11.181271
11.106229
10.721638
10.8342
11.003049
10.74978
10.627835
11.15313
11.265696
11.13437
11.096848
10.928004
11.228172
10.974906
11.143751
11.162511
11.359497
11.115608
11.059328
11.059328
11.293834
11.397017
11.20941
11.003049
10.928004
11.012427
10.74978
10.562174
10.777921
10.899863
10.890485
10.984287
10.937385
10.768539
10.702879
10.815442
10.946766
11.078092
11.415777
11.246933
11.368878
11.462679
11.284455
11.350116
11.669045
11.340734
11.181271
11.246933
11.303216
11.190651
11.078092
11.170313
11.010334
10.906816
10.765661
10.982102
10.784481
10.963279
11.0668
11.104441
10.982102
10.793892
10.812711
11.11385
11.273828
11.46204
11.302058
11.019745
10.906816
10.652731
10.445703
10.125743
10.229259
10.125743
10.257489
10.473931
10.153975
10.313954
10.436291
10.568038
10.709194
10.859765
10.925638
10.746838
10.953872
11.057386
10.699784
10.840944
10.991511
10.944462
10.991511
11.226779
11.273828
10.953872
10.906816
10.897406
10.775069
10.803299
10.6245
11.226779
11.151489
11.414988
11.367932
11.264419
11.151489
10.91623
11.198544
11.179724
11.057386
10.718605
10.59627
9.862247
9.805781
8.996477
9.02471
8.673244
8.956682
8.994475
9.381845
9.334603
9.202329
8.626003
8.455943
8.455943
8.446493
8.92834
9.079508
9.145641
9.750314
10.014857
9.939273
9.636938
9.419634
9.192881
9.608597
9.259019
9.051165
9.032267
8.899996
9.041715
9.060611
9.117298
9.032267
9.240121
9.117298
8.616557
8.663795
8.92834
8.871652
8.597661
8.91889
8.540973
7.983541
8.22919
8.682693
8.805515
8.663795
9.10785
9.249569
9.485769
9.315706
9.410188
9.01337
10.005411
9.863689
10.033751
10.23216
10.789592
10.487256
10.695112
11.158063
10.969104
10.5156
10.298296
10.657318
10.931312
10.912415
11.035241
11.375368
10.742352
11.016342
10.827382
10.657318
10.695112
10.902966
10.704558
10.628973
10.543945
10.676218
10.23216
10.260505
10.638423
10.666769
11.290543
11.309504
11.271583
11.954136
12.020495
12.029977
11.593902
12.001534
12.001534
11.423264
11.081986
11.300026
11.375865
11.148346
11.783498
12.115294
11.868819
11.80246
11.70766
11.565462
12.077374
11.954136
12.304894
12.437612
12.665127
12.304894
12.285933
12.778885
13.395078
13.49936
13.186522
13.034842
13.385597
13.319242
13.1012
13.167562
13.508841
13.736357
13.385597
13.641556
13.347678
13.196001
13.357158
13.385597
13.897511
13.698435
13.613118
13.7728
13.791811
13.620719
14.000923
13.839337
13.810822
13.753794
13.620719
13.250025
13.24052
13.459134
13.288043
13.535174
13.202497
13.630226
13.468641
13.24052
13.269035
12.793782
13.297548
13.839337
14.704296
14.894397
15.151032
15.046475
15.512225
15.236579
15.141527
14.960931
14.960931
14.65677
14.666276
14.666276
14.989446
15.122517
14.628257
14.419146
14.276569
14.095973
13.60171
13.35458
13.972407
13.35458
14.000923
14.438156
14.086468
14.04845
14.276569
14.133992
13.896367
14.618752
14.314588
14.770831
14.932417
15.341132
15.692822
15.540737
15.825891
16.367676
16.044506
15.813965
15.966387
15.775857
16.414137
16.118811
16.318867
16.099756
16.509396
16.252184
15.385273
15.251904
15.680593
15.804438
16.071182
16.337921
16.204552
16.604666
15.833018
15.813965
14.489784
13.794351
14.156355
14.58505
14.794632
15.213797
14.613628
14.58505
14.356412
14.90895
15.12806
15.718701
15.92828
15.956862
15.518645
15.632959
15.518645
16.071182
16.442713
16.566559
17.509678
17.633522
17.414417
17.805004
17.871687
17.995533
17.376308
17.033356
17.500153
17.814526
18.005054
17.757364
17.566837
17.595417
17.986004
18.167007
17.78595
17.12862
17.909794
17.519205
17.052408
16.795189
16.45224
16.718983
16.528448
16.652296
16.871408
17.176252
17.651674
17.269806
17.41301
17.498928
17.288906
18.062176
18.119459
17.575298
17.422556
18.138554
17.928528
18.1481
17.890337
17.775782
17.899887
17.918983
18.129004
18.606333
18.558605
19.131395
19.121853
18.864094
19.389158
19.637367
20.324726
20.992987
20.601572
20.382002
21.212559
21.183918
21.355761
21.040722
20.754324
19.952406
19.990597
19.694645
19.761475
19.771019
20.992987
21.002533
20.668402
20.210165
19.675556
19.790113
19.322329
19.055027
19.723288
19.742382
20.563393
20.572935
20.506107
20.458376
20.133791
20.439285
20.152882
19.818752
20.009687
20.849789
20.08606
20.725679
20.458376
20.448826
20.01923
19.666006
18.520411
18.377218
17.556206
17.632578
18.043085
18.157646
18.558605
18.568148
18.644518
18.615879
18.692255
18.539505
18.75663
18.613155
18.527077
18.115786
17.781019
17.876665
18.029701
17.599287
17.752321
18.374037
18.20051
18.065552
18.981361
19.357328
19.232008
19.376606
19.039204
18.884966
18.740364
18.778925
18.547562
