Adjusted
27.999659
27.938101
27.375292
27.401672
26.856457
26.522285
26.970774
26.662987
26.689369
26.24968
26.23209
25.299942
25.071301
24.728338
25.080095
25.704456
25.220798
25.827576
25.326324
25.862747
26.240885
26.961981
27.173035
26.443142
27.700663
27.894129
28.245884
28.0788
28.166739
28.826279
28.421761
28.571259
28.30744
28.650402
28.377792
28.641607
28.92301
28.92301
29.107681
28.615225
28.500908
28.500908
28.026039
27.823778
27.480816
27.049919
26.7861
27.428055
27.621519
27.551168
27.067507
26.7861
27.894129
27.472023
28.052416
28.175533
28.210714
27.929306
27.595139
27.260973
27.595139
28.061214
27.753429
27.727047
27.472023
27.71825
27.322527
27.129065
27.568758
26.539875
26.416763
26.32003
26.662987
27.067507
27.551168
27.665485
27.515993
27.823778
28.087597
28.45694
28.518496
28.808689
28.518496
29.283562
29.450649
29.274763
29.661697
30.514702
30.391592
30.162943
30.576265
30.189329
30.602638
30.769722
30.699375
30.532291
29.978273
29.600138
29.556171
29.222002
29.582554
29.776018
29.732046
29.547377
29.283562
29.178032
30.206915
30.330034
29.028536
29.178032
29.749636
29.257175
29.230801
29.837576
29.591347
29.116476
28.975779
28.92301
28.087597
28.483316
28.333824
28.571259
27.727047
27.76222
27.43685
27.304937
27.005951
27.173035
26.451935
26.337616
25.977068
26.029833
25.678076
25.590141
25.880335
26.759722
27.43685
27.173035
26.812483
26.742132
27.392878
27.278559
27.348909
26.821281
27.19062
27.850163
26.689369
26.451935
26.706959
27.533579
27.630314
27.19062
28.166739
28.843864
28.281059
27.911718
28.430553
28.580051
28.210714
27.920511
27.982069
27.990862
28.316236
27.788603
27.885336
27.929306
28.659193
28.448143
28.527287
28.588842
27.735842
27.577549
28.949392
28.518496
28.817484
28.966978
29.248384
28.45694
28.588842
28.30744
29.406673
30.242092
28.940601
28.606432
27.938101
28.553671
28.7999
26.144152
26.988361
26.97957
26.346411
25.977068
24.851456
23.365295
22.58264
20.929392
20.261059
23.4972
22.58264
20.551258
21.342707
21.764807
23.3477
22.257267
20.26985
20.577637
19.882923
18.792482
21.026123
21.07889
22.274853
22.784895
22.019835
22.88163
21.307526
20.058796
20.542463
19.416843
19.153032
17.728424
19.03871
18.537462
17.359085
18.176912
17.534962
16.4709
18.572636
19.522371
19.372877
19.786192
19.803776
17.877922
18.871628
19.293732
19.161829
20.023626
21.914301
20.691959
20.841455
20.368391
20.180956
20.323765
21.225256
21.046743
20.377319
20.02029
19.574005
19.502605
19.62756
19.79715
19.163424
20.064915
20.252357
21.350214
20.975336
21.698318
20.689718
20.439796
19.913183
19.511526
18.922432
18.565405
19.065245
19.154499
18.065565
18.949211
18.717142
18.395819
18.618959
18.96706
19.88641
18.96706
18.458298
18.029867
18.404743
16.958784
16.699938
17.360441
17.351513
16.744568
16.512503
16.807049
16.53035
15.923404
15.735965
15.789519
15.646709
15.146872
15.994812
15.494973
15.048691
14.96836
14.325709
14.602407
15.120095
14.272156
14.129346
13.915129
14.825547
14.807696
15.557451
15.28968
15.361087
15.905554
16.1644
15.798448
15.575305
16.887381
16.325062
16.539278
17.012339
16.592831
15.932334
16.20903
16.771345
18.03879
17.851353
17.512177
17.065893
17.280109
17.744244
17.431845
16.976639
17.610359
18.306559
18.190527
17.324736
17.37829
17.315813
17.521099
18.083422
17.619282
17.41399
18.752844
19.547232
19.582933
20.404097
20.662939
23.090725
22.608738
22.72477
22.055346
21.707243
21.064594
20.957487
20.895006
21.609062
21.260962
21.019964
20.734341
21.153852
21.903608
21.305588
21.412699
21.617989
22.340965
22.430223
22.385595
22.439152
22.269562
22.608738
22.608738
22.403448
22.51948
22.367744
21.644766
20.966413
21.136
21.171703
21.002113
20.225578
20.421944
20.439796
21.019964
20.912859
21.118147
20.823603
20.930714
20.386244
20.609385
20.109549
19.850704
20.109549
20.002441
20.261284
20.627237
21.493029
22.126751
21.876833
22.644444
22.492704
22.653364
23.920813
23.724447
23.608414
23.53701
23.108576
23.40312
22.421299
22.778326
22.885433
22.555185
22.644444
23.822626
23.599489
23.117502
23.40312
23.438826
23.081799
22.394522
22.492704
22.742624
23.108576
23.911886
23.920813
23.983292
24.099325
24.10825
23.956511
23.242458
22.921137
22.671217
22.706921
23.117502
23.45668
24.054695
25.313219
25.366772
25.063297
25.25074
25.322142
25.402472
25.384624
24.991894
25.33107
25.063297
24.965115
24.652719
25.197182
24.938341
24.509909
24.420649
24.286766
24.697348
25.152554
25.143631
25.589912
25.563133
25.563133
25.357847
25.804129
26.08975
26.241489
26.66099
26.196859
26.08975
26.277191
25.786276
25.572062
25.143631
24.313543
25.11685
24.429579
24.465277
24.652719
25.018671
25.88446
25.491732
25.88446
25.991568
26.143305
25.92909
27.169758
27.401827
27.55356
27.375048
26.964464
26.785955
27.205458
26.982319
27.321493
27.089426
26.973392
27.4286
27.482155
27.071575
27.526787
27.669594
27.383976
27.401827
28.259541
28.620687
28.738056
29.054058
29.279774
28.828344
28.846401
29.252691
29.171432
29.279774
29.153374
28.810289
29.234632
29.144346
29.117262
28.954742
28.882519
28.729029
28.738056
28.783205
28.313715
27.826168
28.250515
28.006741
27.627541
27.997711
28.160233
27.63657
27.067764
27.013597
26.778849
26.471876
26.498966
26.679535
26.652449
27.067764
27.762968
26.787878
26.670509
26.616337
26.941366
27.112909
27.230282
27.149023
27.510168
27.862286
28.006741
28.196344
28.097029
27.916456
28.340796
28.313715
28.205368
28.476229
28.783205
28.566517
29.406178
29.993036
29.965948
30.074291
30.092354
30.525723
30.417377
30.444469
30.471558
30.471558
30.498634
30.372238
30.652122
30.706293
31.049385
31.681379
31.880014
31.744583
31.690413
31.518869
32.096699
31.798756
32.024475
31.88905
32.205048
32.701618
32.403671
32.358532
32.683563
32.864136
32.349499
32.656475
32.990528
33.008595
33.207214
33.216251
33.441959
32.791897
32.76482
33.604481
33.261387
33.911449
33.035675
31.907101
30.706293
30.164581
31.861958
32.286297
31.717497
31.374411
30.751436
30.877838
30.453493
30.146521
28.882519
29.677031
29.324921
29.180462
29.857609
31.031322
30.173607
30.092354
31.365389
31.338297
30.417377
29.830519
29.929834
29.740229
30.796583
30.913952
30.634069
31.591105
31.410528
31.663332
31.735558
31.654297
31.013269
31.00424
30.336123
30.227776
29.993036
29.162403
28.440113
28.431087
28.331768
28.638742
29.920809
30.101377
30.471558
30.489611
31.103554
30.913952
30.742413
29.821491
30.074291
30.15555
29.622864
30.327091
30.814638
31.058414
30.950069
30.733383
30.435436
30.417377
31.13064
30.886868
31.446642
31.582067
31.600126
31.744583
31.861958
30.895895
30.688242
30.40835
30.390295
30.480579
30.616009
29.965948
29.839548
29.731205
29.017946
28.99086
28.837372
29.595778
29.207546
29.379089
30.254864
30.616009
31.302181
30.552809
30.552809
30.769499
30.832697
30.941042
30.742413
30.886868
30.850748
31.202869
31.509842
31.148699
30.688242
29.902744
30.318069
30.056238
29.993036
29.803432
29.884691
30.101377
29.920809
30.543783
30.444469
30.616009
31.157722
31.211895
31.13064
31.518869
31.464699
31.491787
31.374411
30.913952
31.257038
31.311209
31.573042
32.015438
32.466873
32.430756
32.963448
32.620361
32.530067
32.602303
32.76482
33.432938
33.586418
33.460018
33.279453
33.396824
32.439789
34.082996
33.631565
33.333618
33.604481
33.929512
33.414875
33.36071
32.611332
33.288475
33.134991
32.882191
32.963448
33.514191
33.712818
33.938538
33.911449
33.703789
33.378765
33.533932
33.460911
33.889896
33.990292
33.725605
33.780369
33.816879
33.826004
34.072445
34.63834
34.410156
34.209347
34.099831
34.318882
34.209347
34.236729
34.51968
35.587582
36.472935
36.189991
36.00745
36.053082
35.961811
35.751877
35.834026
35.861404
35.952679
35.678856
35.751877
36.272137
36.454678
36.381664
35.99831
36.016567
35.459801
35.478046
36.399921
36.956696
36.965816
37.15749
37.36742
37.586472
39.576241
39.530609
39.621876
39.466717
39.329807
39.886574
39.886574
39.758793
38.928196
38.453571
38.718262
39.202019
39.92308
39.238533
39.512348
40.224281
39.749657
39.265915
39.430202
39.357185
38.763908
39.183765
38.553982
37.988083
37.057087
37.203129
37.632111
38.170631
37.823788
38.553982
39.119877
39.22028
38.809544
39.192894
39.567116
39.329807
39.110748
38.909943
38.727398
38.581356
38.371429
38.11586
38.23452
37.997211
38.061104
37.440434
37.896797
37.604733
37.741642
38.371429
38.581356
38.27103
38.636127
38.864307
39.265915
39.338928
39.494091
39.311546
38.900814
38.964706
39.302425
39.338928
40.078243
37.896797
37.951565
37.896797
37.358292
37.431309
37.805527
37.76902
37.878551
37.568226
37.504333
37.54084
37.413059
37.896797
37.997211
36.874546
36.564213
35.943554
35.961811
35.916172
35.806641
35.934422
35.140347
35.021687
35.222485
35.039936
34.6931
34.720486
34.893906
35.395908
34.966927
34.51968
34.300629
34.747868
34.610958
35.003429
35.633217
36.25388
36.482067
36.116974
36.272137
36.427299
35.797516
35.733624
36.107841
36.126095
35.843143
35.36853
36.089592
35.925304
37.184872
37.10273
37.020584
36.974945
36.071331
35.961811
35.24987
35.085579
33.743855
34.163712
32.265217
32.110058
30.147675
31.671949
28.787701
29.317083
30.202438
30.713577
30.503641
30.458006
29.709562
29.070648
29.225813
29.307962
29.67305
29.216682
29.572651
30.266333
30.649685
31.087793
30.467133
29.627415
28.988501
29.782583
29.161919
28.331333
28.559517
28.705553
29.472252
30.065529
30.038147
29.67305
29.490505
28.550386
26.971352
27.226919
27.655905
28.440857
27.8202
27.975363
27.528124
26.469347
27.254303
28.760321
29.23494
28.933739
30.120296
29.764328
30.813969
30.622297
31.462017
30.476261
30.97826
30.677063
30.886993
32.091805
32.283482
31.498524
31.991404
33.114067
33.050179
31.836235
30.667936
31.096918
31.973148
31.726707
32.082672
32.210457
30.841352
31.617178
33.497417
32.968033
33.269234
32.429516
32.082672
32.520786
31.334236
31.051285
30.485392
30.585787
31.096918
31.03303
32.721588
32.849373
33.415276
33.716473
33.616077
33.862507
32.785484
33.369637
33.451782
33.159706
32.630707
32.658543
32.779198
32.250206
33.568054
33.660862
34.291939
34.987995
34.904469
34.561085
34.997272
34.802376
35.554108
36.055264
36.658501
37.039009
36.890518
36.779156
35.916058
35.943897
35.637638
35.711876
36.213032
36.602821
36.482174
36.426487
36.426487
36.714188
36.519291
36.426487
36.185188
36.101669
36.500732
36.11095
37.122536
37.549442
38.032036
38.301178
38.542473
38.468231
38.783768
38.607437
38.282612
38.551758
38.746647
38.579601
38.301178
38.496067
38.338299
38.644554
38.913696
38.969376
39.340611
39.312759
39.628307
38.978661
38.746647
38.997223
39.201393
39.294205
40.844074
40.3522
40.342918
40.083057
40.315071
40.129463
40.157303
40.175861
40.509972
41.187454
40.973999
40.380035
39.916
40.630619
40.686302
40.175861
39.841759
39.980972
39.080753
38.041317
38.393986
39.117874
38.839447
38.66312
39.609753
39.433418
39.05291
39.303482
38.987938
39.145714
39.628307
40.240829
40.231541
40.008808
40.639896
40.407879
40.658463
39.841759
40.66774
41.113205
41.781414
42.022709
42.28257
41.920624
41.772133
41.837101
41.141045
40.658463
41.196732
41.196732
41.02969
41.243137
41.298817
42.208321
41.948471
42.42178
41.206017
41.215294
41.614357
42.25473
42.347534
42.913654
42.505302
43.043579
42.904369
43.78603
43.702507
43.711781
44.092289
44.296463
43.990204
44.055164
43.340565
43.897396
44.426395
44.379993
45.011074
45.215248
45.094601
44.649128
44.584164
44.547047
43.953083
43.869556
43.999485
44.723373
44.417118
45.799927
45.799927
45.465832
45.094601
44.528484
44.695538
44.825455
46.134029
46.347485
46.217556
45.605038
45.308056
45.456547
46.189713
46.078346
46.226837
46.857929
46.366047
46.078346
46.273243
46.115471
46.301086
46.635185
46.830074
46.820797
46.069065
46.087624
45.632877
45.99482
46.059784
46.059784
46.440292
45.864891
45.911297
46.087624
47.136337
48.129368
48.018002
47.813828
47.850952
47.980877
48.816132
48.58411
48.398506
48.166496
48.908939
48.871815
48.946068
49.113117
48.760452
48.203609
48.797577
48.51915
48.324261
47.925186
48.695488
48.843975
49.159515
48.565559
47.804546
47.526127
46.718708
46.950726
47.136337
47.55397
48.528435
48.649078
48.166496
48.064407
47.108498
47.006409
46.644466
46.477417
45.586472
46.198994
46.273243
46.70015
46.839359
46.477417
46.440292
43.674664
44.03661
44.509926
43.776741
44.055164
44.008766
44.463516
44.955387
45.178127
45.7164
45.502945
45.103878
45.660717
46.143311
46.087624
45.744247
45.753529
46.022663
46.229973
46.399593
46.45612
46.625748
46.776516
46.277084
45.862469
46.437283
47.323063
47.059208
47.9921
47.115749
47.002674
46.974403
46.672859
46.314785
