Adjusted
19.963669
19.654808
18.999647
18.625269
18.372564
18.391283
18.756304
18.709501
19.505054
19.476976
20.001101
20.375484
20.712421
20.590754
20.30061
20.356762
20.132139
19.944948
19.317869
19.617365
19.62673
19.645447
20.12278
20.029184
20.394203
20.534594
20.263168
19.832634
20.047901
20.160217
20.815372
21.096161
20.721783
21.105515
21.255268
22.303524
22.415836
23.108435
23.21139
22.79958
22.930609
23.464098
23.492174
23.847834
24.156691
24.109898
24.287727
25.420216
25.345341
25.111353
26.758614
27.114273
28.780251
28.564985
28.15317
27.984703
27.891106
28.115732
28.087652
27.198509
27.498009
28.377798
29.285664
28.948721
29.032957
29.01424
29.379259
29.285664
29.837868
29.950184
29.950184
30.259045
29.613245
28.059576
28.087652
29.669399
29.791067
29.875309
29.903387
29.74427
29.688114
29.950184
29.529005
29.145266
29.257584
28.986156
28.986156
29.912743
29.865946
29.538366
29.734913
29.575806
29.529005
29.266941
29.60388
29.725554
29.266941
28.864487
29.472851
29.734913
29.809792
29.940826
30.053135
30.137373
29.819153
29.82851
29.482208
28.284201
28.87385
28.658579
29.117193
28.724094
28.883204
28.770895
28.49947
27.488653
27.750713
26.674381
26.702463
26.945803
26.880287
26.215769
25.841391
26.187689
25.729078
25.513809
26.206409
26.384237
26.234486
25.925625
26.627583
27.928545
27.001961
27.170429
26.431034
25.953705
26.45911
27.142353
26.702463
26.908361
26.674381
27.020678
26.767975
26.618227
26.711819
27.058111
27.23595
26.74926
25.803953
25.289185
24.10054
24.250284
24.091177
23.801037
23.866552
23.670002
24.624666
25.092636
24.708902
24.952244
24.830572
24.456198
24.577866
25.148794
24.92417
25.270464
25.467016
25.457657
25.251741
25.167513
24.811853
24.999043
25.223667
26.000505
26.197048
26.571424
26.187689
25.729078
26.515266
27.161072
27.17979
26.852213
27.086191
26.711819
26.87093
26.796053
26.655663
27.488653
27.610323
27.507368
27.423138
27.366978
27.264025
27.310827
27.666481
28.574348
28.265486
27.881748
28.349716
28.078297
28.078297
28.883204
29.154631
28.892567
29.107832
28.99552
28.789616
29.781712
29.594519
29.706841
29.968904
29.968904
29.74427
29.63196
29.360537
29.33246
29.257584
29.01424
29.295019
29.519648
29.538366
30.137373
30.418148
30.202885
29.837868
29.472851
29.97826
30.025057
30.399433
30.661495
30.418148
30.380714
29.875309
30.268402
29.379259
29.33246
29.416693
28.546267
29.426052
30.474316
30.755091
30.137373
30.755091
30.025057
29.660036
30.184164
30.380714
30.128006
29.884666
29.650681
30.081215
31.23242
31.260496
31.447697
31.868872
31.223068
31.288574
31.447697
31.793983
31.812706
31.354095
31.728474
31.700397
31.75655
31.793983
31.868872
32.037334
32.187088
32.130932
32.065407
32.168373
32.243237
33.366375
33.731388
33.824986
33.956013
34.835808
35.687515
35.30378
