Adjusted
25.501688
24.667091
23.302574
23.229717
22.414989
23.070745
23.136984
22.964764
23.560907
22.633577
23.077368
22.534222
21.832096
22.79917
24.362398
24.475002
24.395514
25.296352
24.932039
24.435247
23.686754
24.176924
24.508114
23.805988
23.454927
23.90535
23.13036
22.76605
23.050875
23.362198
23.342319
23.382069
23.428432
23.991457
23.812618
23.845739
24.799559
24.832676
23.945097
24.494865
23.779497
24.256413
22.852163
22.825672
22.050682
22.189777
21.242571
22.991264
22.587208
22.553789
21.785059
21.684792
22.914747
22.994968
23.837225
24.900072
25.020395
24.244984
24.124666
23.603268
23.730274
24.793116
24.893393
25.194197
25.147404
24.833227
24.666113
24.224937
24.719593
24.412106
24.405411
24.579214
25.929499
25.989668
26.484329
26.511057
26.210253
27.112686
27.5739
27.547165
26.511057
26.4041
25.90276
26.203573
25.916132
25.448215
25.675484
25.167458
26.497686
26.370682
27.139412
27.353313
27.901453
28.128727
28.208937
28.389425
28.028467
27.480324
26.999027
27.466955
27.553854
28.342634
28.636755
28.27578
27.446899
27.794502
27.941557
28.656805
27.5739
27.440218
28.048519
27.152782
27.631037
28.116028
28.870457
28.190125
28.304636
29.119684
27.812908
27.563679
26.849661
27.018059
26.378143
27.354858
27.556944
28.129503
27.671453
27.556944
26.250154
28.40567
26.08849
26.075016
26.560011
26.034601
26.142378
26.714941
27.213398
27.004589
27.48284
28.223797
28.398939
27.024784
27.348122
26.782301
28.776155
28.951298
28.904133
28.924355
28.688589
29.584473
29.793291
29.597944
30.864307
31.43013
31.268463
30.716122
30.931671
30.8239
30.554466
30.379318
29.90781
29.213987
30.082935
29.301552
29.382393
30.103138
30.749794
30.897991
30.864307
31.605265
30.291756
30.392803
31.066389
29.867382
29.961695
30.809603
31.318338
29.045948
30.599314
29.188391
32.559673
33.427937
29.921
30.104145
29.792107
30.904564
31.793177
30.117699
32.050938
31.203028
28.957762
27.526495
26.624327
25.138786
26.115578
25.098089
30.185541
28.048817
27.099152
22.649326
23.388704
23.863535
23.707516
23.27339
22.221979
20.722878
19.562941
18.538666
19.827488
20.370153
22.323736
22.710377
21.787851
23.097017
22.086317
20.743225
22.405128
20.09882
20.139519
19.990284
22.147371
19.66469
18.640417
18.6472
16.117037
14.441575
14.448356
17.209148
18.592937
19.006708
18.559017
15.927113
17.826422
19.155951
18.172371
20.397284
20.424419
18.993147
19.976719
17.946115
19.379887
19.290709
21.588852
21.678034
21.533972
22.34347
20.786211
20.90284
20.950861
21.0469
20.333447
21.746635
22.535553
21.527113
20.854818
21.91814
21.684895
21.876978
21.465366
20.347168
21.245848
20.655874
20.518667
22.199408
19.75034
21.581991
20.813656
21.575132
22.199408
22.329748
24.079082
23.063784
21.883837
22.645315
23.17355
22.748219
22.686476
24.058506
24.278025
22.549271
22.803095
22.370903
21.232122
19.544535
19.58569
18.45377
20.546112
18.824213
19.908119
19.846375
19.702314
20.504951
18.494926
19.13978
19.187803
18.268539
18.062744
18.988865
21.431068
21.56827
22.60821
22.511148
20.535269
21.921852
22.823133
22.421021
20.916578
23.987858
21.928782
22.615137
23.474823
23.003386
22.005041
23.003386
23.044983
24.514759
26.761019
25.651752
23.467886
24.02252
26.91354
27.246328
24.840612
25.568565
25.513102
25.291239
23.613482
24.896069
24.320642
25.852806
26.615429
25.818155
25.374437
25.936001
24.965393
24.209709
26.123196
26.241053
26.608503
24.514759
25.235781
23.953194
24.8822
23.689741
24.195843
23.384693
25.471497
24.376102
24.445425
24.334501
23.856134
25.214979
23.821468
24.050255
24.799009
25.852806
25.630949
25.201117
26.081593
25.575499
25.388298
25.651752
25.353645
24.898901
25.822374
24.612061
24.269255
23.345779
23.576647
24.262259
23.009964
23.17087
23.62562
24.108343
23.821505
24.290243
25.080791
25.220711
24.619057
25.437588
24.563089
24.723991
24.395182
24.241272
25.262684
25.878345
26.563951
26.619923
26.004269
26.703869
26.717871
26.976727
27.494432
27.970156
27.3615
27.844227
27.3615
27.816242
28.368929
28.928612
29.586245
30.901495
30.775572
32.174774
31.37023
31.041416
31.230301
31.37023
30.432756
29.579248
29.110508
28.522848
29.670195
30.551695
30.306837
30.096952
30.124933
30.551695
30.866518
30.488728
29.082525
28.578817
29.754154
29.705172
30.915485
30.992439
31.202326
30.891996
31.766569
32.316696
32.965569
31.971106
31.597298
31.463285
32.20385
32.091007
31.27285
30.6663
31.886467
32.091007
32.239109
31.336338
30.715673
31.068319
31.872353
31.808868
32.309647
32.253216
32.563545
31.815941
32.634087
32.380173
31.822983
32.295544
31.710135
31.611395
32.718704
32.119209
32.274376
32.034573
31.435076
32.295544
31.830038
31.420967
31.98521
31.611395
31.92173
31.590235
33.099571
32.690506
33.50864
32.909145
33.727287
34.411427
33.452229
33.988255
33.762554
33.353481
33.268837
33.113682
33.191269
32.810402
34.31974
34.362068
34.39732
33.861286
35.18726
34.094048
34.030571
33.847187
33.945923
34.316143
34.465656
34.28767
34.942673
34.600929
34.34462
34.387344
34.814518
34.949783
35.134888
35.476639
35.056572
35.455265
35.797009
35.704464
35.939407
35.455265
35.768539
36.167233
35.989243
35.569183
35.740067
35.95364
35.597664
36.345215
35.918045
35.932274
34.956898
34.736198
34.529739
34.622288
34.159512
34.173752
34.387344
35.291523
35.099297
34.095436
34.778912
33.476044
33.290939
33.241093
33.604198
33.931694
34.479889
34.778912
35.483753
35.647499
36.152985
36.053307
36.395058
36.480476
36.722546
37.320587
37.605373
37.498577
37.72641
38.644825
39.143188
39.178783
38.730255
39.743046
39.886711
39.850796
40.181206
40.195576
40.174019
40.224304
40.55471
39.77177
39.886711
39.82206
39.154045
39.470089
39.110954
38.931377
39.082218
40.008808
40.41824
39.635296
39.793335
40.633732
40.454159
41.660896
40.827663
39.972897
39.455723
39.304886
40.411057
40.827663
41.969753
42.623394
43.205208
42.077496
41.854832
43.24831
42.163685
43.032822
42.192413
41.833275
40.597813
39.922626
43.097466
43.054367
42.989719
42.436642
41.27301
41.222729
40.174019
39.728687
38.011967
39.146858
38.766167
39.283337
40.037548
41.589058
40.877945
40.454159
42.314533
43.241119
41.890724
41.96257
43.032822
43.549999
44.677708
45.285767
45.010685
45.488445
45.119274
44.996204
45.34367
44.836945
42.694286
43.135849
42.462639
42.846294
42.354046
41.456459
41.753239
41.905258
41.232052
41.195862
42.962109
43.490543
43.816292
44.503971
45.42329
45.358154
45.358154
44.026203
44.14204
44.67046
43.693233
45.292995
44.026203
44.988968
44.996204
44.757328
44.880394
45.763527
46.28471
45.495682
45.010685
43.917633
43.924862
44.301289
43.476063
42.658085
42.868008
43.172039
43.114132
43.577408
43.208229
42.455395
42.122417
41.992111
41.984875
42.506081
42.035553
42.846294
42.107944
42.904198
43.765621
45.213371
45.235092
45.191654
45.278522
44.735615
44.82972
45.66206
45.304295
45.180176
45.231285
45.443031
46.18774
45.172882
44.369747
43.698017
44.245613
44.698292
45.158279
45.085266
45.048759
44.493862
44.523064
45.464928
43.413273
43.829445
43.822151
43.398663
43.771038
44.260223
44.216415
43.303753
43.522793
42.909485
43.398663
43.332966
43.398663
43.362167
42.967896
43.121223
43.581207
43.610409
43.566601
43.814838
43.325665
41.295914
41.427326
40.135014
38.857288
39.784546
39.572819
39.521698
39.324574
38.652855
38.360798
37.236404
37.302113
37.265614
37.294827
38.170975
37.84972
38.638241
38.346203
38.864597
39.273464
39.68964
39.346481
39.945183
39.368374
38.609043
39.207741
39.045517
37.939415
37.95417
38.153263
35.63134
35.778824
36.088531
36.530968
36.700584
36.789074
37.209381
37.430607
37.95417
38.005787
38.426102
37.592838
37.769806
38.285995
38.352356
38.669445
38.580952
39.008656
39.598576
39.664948
39.7313
38.93491
38.0574
38.168007
38.617825
39.86404
39.237244
39.67231
39.642815
40.114761
40.122135
40.505581
40.594074
40.136883
40.527706
40.181129
40.45396
40.793163
42.14262
41.99514
41.132378
41.147121
41.309357
42.415459
41.950893
41.360973
41.464211
42.754658
43.374077
43.049622
42.267971
42.8284
42.054127
42.098377
42.186855
41.921387
41.530571
41.84407
41.508186
41.657467
41.993343
41.418613
41.388744
41.694786
41.463398
40.993149
41.38129
41.821678
41.851532
42.045593
42.948753
43.396614
43.404079
43.725033
43.971348
43.381676
43.083118
42.291916
42.351631
42.553154
42.381485
43.29211
43.411537
43.135365
43.695164
43.874317
43.814602
43.76236
44.143028
43.687721
45.053654
45.038727
45.419407
45.046188
45.008862
45.165619
44.762554
45.195469
45.755283
44.956615
45.188
44.68045
45.008862
45.30743
45.964279
46.173286
45.531357
45.240257
45.785145
45.762756
45.837391
46.173286
46.553951
45.740356
45.90456
46.121029
46.255383
47.203335
47.419785
47.748207
46.703236
46.620216
46.861702
45.669415
45.609039
45.646778
46.657959
47.20882
47.337109
45.94862
45.75996
45.880707
46.258018
46.801334
46.620216
47.020168
47.382393
48.06155
47.993629
47.540863
47.231472
47.29184
46.310833
46.50703
46.703236
47.042801
47.706871
47.623871
47.367302
47.910625
47.457855
47.669144
46.258018
46.182545
46.190098
45.714684
44.688404
44.001709
42.567936
41.066242
38.206249
41.89632
40.892685
42.847137
42.515118
44.371471
43.888508
43.458378
41.81332
40.885136
41.111526
42.975426
43.435741
42.718857
43.314999
44.529934
45.209095
45.088364
44.688404
43.654583
43.254631
45.03553
44.839325
43.164078
42.982979
43.311386
43.311386
43.418289
43.685616
42.654568
42.486557
40.920887
40.248806
40.844524
42.165775
42.387264
41.325668
42.158138
42.127594
40.91325
42.494179
42.112305
43.319016
42.020668
44.540993
42.410172
43.288464
42.837864
43.639782
43.105167
44.999237
44.915218
45.381111
46.419781
48.451317
47.198788
46.435055
48.138187
47.710491
47.603577
46.984936
47.702854
47.847965
48.581142
48.76445
49.299065
47.603577
47.954884
49.039383
47.947243
48.878998
49.016479
49.069939
49.528175
48.138187
48.16872
46.92384
47.51955
48.374947
48.222183
48.497139
47.962524
48.298565
49.436535
49.581642
50.009327
49.146313
49.543453
49.161583
49.068958
49.107552
49.570686
50.61274
50.527828
51.801441
50.913757
51.044979
51.245678
51.809158
51.716545
51.8246
51.461811
51.214813
50.58186
51.014111
51.500404
51.454094
51.639355
51.840042
51.569874
51.353752
51.716545
51.963543
52.133358
52.550167
52.797176
52.218266
53.136806
53.715717
54.047634
53.723442
54.696026
55.545097
55.089703
55.190022
54.981628
54.641994
54.186565
53.352928
53.075066
53.68486
53.746601
53.406967
53.80064
53.978157
53.708
53.167686
54.726902
54.641994
54.696026
54.74234
55.961918
56.556271
55.938774
56.286121
55.606853
55.792103
55.53738
55.105122
55.514236
56.418789
56.403214
55.740379
55.989902
56.660553
56.683926
56.52018
55.888535
56.676128
57.190807
57.167416
56.98027
56.871086
57.682079
57.98621
57.643082
57.393559
57.276577
57.128422
55.896339
56.03669
56.590355
56.761925
57.557316
58.446297
58.165546
58.181156
57.41695
56.832092
56.988056
57.98621
57.510513
58.461884
58.555458
58.859589
58.992149
58.33712
57.643082
57.572903
57.658691
57.307762
56.972469
57.190807
56.551373
56.816502
56.286228
54.087189
53.400967
54.399117
54.578453
55.311478
55.545425
55.42065
56.099079
54.60186
55.18671
54.258747
53.915623
54.750019
56.052288
55.256893
56.333023
55.108738
55.87294
56.629253
57.606163
58.330978
58.685501
59.339386
58.866695
58.299454
58.094624
57.708591
57.385571
57.283157
57.992214
59.142445
59.74118
60.261147
60.434479
60.686584
61.379887
60.481754
60.536888
61.127773
62.065281
62.088902
63.270657
60.119347
57.692814
57.913433
58.094624
58.598827
59.386665
60.1745
61.498039
62.104679
61.50592
60.820518
60.387218
60.623562
60.592045
59.953876
59.670284
60.032677
60.072075
60.111481
60.07996
59.961769
60.221764
60.347801
59.599377
59.032139
59.567856
58.732761
58.480667
58.520054
58.496418
58.866695
58.937599
58.701241
58.953342
58.370358
58.717007
57.834641
57.684944
57.80312
57.580315
58.758007
59.41053
58.447681
58.296494
57.285877
54.92252
55.089619
54.747456
53.609528
54.325706
54.628094
55.582981
54.914555
54.795193
55.471581
54.739498
54.230213
54.150631
53.736851
53.609528
53.338978
52.57505
52.312462
53.275318
52.917233
52.829697
51.914589
51.54855
50.864201
50.689137
51.023357
48.659985
48.88279
47.983585
47.728958
47.171925
48.285976
48.898701
48.771381
48.82708
49.153343
49.296581
48.01543
48.540615
49.248833
49.877472
50.697094
50.450413
51.230244
51.031307
51.134762
51.158619
51.190456
51.357555
52.288593
52.384079
52.1931
52.240841
52.463657
52.837654
53.585659
53.617855
53.553471
53.135151
52.869686
53.561527
54.478611
54.575157
54.205097
54.398174
54.301643
54.454479
54.454479
