Adjusted
37.312572
37.425934
37.40704
38.37056
38.257195
38.672832
38.616154
38.124943
38.257195
37.614857
37.690422
36.594662
36.197914
34.969917
35.876755
34.762104
33.911934
34.629848
34.667633
34.762104
35.234409
35.687828
36.34906
34.988804
35.593361
34.743206
34.743206
34.951012
35.328869
35.214161
34.717102
34.564178
34.736225
34.946522
34.239182
34.831818
35.17593
35.195049
34.889168
34.277409
33.531837
33.818604
33.837719
33.684776
32.996563
32.767139
32.728905
34.009766
33.512722
33.9333
33.455376
34.296528
34.678871
33.9333
34.870056
34.430363
34.028896
34.296528
34.028896
33.856831
34.124477
34.659763
34.984756
34.774467
34.64064
34.92741
35.195049
35.11858
35.080345
34.755348
34.487701
34.487701
35.271507
35.022991
35.156807
34.92741
34.564178
35.156807
34.831818
35.309769
34.946522
34.793583
35.003872
35.692097
36.303864
35.806805
35.864143
35.309769
35.462696
35.290638
35.768566
35.539165
36.112679
35.822552
35.861221
36.228741
35.957947
35.861221
36.03532
35.222919
35.397011
35.590439
35.629116
35.745178
35.029495
34.758705
35.106869
35.145546
34.217098
35.010143
34.642647
34.700665
34.50724
35.106869
35.203571
35.203571
35.010143
35.048851
34.178425
34.313824
33.965652
34.313824
33.327343
33.017864
33.617481
33.404716
33.385372
33.095234
33.230625
33.810905
33.868935
33.752869
33.656178
33.269321
33.385372
33.037197
33.230625
33.617481
33.578796
33.578796
33.308002
33.501431
33.249989
33.075886
33.404716
33.888283
34.004341
33.211288
33.598141
34.159081
33.733551
33.694847
35.164898
35.861221
34.526581
34.800922
34.428608
34.840111
35.055653
34.66375
34.68335
34.604977
34.938084
34.467804
34.68335
34.742138
34.957684
34.173882
33.977924
33.546825
33.879944
33.919132
35.016457
35.467152
35.016457
35.702293
35.859058
34.99688
35.349579
34.056309
36.427307
35.212414
35.212414
34.624561
34.977283
35.212414
35.329998
34.506992
34.154297
34.898899
34.369827
34.017117
33.527233
33.252907
33.174526
29.686592
28.275747
32.03801
30.803524
29.020361
30.431206
29.686592
32.684639
30.764334
30.274446
32.135979
30.627159
30.803524
32.684639
31.822464
32.978569
32.09679
32.665054
33.154938
30.607569
30.685951
31.842054
31.195417
31.038645
30.422258
32.032848
31.098309
30.601212
31.177841
29.64679
29.090042
29.905281
30.720516
30.48192
30.104111
30.939241
29.308767
28.831556
29.348534
29.010508
29.706434
29.706434
28.851431
29.268999
28.950851
29.070158
28.851431
29.706434
29.05028
29.36842
29.189461
29.507605
28.712248
29.05028
28.930971
29.129808
29.706434
29.845623
30.621098
31.356804
30.501799
30.581335
30.64098
30.36261
30.561438
30.143887
29.805861
29.547371
29.865513
29.587139
29.527494
29.547371
29.626902
30.143887
30.422258
30.621098
30.64098
30.124002
29.845623
29.925159
30.541567
30.76029
31.177841
31.138075
30.243309
30.162554
30.041416
29.758774
28.486856
29.092518
29.274225
28.587793
28.083071
28.890635
28.607994
27.820606
27.194748
26.084343
24.671104
25.074888
24.307703
24.529779
23.843353
25.014322
25.337349
25.539234
25.963209
26.568886
27.295694
28.244583
28.607994
28.708931
29.657825
28.668545
28.749319
29.193462
28.850246
28.486856
28.910826
28.789688
28.628174
28.648361
28.385912
27.780231
28.244583
28.184023
28.103258
27.699478
28.264771
28.002314
27.739853
27.699478
27.921566
27.699478
27.901361
27.760048
27.820606
27.961937
28.244583
27.881178
28.486856
28.729118
28.648361
28.244583
28.648361
28.628174
28.951193
29.072338
28.34553
28.181324
27.668188
27.811863
27.832388
27.545034
27.606615
28.099224
28.797087
28.222382
28.797087
29.04339
29.494947
28.940762
28.899712
28.879189
29.002333
28.920242
28.899712
29.022865
29.638626
30.110706
29.659151
29.207588
29.33074
30.049124
29.577044
30.069664
29.536003
29.556522
30.028605
29.577044
29.925985
29.946501
30.439112
29.556522
29.987556
29.392321
29.33074
29.207588
29.392321
29.905458
29.802822
30.295435
30.315958
30.233854
30.295435
30.562267
30.459637
31.095921
31.588533
31.711683
31.403801
31.506437
31.875895
31.773254
31.957979
31.978514
31.465387
31.711683
32.163239
31.855366
32.019569
31.852802
31.894484
32.06126
31.831955
31.790262
31.97788
32.290569
32.540726
32.728325
32.561565
32.603268
32.561565
32.540726
32.290569
31.87364
31.581797
31.915344
32.353107
32.353107
32.165497
32.165497
32.165497
32.624107
32.644951
33.041027
32.978493
33.270332
32.832558
32.749184
32.770023
32.957638
32.999325
33.228638
33.061871
32.811714
32.540726
32.06126
32.33226
32.561565
32.686646
32.499027
32.519875
32.603268
32.540726
32.895096
33.041027
32.915947
33.312023
33.249477
33.666409
33.749798
33.562176
33.228638
33.145245
33.020176
33.583015
32.978493
32.895096
32.770023
32.936798
33.457947
33.457947
33.999939
34.232674
34.148041
33.872997
33.936466
34.274994
34.25383
34.190357
34.063408
34.317307
34.825081
35.036671
35.438648
35.311707
35.290554
36.200314
36.496517
36.53883
36.263786
36.771553
36.919659
36.919659
37.385132
37.681328
37.448593
37.342812
37.131233
36.665779
36.792709
36.750412
36.517677
36.475365
36.53883
36.686932
36.792709
36.856178
36.411892
35.904099
35.311707
35.438648
35.607899
35.629063
35.988739
36.031052
36.115685
36.115685
35.756016
36.157997
35.819477
35.290554
35.015495
35.248226
35.565586
35.417488
35.163605
34.973186
35.227077
35.459797
35.205914
34.634666
34.528873
34.528873
35.036671
34.821964
34.800507
34.671684
34.886379
34.736099
35.058125
35.659248
35.272816
35.101063
35.315739
35.165478
35.101063
35.401619
35.294281
35.208405
35.058125
35.337212
35.487488
35.358681
35.358681
35.380165
35.058125
35.337212
35.659248
35.680702
35.594837
35.594837
35.294281
35.337212
35.036671
34.993721
35.25135
35.616302
35.208405
35.036671
35.229866
35.25135
35.53043
35.143993
34.864902
35.058125
34.907841
34.821964
34.800507
34.628746
34.371128
34.499943
35.101063
34.993721
34.800507
34.886379
34.864902
34.371128
35.723648
35.487488
36.024204
36.346233
35.873928
35.981277
35.380165
35.53043
36.281837
36.32476
36.453579
36.195953
36.024204
36.346233
36.367706
35.910381
34.777981
34.843319
34.777981
34.451321
34.211777
34.799759
34.756203
34.189999
34.756203
34.95219
33.994003
34.124668
35.061081
34.690868
35.365955
35.21352
35.300629
35.736172
35.975716
36.389488
36.237053
36.128166
35.540176
35.322411
35.169975
35.21352
35.583733
35.169975
34.843319
34.777981
34.973969
35.322411
36.476593
36.411251
36.563705
36.781464
36.672581
36.933914
37.19524
36.737923
37.391232
37.325905
36.803242
37.238785
36.890358
37.238785
37.804989
37.69611
37.391232
37.238785
37.826771
37.826771
37.826771
37.913887
37.935654
38.240532
38.523636
37.783867
37.761776
37.563019
37.607193
38.07093
38.115108
37.629292
37.67345
37.67345
38.004684
37.894272
37.717617
38.335926
37.872192
37.938442
38.512585
38.159264
38.313843
38.291771
38.402172
38.733418
38.711346
38.998417
38.998417
38.821751
38.799675
38.667171
39.26342
39.2855
39.70507
39.219238
39.727154
39.528408
39.616737
39.440083
39.108833
39.373833
39.197163
39.175079
39.086746
38.932178
38.954247
38.910084
38.821751
38.777588
38.821751
38.843842
38.976337
39.020496
39.2855
39.351738
39.26342
39.241341
39.440083
39.462158
39.903809
40.212978
39.859653
40.345478
40.389633
40.919628
40.831299
40.698807
40.396667
40.016193
39.993813
39.814781
39.702877
39.41193
39.367168
39.590965
39.41193
39.523827
39.322403
39.523827
39.210506
39.188122
39.277653
39.792393
39.747631
39.814781
39.568592
39.098598
38.852428
39.031467
39.232891
39.25526
39.523827
39.277653
39.523827
39.702877
39.680489
39.770023
39.747631
39.770023
39.837158
39.971447
39.904301
39.837158
39.859535
39.971447
40.172867
39.770023
39.702877
39.814781
39.344791
39.479069
39.635731
39.837158
40.105717
40.30714
40.284763
40.396667
40.642853
40.66523
40.575706
40.50856
40.754761
40.195236
40.016193
40.396667
40.195236
40.486183
40.30714
40.620468
40.575706
40.450935
40.518997
40.473618
40.133308
40.587055
40.155994
41.108852
40.700485
40.791237
40.609734
40.428246
40.541679
40.813919
40.564365
40.745861
41.01812
40.791237
41.154224
41.381107
41.834843
41.562592
41.812153
41.244976
40.609734
40.042568
39.929138
39.997196
40.201378
40.292122
40.428246
40.541679
40.428246
40.518997
40.95005
41.222294
41.17691
41.789463
41.698711
41.766781
42.107086
41.698711
41.766781
41.199604
40.813919
41.01812
41.313038
41.676029
41.313038
41.335724
41.834843
41.857529
41.812153
41.948292
42.06171
42.379333
42.311264
42.651573
42.606194
42.765011
42.470078
42.470078
42.810368
43.127998
43.037254
43.627106
43.604427
43.785927
44.194283
43.976006
43.815178
43.677326
43.194839
43.05698
42.896145
42.73531
42.781269
43.079956
42.689365
42.758286
42.390686
42.206856
42.229847
42.413651
42.298775
42.000088
42.50555
42.597458
42.252815
42.919125
43.05698
43.263763
43.194839
42.942104
42.620441
42.528534
42.781269
42.804241
43.148876
43.263763
43.815178
43.815178
43.815178
43.861141
43.861141
43.792206
43.930061
43.700298
43.401615
43.309727
42.804241
43.102936
43.263763
43.884109
43.539471
43.470543
43.240772
43.102936
42.781269
42.73531
42.965076
42.620441
42.390686
41.402702
41.632465
39.679501
41.035095
40.196201
41.990475
41.524441
42.875961
42.619633
43.03907
42.806053
42.503128
42.759457
43.085678
43.971153
43.248795
43.248795
43.738136
43.738136
44.064373
43.831345
43.761444
43.435211
43.761444
43.831345
43.225491
43.947857
44.227482
44.460506
45.206173
45.60231
45.555698
46.021744
45.812031
45.415901
46.114956
46.464493
46.371277
46.324677
46.90723
46.581001
45.928539
45.765434
45.415901
45.672218
46.114956
47.210163
46.441193
46.13826
46.13826
46.417881
46.860638
46.88393
47.070351
47.163567
47.885921
47.443176
46.930538
47.303375
48.072346
47.676201
47.582989
47.070351
47.6063
48.491776
48.09565
48.58498
48.53838
47.909225
48.351963
48.934521
48.53838
48.188858
47.717102
47.410469
47.575581
47.245358
46.985897
46.301868
46.679256
47.151012
47.669926
49.179512
48.825699
48.637001
48.825699
48.778534
48.849297
48.330376
49.203102
48.613422
49.2267
49.179512
49.62767
49.556915
49.462559
50.476822
51.06649
51.019321
51.632603
51.868473
51.679775
52.033573
51.892063
50.995731
50.759857
50.736275
50.736275
50.641933
50.641933
50.476822
50.193775
50.26453
50.288116
50.288116
50.099419
50.240944
50.170177
49.863548
50.382465
50.641933
49.957897
49.83997
50.26453
50.618347
50.406052
50.476822
50.170177
50.665516
50.429638
50.618347
50.665516
50.571175
50.712692
49.805832
50.354713
49.877422
49.78196
49.949017
49.85355
50.354713
50.283123
50.139935
49.925148
50.092209
50.211533
50.330845
50.163795
50.18766
50.474049
50.474049
50.999058
51.142262
50.474049
50.426319
50.283123
49.972881
49.85355
49.734241
49.805832
49.614914
50.044479
50.259258
49.901291
49.901291
50.139935
50.354713
50.450172
50.569504
49.54332
49.185345
48.612587
48.564854
48.636452
48.708038
49.233078
49.686497
50.163795
49.805832
50.139935
49.949017
50.545643
50.808155
51.02293
51.142262
51.142262
51.380901
51.261585
51.070656
51.452503
51.237728
51.428638
51.54797
52.001396
51.834339
51.762745
51.738876
51.642296
51.738876
51.811306
51.642296
52.270016
52.149323
52.632175
53.018459
53.06675
52.752899
53.06675
53.960052
54.273911
54.587772
54.78091
55.263771
55.891499
55.481068
55.432785
55.16721
55.867367
56.157078
56.205353
55.770798
55.118927
54.925789
55.239643
55.360352
55.287933
55.553509
55.674213
55.674213
56.205353
55.279884
55.183308
53.300133
52.559742
53.227711
53.501343
53.630081
53.710575
53.710575
53.388653
53.171375
53.21162
53.29208
52.712654
52.52755
52.970177
54.19342
54.290009
54.78091
54.547539
54.338295
54.290009
55.207455
54.893585
54.764835
54.756767
54.797005
54.603874
54.901638
54.885536
54.344284
54.279179
54.116398
54.07571
53.766426
53.71759
53.09901
53.286224
53.318783
53.20483
53.155998
52.749039
52.724628
52.749039
52.472317
52.903687
52.675793
52.765324
52.46418
52.130489
52.626965
52.244431
52.203728
51.406105
51.625862
52.03281
52.1549
52.618813
52.366505
52.358368
52.138611
52.732773
52.399063
52.708347
52.724628
53.221111
52.887409
53.090889
53.139717
52.724628
52.480461
52.220013
52.545567
52.545567
53.123436
53.392017
53.318783
53.310627
52.895546
52.350227
52.700203
52.993225
53.465275
53.155998
52.854858
52.138611
52.146759
51.227047
50.917767
50.429413
50.014324
50.470112
50.053963
49.337017
50.185814
50.259975
50.095158
49.79026
49.814983
50.523685
50.754414
50.845066
51.413685
52.592091
52.71571
52.410805
53.119499
52.880512
53.004124
53.004124
52.971161
52.987648
52.674511
52.583858
53.366726
53.984776
53.358482
53.605701
53.160702
53.218388
52.798103
52.501446
51.924599
