Adjusted
27.745001
27.805
27.465
28.299999
29.315001
29.395
29.615
29.540001
29.344999
28.865
28.715
28.045
27.76
27.225
26.855
26.375
26.084999
26.635
26.815001
26.59
26.715
27.135
27.105
26.315001
26.5
26.299999
26.299999
26.299999
27
27.094999
25.25
25.495001
25.41
25.209999
25.42
25.504999
25.469999
25.555
25.065001
25.184999
24.815001
24.235001
24.424999
23.775
23.65
23.014999
22.815001
21.85
22.875
22.514999
21.934999
21.24
22
21.6
22.629999
22.094999
23.174999
23.58
23.785
23.99
23.879999
24.280001
23.905001
23.895
24.049999
24.075001
24.209999
24.43
24.715
24.825001
24.555
24.780001
25.215
24.99
25.465
25
24.865
24.795
25.045
24.950001
25.129999
25.379999
26.205
26.225
26.115
26.625
26.110001
25.790001
25.905001
25.934999
25.75
25.17
25.280001
25.545
25.915001
25.995001
25.795
25.985001
26.030001
25.695
26.065001
25.940001
25.865
25.940001
26.055
26.040001
25.924999
25.895
25.209999
24.889999
24.844999
24.795
24.67
25.235001
25.129999
25.030001
24.735001
25.52
25.875
25.91
26.139999
26.450001
26.885
26.93
26.565001
26.565001
26.684999
26.375
26.32
26.495001
26.485001
28.334999
26.75
26.865
26.815001
26.735001
26.514999
26.57
26.5
26.625
26.504999
26.405001
27.98
28.115
28.33
28
27.924999
28.07
27.945
29.610001
29.584999
29.145
29.665001
29.745001
29.620001
29.6
29.695
30.004999
29.280001
29.23
29.190001
29.135
29.23
28.735001
28.805
28.93
29.025
28.695
28.975
28.754999
28.27
28.325001
28.98
28.540001
28.35
28.99
29.309999
28.690001
28.82
27.565001
28.025
28.635
28.205
28.01
27.584999
28.120001
28.195
27.5
28.504999
27.709999
26.934999
26.754999
24.5
24.785
25.32
23.995001
23.469999
25.245001
25.83
24.584999
24.940001
25.17
25.475
25.775
24.545
24.85
24.385
23.254999
25.469999
25.475
26.975
28.375
26.379999
26.514999
25.174999
25.105
26.065001
26.879999
26.385
25.99
26.379999
25.68
25.940001
26.09
23.514999
21.33
22.375
24.299999
24.059999
24.334999
25.125
23.32
23.674999
23.365
22.799999
23.75
24.115
24.405001
24.09
23.98
23.945
24.125
25.4
25.040001
25.145
25.01
24.65
24.23
23.995001
24.389999
24.315001
24.545
24.785
24.549999
23.75
23.445
23.610001
23.75
23.639999
23.254999
23.475
23.459999
23.395
24.084999
23.379999
23.75
23.844999
23.51
23.940001
24.525
24.049999
23.715
23.5
23.950001
24.264999
23.985001
24.07
23.465
22.969999
23.715
26.52
26.445
26.295
25.525
25.855
25.535
25.445
25.254999
25.93
25.434999
25.025
23.459999
23.129999
23.09
23.754999
22.955
22.860001
22.120001
22.014999
21.66
22.424999
22.985001
22.924999
22.975
23.035
22.485001
21.17
21.565001
21.525
22.1
22.27
21.805
21.889999
21.975
22.184999
22.709999
22.299999
22.424999
22.625
22.6
22.620001
22.275
22.225
22.469999
22.145
21.575001
21.780001
22.01
21.795
21.18
21.855
22.264999
22.745001
23.674999
23.184999
22.945
23.48
22.985001
22.799999
23.254999
23.625
23.184999
23.205
22.700001
22.719999
22.26
22.535
23.129999
22.709999
21.98
22.41
22.735001
22.775
22.43
22.555
23.27
23.775
23.684999
23.559999
23.385
23.360001
23.030001
22.985001
23.184999
23.565001
22.92
23.115
23.93
24.475
24.065001
23.834999
23.629999
23.965
24.495001
24.780001
24.754999
24.73
25.43
24.5
25.665001
25.875
25.365
24.959999
24.625
24.98
24.860001
24.57
24.559999
24.049999
23.934999
24.254999
23.889999
24.530001
24.879999
24.73
24.615
25.030001
24.934999
24.85
25.35
25.52
25.605
25.26
25.955
26.41
26.17
26.09
25.92
25.690001
25.875
25.549999
26.025
25.875
26.190001
26.004999
25.99
26.02
26.25
25.860001
25.855
25.77
25.99
26.385
26.620001
26.924999
27.07
27.195
27.115
27.065001
27.125
28.07
27.940001
27.785
28.025
28.115
28.209999
28.040001
27.995001
28.24
28.09
28.32
28.01
27.860001
28.125
28.280001
28.344999
28.215
27.950001
28.17
28.215
28.309999
28.325001
28.145
27.865
27.655001
27.5
27.605
27.18
26.76
26.754999
26.695
26.825001
26.514999
26.879999
27.200001
28.965
29.15
28.985001
29.08
29.370001
29.275
29.1
29.115
29.325001
29.405001
29.264999
29.135
29.475
29.985001
30.049999
29.985001
29.665001
29.620001
30.075001
30.309999
30.290001
30.065001
29.879999
29.059999
29.225
29.655001
29.77
30.190001
30.775
30.389999
29.93
29.799999
29.629999
29.73
29.955
29.85
29.76
29.809999
29.665001
29.370001
29.959999
29.705
29.530001
29.785
30.5
30.895
30.629999
31.084999
31.075001
30.83
31.35
31.225
31.094999
30.365
30.299999
30.299999
30.334999
30.049999
29.879999
30.215
30.75
30.52
29.879999
30.215
30.030001
30.6
30.41
29.995001
29.49
29.75
30.174999
30.594999
30.805
30.799999
30.559999
30.834999
30.745001
30.805
31.549999
31.77
31.51
31.76
32.075001
31.280001
31.245001
30.450001
31.370001
31.184999
31.290001
31.334999
31.695
31.84
31.684999
32.095001
31.91
31.605
31.475
31.309999
31.545
31.709999
31.700001
31.82
31.99
31.985001
32.305
32.264999
33.029999
32.834999
33.115002
32.605
32.375
32.25
32.494999
32.814999
32.735001
32.325001
32.419998
32.43
32.195
31.77
31.98
31.215
31.645
31.549999
31.805
31.290001
30.575001
32.005001
31.83
31.85
31.77
31.525
31.865
31.73
31.85
30.665001
30.639999
30.215
30.445
30.280001
31.584999
31.715
31.5
32.389999
32.689999
31.48
31.32
31.34
31.165001
31.93
32.360001
32.595001
32.799999
32.904999
33.290001
33.314999
32.459999
31.805
31.620001
31.375
31.66
31.865
31.365
31.219999
30.860001
30.549999
30.195
30.379999
29.985001
30.065001
30.25
30.76
30.665001
30.615
30
29.9
30.025
29.195
29.004999
28.415001
30.43
30.26
29.635
29.27
28.66
28.945
30.549999
30.805
31.594999
31.809999
31.805
31.825001
31.525
31.895
32.040001
32.150002
32.380001
32.314999
31.834999
31.91
32.075001
32.099998
32.380001
32.049999
32.720001
32.619999
32.310001
31.940001
31.995001
32.150002
32.264999
32.32
32.450001
32.52
32.290001
31.6
32.630001
32.355
32.465
32.994999
33.27
33.044998
33.145
33.814999
33.689999
34.240002
34.474998
34.514999
34.435001
34.119999
34.605
34.764999
35.805
36.07
35.965
35.415001
35.41
35.82
36.150002
36.215
35.615002
36.130001
35.959999
35.825001
35.884998
35.645
35.41
35.584999
35.875
36.334999
36.700001
36.029999
36.165001
35.884998
36.014999
36.049999
36.035
36.805
36.445
36.014999
35.625
35.68
36.16
36.549999
36.639999
36.174999
36.470001
36.215
36.139999
36.349998
37.02
37.055
37.044998
36.700001
36.105
35.845001
35.799999
35.66
35.360001
35.645
35.369999
34.855
35.005001
34.57
34.669998
35.025002
34.709999
34.764999
34.735001
34.52
34.895
34.744999
34.654999
35.16
34.73
34.535
34.610001
34.695
35
34.855
35.105
35.605
35.630001
35.564999
35.419998
35.349998
35.334999
36.715
36.755001
37.654999
37.139999
36.924999
37.375
37.305
37.43
38.279999
37.98
38.380001
37.994999
38.084999
39.255001
39.279999
39.555
40.049999
40.02
39.834999
39.154999
38.805
38.759998
39.290001
39.685001
39.764999
40.325001
40.400002
41.880001
41.240002
41.560001
41.16
40.445
40.889999
40.779999
40.264999
39.685001
40.279999
39.884998
39.860001
40.810001
41.435001
41.419998
41.59
41.505001
41.505001
42.064999
42.755001
43.264999
43.384998
43.134998
43.465
43.48
43.334999
43.314999
43.220001
43.349998
43.474998
43.52
43.060001
43.384998
43.695
43.860001
43.985001
43.91
43.924999
44.09
44.044998
44.584999
42.950001
42.700001
42.235001
42.18
41.900002
42.720001
42.875
43.310001
42.794998
42.695
43.02
43.325001
43.345001
42.810001
42.244999
41.825001
41.724998
41.970001
41.810001
42.025002
41.950001
42.209999
41.849998
41.465
41.349998
41.630001
42.009998
41.514999
41.595001
41.915001
41.605
42.115002
42.035
42.470001
42.369999
42.509998
42.195
41.98
42.445
42.755001
42.77
43.305
43.599998
44.025002
44.25
44.68
44.334999
43.5
43.759998
43.595001
43.5
43.549999
42.924999
43.305
43.169998
43.349998
42.945
42.450001
42.084999
41.325001
41.529999
41.77
39.834999
39.860001
39.215
38.904999
39.139999
35.790001
37.185001
35.435001
36.200001
36.384998
37.330002
37.044998
36.720001
35.294998
34.82
34.645
35.849998
35.790001
34.77
35.970001
37.080002
36.990002
36.790001
36.650002
35.68
36.02
37.375
36.68
35.68
35.889999
35.935001
36.509998
37.005001
36.474998
36.485001
36.709999
36.185001
34.580002
33.970001
34.669998
35.755001
34.490002
31.465
31.334999
30.32
30.485001
31.33
32.235001
30.844999
31.525
31.91
31.780001
31.450001
31.530001
30.82
32.695
33.375
33.494999
34.605
34.400002
33.994999
34.404999
36.009998
36.349998
35
34.110001
35.07
36.759998
36.985001
37.049999
37.23
36.34
36.695
37.169998
36.915001
36.830002
36.674999
35.630001
36.685001
36.34
36.514999
36.18
36.424999
37.23
37.084999
38.09
38.310001
38.404999
38.205002
37.825001
37.709999
36.959999
37.305
36.639999
36.380001
36.305
36.919998
37.075001
36.560001
37.34
37.474998
37.955002
38.244999
38.209999
37.674999
37.974998
37.904999
38.564999
38.665001
38.785
38.91
38.895
39.310001
39.279999
39.439999
39.224998
39.365002
39.224998
39.875
39.884998
40.220001
40.435001
40.93
40.450001
40.575001
40.700001
40.904999
41.945
41.435001
41.959999
42.115002
41.895
41.849998
42.005001
41.985001
41.98
42.375
42.945
42.740002
42.860001
43
42.959999
42.985001
43.400002
43.105
43.380001
43.275002
43.41
43.365002
43.299999
42.924999
43.285
43.900002
43.110001
43.125
43.59
43.959999
43.965
44.294998
44.055
43.775002
44.005001
43.705002
43.299999
44.23
44.285
44.125
44.639999
45.084999
44.860001
44.709999
43.450001
43.494999
42.744999
42.380001
42.825001
43.369999
42.884998
42.790001
43.325001
43.389999
43.599998
43.810001
43.110001
43.195
43.959999
44.115002
44.584999
44.290001
44.814999
43.209999
42.639999
42.189999
42.325001
42.720001
42.755001
42.084999
41.445
40.994999
41.115002
41.384998
40.669998
40.404999
42.400002
40.125
40.195
41.009998
40.880001
41.349998
40.825001
40.625
40.115002
40.529999
41.275002
41.915001
42.150002
42.799999
42.465
42.974998
43.490002
44.055
44.689999
45.75
46.77
46.895
45.924999
47.299999
47.150002
47.029999
47.654999
48.355
49.105
48.810001
48.855
48.785
48.314999
48.68
48.365002
48.700001
48.889999
49.490002
49.450001
49.785
49.325001
49.195
48.599998
47.564999
47.400002
47.855
48.860001
49.305
49.900002
49.209999
49.314999
48.685001
49.645
47.865002
48.5
48.619999
48.139999
48.34
48.189999
48.935001
49.064999
49.145
48.814999
48.994999
48.005001
48.25
48.09
48.514999
48.73
48.75
48.66
48.5
48.634998
48.82
50.145
50.424999
50.290001
49.23
48.799999
49.235001
49.794998
49.224998
49.84
49.755001
49.285
49.330002
50.75
50.185001
50.150002
50.48
51.200001
51.805
51.720001
52.055
53.849998
54.200001
54.195
54.205002
53.91
54.779999
54.735001
55.209999
54.5
54.935001
55.27
56.535
55.360001
56
55.689999
55.41
55.705002
55.509998
56.259998
56.18
55.75
55.810001
57.490002
56.41
55.91
56.215
56.450001
56.305
56.025002
56.445
56.509998
57
56.740002
55.005001
55.715
55
54.645
54.200001
53.799999
54
53.275002
53.064999
53.16
52.985001
53.244999
53.244999
53.77
53.705002
53.494999
54.535
54.855
55.34
55.435001
56.32
55.965
55.595001
55.044998
54.965
54.880001
