Adjusted
81.425323
82.544373
80.199684
79.755638
77.490829
79.302643
78.73423
77.419777
80.110855
77.535217
74.675407
71.673462
72.685944
70.421196
70.829735
72.215233
72.00209
74.11586
73.813904
74.78196
75.536934
77.064522
77.553009
75.11058
76.567169
78.077019
79.542458
83.21051
81.700645
82.686501
83.192726
82.775322
85.439758
88.441711
85.164421
86.692039
89.773918
91.1772
89.400917
94.179115
91.230453
92.340668
90.617661
92.100853
90.440018
89.312073
88.876869
92.242943
90.819756
92.927864
91.629181
88.337959
92.038353
86.060814
85.651611
88.204567
91.558052
95.703194
93.603912
92.794464
92.803375
92.518707
93.087997
93.897453
95.480804
96.459251
98.594109
99.670433
99.350204
97.188698
99.679314
100.933533
103.744438
103.308578
105.318871
105.763649
107.515968
106.341812
102.4813
105.496765
104.980843
100.568832
100.871277
97.811317
99.705986
101.867538
107.03566
103.628792
104.367081
102.934959
103.433098
104.918579
103.192932
105.265495
107.969635
108.725739
110.620384
109.455139
109.464012
105.54126
105.034218
106.039391
102.837105
103.130661
105.274384
104.153595
100.150764
104.278152
103.157333
106.074974
103.095078
103.726624
103.290169
103.530647
103.735504
107.574623
108.955269
105.900009
105.793144
109.124542
104.599533
102.524139
102.123291
102.328148
107.031288
109.560944
105.900009
104.973679
98.872086
96.422562
93.16243
97.544876
98.284218
98.970085
94.587631
90.303177
86.856018
87.800209
91.799629
87.826927
83.114906
82.999123
84.076912
84.121468
82.455765
86.401741
84.522308
84.718254
78.420723
79.18676
82.393425
83.310875
79.810242
80.879173
82.731911
87.399368
86.089966
83.684975
83.034744
86.838203
92.458778
93.705803
91.104843
90.686226
93.750343
95.113159
91.888702
90.899979
85.519897
84.994385
83.462311
85.234879
84.655884
77.788307
81.654106
82.339958
85.543282
79.895119
84.17807
83.740868
87.425995
94.135971
91.236046
90.44191
90.647133
91.584045
88.121971
78.628082
81.376282
79.895119
74.148811
73.622353
69.062782
64.72628
64.645973
56.035439
53.537029
65.029663
67.099731
55.901596
62.379562
63.173717
71.115028
68.893257
61.870968
64.797668
62.308178
57.525551
62.665104
64.048149
68.536331
72.150108
69.500015
74.059578
71.168564
66.029022
67.911743
69.419708
66.029022
60.612846
66.011177
62.584816
62.165421
63.307529
61.18391
53.0909
61.531914
64.94046
65.199203
66.823143
64.547813
58.614159
59.854416
60.157787
55.455444
54.661324
58.283985
59.104881
64.744102
63.465332
60.854118
60.183434
62.928806
61.399628
57.759975
59.727348
56.40966
56.356014
56.329178
57.241314
58.618488
58.564808
58.761559
61.247601
63.474274
62.928806
60.308628
59.566391
58.627422
56.472267
57.527489
54.639034
53.592747
52.474945
49.005222
53.154575
51.339233
55.300808
55.962536
55.273956
57.706337
56.195049
55.086151
53.717953
55.36338
51.947327
53.190342
52.045689
53.074093
50.257179
47.064693
46.295616
47.073624
43.344574
43.809593
44.22097
42.825916
40.688652
41.770691
40.500858
40.670757
39.052143
35.180027
36.557182
38.220497
36.861229
35.698692
34.732899
36.118984
37.827026
39.59539
40.546913
41.606136
42.593548
42.584572
43.913097
42.728207
46.713779
44.514515
44.388863
43.464275
41.193226
40.0532
40.116043
41.722832
43.446316
44.837696
43.437347
41.579208
42.153706
43.904121
43.814358
44.649174
44.801769
44.801769
46.812519
43.35656
44.864609
44.685085
45.798183
47.001026
45.708412
45.780205
47.171585
46.543221
48.598843
51.32769
48.904053
54.765709
54.164288
57.288097
56.866207
58.221661
55.860847
55.663357
52.512604
55.223515
55.789032
55.483837
53.769321
53.634655
55.133743
54.119389
55.932663
56.767471
59.648941
59.361675
56.929043
58.751266
58.096001
57.359917
57.584335
57.225269
59.565022
58.971092
57.315258
56.352356
55.425453
55.272476
53.670635
50.673935
50.718918
50.223969
51.132877
49.864021
49.936008
49.045097
49.567043
46.993298
46.15638
44.914497
44.869495
45.760418
45.490444
46.660324
47.506248
48.919102
49.756023
50.106972
50.619938
51.150887
50.907906
52.284763
52.60873
52.815727
51.168884
50.601936
51.537849
52.275761
54.381557
55.10149
56.928291
57.02729
57.423264
58.008198
57.819221
57.576241
58.24218
56.45134
55.29948
55.767426
56.460342
57.144291
57.891212
57.945202
56.586346
56.271362
55.911411
56.307365
55.236469
53.832611
55.092484
54.795506
55.596443
57.297256
57.351257
58.881115
59.223915
59.702026
61.785927
65.141785
64.185539
63.83374
63.030853
64.266754
63.030853
61.226612
60.595112
61.361938
61.046196
60.739479
58.024101
58.186478
59.846378
59.936573
59.990707
62.26405
61.704716
62.390335
63.139084
63.454815
64.654648
64.302818
64.871147
64.943321
63.932964
63.47287
61.542351
60.297424
61.109341
59.088593
61.244663
58.375916
58.619507
59.945602
60.504921
62.182858
61.379967
62.33622
62.949638
62.155785
60.712406
61.154446
64.041214
63.707417
64.645638
62.399353
60.89283
61.280712
61.028145
62.065594
60.87479
60.757519
61.876133
60.964977
59.774193
59.68399
59.350208
57.554993
57.248272
57.7715
57.780548
60.412277
60.023407
61.379967
62.130592
62.908356
63.894115
64.292061
65.250694
66.037506
66.978043
67.104668
66.99614
66.471588
69.248032
69.320389
69.112373
68.705383
68.841057
67.90052
67.095627
67.891472
66.896629
66.046516
66.534889
65.151192
64.599533
62.673241
64.18351
63.089245
62.718456
61.967804
60.511757
63.089245
64.500053
63.74942
60.466549
60.348972
59.815399
60.864464
60.059566
60.692635
60.665516
62.492359
63.116348
63.496189
64.590508
63.324364
61.533703
61.850224
62.230072
62.275265
62.74556
63.450985
63.704212
62.899303
63.261063
63.025913
64.074997
64.979362
65.296623
63.927959
62.296459
61.444458
60.882469
59.269104
58.290188
58.009212
58.897476
59.024368
57.039368
57.284088
58.525845
58.380836
58.398956
59.667919
60.918732
60.266129
59.667919
59.749485
60.964081
61.018425
60.229858
60.84623
60.356766
59.08783
59.08783
61.090946
61.263165
61.380978
63.483833
62.124249
60.34771
61.136276
61.045624
61.027512
61.752621
60.13924
61.190655
59.912617
58.53492
61.471622
61.51696
63.057812
61.290359
59.876366
59.250984
58.688992
58.53492
55.743221
57.166256
55.280964
55.172199
54.646488
57.447243
57.873253
55.861065
58.960926
60.17548
59.015308
57.111885
58.861206
58.507729
61.480698
61.925896
61.517033
63.715691
62.970684
63.134228
63.524899
62.698151
61.026424
59.927105
58.11002
57.828388
57.156067
55.448017
55.348072
55.130024
55.157284
55.538864
56.738144
57.464966
57.55582
57.692097
57.683018
57.85564
57.55582
55.566116
55.520699
57.11972
56.938015
57.946484
58.091866
58.446198
57.637589
56.919849
56.783558
56.774483
58.509789
58.455273
59.672699
59.672699
58.827766
59.263885
59.572762
58.128193
57.710266
57.873806
57.673927
57.964653
57.165146
57.237827
56.45649
56.5746
55.384411
54.911976
54.321423
55.584293
54.939232
54.766609
56.601845
57.183323
57.710266
57.056126
57.30143
57.11063
56.810822
56.227863
56.455578
56.583099
56.573982
56.446465
57.320908
57.093185
56.983879
56.692413
58.350174
58.286423
58.614346
59.051563
58.969563
59.43412
58.614346
59.552521
60.39053
59.96241
60.818642
61.155674
60.882389
61.574665
61.501801
61.629322
62.722351
60.918839
61.447136
60.454288
59.415901
59.224609
58.832951
58.92403
58.960464
59.224609
59.516079
60.053505
62.139374
63.396404
64.471214
65.181686
64.516769
65.491394
66.274742
66.019699
65.063278
64.161507
64.079529
65.518715
66.675529
65.95594
64.553192
65.327438
64.616951
64.179749
64.279945
65.591583
66.885017
67.322235
67.340462
67.112732
66.657303
66.283852
66.757507
67.442131
67.195671
66.793999
66.958336
66.72097
67.533417
67.916801
69.39566
70.637154
70.418068
70.801445
71.203125
71.385689
71.668686
71.823868
71.385689
71.842125
71.413078
71.623032
71.476982
73.813904
74.845428
74.799797
75.575722
76.698547
75.30188
75.155792
76.232986
78.23214
77.164093
78.286934
76.58902
77.711815
80.961617
81.655373
81.691895
81.235474
80.961617
79.400604
79.108482
78.387329
79.309326
78.907684
80.550812
80.423012
78.706841
79.528404
80.514313
79.838799
81.856209
80.65123
82.476967
83.471992
81.025505
81.600586
82.303505
83.179855
82.641266
82.120941
81.892708
78.579048
80.527046
81.002609
80.069763
78.3321
81.807434
82.438469
84.770599
85.145569
85.017532
84.834625
85.063263
83.682274
83.865181
83.764587
83.929192
84.139565
84.121277
83.243294
83.096977
83.508522
83.590813
81.615356
78.633911
80.225243
80.27095
80.316681
78.825958
79.539307
81.24955
81.496506
80.673386
81.615356
80.645958
81.222107
83.224991
81.734253
79.859406
77.70105
76.329201
76.475555
78.240646
78.17662
76.054848
75.131157
75.012276
74.792763
74.829323
75.917671
75.478661
75.771332
73.750175
74.573265
76.018257
75.670738
76.21946
76.8871
75.698158
75.679871
75.250023
74.554947
73.832466
73.155693
74.463501
72.735008
71.039444
72.542519
70.654488
70.681992
70.526169
70.324539
71.69017
71.571022
71.021103
70.214569
69.673813
71.470192
71.415215
72.230904
72.185081
73.138268
73.330742
74.742188
73.61483
71.726814
71.277733
71.763481
71.378548
73.743164
73.294067
75.447891
75.172943
76.703499
77.308418
76.767677
75.878654
74.797157
73.294067
72.130081
71.781807
69.059769
69.463005
65.668625
64.06472
59.894566
62.992401
60.746902
62.671608
62.323334
63.95472
63.184856
62.946564
59.179668
58.244812
57.713234
59.262146
59.445465
58.116505
59.00552
60.499454
61.562614
62.167511
61.021877
59.216331
58.510616
60.838554
60.14201
57.914864
58.455616
58.933479
59.494049
60.642754
60.753033
59.319462
59.613525
56.617672
52.298515
50.88332
52.776394
53.888344
51.848228
52.996941
50.947639
49.017803
51.048725
51.774715
53.079643
51.903366
53.998615
54.016998
55.340317
54.255936
55.790607
54.844074
56.544159
57.25177
57.702057
59.190792
58.575073
56.608475
57.628536
60.991982
62.627731
59.687035
57.352844
60.155708
60.707088
60.082188
60.541672
63.74889
60.3395
61.791473
62.92181
61.460636
61.543358
60.798981
58.758877
58.556705
57.628536
56.700386
54.697037
53.833214
55.910065
56.893375
60.155708
59.824879
60.091377
60.973579
61.589298
61.111435
58.565891
61.166576
59.025379
58.398815
56.270367
55.606953
55.699097
54.409122
56.399368
57.541916
57.928905
57.597195
57.458992
56.353298
57.394489
57.127277
60.914265
60.241634
60.232422
59.66114
60.665485
60.536476
58.675243
58.398815
58.140816
58.675243
59.338657
59.108315
58.315895
60.149494
59.126728
60.969551
59.725643
59.900719
59.532154
58.795021
58.739738
58.896378
58.472534
59.39394
60.831329
61.052471
61.024837
59.569004
60.481205
61.642166
66.064934
69.124001
69.059509
69.317528
68.884453
69.188499
69.280647
69.243782
68.165741
67.548386
68.303955
67.262764
66.967926
65.41996
66.507217
66.479584
66.166283
65.521309
66.620872
65.900146
67.027435
68.126991
70.048935
68.284081
67.267685
65.465874
66.565437
67.129097
65.752312
65.650673
65.244102
65.71534
66.833397
65.743065
65.86319
65.761543
64.948425
63.701015
62.573719
63.876556
62.684582
61.908432
63.008015
61.631233
60.901279
60.272945
60.938213
61.714417
62.555244
63.802662
64.366287
64.541862
65.281059
62.887886
61.41869
60.088139
59.45982
59.607655
59.164143
59.690823
59.579933
58.923893
57.611805
57.001957
56.715523
56.761719
58.110767
56.937283
56.512238
55.837711
55.458878
56.503006
55.209385
54.996868
53.58313
53.925022
54.581062
55.523552
54.793575
54.248417
52.908611
53.176571
52.240078
52.573883
53.176571
52.731506
53.612373
52.833504
50.895584
51.461205
50.367069
50.608154
52.110256
52.70369
53.770004
52.972588
54.224346
53.770004
53.083855
52.610973
51.340664
51.767185
50.673065
51.368484
52.16589
53.899826
54.456161
54.660145
54.697247
54.103802
52.740784
52.471886
53.73291
54.595234
54.901218
54.817768
52.907677
51.377754
52.221531
53.287849
54.771412
55.12376
56.023163
55.522472
54.715786
54.474697
54.150169
54.604504
54.67868
54.947594
55.782089
56.774223
56.115887
56.598057
55.81918
55.902634
54.456161
53.445469
53.621647
53.269302
52.861324
54.150169
55.021759
55.04958
56.208614
57.148212
57.85524
59.064636
58.739033
57.641273
56.710972
56.720276
56.869122
56.041157
55.334133
54.887592
56.403976
56.283043
56.543514
57.27845
55.938824
56.58073
55.836494
55.79929
56.813313
56.264427
57.315678
57.083092
56.710972
57.176117
58.432026
58.283176
57.678482
57.092392
55.436462
54.673622
54.775959
54.227089
54.152664
54.441048
53.771233
53.799149
55.464363
51.547821
50.254711
50.077953
50.180279
49.957012
49.361629
48.822044
48.747623
49.76165
49.063915
49.203468
49.519772
49.184872
49.417439
49.417439
48.933681
48.068504
48.28249
48.263866
48.952286
49.389538
49.231369
48.673199
48.803448
49.410454
48.868813
48.48592
48.682034
50.559093
50.21357
50.605789
49.924068
49.373093
48.896828
48.803448
47.766857
