Adjusted
22.154114
22.111012
22.060726
22.376797
22.154114
22.082283
22.111012
21.945784
21.981707
21.672813
21.945784
21.54351
21.227432
20.300756
20.760502
20.444426
20.042141
20.279202
19.905657
19.524923
19.963125
20.099613
20.602465
19.984676
19.769173
19.747618
19.56085
19.690155
19.884106
19.876921
19.790718
19.963125
19.718887
19.611126
19.144199
19.481831
19.079544
18.885593
18.697384
18.798729
18.36441
18.400597
18.357172
18.39336
17.987995
17.922853
17.756363
17.82151
17.893896
17.987995
18.024195
17.886667
18.111059
17.770842
17.662256
17.546442
17.379951
17.423389
17.503014
17.4813
17.763601
18.183443
18.255823
18.306501
18.545372
18.59605
18.639477
18.646715
18.639477
18.711864
18.777016
18.900066
19.204094
19.341621
19.218563
18.885593
18.791492
19.0376
19.015886
19.305433
19.262003
19.073793
19.052082
19.580505
20.079966
19.927954
19.942429
19.804892
19.819376
19.74699
19.696316
19.761463
19.51535
19.109985
19.081032
19.052082
18.957975
18.8494
18.986933
18.603285
18.979694
18.90675
19.052633
19.045338
18.94322
18.841101
19.118286
19.490295
19.001579
19.358995
19.424639
19.329819
19.329819
19.577822
19.555939
19.636181
19.606998
19.643471
19.329819
19.344408
19.205816
19.417355
19.140165
18.629574
18.622274
18.833813
18.374271
18.228378
18.046028
18.483685
18.790041
18.607681
18.673332
18.301329
18.155445
17.900143
17.88555
17.943909
18.111675
18.155445
18.118973
18.08979
18.08979
18.075203
18.235674
18.4618
18.35239
17.987675
19.059933
19.008869
19.081808
18.994282
19.614292
19.93524
19.723711
19.752888
19.672647
19.592413
19.97901
19.774773
19.906065
20.132191
20.445847
20.008183
20.081127
20.164198
20.318571
19.767235
19.568758
19.531996
19.436438
19.105633
19.260012
18.671915
18.532242
18.96596
19.752537
19.120338
18.958609
18.304363
19.392326
19.576105
19.017418
18.804234
18.804234
19.098282
19.054178
18.738075
18.855692
19.090925
18.738075
18.194094
17.032608
16.334246
15.643239
15.327144
14.077443
15.591781
15.253632
14.173015
15.099254
14.783155
16.091665
15.841722
15.297734
15.672646
15.238928
14.496462
15.532976
15.474167
16.657698
16.584185
16.620943
16.518026
15.929938
15.246278
15.444762
15.60649
16.437166
15.87113
17.517786
17.032608
16.863531
16.878229
16.26074
15.216879
16.723862
16.907637
17.025257
17.123936
17.287161
16.315222
16.760384
17.198132
16.315222
16.804899
16.730705
16.886513
17.428127
17.071999
17.606195
16.693609
17.18329
16.701025
16.730705
16.81974
17.294584
17.04232
17.057158
17.198132
17.2649
17.695229
17.851032
18.029104
18.429749
18.37039
18.266518
18.481682
18.466843
18.125549
17.576519
17.353941
17.257486
17.650711
17.212963
17.346519
17.428127
17.339094
17.954905
17.925226
17.754583
17.843609
17.658131
17.828779
17.969746
18.58555
18.481682
18.511362
18.214586
17.77684
17.55426
17.799097
17.821358
17.175875
16.59716
16.79006
16.367159
16.151997
16.619417
16.610415
16.50543
16.430441
15.785521
15.050611
15.21559
14.758151
14.99812
14.585671
14.975626
15.073112
15.425564
14.923125
15.208097
15.860512
15.980493
16.23547
16.257961
16.497929
16.220469
16.23547
16.347954
16.272959
16.137983
16.190474
16.047987
15.89801
15.808019
15.913005
16.047987
16.137983
16.122978
15.890512
15.583043
15.815518
15.980493
15.815518
15.748024
15.688032
15.245593
15.103106
15.178094
15.545549
15.410564
15.373075
15.76303
16.182964
16.23547
16.310455
16.107988
15.943
15.89801
15.883013
16.032988
15.87551
15.770525
15.433065
15.463069
15.560551
14.990623
15.163095
15.178094
15.605543
15.44806
15.666562
15.772778
16.440405
16.258324
15.985202
15.962445
16.10659
16.023138
15.841057
16.053478
16.39489
16.781813
16.645252
16.470751
16.432819
16.971481
16.668005
16.77422
16.356956
16.501099
16.804567
16.781813
16.994234
16.925955
17.434269
16.948715
17.070103
16.736284
16.501099
16.319019
16.220394
16.349363
16.341782
16.743872
16.850088
16.759047
16.743872
16.91078
16.903202
17.343225
17.449436
17.449436
17.290121
17.191488
17.555647
17.457024
17.669455
17.457024
17.555647
17.388744
17.737732
17.692211
17.707386
17.889463
17.866709
17.99568
17.927401
17.866709
18.01844
18.003265
18.4433
18.503994
18.488821
18.450886
18.4433
18.411116
18.227242
18.227242
18.112309
18.127636
18.173603
18.165943
18.15062
17.989721
18.142954
18.395798
18.755894
18.939779
18.778885
18.748236
18.610323
18.334499
18.219578
18.227242
18.257881
18.403454
18.388132
18.188931
17.89012
17.667931
17.821167
17.859474
17.767532
17.951416
18.005049
18.020369
17.836483
17.943752
18.119972
18.096989
18.342167
17.913101
17.951416
18.035692
17.683258
17.484049
17.537683
17.514696
17.775198
17.660267
17.26952
17.415096
17.430416
17.752211
17.698578
17.828827
18.05102
18.112309
17.928427
18.165943
18.319174
18.372805
18.365147
18.104649
18.349821
18.579674
18.679276
18.763561
18.56859
18.653692
18.839382
19.009588
18.98638
19.032803
19.11017
19.141121
19.032803
19.179804
19.72912
19.961231
19.984444
19.984444
19.976707
20.170124
20.270708
20.092756
20.06955
20.293919
20.332603
20.37129
20.363554
19.953495
19.938023
19.868385
20.123707
20.092756
20.146917
20.278446
20.232021
20.417709
20.417709
20.077288
20.43318
20.332603
20.085022
19.698175
19.760075
19.698175
19.775547
19.698175
19.589861
19.829704
20.108238
20.06955
19.512491
19.450596
19.172068
19.37323
19.334538
19.512491
19.442856
19.953495
19.999916
20.224291
20.634344
20.642078
20.37129
20.317129
19.978039
20.00148
20.39995
20.493708
20.439009
20.517147
20.712473
20.767166
20.696844
20.884357
20.837481
20.946867
21.095308
21.290638
21.22032
21.228134
21.22032
21.165628
21.282827
21.056244
21.165628
21.110943
21.517223
21.743797
21.595352
21.853178
21.907871
22.032881
21.814119
21.642231
21.728174
21.720356
21.673479
21.775045
21.790676
21.392208
21.454706
21.548468
21.603165
21.696918
21.689106
21.603165
21.110943
21.353148
21.540659
21.712543
21.681293
21.392208
21.165628
20.314003
19.946793
20.571835
20.712473
21.040625
20.806231
20.782797
20.767166
20.696844
20.790607
20.298376
20.39995
20.157742
19.938976
20.118673
20.375935
20.478531
19.965584
20.423292
20.786299
20.012934
19.965584
20.139198
19.9498
20.525881
20.525881
20.581129
20.896782
21.030935
21.299255
21.204556
21.030935
20.56534
20.24968
20.297026
20.352264
20.517992
20.147085
20.10763
20.147085
20.241783
20.533772
21.117743
21.346598
21.212444
21.299255
21.559668
21.536003
21.788532
21.28347
21.512325
21.772741
21.520216
21.930576
22.056839
22.206776
22.640816
22.404068
22.135752
21.970032
22.490871
22.333042
22.703943
22.995934
22.861773
22.909126
23.043283
22.814421
22.593458
22.68816
22.767073
23.074848
22.877556
22.569788
22.522436
22.609249
22.711836
22.80653
22.554001
23.059061
22.809076
23.063839
23.597242
23.25491
23.469862
23.270836
23.191219
23.469862
23.422098
23.756472
23.820164
23.573362
23.29472
23.18326
23.469862
23.270836
23.278791
23.071802
23.565401
23.645014
23.732586
23.780357
23.541517
23.74851
23.732586
24.051037
24.043079
24.066963
24.130653
24.258032
24.138613
24.242107
24.23415
24.441143
24.218225
24.512794
24.600367
24.441143
24.560566
24.823286
24.632212
24.711826
24.839205
24.902897
25.022312
25.380573
25.149698
25.348724
25.277081
25.086006
24.886972
24.942699
25.022312
24.910856
25.253195
24.839205
24.855129
25.165619
25.022312
25.197464
25.030277
25.356695
25.229313
25.041502
24.961239
25.354515
25.523064
25.39465
25.29834
25.145834
25.041502
25.234125
25.418724
25.362541
25.531092
25.169914
25.547142
25.587276
25.635431
25.595303
25.627401
25.571224
25.490959
25.619379
25.715693
25.723717
25.587276
25.643457
25.603327
25.274254
25.242151
25.386621
25.330439
25.338465
25.378592
25.482939
25.691614
26.149105
25.980556
26.197256
26.149105
26.341728
26.518314
26.197256
26.341728
26.301601
26.421991
27.040001
27.064083
27.088163
27.080132
27.136318
27.040001
27.128283
27.120262
26.943693
26.807241
26.879482
26.863428
26.983816
26.83935
26.83935
26.726988
26.622643
27.193218
27.549314
27.387461
27.516947
27.670719
27.37936
27.614061
28.164402
28.382921
27.905422
27.962074
27.767838
27.29034
26.869486
27.112282
27.249863
27.686903
27.646439
27.67881
27.638336
27.638336
27.403643
27.719273
28.140123
28.002539
28.229153
28.245333
28.13203
28.237242
27.986355
27.945887
27.670719
27.573595
27.419828
27.330797
27.48457
27.096092
27.233688
27.638336
27.816395
28.002539
28.156309
28.439571
28.633806
28.811865
28.868509
28.908976
28.917076
28.536692
28.569063
28.682369
28.93326
28.860418
29.143682
29.078936
29.054663
29.346006
29.386484
29.346006
29.216524
28.714737
28.755207
28.609535
28.617626
28.5646
28.744049
28.466724
28.458567
27.9447
27.63475
27.748943
27.863136
27.797884
27.63475
27.667368
27.78973
27.65106
27.95286
28.328068
28.597237
28.719585
28.393318
28.197561
28.254652
28.5646
28.735886
28.703266
28.686956
29.135574
29.094786
28.956125
28.841938
28.801147
28.458567
28.858242
28.686956
28.40147
28.515663
27.969172
28.18124
28.377007
28.784838
28.825621
28.613546
28.507511
28.42594
28.148615
27.732624
27.9447
27.349266
26.957741
26.109446
26.297056
24.845167
26.044199
25.473232
26.737514
26.460186
27.169821
26.957741
27.063784
26.590698
26.280739
26.272585
27.014837
27.9447
27.65106
27.822348
28.287281
28.357162
28.529823
28.242058
27.724085
27.510311
27.789856
27.806299
27.214323
27.403431
27.699417
27.970739
28.332497
28.324278
28.381832
28.620262
28.159838
27.526749
27.962511
28.020073
28.365385
27.732306
28.044733
27.666529
26.359257
25.709728
25.561733
26.260592
26.351032
27.09922
26.564806
26.762121
27.082771
27.38699
27.033445
27.403431
27.428101
27.436317
27.756968
27.937847
27.477423
27.888519
28.718927
28.431166
28.422937
27.617195
28.135174
28.587379
28.496933
28.291391
28.299612
27.71586
28.176279
28.842255
28.324278
28.686039
28.217392
27.896738
28.365385
27.781635
27.633642
27.091
27.280106
27.460985
27.707644
28.455828
28.653147
28.233837
28.332497
28.266724
28.126951
27.559647
28.200951
28.151619
28.488708
28.192732
28.513382
28.562716
28.3736
28.620262
28.916252
29.023138
29.360228
29.704082
29.695795
30.027229
29.886374
29.579803
29.057804
29.041241
28.999804
28.593809
28.560663
28.370094
28.386665
28.361805
28.345238
28.270664
27.781811
28.469522
28.527517
28.626947
28.925234
29.223518
28.776087
28.618668
28.792664
29.132372
29.090944
29.248371
29.223518
29.405804
29.513506
29.380936
29.165522
28.991522
28.91695
29.430662
29.960943
29.911224
29.820084
29.778654
29.612944
29.712372
29.554939
29.549927
29.992723
30.109688
30.143106
30.502338
30.001072
30.276779
30.644379
30.778049
31.00362
31.371216
30.6945
30.669428
30.435511
30.368668
30.51906
30.385376
30.393742
30.6945
31.028685
31.062103
30.819815
31.087158
31.011971
30.953489
31.195765
30.936781
30.819815
30.736275
30.001072
29.842344
29.842344
29.909178
30.243349
30.33526
30.235001
30.009434
30.460577
30.143106
30.418797
30.552473
30.66107
30.761333
30.719561
30.986908
30.936781
29.925886
30.126394
29.984373
30.268427
30.22665
30.460577
30.552473
30.243349
29.892462
29.70031
29.324356
29.19068
29.850697
30.285126
30.30184
30.343613
30.377028
30.702848
30.317453
30.368053
30.713814
30.545158
30.536722
31.202936
31.287275
31.531841
31.472801
31.540272
31.692074
32.1306
32.451073
32.645031
32.526958
32.071568
31.683636
31.843868
31.700512
32.054703
32.324574
32.333
32.729355
32.973919
33.10886
32.68718
32.628155
32.518524
32.653461
32.746231
32.957058
33.63171
33.378727
33.758217
33.952171
34.137711
33.952171
33.547379
33.167889
33.294388
33.775074
33.699181
34.213612
33.63171
32.973919
33.100426
33.370285
33.370285
33.294388
33.269089
33.058258
33.38715
33.134155
33.016094
32.90646
32.695625
32.501667
32.619724
32.223366
32.189629
31.827002
32.020973
32.012535
32.063145
32.167809
32.091213
32.057175
32.346527
32.065689
32.474155
32.542248
32.440121
32.286953
31.9891
32.610332
32.125259
31.725281
31.435944
31.495514
31.63167
31.85293
32.406086
32.372044
32.423111
32.269928
32.533741
32.891167
32.99329
33.052849
33.018803
33.308144
33.274113
33.554943
33.223049
33.078373
32.916687
33.274113
33.274113
33.614506
33.869804
33.793221
33.665565
33.23156
33.044338
33.19751
33.154968
33.444313
33.39325
33.537922
33.214539
33.34219
32.65287
32.525227
32.45715
32.30397
32.533741
32.329502
32.218864
32.610332
32.482674
32.414593
32.244389
32.108238
32.431614
32.669899
32.706818
32.76693
33.264954
33.110401
33.024525
33.737228
33.702885
33.720058
33.608418
33.94331
34.097866
33.780163
33.222023
33.720058
34.072105
33.874615
33.874615
33.685711
33.61702
33.290714
33.299297
33.007355
