Adjusted
68.873268
66.13446
63.072132
64.322937
62.957108
64.445129
65.659988
65.480286
65.473099
64.617638
65.365257
65.976288
64.93396
66.292587
70.562576
69.743073
70.69915
73.65361
73.01387
73.035446
74.480324
77.938011
76.715927
72.244698
73.186394
76.59375
74.149628
73.869286
76.766281
77.125687
76.040222
76.018684
75.508286
76.90284
76.392479
78.771873
79.253494
78.376488
77.758293
76.342163
75.508286
76.658447
77.025078
77.161613
74.480324
74.580948
73.006653
77.995491
77.672005
77.729538
76.910011
77.003494
80.691208
81.136902
81.230362
83.775085
83.667259
80.561798
81.9039
81.192955
82.687378
88.128311
85.357056
86.452507
84.493797
84.856506
84.080254
81.649994
80.329681
80.206345
80.540039
81.301788
85.132179
85.908432
84.958076
84.914536
83.884399
85.458649
87.235992
88.657906
87.308548
86.3582
86.329185
87.867142
87.67128
86.009964
87.344841
85.581978
84.20359
84.878265
87.547943
87.315788
87.250496
87.635002
87.758308
87.518913
86.416237
84.515549
83.920685
84.907288
85.618217
86.517815
87.12719
86.670166
84.87104
86.024467
86.858788
90.195854
87.206978
82.955826
83.884399
82.701912
83.470886
85.255501
86.996605
84.218109
82.955826
84.370461
82.36821
79.596985
80.141045
80.612595
78.811432
78.167122
77.976738
79.550911
78.891983
78.789467
78.196419
84.493126
76.995636
77.55941
77.112793
76.322052
77.024963
83.358261
84.595634
84.837257
86.360184
86.081955
90.387138
85.159386
86.316254
83.380203
88.227226
88.337051
88.849579
89.83802
87.055763
90.504295
87.443764
84.756714
88.366348
89.471924
87.575584
88.446877
89.384071
89.442642
87.355942
85.08622
84.815262
84.192924
87.275414
85.335136
84.976364
85.137428
86.740921
85.920868
86.067314
87.670769
84.646881
86.316254
89.318176
84.134354
84.734756
85.481567
85.752449
78.342842
85.789085
82.223381
94.450706
91.888115
83.453438
85.598724
84.566338
85.942856
87.885345
82.235123
87.397858
85.935425
83.16571
83.091873
78.106361
77.552399
77.31604
71.643639
76.060432
83.091873
74.893448
64.38327
66.141113
67.426277
69.856232
68.068863
64.265106
65.853065
63.445251
62.433392
71.281754
70.166473
67.839882
71.865219
64.686081
64.693489
58.496666
57.817169
61.709541
58.925064
57.270607
54.899723
60.586895
53.895229
51.103336
51.716373
47.233109
49.308563
51.716373
57.684208
62.049305
63.829308
63.866238
51.280602
57.455242
61.148247
59.190941
63.216297
63.58559
58.348949
61.03006
53.437298
59.242634
54.855392
60.195435
60.409626
56.539387
58.563141
56.147945
54.958797
55.409355
55.719551
52.728264
55.36578
57.508774
56.182537
56.062637
57.156605
56.010193
54.369213
51.184681
47.288322
49.221519
48.015152
50.914944
53.320194
49.244007
52.406048
49.079163
50.203106
49.910877
51.0648
53.867176
51.551849
49.491276
49.056679
47.265842
46.261795
42.065712
44.193718
46.059486
43.369495
44.133781
42.755074
40.911781
39.083504
39.525578
38.326698
41.338882
39.750378
42.178108
42.02824
40.424736
40.761925
38.034473
40.297348
42.327965
40.769413
41.353874
42.200577
47.205906
47.325798
49.955837
49.273983
45.73727
49.573704
49.858433
46.081959
42.365429
48.637077
45.145332
45.692318
45.887142
44.0047
41.802185
43.699856
44.568672
48.729824
52.220348
52.182243
47.761955
48.531685
53.348274
51.930729
47.106529
49.941608
51.275314
51.084782
46.405373
49.309055
47.975338
49.270947
51.60302
48.120152
48.325916
51.077156
48.386887
47.175114
50.376011
48.455463
51.564922
48.988956
51.564922
49.545307
49.766319
47.289444
48.546928
47.586662
50.208351
48.539303
47.929615
48.440239
47.464722
50.749454
49.347157
50.391258
51.892624
52.761452
51.915497
52.761452
52.479469
51.869762
51.160988
50.970451
50.406498
48.638382
50.231213
48.234455
48.066795
47.838161
48.699352
48.303051
46.885517
47.80006
48.501202
47.769573
47.723072
48.125996
48.218983
48.528915
45.878929
48.366196
46.405819
45.476006
44.825138
44.205246
45.971909
46.010654
47.250423
47.52161
46.250858
47.699833
46.816505
46.584045
47.847046
49.117809
50.4893
50.884457
50.218102
51.434612
50.373077
50.752743
54.503014
56.106976
56.199947
58.237797
56.672611
56.657112
56.688103
56.928307
56.657112
54.270584
55.394104
55.11515
56.161201
56.928307
57.005791
57.400963
57.269234
57.780636
57.431976
57.811653
55.998482
54.324806
54.905941
55.890003
57.462963
58.416019
58.477997
58.028595
59.012646
60.167183
64.38237
64.289398
65.335449
65.273445
66.68367
64.049187
62.879158
62.453011
64.164055
63.159401
62.460838
59.415493
58.732662
60.192535
59.509693
59.439049
61.102989
61.738773
61.173641
60.875366
63.018097
61.911427
60.89893
62.814014
60.906788
59.431202
60.977425
60.412315
60.569283
60.867531
59.227123
60.710556
59.00737
59.541073
60.278881
60.8283
61.958519
60.687008
62.531479
63.096603
64.313179
63.905022
64.014931
65.309959
63.159401
63.591076
62.099804
61.267815
62.350945
60.914635
61.416962
59.658825
62.594288
63.857933
65.027397
63.71666
64.909668
63.748043
63.80299
63.928566
64.344566
65.380615
66.110535
66.612869
66.534363
65.85154
66.557938
67.209373
67.907928
67.845123
68.551514
68.300362
66.997452
67.450294
66.457222
65.638931
66.036148
66.496948
67.18811
66.496948
66.544617
65.662743
66.965675
67.418526
66.965675
67.879326
68.077934
66.306267
64.256538
64.709396
64.351891
65.146347
64.685547
63.311134
64.343941
65.456207
63.573303
61.698376
62.167084
61.865204
62.167084
62.302181
63.112511
63.724247
65.321136
66.457222
66.933929
66.88623
67.227867
67.20401
67.704521
67.863411
68.244774
68.737335
69.19812
69.221962
69.960823
71.804008
71.931114
71.374977
71.390884
71.867546
72.375984
71.867546
73.384987
74.219177
73.821922
73.226089
73.806046
72.908295
72.89241
72.391884
71.351158
71.12851
72.189407
72.293892
73.025276
75.026535
77.156364
76.288345
76.392822
78.53875
78.554825
80.877533
79.824677
78.289589
77.437668
77.276909
78.900398
80.724854
81.399948
83.578011
84.526398
82.621605
83.586029
88.215439
85.048798
88.601219
89.163818
88.408325
84.462074
82.420662
87.283112
87.974327
89.332611
87.85376
86.037392
87.556396
86.165955
85.715897
81.440132
84.429962
82.669853
82.80645
82.862709
86.519585
84.574608
82.002739
83.007385
82.493011
77.751114
78.418175
79.768433
81.962578
84.855927
85.643547
85.852539
87.001831
86.760712
86.72052
86.889313
86.222229
82.983284
83.28064
81.25528
84.703186
84.299828
81.020683
79.17009
78.601906
77.173378
75.866585
80.541801
82.668358
83.861511
83.845268
85.695885
84.445923
84.535194
81.945969
83.406982
83.910202
81.905388
84.859871
84.924797
86.523773
87.124413
86.872803
84.932922
85.314423
87.66011
86.937737
86.889023
86.33709
86.069244
87.067596
86.661774
84.291687
83.244637
83.260872
82.514153
84.567673
84.583893
83.13102
83.204056
82.749512
82.846931
84.299828
84.04821
85.241348
83.845268
85.850098
88.569214
89.137344
89.819168
89.259109
88.447433
87.984756
88.869492
90.038307
89.14547
89.591896
88.877625
89.892197
93.114548
90.866196
89.794807
87.384155
89.746109
88.147133
88.690407
88.903488
89.681969
89.386978
89.886848
90.632538
89.706551
90.026154
89.985161
90.190041
91.353668
91.796196
91.452003
91.222572
92.533707
92.369804
94.377472
94.705269
94.86097
95.106819
94.04969
93.394127
92.312447
92.566467
93.115517
93.049973
92.894264
95.09864
95.827934
94.434845
90.165474
91.869919
91.812576
91.15699
90.886566
87.534958
88.24791
89.02639
89.24765
89.477112
88.829727
90.419487
89.944214
90.591568
90.829201
92.771339
93.598999
93.402321
93.721916
94.287346
92.312447
90.517807
92.377998
92.763145
91.771606
90.624359
90.591568
90.28019
91.36187
92.623863
93.451492
93.074532
94.197205
94.410271
94.156242
94.390251
94.44812
96.904015
95.341171
96.002686
95.399055
93.985069
93.737
93.604698
94.142174
93.637779
93.927162
94.853294
92.885292
91.595329
91.851685
93.737
95.473465
95.498291
96.30864
94.811951
95.920006
95.911743
95.523094
96.746895
93.042412
94.15873
94.373711
95.357689
95.638863
95.837311
96.366531
96.267303
96.035759
95.688461
96.862656
97.342285
97.160332
97.168617
100.137199
102.353249
99.541809
97.821877
98.29319
97.590324
96.540192
98.284943
98.235321
97.019806
98.648773
98.309731
99.06221
98.483376
99.591415
100.087547
100.476196
100.153725
98.987785
99.450851
100.922729
100.509277
100.726112
101.768661
103.420052
104.212364
104.312477
104.921303
104.921303
104.387527
104.304146
104.220711
103.261581
102.994675
103.319962
105.588547
104.779518
105.788689
106.981369
107.665283
109.258255
110.659454
111.676987
114.287491
112.994759
113.028114
112.177406
111.268318
111.551865
110.901337
111.777084
113.962227
112.394234
111.835426
111.451775
111.468468
112.127342
112.260803
112.510994
110.692802
109.458435
110.250771
111.251617
112.260803
112.561066
114.771202
111.802086
111.426758
113.111504
112.402603
114.404259
113.870476
113.645294
111.3517
111.209915
112.636093
110.325836
111.026413
112.260803
113.670319
114.854652
113.261635
111.05146
111.727013
111.16819
112.412285
112.832581
113.723602
115.65696
116.783371
118.977287
120.044853
120.204559
119.313538
119.582504
117.65757
116.699326
117.665977
117.212059
118.691513
119.784248
120.019653
120.616478
120.103722
120.112122
116.901047
116.304214
117.98542
118.876434
116.850624
114.942474
109.18441
107.024117
101.501396
110.663857
109.949364
116.203377
114.875214
117.98542
117.262497
117.539879
112.891426
111.109383
110.815186
114.639847
116.774956
114.085075
116.421928
119.111824
119.439636
120.666893
118.540184
117.36338
117.03553
121.120827
121.179657
118.094673
118.439354
118.691513
118.615852
119.179039
119.717033
116.262215
114.555794
107.10817
103.544037
104.208107
104.477119
104.317383
101.918419
104.444542
101.757347
97.145897
102.655907
101.833649
104.961647
102.833923
109.072968
104.987083
107.962463
106.216232
108.835625
108.437164
112.319633
113.040199
112.370491
114.913567
118.804504
118.177231
119.440254
124.14502
120.949173
121.016991
116.414009
117.346466
115.422211
116.956535
116.922615
117.431244
112.701118
113.811584
116.278374
114.108284
115.879959
114.159134
110.751404
110.86158
107.792961
106.784195
103.707062
104.266533
105.885628
106.784195
112.616341
113.540314
113.141899
112.650223
111.921227
114.260849
112.065323
114.201523
112.056839
111.81102
112.692619
115.218758
116.592033
115.25267
118.083977
118.575653
120.186249
120.499878
121.576469
119.618309
120.053841
119.994034
119.823235
117.850548
120.045296
119.541435
119.105934
119.515808
118.380013
116.94529
120.523529
120.830963
120.275856
118.687424
117.935959
119.618309
121.129845
123.145287
124.340866
123.19651
122.607262
122.974457
125.784103
125.630379
127.338364
125.109421
124.904457
124.059021
122.752457
121.65937
121.91552
121.292114
120.907799
121.548325
122.701195
119.404816
118.021347
119.413338
120.583321
120.216064
118.371468
119.550011
120.267326
119.80616
122.120476
121.044449
122.222977
122.436455
125.117981
124.622688
127.022392
125.70726
125.399803
125.784103
126.390419
126.757629
125.664513
124.486038
125.476662
127.79953
127.842255
127.825035
128.969223
130.345703
130.010223
130.50061
129.666092
129.614441
128.719742
126.543144
128.151932
129.717697
129.803726
132.290024
132.565277
132.39328
132.72879
134.974213
134.458008
135.980774
135.997955
136.37648
136.56575
135.903336
136.56575
135.903336
134.458008
134.268768
136.066772
135.989349
135.972153
135.533386
135.817261
134.294556
133.640701
132.358856
129.106857
128.883179
130.121994
130.534973
130.767242
130.801682
130.16507
131.369492
128.229385
129.442398
127.291611
126.439911
129.562851
132.040512
130.276886
131.705002
128.478821
129.020828
128.685287
130.621017
131.111404
131.111404
131.162994
130.629578
128.969223
128.37561
129.227341
130.010223
129.195587
130.608154
133.389999
134.681259
135.062607
135.053909
135.946533
136.492508
135.2099
134.811295
136.353836
138.373093
138.329742
138.945053
137.73175
136.423172
135.903198
135.73851
135.651901
136.882477
135.599884
136.2845
136.648468
136.37117
135.539246
135.426575
135.140564
134.854584
133.026031
130.694809
131.102142
131.457458
131.275467
130.426193
130.902786
130.504166
130.772858
129.871552
130.469482
131.422791
131.769424
132.306717
132.38475
132.592682
132.072739
131.266815
131.708755
132.809372
133.017365
133.493958
134.065979
132.939362
133.130005
132.445389
134.438599
134.70726
134.100662
133.76268
133.519989
131.422791
131.318802
130.920135
129.342911
129.665939
129.988937
129.421478
127.65789
129.508774
128.757935
128.932556
129.07225
127.963501
127.238853
127.928535
127.526924
127.029266
127.116608
128.076981
127.483276
129.98027
129.334167
128.356339
127.317421
127.38726
126.592781
126.601494
130.958008
129.046036
129.508774
128.050781
127.788887
126.645195
125.064949
124.637131
123.615692
123.572037
121.275909
120.551254
120.900475
121.895721
122.244965
121.485413
122.43705
122.306076
122.271164
121.686256
122.68148
122.655273
123.554558
124.296646
122.856094
124.436317
124.514885
124.305359
124.872871
125.571304
125.178413
125.073669
125.405457
126.164986
125.632401
128.042023
127.666618
128.68808
128.172974
129.028595
128.483276
