Adjusted
11.3
11.425
11.3275
11.3325
11.275
11.455
11.46
11.4675
11.61
11.625
11.7825
11.7675
11.6275
11.5175
11.5575
11.5875
11.4225
11.565
11.745
11.725
11.5675
11.6125
11.7475
11.775
11.365
11.36
11.06
11.175
11.2875
11.0025
10.6475
10.6975
10.6575
10.8125
10.7625
10.755
11.1275
11.115
11.065
11.025
10.9025
10.87
10.7525
10.7425
10.765
10.8625
11.0225
10.995
11.05
11.03
11.0025
11.0425
11.4975
11.5475
11.4
11.6075
11.38
11.415
11.3075
11.215
11.1375
11.48
11.415
11.4275
11.4475
11.565
11.61
11.6725
11.66
11.6075
11.5975
11.7875
11.95
11.8975
12.0525
12.0025
12.1325
13.7275
13.8875
14.0025
14.065
13.9675
13.855
14.065
13.8875
13.9825
13.91
13.885
13.995
13.9525
14.0225
13.94
14.115
14.105
14.155
14.1425
14.155
14.0825
14.075
13.9025
14.185
14.24
14.395
14.4275
14.4475
14.425
14.625
15.04
14.9175
14.925
14.72
14.7725
14.9525
15.06
15.245
15.3325
15.2225
15.5
15.1
15.335
15.415
15.7275
15.44
15.565
15.51
15.4975
15.5225
15.29
15.32
15.5675
15.655
16.0175
16.145
16.1525
16.2925
16.432501
16.5175
16.5425
16.2875
16.3125
15.88
15.7325
15.545
15.305
15.2975
15.515
15.67
15.5625
15.5425
15.925
15.88
14.46
14.7625
14.8
14.7475
14.69
14.7675
14.7125
15.0125
14.9925
14.7275
14.88
15.14
14.7
14.615
14.7775
14.9175
14.8025
14.56
14.555
14.245
14.0975
14.3325
14.2975
14.3275
14.43
14.25
14.1775
14.28
14.135
14.895
15.0525
14.7675
14.9
14.7075
14.8025
14.615
14.2775
14.44
14.5375
14.4
14.2725
13.78
13.5625
13.3775
12.7675
12.375
13.925
13.5
12.1675
12.54
12.5825
13.305
13.5075
12.435
12.7775
12.735
12.2275
12.8025
12.9125
13.0675
13.21
13.4425
13.5225
13.45
13.1825
13.3125
13.3475
13.495
13.4375
13.705
13.3275
12.9875
12.6225
11.9825
11.25
12.1475
12.51
12.25
12.575
12.4425
11.925
11.96
12.1
11.675
12.1175
12.24
11.8025
11.61
11.6625
12.1425
12.5825
12.965
13.11
13.2375
13.2825
13.4875
13.5925
13.57
13.5025
13.315
13.695
13.7375
13.9975
13.73
13.695
13.7425
13.8625
13.915
13.7225
13.7575
13.8825
14.15
14.33
13.82
14.23
14.1875
14.215
14.27
14.4925
14.3825
14.39
14.3725
14.33
14.35
15.0025
15.035
15.275
15.45
15.275
15.4225
15.5225
15.7325
15.4325
15.37
15.395
15.275
14.5375
15.0275
14.9175
14.4825
13.9025
13.33
13.28
13.63
13.35
13.7225
13.64
13.93
14.0625
14.7675
15.35
15.1525
15.4125
15.45
15.345
15.22
15.475
15.3025
15.38
15.77
15.6175
15.265
15.1575
15.015
14.9
14.53
14.505
14.43
14.6
14.6925
14.875
14.7475
14.6575
14.7675
14.935
14.76
14.6
14.3175
14.15
14.27
14.4425
16.155001
16.012501
15.845
16.0275
15.9575
15.93
15.735
15.8725
15.8175
15.73
15.7
15.62
15.6075
15.6925
15.6875
16
15.66
15.59
15.715
16
15.84
15.875
15.96
16.377501
16.612499
16.610001
16.184999
16.155001
15.7275
16.1
15.9925
16.3475
16.535
16.022499
16.022499
16.469999
16.809999
16.84
16.4125
16.282499
16.540001
16.872499
16.8125
16.785
17.0075
16.76
16.530001
16.530001
16.32
16.522499
16.35
16.4825
16.532499
16.5825
16.717501
16.91
17
17.0275
16.51
16.35
16.545
16.8125
16.610001
16.4725
16.7425
16.315001
16.352501
16.235001
16.2325
15.9525
15.86
15.96
16.032499
16.327499
16.2125
16.165001
16.057501
15.87
15.7225
15.785
15.92
16.012501
15.9075
15.92
15.77
15.865
15.53
15.47
15.42
15.65
15.7075
15.9075
16.040001
16.2225
16.379999
16.502501
16.754999
16.440001
16.870001
16.842501
16.815001
16.9125
16.9275
16.8375
16.934999
17.27
17.455
17.477501
17.477501
17.247499
17.1
17.2575
17.254999
17.262501
17.49
17.844999
17.485001
17.4
17.4
17.549999
17.895
18.0275
17.907499
17.775
19.01
19
19.0975
19.0375
19.25
19.4375
19.235001
19.4575
19.4
19.567499
19.934999
19.9925
20.1
20.145
20.1875
20.122499
20.16
20.299999
20.297501
20.450001
20.282499
20.3125
20.315001
20.5625
20.692499
20.629999
20.57
20.57
20.639999
20.639999
20.8325
20.735001
20.764999
20.77
21.465
21.485001
21.504999
21.452499
21.309999
21.2225
21.3225
21.584999
21.82
21.860001
21.9025
21.945
21.940001
21.885
21.7125
21.8675
22.025
22.2675
22.469999
22.370001
22.8575
22.9375
23.0275
23.105
22.897499
23.262501
23.487499
23.5175
22.73
22.955
22.92
22.889999
22.635
22.405001
22.557501
23.2575
23.110001
22.415001
22.43
21.762501
21.6625
21.452499
21.5875
21.8325
22.0275
22.452499
22.67
22.625
22.842501
22.540001
22.752501
22.815001
22.9575
23.407499
23.782499
23.865
23.952499
24.2325
24.195
24.0875
24.295
24.3025
24.4625
24.695
24.682501
24.6075
24.782499
24.975
25.315001
25.139999
25.002501
24.74
24.5525
24.875
25.030001
24.719999
25.0975
25.799999
25.6075
25.75
25.705
26.004999
25.610001
26.1325
26.0825
26.344999
26.0875
25.9
26.1625
25.075001
25.4
25.684999
25.5425
25.702499
26.127501
26.375
25.77
26.455
25.865
25.7325
24.9575
24.3675
25.227501
24.9475
25.370001
25.48
25.1525
25.42
25.3125
24.91
24.040001
24.6
25.0625
24.775
25.455
25.9625
25.264999
26.045
26.615
26.9
26.23
25.719999
26.18
26.27
26.469999
26.9
26.924999
27.254999
27.559999
27.445
27.525
27.52
27.405001
26.075001
26.5
26.66
27.040001
26.915001
28.01
27.790001
27.705
28.299999
27.620001
27.799999
28.07
27.995001
27.83
27.995001
27.98
27.375
27.594999
27.790001
26.775
28.684999
29.115
29.344999
29.365
28.924999
28.635
28.9
28.809999
28.73
28.77
28.805
29.15
29.174999
29.014999
28.870001
28.719999
28.655001
28.620001
28.825001
28.875
28.82
29.09
29.129999
28.559999
28.450001
28.74
29.049999
28.91
28.785
29.469999
30.209999
30.485001
30.475
29.995001
29.879999
29.514999
28.705
28.5
28.825001
29.155001
27.905001
27.235001
29.674999
29.85
33.794998
33.955002
34.060001
33.98
33.970001
33.525002
33.555
33.255001
33.849998
33.889999
33.825001
34.009998
33.755001
33.404999
33.525002
33.605
33.740002
33.474998
32.709999
33.105
33
33.119999
32.389999
32.209999
31.92
31.965
31.955
32.105
32.119999
32.165001
32.720001
32.814999
33.080002
33.23
33.080002
32.834999
32.455002
32.919998
32.169998
32.514999
32.970001
33.445
33.470001
32.724998
33.07
32.970001
33.32
33.18
33.790001
33.759998
34.084999
34.275002
34.400002
34.720001
35.115002
35.645
38.025002
39.075001
40.630001
40.740002
42.375
42.139999
41.43
40.955002
40.66
40.48
40.43
40.93
40.439999
40.419998
39.625
40.134998
39.41
39.404999
39.525002
39.325001
39.990002
39.695
40.895
40.849998
41.740002
41.900002
41.755001
41.345001
41.68
41.740002
42.41
42.459999
41.59
42.145
42.970001
43.16
42.775002
42.970001
43.334999
44.025002
44
44.25
44.435001
44.459999
44.32
44.125
44.575001
44.75
43.599998
42.57
42.290001
43.200001
42.52
42.485001
44.345001
45.435001
44.755001
44.915001
45.125
45.68
44.119999
44.634998
44.23
43.115002
43.130001
43.564999
43.105
43.82
43.310001
42.575001
42.700001
44.25
44.119999
44
43.959999
43.5
43.035
42.740002
41.130001
41.130001
41.389999
41.529999
41.674999
41.630001
42.23
41.950001
41.974998
40.799999
40.904999
42.18
41.68
41.904999
41.665001
41.985001
42.125
43.174999
43.080002
42.709999
42.764999
43.299999
44.099998
44.035
44.32
43.990002
44.615002
44.125
44.645
44.235001
44.75
44.915001
44.215
44.084999
43.955002
44.064999
43.830002
44.040001
44.365002
43.799999
43.474998
43.220001
43.005001
43.235001
42.970001
43.23
42.099998
41.790001
42.790001
41.939999
41.615002
42.005001
41.959999
42.125
42.375
42.5
42.380001
42.695
42.724998
42.790001
43.59
44.035
44.595001
45.424999
45.544998
45.455002
45.064999
44.950001
45.18
44.974998
44.470001
44.845001
44.825001
43.764999
41.275002
38.955002
37.195
36.990002
35.799999
36.23
35.674999
35.080002
35.099998
36
34.360001
34.195
31.965
33.014999
31.415001
33.044998
34.575001
34.669998
34.279999
34.509998
33.599998
33.865002
34.02
35.345001
36.145
35.445
36.790001
37.299999
37.259998
37.724998
37.264999
36.349998
36.544998
37.380001
36.540001
35.220001
35.595001
36.73
37.314999
38.16
38.580002
38.625
39.25
38.240002
37.334999
37.27
38.310001
38.91
37.935001
35.439999
35.639999
34.209999
34.935001
34.549999
35.169998
36.014999
36.095001
35.84
35.445
35.615002
36
34.264999
35.080002
33.895
36
36.689999
37.75
36.470001
36.775002
37.73
38.029999
37.709999
36.755001
37.185001
38.400002
38.220001
38.105
38.139999
35.849998
34.509998
35.285
35.16
34.384998
32.674999
31.84
31.51
32.060001
31.530001
31.475
31.25
31.93
31.764999
33.014999
33.415001
32.494999
32.619999
32.59
32.404999
31.91
32.264999
33.924999
33.564999
32.939999
33.150002
33.695
33.799999
35.23
35.014999
35.205002
35.490002
35.355
35.060001
35.709999
35.349998
36
35.419998
35.974998
36.439999
36.314999
37.195
37.145
37.075001
36.605
36.125
38.84
38.945
38.560001
39.654999
39.27
39.5
39.134998
39.59
39.134998
41.334999
40.845001
40.334999
35.77
36.259998
36.814999
37
36.654999
36.935001
37.064999
36.965
37.924999
38.130001
37.805
37.32
37.185001
36.845001
37.130001
36.785
36.665001
36.564999
36.150002
35.610001
35.400002
34.404999
34.215
34.264999
34.459999
34.619999
34.650002
34.845001
35.005001
35.709999
35.240002
35.575001
35.544998
35.75
35.639999
37.755001
37.035
36.505001
36.439999
36.365002
36.805
36.580002
35.945
35.994999
35.599998
35.305
35.825001
36.299999
34.275002
34.220001
35.685001
36.355
36.465
36.685001
36.68
36.665001
40.919998
40.860001
41.345001
41.485001
42.389999
43.119999
43.055
42.494999
42.744999
42.700001
42.724998
42.025002
42.34
42.035
41.685001
41.544998
41.299999
40.945
42.049999
41.73
42.525002
43.665001
43.700001
43.764999
42.884998
42.685001
42.285
42.09
43.584999
43.169998
43.610001
44.115002
44
45.404999
45.27
48.439999
48.759998
50.330002
51.240002
50.939999
49.775002
50.779999
51.075001
50.740002
50.91
50.59
51.650002
52.105
51.974998
52.220001
50.959999
51.669998
50.715
50.805
50.41
50.720001
50.52
51.619999
51.049999
51.41
50.544998
50.244999
49.325001
52.529999
51.27
52.595001
51.720001
50.599998
50.025002
49.650002
50.66
50.209999
50.555
50.145
49.150002
49.084999
48.93
48.785
49.09
48.900002
50.215
49.665001
49.834999
49.805
49.650002
49.59
50.130001
50.540001
50.91
51
51.055
52.119999
51.974998
53.41
54.41
53.66
52.994999
52.825001
52.619999
52.549999
52
52
51.994999
51.744999
52.924999
52.195
52.209999
51.439999
52.759998
53.685001
53.884998
54.014999
54.685001
54.875
54.224998
53.705002
42.299999
43.904999
43.09
43.549999
43.645
44.375
43.900002
43.369999
43.07
43.255001
42.529999
43.110001
43.494999
43.575001
43.415001
43.785
43.915001
44.700001
45.025002
44.544998
43.314999
43.849998
43.330002
43.875
42.794998
43.134998
42.869999
42.514999
42.59
41.849998
42.799999
42.279999
42.029999
41.990002
41.970001
43.384998
43.259998
45.75
45.299999
45.560001
45.68
46.040001
45.869999
45.294998
45.244999
45.509998
45.935001
45.974998
46
46.150002
46.055
45.895
45.174999
45.525002
44.634998
