Adjusted
53.38866
53.987911
54.62048
55.812366
56.684639
57.610172
56.72459
55.985481
56.50486
56.338387
54.134396
51.650742
50.512115
48.694328
52.103523
49.972778
48.674343
48.800884
48.760914
48.634407
50.671921
51.550873
52.569622
50.292393
50.518776
50.585373
50.518776
52.336582
53.009098
52.761162
52.35915
52.700867
52.600368
52.506565
51.809673
52.720955
52.446232
53.243637
52.205006
51.863262
50.154598
51.963779
53.236927
53.230232
52.251907
52.258633
51.742661
54.134815
53.230232
54.047718
53.437954
53.196724
54.349239
53.002388
53.873482
53.558552
52.921989
53.324032
54.195114
53.444645
54.456444
55.608967
56.078011
55.702755
55.729561
55.23373
55.092999
55.320843
55.501747
55.260517
55.917194
56.587254
57.779972
58.362934
58.349545
57.840282
57.411449
57.753178
57.297531
57.887188
57.069695
56.506874
57.277435
58.235634
57.666069
56.882092
57.666069
56.332638
56.111504
55.575474
56.453255
56.244301
56.898125
56.803768
57.336292
58.09124
59.601131
60.437019
60.720081
59.540485
60.929054
59.870777
60.25499
59.318043
58.83271
58.509167
59.014706
60.457211
58.920345
59.71574
59.884251
59.02821
59.115829
60.497658
60.072994
60.147133
60.733589
60.969498
60.376339
61.286312
61.286312
60.774036
58.933826
58.643963
60.639194
60.902096
61.030201
60.976246
60.605499
60.019085
60.571831
61.771652
61.036934
59.580929
58.906887
57.208218
55.408443
56.230797
57.410423
57.012753
55.024227
54.754601
54.377117
53.554756
53.83786
53.97942
52.995274
50.851746
49.510338
50.258564
50.481007
50.61581
50.211376
49.813671
49.941746
50.817196
50.016403
49.806015
49.806015
50.036751
50.403225
52.154133
51.509418
50.803627
51.62479
52.500252
52.35096
51.550152
50.274277
48.801624
47.926159
44.091785
45.096184
42.435894
43.589596
45.320156
46.412773
45.197998
44.526127
42.096573
43.399578
46.10738
46.358482
45.550884
45.130127
46.412773
45.578037
41.506145
42.496975
42.449459
40.413513
40.847862
38.27578
36.307701
34.794304
32.690491
32.154369
37.685349
37.753223
34.054581
35.20829
36.986347
37.047432
36.219471
34.142811
33.850994
32.948387
31.984715
37.054199
35.194721
37.061005
36.809895
36.002308
38.934052
36.531654
34.339626
36.524864
34.264965
35.622257
34.665989
38.100365
34.665989
35.001877
35.043007
33.747398
30.847719
34.275242
36.407158
36.935009
37.723331
38.532234
35.145836
36.475716
37.778175
35.35149
36.352325
37.702763
36.37289
38.264881
37.387444
37.503971
36.701931
38.196331
36.400307
36.043858
36.132954
35.241802
35.39262
35.982151
36.119259
36.037003
37.325741
38.120926
39.190319
39.306858
39.361687
37.853577
37.942696
37.133793
37.428566
36.503128
36.160378
36.359173
37.565674
36.091839
36.434597
36.935009
37.462845
38.737869
38.004387
39.2383
38.648766
37.168083
37.908421
38.916115
39.539928
39.149189
39.62904
39.368546
38.388275
38.530136
37.229195
37.153061
34.890259
33.983746
34.378174
33.174107
32.053085
33.700035
33.693096
33.132595
32.675873
32.163799
30.904375
31.679411
30.558374
30.897449
30.336948
29.45812
27.783495
28.634645
29.077511
29.907915
30.516867
30.842091
31.008181
30.28158
31.617128
30.869783
30.862865
31.755518
31.651728
30.952822
31.409534
31.333412
32.440598
33.630829
33.014954
32.717392
33.125683
33.084152
32.592838
32.17765
32.48904
31.637894
31.928526
31.62406
31.824728
31.499489
31.679411
30.945896
31.831657
31.243446
31.790121
31.921602
32.509796
32.966515
32.841946
32.662029
33.36095
34.703403
34.779533
35.402321
34.406013
34.196255
33.014668
32.210621
32.951752
32.420391
32.105755
32.609146
33.469135
32.95874
33.483112
33.567017
34.447964
33.944561
32.755974
33.748791
33.881641
33.175488
33.47612
35.189079
35.049252
35.363861
34.392021
34.210243
33.860664
35.27998
34.916401
34.252205
34.580795
35.063229
35.65752
35.447773
35.293953
35.804352
36.049057
34.517883
34.245201
33.385223
33.706841
33.867645
33.797733
34.629753
35.014286
36.118969
36.307751
35.951176
36.391647
37.286575
36.783173
37.77599
38.062656
36.867077
36.370674
35.902225
36.223854
35.559639
35.951176
35.601589
34.909409
34.685688
34.986317
35.251995
35.245014
35.319202
35.573544
35.312134
34.810501
34.775169
34.852901
34.90234
36.131706
36.167023
35.940945
35.764301
35.743107
35.686592
35.340389
34.916473
34.365395
34.421921
34.266472
34.436039
34.372459
34.393654
34.188763
34.803432
35.425179
36.378986
36.605068
36.294193
35.990398
36.188225
35.686592
35.432259
35.227352
35.481701
35.396915
35.057789
34.259411
33.899094
34.040382
34.386574
34.322998
34.598541
34.916473
35.036587
34.90234
34.944736
35.382778
35.396915
36.004528
35.177898
35.361584
35.919743
35.234421
34.337124
34.111046
33.771904
33.856693
33.178429
32.80397
32.563736
32.895817
33.312668
32.994728
33.574081
33.720539
33.577652
32.91325
33.299023
33.87056
33.620518
33.491913
33.141857
33.441914
33.863426
33.884838
34.499252
34.049168
34.420662
35.020779
35.692333
35.728046
35.22081
35.835213
35.699474
35.942383
36.463898
36.871124
36.70681
36.471039
35.906651
35.399426
35.535168
35.31369
35.077919
35.285114
35.377979
35.299404
35.235104
35.292255
34.913612
34.920753
34.34922
34.556396
34.6707
34.506397
34.906471
35.056507
35.478004
35.063644
34.720726
35.199375
34.61356
34.327789
33.299023
32.927528
33.291882
33.063263
32.834652
32.591759
32.763214
32.963264
32.656055
31.970205
31.60586
31.262939
31.591566
31.648727
31.608961
31.305305
31.955986
31.804171
32.14397
32.447624
32.310246
31.912611
31.818628
31.674036
31.305305
32.14397
32.057201
32.151192
32.33194
32.895882
32.772976
32.512695
32.613914
32.483772
31.927065
32.100597
32.780197
32.78743
32.295795
32.259655
32.042747
32.035534
31.493282
31.298075
31.225777
31.753553
31.782465
31.674036
32.013828
32.100597
32.592216
32.33918
32.122276
31.999365
32.230724
32.21627
32.19458
32.10783
31.536665
31.507738
31.898159
31.522192
31.558359
31.775253
31.536665
30.979959
31.363142
31.276384
31.51498
31.905375
31.211313
31.587269
30.264208
30.03285
30.79921
30.857058
30.860706
30.794846
30.509359
30.267799
29.857883
29.711473
28.774538
28.862373
28.503696
28.093794
27.859549
28.481745
28.254824
27.559431
27.757071
28.115747
27.5448
27.617996
28.181635
28.247505
29.308889
29.199095
29.46261
29.953043
30.158003
29.945724
30.187279
29.828602
29.096615
28.569582
28.291431
28.086466
28.386587
27.866879
27.793673
27.852226
27.727793
28.057194
29.023417
29.63829
29.733446
29.916445
29.996965
30.319036
30.567913
30.362953
30.61183
31.175463
30.706995
30.597195
30.026236
29.967688
30.663071
31.02907
30.692354
30.619154
31.058353
31.051035
31.072994
30.860706
30.868038
31.01442
31.182781
30.736273
30.576908
30.665846
30.547251
30.658442
30.502775
30.065441
29.954241
30.058018
29.687401
29.672567
29.709623
30.213675
30.035788
30.184042
30.880808
30.925301
31.295925
30.947525
31.095785
31.488646
31.740685
31.636902
31.303324
31.347813
31.23662
31.214392
31.681387
31.392286
31.814804
31.325571
31.859283
31.940826
31.903749
31.740685
31.562784
31.896349
31.659138
31.8074
31.762907
31.814804
32.022358
32.022358
31.896349
32.014938
31.888937
31.985285
32.622772
32.422638
32.822906
32.259556
31.132841
30.636211
30.465704
30.339701
30.376766
30.258165
30.317461
30.406416
30.206272
30.517605
30.517605
30.64362
30.799274
30.502731
30.480211
30.067301
30.157389
29.894627
30.029766
30.044775
30.029766
29.939684
29.714453
29.819555
29.676914
29.549295
29.556797
29.609344
29.691929
30.067301
29.864603
29.624367
29.736979
29.736979
30.059805
30.607834
30.727955
30.652891
30.74297
30.84057
31.043274
31.005732
31.426151
31.448671
31.366087
31.501223
31.208443
31.140871
31.260994
31.486214
31.884109
32.064285
32.034252
31.966684
31.70392
31.523752
31.966684
31.809032
32.184406
32.221954
32.146866
32.544758
32.439655
32.582298
32.43214
32.304527
31.914141
31.463696
31.914141
32.01173
31.92164
32.387108
32.094315
32.462177
32.297024
32.342056
32.484703
31.964119
31.515759
31.310549
31.302954
31.439745
31.599342
31.743736
31.416956
31.310549
31.378942
31.736135
31.234547
31.188967
31.454945
31.257359
31.781729
31.880531
32.883682
32.648094
32.800083
32.594898
31.416956
30.360596
30.535395
30.421398
30.702578
31.21176
31.090168
31.166168
30.846975
30.542988
30.983763
31.508142
31.340956
31.280159
31.204157
30.968571
31.112968
30.900171
30.732981
30.299801
30.223801
30.322594
30.550585
30.89258
30.649389
30.618986
30.808975
30.89258
30.983763
31.28775
31.530945
32.055328
32.047714
31.758934
32.116116
31.720942
31.242167
31.363743
31.302954
31.971712
31.986921
32.321682
32.121597
32.213943
32.306301
32.044643
32.121597
32.52177
32.352459
32.414028
32.14468
32.083118
32.090816
32.206245
32.106209
32.052338
31.913813
31.959995
31.890736
32.067726
32.036942
32.213943
32.167774
32.329388
31.621378
31.959995
32.121597
32.306301
32.206245
31.952295
31.79838
32.337082
32.51408
32.752644
32.898857
32.968128
33.360596
33.060463
33.045074
33.660732
33.576069
33.10664
33.345207
33.198986
33.260548
33.375984
33.1759
33.368298
33.576069
33.806946
33.62994
34.068604
34.037815
34.314854
34.337936
33.914688
34.114773
33.499123
33.506813
32.267818
32.306301
30.736387
31.852253
31.03651
32.03064
31.749943
32.935123
32.880524
33.145645
32.685612
32.553051
32.459503
32.927319
33.566689
32.981899
32.755779
33.488708
33.402939
33.621262
33.597866
33.223614
33.036476
33.348362
33.480911
33.044285
33.091064
32.942917
32.872734
33.457527
33.86298
33.769405
34.361988
33.870781
33.020878
33.083263
33.16124
33.457527
33.340569
33.761616
33.223614
32.12421
31.929287
31.757744
32.155415
32.693405
33.223614
32.825958
33.254799
33.340569
33.707039
33.317181
33.278191
33.169033
33.309376
33.769405
33.465317
32.9897
33.301575
34.478947
34.751846
34.611504
33.995529
34.486752
34.767441
34.323009
34.954582
35.352234
35.071533
35.036034
35.54884
35.225376
35.004471
34.468006
34.239216
34.46011
34.112991
33.568638
33.047951
33.079506
33.679085
33.876316
34.957142
34.752018
34.183994
34.499565
34.491669
34.428555
33.93943
34.381229
33.970982
34.168224
33.876316
34.120884
33.797413
33.174171
33.395069
34.223431
34.199768
34.333889
34.46011
34.310223
34.483788
34.215542
33.189949
32.653481
32.543034
32.416813
32.661373
32.440483
31.951355
31.698889
31.351774
31.201866
31.225538
31.162422
31.051971
31.42276
30.941523
31.564772
31.548994
31.201866
31.335989
31.383316
31.351774
31.272873
31.335989
31.446444
31.580547
31.722551
31.596329
31.430651
31.362703
31.202801
31.250786
31.578554
31.394684
31.114872
31.322725
31.194817
31.394684
31.298746
31.186823
31.234798
31.15485
31.082891
31.162838
30.954973
30.771101
30.747118
31.106876
31.826391
31.775034
31.373835
31.253477
31.181253
31.269524
31.157187
30.956589
31.285578
31.165209
31.277544
31.36581
31.173231
31.389877
31.462095
31.462095
31.237425
31.205328
30.788084
30.675741
30.499222
30.635622
30.402931
30.081972
30.338737
30.547363
30.210354
30.178259
30.2906
30.242449
30.443045
30.619579
30.964609
31.229404
31.30162
31.534311
31.518261
31.149153
30.916458
30.643652
30.619579
30.747965
31.245447
31.520136
31.455311
31.187922
31.098785
30.985344
30.70175
30.077827
30.037317
29.826641
29.867149
29.899567
29.948179
29.76182
29.964388
29.737511
30.199369
30.199369
30.345219
31.552544
30.312813
30.418142
30.547794
30.280392
30.620718
30.32901
30.304712
30.482967
30.077827
29.834738
29.899567
29.640276
29.640276
30.23988
30.304712
30.482967
30.539694
30.312813
30.247992
30.264189
30.126444
30.102139
30.45866
30.42625
31.212231
31.171707
31.366184
31.463419
31.665987
31.795641
31.795641
31.495831
31.196022
31.584961
31.900965
31.998201
31.698393
30.993448
30.758471
31.171707
30.839497
30.798975
30.952932
31.260845
31.536337
31.458307
31.244761
31.0312
30.784792
30.793007
30.949074
30.768356
30.448029
30.275543
30.250902
30.431604
30.26733
30.02092
30.053783
29.955206
29.659519
29.404898
29.733442
29.692371
29.322758
29.150272
28.641027
29.215984
29.519886
29.158489
29.133844
29.158489
29.117422
29.059919
29.462391
29.248833
29.240623
29.281694
29.224205
29.076347
29.183126
29.281694
29.618454
29.495247
29.528103
29.684158
29.815573
29.971634
29.659519
30.029131
29.971634
30.480886
30.784792
30.39875
30.259117
29.782719
29.462391
29.273478
29.150272
29.388468
27.581467
26.916159
26.29192
26.242638
25.82374
26.029083
25.552691
25.27343
25.018562
24.542259
24.542259
24.441977
24.391844
24.216364
24.107733
23.873755
24.500475
24.868145
24.943356
25.035276
25.252539
24.492121
24.241432
24.701027
24.625822
24.709383
24.843077
25.060341
24.985136
24.801296
24.784582
25.010206
25.586782
25.168978
25.026917
24.968418
24.776228
24.617464
24.600752
24.283211
