Adjusted
38.23
34.029999
31
32
33.029999
31.91
28.84
28.190001
29.6
27.719999
26.9
25.870001
26.809999
26.309999
27.1
27.01
27.4
27.27
28.290001
30.01
31.41
31.91
31.6
31.84
33.049999
32.060001
33.099998
32.23
31.360001
31.1
30.77
31.200001
31.469999
31.73
32.169998
31.469999
30.969999
30.809999
30.719999
28.25
28.09
29.110001
29
28.76
28.75
28.450001
29.34
26.85
23.709999
23.15
21.709999
20.879999
20.040001
21.09
21.92
20.719999
20.719999
21.01
21.809999
21.6
20.379999
21.200001
19.870001
19.049999
20.01
19.16
19.440001
19.440001
19.41
19.15
19.34
19.1
19.09
18.059999
17.73
18.58
18.959999
18.98
18.809999
19.43
20.93
20.709999
22
21.52
21.870001
23.290001
22.59
22.860001
20.790001
20.280001
20.620001
20.32
21.66
21.99
22.27
21.83
21.950001
20.91
20.4
20.23
19.639999
19.75
19.52
19.52
19.48
19.879999
18.98
19
19.32
19.5
23.23
22.559999
21.940001
21.110001
21.209999
21.18
21.25
21.17
20.469999
19.99
19.209999
20.07
19.860001
22.360001
22.17
23.559999
22.92
23.1
24.32
24
25.940001
26.15
26.360001
27.32
28
27.040001
27.459999
27.709999
26.969999
27.49
27.84
27.98
27.58
28.24
26.809999
26.75
27.709999
27.41
27.360001
26.26
26.93
26.51
26.049999
25.91
