Adjusted
81.077087
82.159248
79.138603
78.564575
77.896484
77.896484
80.004326
79.082161
79.646751
78.357582
79.430351
77.896484
79.053932
79.204514
83.740135
83.28846
84.652916
86.525513
87.353592
86.610207
87.814705
87.908813
86.337318
83.74955
84.285919
84.841118
82.808548
83.231995
82.902649
83.91893
82.817963
82.733269
83.984802
84.634117
84.050667
83.834251
84.427094
85.603317
85.471588
83.928352
82.930885
83.956573
84.982262
85.019913
83.608398
81.677155
80.047386
83.052612
82.016312
82.025734
79.887245
77.767593
81.88443
81.234436
81.978661
85.511398
86.151978
85.96357
86.406334
85.982414
87.3013
92.049316
91.691338
92.01162
91.258003
90.89061
90.485489
87.71582
88.874557
87.517967
87.442612
88.24337
91.408699
89.458649
91.107262
89.920219
88.14917
87.71582
89.260796
88.987602
90.023865
91.71962
90.315926
92.934868
91.248573
89.929672
92.01162
88.318741
87.810028
85.13456
85.257042
84.418587
85.794006
85.596161
85.680969
85.794006
84.616425
83.193901
83.683769
81.799629
84.475113
85.558464
86.830238
86.396912
85.398323
84.729446
86.246178
88.262199
83.712029
83.9664
85.049744
81.654205
82.47477
81.097694
81.144852
79.541374
77.909615
77.08902
75.966599
75.579872
75.438393
75.240303
73.655739
72.863434
74.315979
72.033401
70.458237
70.712898
70.74118
73.089783
71.335419
70.948677
69.741371
68.967918
68.864174
72.58989
74.561195
75.004517
73.391609
75.910011
78.324623
75.259186
74.976212
73.608559
77.456886
75.136559
74.363144
72.948303
74.202766
79.220688
78.249176
78.494431
83.153908
82.97467
82.653999
80.003555
82.022026
82.861496
81.041092
78.202026
77.513481
76.655128
77.985107
76.315598
76.287277
76.890953
79.164101
78.117119
79.862068
80.182793
78.098259
77.60778
80.14843
80.044563
82.981888
85.446968
85.796417
85.475296
86.892006
83.180206
86.070343
85.078606
80.92292
80.082329
77.919472
77.33387
77.031662
75.189934
74.651581
76.257187
73.197083
73.669334
73.045959
70.514755
67.02964
63.09116
64.564514
69.60804
66.821831
61.636662
62.562256
59.077126
60.597736
58.973232
54.779751
56.668697
53.655823
51.889637
54.930859
54.855312
57.622631
61.740551
62.335579
64.999016
60.371059
59.067677
60.994423
62.609486
62.807816
59.596581
63.41227
60.796066
59.275452
61.192768
57.216499
53.599152
57.528183
62.741714
63.393379
65.38623
66.727417
59.927151
63.355637
66.189079
66.991859
69.617493
70.297516
60.116055
57.731838
55.451702
58.034599
56.965485
59.974125
60.522877
59.226696
60.163364
59.56731
57.580471
57.902145
57.684536
56.899261
58.867184
60.693184
60.967541
60.50396
60.626949
59.274014
58.744186
57.069569
57.060108
57.211479
54.779976
55.404408
55.423325
52.017319
53.81493
53.294575
51.203651
51.629402
52.575535
53.691944
51.591557
48.195026
46.501495
49.983173
48.488319
49.746658
52.291698
52.660686
49.226284
49.708801
49.415508
49.018143
46.548775
45.413456
45.101227
44.429489
42.149353
44.344345
41.931751
40.995098
40.881557
38.128376
37.920227
40.285511
36.898422
33.833015
32.532848
35.199623
35.645668
36.594704
36.063248
38.113148
39.840389
40.855862
42.80138
39.764469
42.269913
41.349358
41.064655
44.585564
43.351822
41.833363
42.222458
42.668514
46.578541
47.470619
45.847771
44.120537
45.525105
48.324749
48.381699
48.087482
47.489605
51.475536
50.535984
48.476604
49.852703
50.526505
52.234772
53.202766
50.127911
50.592937
52.453041
53.107887
52.320175
56.476933
57.663227
58.564816
56.296631
56.998917
54.256203
52.310684
50.023506
50.687847
50.279755
51.304707
51.855148
52.842148
50.70681
50.1469
52.528973
50.640392
50.849171
52.604889
54.930019
54.711746
53.43055
54.094868
54.199253
53.582386
54.15181
54.33213
53.297684
51.617897
49.359192
48.902683
48.217949
49.41626
48.931225
47.599766
48.265495
50.300735
53.534279
52.697361
52.906597
52.897079
53.429661
51.660721
53.296501
51.660721
50.747715
51.289814
52.193306
53.068268
52.820999
54.551895
58.765026
57.50964
58.669914
57.50964
58.774525
61.095074
61.798862
63.330029
62.398003
62.531151
64.081337
64.518837
65.565002
65.089455
64.081337
63.120811
64.537849
63.834076
62.740376
63.130314
63.634373
62.778431
60.752712
62.550179
62.436054
62.864014
64.547371
64.518837
64.918282
64.442741
65.175049
66.439941
65.34626
65.660095
65.156021
66.325829
67.390999
67.562439
68.619751
69.210312
73.649063
75.134995
75.754112
74.487259
72.82988
72.553658
72.00119
72.544121
71.70594
71.810677
69.896126
72.267914
71.477333
71.648781
70.18187
70.086624
71.867844
71.515404
72.591766
74.458702
73.80146
73.934837
74.477745
76.478058
77.078156
76.249466
76.192291
77.802071
75.830338
75.211189
73.439507
73.210899
71.229668
70.048531
71.391556
69.238892
69.410347
71.277306
69.45797
71.439209
73.458565
77.363899
78.230705
78.58313
76.925743
78.078293
80.773941
81.212097
79.735687
78.564056
77.897331
78.687927
77.906837
79.535675
78.726021
80.440544
81.802666
82.964737
81.859825
83.755341
83.364815
85.612778
84.774506
83.96389
83.868538
86.36721
87.130173
85.785477
80.559174
81.016945
80.797615
79.634109
79.88205
78.747131
79.1763
81.217232
81.226784
79.586388
79.586388
80.625931
79.958328
79.090446
81.055099
83.210457
82.57148
81.846672
82.294922
81.169548
81.922958
80.168152
77.822052
76.572693
76.954178
77.020927
76.696701
75.40918
74.722519
76.935104
78.518242
78.317993
75.199371
73.139374
73.139374
75.552254
74.665276
75.84787
74.913269
76.267517
76.238907
76.391479
77.97464
78.546867
77.71711
79.233543
79.328911
80.835747
81.837135
81.455643
82.151833
82.361664
82.924377
82.657295
82.934235
83.32576
82.590462
82.294456
83.870026
84.633995
85.751236
88.491837
86.944885
85.636627
87.498718
86.171371
86.839844
87.231323
88.071701
88.635048
89.188934
88.014359
88.291298
88.205368
86.582024
86.629745
87.145416
86.725258
86.629745
89.771423
91.308815
89.637733
88.377243
87.890236
87.374596
87.575104
88.625519
88.329483
85.67485
86.744339
88.405907
85.951767
88.300842
85.340614
84.567131
82.113007
79.39151
83.76503
84.137428
85.713028
84.01326
82.036613
82.017502
80.270004
80.298668
77.443474
79.315125
77.796822
77.071045
77.959129
80.365517
79.725731
77.624931
79.5634
80.193634
75.791504
73.069969
75.132599
74.053528
76.641373
76.994659
77.796822
79.384293
74.660049
74.698303
75.26255
75.147789
72.871735
73.244705
72.64222
72.64222
71.848488
68.386597
67.047752
68.855186
68.290955
67.611961
69.706314
70.461807
70.978226
70.920868
73.914139
75.291237
73.847198
71.351212
71.714577
72.594414
70.796532
75.099976
75.5112
79.747688
78.772263
79.22171
78.485359
78.944382
80.904846
79.977203
82.205452
82.004631
81.593399
83.477379
83.29567
79.499069
78.361046
77.270836
77.442947
80.101547
80.369308
78.016762
77.682053
77.882889
75.635483
75.310349
75.319939
76.945656
75.339043
74.640945
77.815926
78.15065
79.135674
78.3993
80.26683
80.716972
80.602051
81.042625
81.492714
82.306808
79.222939
78.801537
79.404907
80.094437
80.736137
79.165482
80.669098
80.515854
81.128807
82.718643
81.885406
82.019493
81.818352
84.11689
83.685921
83.072983
84.940529
84.662811
84.260559
85.955727
85.610947
85.831223
85.687569
83.456062
85.160835
84.825615
85.103348
85.773758
85.850365
84.404213
85.074623
84.011574
82.766495
83.350723
83.743378
85.045898
86.195175
86.492073
84.394638
84.739433
84.260559
83.628448
82.737778
82.239746
82.009895
83.525223
83.237526
83.765007
82.614128
84.848755
83.918449
87.841026
87.390289
90.142799
91.312851
91.111465
89.471466
88.867249
89.011101
90.238708
90.133217
90.449707
89.509819
88.608276
90.363396
89.260468
89.730408
89.855103
89.54818
89.202919
89.222069
89.212494
89.001518
89.154961
89.202919
89.375565
89.308426
90.027702
89.289223
89.337189
90.209946
89.490631
91.111465
91.715691
91.907486
91.878723
90.478447
89.682465
89.519402
90.507256
90.142799
90.449707
90.497665
86.776482
86.623039
88.896004
87.083366
87.71637
87.984909
87.71637
88.282227
87.850632
90.574394
91.514275
90.142799
92.051338
92.876137
93.480362
94.295563
89.471466
85.596832
86.133881
86.201042
86.335304
84.282875
83.745819
86.114723
85.059731
84.647331
86.268158
87.064171
86.268158
86.997047
85.002205
84.196571
81.901276
84.407875
85.74279
86.29982
84.792023
85.435471
87.192963
86.703171
89.334633
89.353806
90.035706
89.843613
91.236176
91.351418
90.458282
90.842422
90.189346
87.548317
88.864037
90.352631
89.728378
89.25779
88.912064
88.316628
88.210983
89.536293
90.218155
90.131721
90.746361
91.044098
91.505081
91.879639
90.631142
90.487061
88.96965
91.514687
91.860435
91.149742
91.946861
91.389824
91.197746
89.872429
89.488274
88.921638
89.939667
90.832825
90.102905
88.393448
87.855614
88.201378
87.740387
88.259003
89.930038
87.80761
87.894035
86.578339
84.273407
83.322632
82.198997
82.794418
81.997307
82.515915
83.966095
83.187027
83.177414
83.667938
84.15844
85.726204
87.947983
89.409935
88.36158
89.304146
90.429436
90.054337
91.227776
92.833977
91.852921
93.084076
94.738373
93.834267
91.448982
90.48716
90.650673
89.506111
88.678955
87.005409
88.265419
88.669342
89.525345
89.246445
88.371185
87.524788
85.735825
84.504692
83.562096
82.715729
81.21534
82.46566
78.964661
79.214752
74.578804
76.704399
72.443611
76.829453
77.406548
78.72422
77.041061
76.108093
71.616425
70.366074
70.212196
71.933823
73.674728
71.904991
72.828331
75.742607
75.819572
75.713753
75.059723
72.039627
70.789261
73.357307
72.249352
70.717476
70.939034
72.230057
73.232063
74.262993
73.607819
72.991196
72.470932
69.850357
64.146736
64.840408
67.200874
67.952339
66.670937
67.152672
65.206497
62.768974
65.379913
67.836739
69.561295
68.462967
70.92942
70.746361
72.432404
71.170273
72.971916
71.266624
72.856316
72.52874
73.790863
76.440369
78.540688
77.76992
78.386543
81.633377
81.170914
78.839363
76.661957
77.62542
79.330734
79.012779
78.935699
79.976242
76.450005
77.191849
79.224747
78.434723
79.619766
78.51181
77.346001
78.251648
76.478912
75.351654
73.761971
73.299507
76.045341
75.708138
80.043678
79.032066
79.138023
80.159294
79.648682
81.113121
79.455994
80.324432
78.770836
76.194359
74.582855
80.546379
81.916672
78.500633
80.874481
81.289413
81.511368
81.945595
81.733315
80.063911
81.356964
80.584991
82.186852
81.9842
81.144669
82.495651
82.843025
85.409859
86.616081
87.996002
87.204704
86.828392
87.947731
89.781197
88.362686
87.870552
87.610016
89.346939
89.491707
89.694336
88.93203
88.285477
89.453094
89.539955
91.228645
91.913788
91.402351
91.170753
91.479561
91.933083
93.583199
92.203285
90.852325
91.672546
89.732933
87.822311
87.571388
88.748665
87.079269
88.160019
87.793335
86.838013
87.928444
87.600342
87.262611
85.641457
86.616081
87.930351
88.703445
88.258926
89.75679
89.099655
91.428612
91.167686
91.699203
91.457603
92.597923
89.389572
89.273613
89.650482
88.809761
88.413536
88.655113
88.867729
89.089989
88.413536
87.59211
87.350533
85.495087
83.716949
84.953918
86.819023
85.069885
85.214836
87.418182
87.350533
86.38414
86.654739
85.147194
85.94928
85.253479
84.60601
85.272804
85.272804
86.045914
86.345497
85.871986
86.29718
86.36483
85.968613
84.200127
83.736313
84.847626
84.828285
84.857307
84.934593
83.852257
82.209419
83.784599
83.929558
85.756004
86.99295
86.277847
87.920692
85.939613
86.142555
82.383347
82.335045
81.503952
83.910233
83.204788
84.625351
83.378716
84.741318
83.291771
84.056435
84.821114
85.672913
88.092781
88.412178
87.724945
87.637848
85.96328
84.743683
85.082466
85.943932
88.673538
88.605789
89.631813
89.157524
88.354103
88.208916
87.579765
87.705589
86.631165
89.389816
88.973602
88.325089
89.747948
89.815712
87.192566
86.398872
84.859825
84.433937
85.711624
87.976601
88.073395
87.40554
86.001999
85.101807
86.94091
87.231277
86.94091
86.447266
85.8181
84.985672
84.956619
84.77272
86.679558
86.863472
87.115143
87.095787
87.415207
86.669876
86.011696
86.214935
85.179245
84.656586
84.821114
84.395218
84.821114
84.734009
83.049767
84.872467
84.717339
85.279686
85.997139
86.365562
87.606544
87.402939
86.559456
83.912643
84.251984
82.574699
81.818466
82.565018
81.963921
81.818466
83.156395
82.041466
82.429283
81.92511
83.010979
83.89325
83.835098
83.738121
82.972198
87.247833
87.257523
87.64534
87.887733
89.118996
90.117615
90.641167
89.303215
88.692436
88.992981
88.062233
88.343384
87.926506
89.186874
90.175812
89.81707
90.010986
90.54422
88.721497
87.286598
86.995758
87.335075
87.703514
84.465286
83.902962
83.505455
84.486259
84.826134
85.1175
85.195183
85.904099
86.137146
86.904312
88.176483
86.943176
85.583618
85.836113
86.846062
86.680969
86.778076
87.914276
87.642357
87.117966
87.117966
87.487
88.390114
89.691383
90.507141
90.575096
90.060417
89.47776
89.409767
88.856239
87.778328
