Adjusted
45.317467
45.81546
46.849258
48.90427
47.511158
47.965008
49.068172
48.456722
48.494541
48.425198
47.788525
45.676781
45.21661
43.224625
45.128345
43.949566
43.212021
43.930645
44.353004
43.703724
44.895107
45.632645
46.326057
44.439732
44.541351
44.75729
44.439732
44.617577
45.19553
45.290794
45.036758
45.335262
45.30986
45.093914
44.242847
44.712841
45.239986
45.233643
44.26825
44.420681
42.928131
42.78841
44.103119
44.738251
43.753799
43.455292
43.029762
44.439732
44.020561
43.340961
43.017048
43.309212
44.503262
43.620422
44.153923
43.766514
43.569611
43.264755
43.410824
43.11232
43.582302
45.233643
45.690918
45.614712
45.862404
45.906883
46.307007
46.26255
46.777004
47.608994
47.31686
47.12632
47.88847
47.901176
48.123455
48.371166
48.701416
49.22858
48.733181
48.841164
48.434669
48.186985
48.04089
48.720493
50.187614
49.368961
49.113136
48.358433
48.550312
48.60146
48.908463
48.575886
49.253838
48.818928
49.132298
49.906208
50.424263
50.347511
50.449856
49.733517
49.919006
50.430649
50.974297
50.341106
49.925392
49.733517
50.232391
50.494625
49.138714
49.823055
50.251579
49.580009
50.034126
51.031868
51.012669
50.916729
50.871967
52.176716
51.767372
52.317417
52.637196
52.777927
51.230125
51.172569
52.656391
52.848278
52.170315
52.311008
51.805744
51.837734
52.893017
53.008163
53.219215
52.707561
52.419739
50.526596
49.241051
49.049168
49.71434
49.490494
47.271141
47.028111
46.190258
46.273411
46.612389
47.322319
47.040897
45.723377
44.098843
44.118187
44.446995
44.395424
44.975677
45.368938
44.01503
45.169079
45.34959
46.10392
46.155499
46.419834
46.793789
47.315983
47.47073
47.315983
47.32243
47.483635
47.818878
46.832455
45.949192
44.537262
44.305157
44.292271
45.459209
43.299397
42.951237
44.034374
44.756447
43.215584
43.53149
40.668934
42.925453
44.440548
42.467712
42.667572
42.886772
44.472786
44.253571
43.060848
43.189793
41.900345
39.785667
39.334373
36.529835
35.137238
34.170166
32.635712
29.302519
34.486069
34.576336
31.056162
31.72666
32.229553
35.311317
34.363564
31.804043
33.235321
31.707325
29.837631
33.854237
33.312683
35.337101
33.628597
34.305538
36.852188
34.72348
34.782063
35.63485
34.489117
34.534698
33.942295
36.240261
34.339397
34.879723
35.15313
34.580257
33.401974
36.988903
36.630859
37.418549
37.425056
38.134632
35.725994
36.455097
37.080032
35.055477
35.537201
36.350929
35.328888
35.706455
35.589291
35.237747
34.560722
35.224728
34.170147
34.124569
32.536163
31.956795
29.932232
29.893183
29.899691
30.355379
30.928247
31.624786
32.327858
33.707943
33.362919
31.57922
31.09099
31.833107
31.689894
31.149576
31.299301
31.898201
32.568718
31.956795
32.516636
32.874695
32.26926
33.616802
33.584255
33.922764
34.222218
32.542683
33.076485
33.577744
33.538258
34.183098
34.847672
34.748989
34.044926
33.926479
34.05151
33.79488
31.584002
31.077345
31.728762
31.182611
29.892948
31.597157
30.123249
28.623001
28.004482
26.662157
26.037062
26.227892
24.747387
24.701321
24.378904
24.925041
24.47102
24.293362
23.549816
24.484184
24.740799
25.240881
25.425123
26.089706
26.445026
25.898878
26.181822
26.885883
26.517406
25.51066
25.3988
25.504089
25.971262
25.951527
25.418545
25.319849
26.26078
26.458187
26.037062
25.385643
26.04365
26.596365
26.425282
25.66201
25.931789
25.912046
26.306847
26.346325
26.655584
26.385801
26.642429
26.912207
27.886034
28.261105
28.001148
27.641228
27.88784
28.314425
27.774532
28.114464
27.401268
26.888037
24.30855
24.335205
24.875101
24.901764
24.788452
24.661808
25.261698
24.828442
25.175039
25.188377
26.208178
25.714937
26.241501
26.274828
26.081537
25.548302
25.175039
25.448315
26.054869
26.981354
26.268162
26.141514
25.774927
26.134855
25.714937
25.688276
25.348351
25.574966
26.321482
26.254835
26.341482
25.828249
26.21484
25.121719
25.381672
25.101727
24.788452
25.974892
26.008213
26.51478
26.834715
27.294619
27.194654
27.094673
27.27463
27.434599
27.147984
28.054476
28.54105
28.501055
27.767868
27.554565
27.727877
27.46126
27.927837
27.654554
27.945015
28.343552
28.958254
29.07309
29.03256
29.309507
29.451355
29.843134
29.40407
29.512159
29.708046
29.903944
30.653734
30.836105
30.592928
30.673992
30.809097
30.890152
30.484854
30.403801
30.201153
30.707771
30.98472
31.086046
31.29545
31.477829
31.011732
31.471087
31.633198
32.261379
31.612919
31.734514
31.781803
31.835838
31.653452
31.322454
30.849619
31.21439
31.173862
30.883387
30.207901
30.255196
30.619963
31.099546
30.565916
30.660479
30.944183
31.106312
31.32922
31.410284
31.8561
31.835838
31.977688
31.396767
31.383263
31.444057
31.025249
30.390285
29.714798
29.498636
29.964743
29.235205
28.674547
28.397591
28.746658
29.164179
29.013601
29.581682
29.588531
29.301064
28.500256
28.794571
29.136791
29.191551
29.212084
28.780891
28.712448
28.821955
29.020439
29.540617
29.164179
29.485857
29.739107
30.0471
30.745243
30.526209
30.73156
30.389324
30.669947
31.361235
31.956701
32.360531
32.333149
31.758215
32.011456
32.079899
32.29208
32.086754
32.394753
32.483734
32.381069
32.374229
32.504261
31.79245
32.011456
31.65555
31.997772
31.518663
31.354397
31.901957
31.949863
32.134666
32.079899
31.956701
32.189407
31.737682
30.895811
30.204523
30.382473
30.533062
30.266134
29.882843
29.855463
29.944445
30.183996
29.705761
29.054256
28.797817
28.409697
28.929506
28.735437
27.439365
27.162125
27.175991
26.732414
26.891823
27.515612
27.543324
27.175991
27.113613
27.078959
26.787867
27.078959
27.252224
26.975
26.975
27.453224
27.383915
27.349266
27.557184
27.536402
27.342327
27.508675
27.619562
27.716599
27.439365
27.571054
27.640354
28.028494
27.910666
27.03738
26.884897
27.02352
26.947275
27.092825
27.349266
27.390844
27.633429
27.390844
27.342327
27.425499
27.474018
27.203712
26.926483
26.746279
26.233391
26.018532
26.198734
26.115566
25.879913
25.99774
25.866055
25.574959
25.963085
25.921501
26.247259
26.233391
25.692781
25.129971
24.531967
24.665632
25.277708
25.235491
25.636497
25.861624
25.847559
25.713886
25.270664
25.136997
24.419405
24.539001
24.377186
24.187235
24.222414
24.792269
24.771164
23.941004
24.496788
25.024431
24.778202
25.439512
25.65761
25.411377
26.030479
25.946051
26.157118
26.642538
26.684755
27.113907
27.064657
26.558117
25.615391
25.397301
25.376196
25.333986
25.516899
24.954082
24.785234
24.595284
24.34201
24.609352
25.348053
25.615391
26.037514
26.213388
26.361134
26.396309
26.43149
26.107864
26.487774
26.691788
26.628471
27.036516
26.621435
26.642538
27.303862
27.247576
26.790279
26.522947
27.043549
27.156111
27.013376
26.913464
26.777859
26.742172
26.64226
25.907145
25.528887
25.864336
26.042755
26.449562
26.313961
25.814362
25.578852
25.750139
25.657358
25.614532
25.564577
26.164085
25.92856
26.071306
26.727903
26.735035
26.963421
26.713629
26.670805
26.834949
26.692215
26.649395
26.199766
26.071306
25.864336
25.914289
26.206905
25.992792
26.456697
26.685074
27.191799
27.40591
27.363102
27.505835
27.505835
27.755621
27.527241
27.705666
27.562929
27.448742
27.455873
27.434454
27.370222
27.755621
27.584333
27.784174
28.141016
28.141016
28.312307
28.069645
26.777859
26.499519
26.01421
25.878597
25.814362
25.921425
25.743002
26.299686
25.988148
26.046104
26.002634
26.118555
26.176523
25.835999
25.864979
25.625893
25.71283
25.480986
25.864979
26.104065
26.263454
26.046104
25.647621
25.611397
25.524452
25.618647
25.437517
25.502726
25.835999
25.81426
25.683855
25.763548
25.828758
25.792524
25.828758
25.886713
26.089577
25.96641
26.096825
26.285189
26.444588
26.538767
26.70541
26.835825
26.987967
27.074909
27.024197
26.987967
26.821329
27.285011
27.451647
27.545843
27.647268
27.712471
27.712471
27.582071
27.734207
27.792166
27.966051
28.081974
28.125444
28.545671
28.668829
28.567406
28.241365
28.205141
28.610861
28.089216
28.3428
28.791992
29.429556
29.451591
29.1064
29.319395
29.32674
29.32674
29.598488
29.187193
28.636353
28.790586
28.217709
28.107548
27.835802
28.06348
27.960655
28.026758
27.725626
28.526304
28.00087
27.814543
27.658031
27.583496
27.777287
27.941244
28.820702
28.559839
28.656731
28.559839
27.747459
27.270468
27.24811
27.218304
27.419535
27.434435
27.359907
27.263021
27.233217
27.017078
27.166134
27.665487
27.643127
27.762373
27.658031
27.404625
27.784731
27.695292
27.672932
27.397175
27.576054
28.112669
28.403334
28.619467
28.410778
28.708902
28.984659
28.977211
28.850508
29.349859
29.521273
29.670343
29.782129
29.528734
31.317451
31.60442
31.143755
31.400517
31.400517
32.336948
32.178364
32.895771
32.117943
33.590553
34.391041
33.885075
33.832214
33.801994
33.212952
33.560341
33.658516
33.447063
33.492374
33.696266
33.228058
33.024166
32.978855
32.722084
32.744736
32.737183
33.039272
32.631458
32.43512
33.077015
32.487976
32.782494
33.031708
33.348896
33.386654
33.152546
32.699436
32.510643
32.661671
32.835361
33.1903
33.341343
33.703831
33.296028
33.363995
33.726475
33.711376
33.288471
33.152546
33.024166
32.759853
32.684322
32.382256
32.54084
32.797611
33.628315
33.499928
34.240002
34.247559
34.081417
33.907719
33.718933
33.854858
33.318684
33.242218
31.582777
31.62867
29.969229
31.223364
30.351585
31.972776
31.590424
32.706909
32.54631
32.928677
32.22514
31.926905
31.621016
32.52338
33.288097
32.676319
32.52338
33.326324
33.532799
33.838696
33.593979
32.89809
32.813965
33.265152
33.624565
32.661026
33.051037
33.295738
33.731636
34.259289
34.741058
34.358696
35.192238
34.656937
34.014572
34.503994
34.672234
34.488701
34.259289
34.725761
34.34341
33.349274
33.356918
33.188686
33.41045
33.869278
34.664581
34.32811
34.442814
33.463982
33.876923
33.708698
33.884563
34.458115
34.458115
35.069878
34.855766
34.351048
34.144581
34.886356
34.725761
34.381634
34.389286
35.001053
35.419029
35.225521
35.349365
35.60479
34.629536
34.637276
35.179085
34.614052
35.225521
34.645012
33.956139
34.273476
33.700722
33.042793
32.400368
32.462284
33.08923
33.468506
34.420547
34.590832
34.281227
34.544388
34.861748
34.993317
34.374104
34.652752
34.180599
34.43602
33.994831
34.296692
33.615566
32.880249
33.56913
34.296692
34.281227
34.350876
34.699192
34.645012
34.931404
34.288956
33.135677
32.655781
32.555161
32.671265
32.818329
32.802853
32.508728
32.663521
32.640301
32.500977
32.485504
31.843061
32.144928
32.51646
31.943684
32.609344
33.066017
32.709965
32.624821
32.679008
32.934433
34.018059
34.119946
33.900478
33.892639
33.657497
33.445858
33.430191
33.728043
33.829937
33.516403
34.119946
34.00238
34.018059
34.2924
34.48835
34.543228
34.355095
34.339424
34.715664
34.75486
34.864586
35.044861
35.044861
34.997841
34.848907
35.044861
35.36623
35.2565
34.872429
34.817558
34.880268
34.558907
34.645119
34.590252
34.974319
35.0527
35.319206
35.50732
35.36623
35.648415
35.734638
35.899231
35.891396
36.103031
36.024651
35.74247
35.209473
35.287857
35.42894
35.225147
35.601376
35.899231
35.867882
35.601376
35.860046
35.74247
36.001141
36.416565
36.643871
36.847664
36.698746
37.145527
36.965248
37.115925
37.250751
37.258678
37.306259
37.361782
37.750378
37.916927
37.996235
37.96452
37.916927
37.83762
37.909
37.821762
37.829697
37.084194
37.409359
37.155579
37.123852
36.759045
37.107998
36.885933
37.115925
37.33799
37.893139
37.774178
37.956593
37.893139
37.821762
37.639355
38.099339
38.456223
38.710011
39.01931
38.480015
38.17865
38.162788
37.956593
37.885212
38.400711
38.448288
39.011379
39.574463
39.526875
39.193783
39.003445
38.821041
38.773453
38.836899
38.924141
39.130333
39.360336
39.249302
39.455502
39.85997
39.947208
39.574463
39.177929
38.733799
39.415852
40.010647
40.343742
39.828251
39.764797
39.217587
39.706791
39.554409
37.004066
36.80357
36.731396
36.771488
36.771488
36.988033
36.971992
36.875751
36.787533
36.883774
36.691296
36.61911
35.985535
35.881271
35.817123
35.576519
35.279781
35.079277
35.047207
34.878788
34.309364
34.766502
34.58205
34.357487
34.237186
34.181046
35.071259
34.710361
34.710361
34.726406
34.918888
35.440182
35.440182
35.608597
35.528397
35.624638
35.335918
35.367996
35.335918
35.528397
35.857212
35.985535
35.945438
35.865231
36.041676
35.793056
36.250198
36.017616
36.178017
36.458714
36.715343
37.116348
36.875751
36.763462
36.514843
36.426632
36.80357
36.595051
36.667236
36.017616
35.656712
34.552341
35.080162
34.349327
34.844673
34.495495
34.008274
34.186928
33.545422
33.423599
33.594124
33.748421
33.650974
33.456089
33.350521
33.918949
34.081356
34.511742
34.495495
34.479259
34.333088
33.870228
34.121956
33.748421
33.659096
33.740299
33.699699
33.456089
33.066303
33.098789
33.48045
33.707813
33.699699
33.732178
33.789028
33.90271
33.837749
33.821507
33.439842
