Adjusted
64.500862
67.694656
65.778366
62.048592
63.116173
61.458965
65.108368
64.228401
63.906784
59.998329
56.259586
51.462223
52.310928
52.829071
53.851978
55.585094
54.026188
54.410328
55.451088
53.561619
54.267399
56.357853
55.058018
50.207054
50.220451
47.794983
49.872036
51.274628
52.239437
54.615803
54.16465
53.950233
55.245621
55.821842
57.24229
58.890541
61.016739
60.101048
58.993294
63.643238
62.200459
61.387489
61.07037
63.656895
64.574272
61.983257
59.432503
63.392887
62.081711
62.931957
61.101658
56.420849
61.696846
58.819431
58.680702
61.602901
63.442108
63.688236
61.929539
62.806664
63.16914
66.579094
66.597
68.315376
68.418289
67.541199
68.230385
67.63073
68.19902
66.883392
66.364304
67.080292
71.15255
69.989037
71.644798
72.289192
71.586617
71.376266
70.279907
72.257889
71.080925
69.760803
68.409355
67.509895
68.387001
70.700577
72.718773
71.707405
74.647507
73.376633
74.446136
85.485962
82.997879
85.758926
85.638107
86.188545
85.629181
84.510445
84.456711
83.588577
82.501167
82.877029
81.641922
83.481171
83.056046
82.545876
83.128433
84.701286
81.479385
83.661667
81.380821
80.32328
79.615273
83.428665
84.320374
84.732666
85.359993
85.082191
85.835014
88.39817
85.664719
85.158348
82.214294
82.622055
83.383858
85.77227
80.641449
80.623489
78.53981
75.940781
74.833946
78.56221
78.302299
79.23436
76.895248
76.68914
77.683929
75.506111
79.40464
78.042397
74.027374
70.514191
71.526932
70.872704
72.028816
78.320244
72.907097
72.073601
68.336403
67.22509
68.739716
68.999565
68.399124
68.273674
64.204872
67.933105
66.337837
63.953911
65.522285
66.427452
68.802414
71.240112
70.621742
67.744896
70.361847
72.790604
72.503792
71.813721
65.880783
62.994541
58.927773
58.380138
56.485897
50.830128
53.684948
55.920334
58.36219
52.06004
53.424606
51.000713
52.544819
57.554211
54.358253
51.054569
49.995243
50.928875
49.833633
43.737968
50.004219
46.88007
40.290642
41.978401
40.954975
36.484219
36.654789
35.200443
34.060322
40.667702
38.764492
31.636419
33.036892
35.855808
38.288689
37.013893
33.351109
31.474817
29.948664
29.787067
32.480282
33.342121
36.116142
35.846821
33.60247
38.225845
33.889732
30.532187
36.834339
35.64933
33.512699
31.322212
34.132137
32.076309
30.496283
29.867867
28.646936
26.537241
28.637959
33.37804
35.074768
40.111088
40.883148
37.355034
39.635307
40.197971
38.568451
40.549095
45.878811
43.880165
46.941147
45.635723
43.385014
43.285973
46.247936
45.896809
43.258965
40.74715
38.856537
38.946579
39.567772
39.747833
39.774845
39.75684
40.396049
43.114918
44.825466
44.699429
42.124596
44.438354
43.844151
40.621105
41.45837
38.739498
39.324703
40.152958
37.452087
39.153641
36.137669
37.893234
36.947926
36.623817
38.577454
36.659828
35.021313
34.481129
34.841255
35.20137
35.660515
37.407085
37.686157
37.118984
38.046272
38.280365
37.830212
35.300407
34.724201
34.184029
33.292751
31.528173
31.807272
29.664576
31.420143
29.93466
27.422846
27.656927
29.794809
27.950714
28.701014
30.255842
34.079628
33.555317
36.538425
36.023155
33.356457
35.019749
34.441208
35.083031
33.040062
34.468342
33.356457
32.958694
34.820881
33.645725
31.485237
31.232124
31.647942
33.871716
33.808434
34.956474
33.455883
34.359863
36.05933
35.652523
35.001675
35.733891
37.650311
37.225445
34.884163
34.884163
35.336147
35.643501
37.026566
36.203949
34.884163
34.53162
34.233303
34.10675
36.85482
37.279675
37.758774
37.70454
40.832272
39.060509
41.275211
39.196095
40.190464
39.096657
40.470688
40.732841
40.94075
39.747524
39.422092
41.157703
41.103458
41.456013
42.468452
45.650425
45.379246
43.580372
46.824661
47.939327
46.670609
48.845547
49.624905
48.773052
48.80024
46.643421
46.398739
46.299053
45.6647
45.555958
42.918854
44.269108
45.510639
47.504337
46.969669
47.259651
46.480312
45.728146
44.232868
43.072891
41.985432
41.831367
43.761631
42.592594
43.036655
42.909771
44.486607
44.957844
44.758476
46.534676
46.072502
46.09063
47.812447
48.392448
49.815212
48.619003
46.779362
47.631218
47.848713
48.94524
48.754932
50.377071
50.748619
52.751392
52.098904
48.899921
49.688358
50.712376
48.963352
46.688736
47.613091
48.229328
49.334911
50.63081
50.277393
49.806137
48.872738
49.017731
48.555553
47.939327
46.652493
46.202808
47.656311
48.137783
48.637413
48.546574
49.264217
49.30965
49.40049
50.027302
50.89941
50.781307
50.917576
49.981888
49.709354
48.492062
47.093067
46.211887
46.78421
46.384499
46.193718
44.831074
43.232254
43.604691
43.586544
44.313267
44.249691
44.286018
44.049843
43.622864
44.867413
46.25732
45.639587
46.820541
45.966621
45.794018
46.002953
45.003685
43.822723
43.350342
41.624313
42.659935
40.352509
40.397945
40.670475
40.833981
41.10651
41.242779
43.6138
40.316181
40.625042
39.653015
39.280575
41.133762
41.215519
41.224606
39.934647
40.261669
40.134502
39.226055
40.061821
39.126133
38.590153
38.962616
38.948959
38.55719
38.784954
38.420528
37.172329
36.999207
36.616558
36.315914
36.926338
39.614048
39.896473
39.258728
39.759823
40.033138
39.942036
40.898685
41.363327
41.40889
41.527332
41.226665
41.035339
41.919083
41.891754
42.985062
44.615906
45.335663
45.53611
44.752575
45.044113
45.736538
44.725243
45.098785
44.205914
42.401966
42.283531
42.647964
42.602413
42.939507
41.955532
41.308659
41.873531
43.36771
42.63884
40.370239
39.231392
38.666512
39.43182
39.659599
40.470467
40.188026
41.445328
41.527332
42.647964
41.855312
42.274414
41.008003
41.254002
41.044453
38.994507
39.05827
38.948959
39.593147
39.894691
40.799313
41.018608
41.247051
41.374973
41.904953
42.02375
41.740479
41.895821
42.215637
41.978062
41.347561
41.448071
41.895821
42.736481
42.233913
42.270462
42.928375
43.019745
42.498894
43.494888
45.23103
45.660507
45.084843
45.450336
46.39151
46.775295
46.674782
47.232162
46.912354
46.290997
46.41893
47.844391
48.07283
48.529701
48.785553
48.438335
47.743874
48.61195
50.3755
48.283001
48.986584
46.958042
46.428066
45.00259
41.987194
44.737614
46.117386
48.785553
48.520561
46.857521
45.97118
45.770157
44.116241
41.393253
41.840977
41.128265
41.256187
40.461205
43.68679
42.873531
40.717075
41.784592
42.233597
40.309311
39.072258
40.199337
39.979424
41.775436
41.793762
41.977024
43.342358
43.09494
42.316071
42.581806
42.444351
41.619652
41.308105
40.144375
40.648346
39.823643
38.687401
38.943981
38.265884
38.265884
38.998959
40.68499
41.418068
41.610497
40.932419
41.91288
41.216476
40.675835
39.209713
39.493771
40.666676
40.281803
42.169449
43.104115
43.84634
44.991745
44.524426
43.956295
44.249523
45.45908
44.87262
45.101707
44.771824
44.671032
45.11087
44.661869
42.755901
42.426029
42.224434
42.059498
43.067451
43.763866
42.838367
42.69175
42.435196
41.271458
41.198139
40.8591
41.922043
41.134007
40.923244
42.581863
43.574276
44.180752
43.803989
44.171558
44.107246
44.649395
45.724506
44.971001
45.016953
44.732094
44.68615
45.84396
46.367725
45.540718
44.254265
44.943436
44.906681
46.000175
45.568287
45.513157
46.266651
45.632614
47.54393
47.828785
48.095268
48.389305
47.700134
47.24987
48.324993
48.223911
47.66338
45.237492
45.016953
45.209915
45.880718
45.458019
45.5499
45.871532
45.118031
45.099648
44.281822
44.860733
45.458019
45.540718
45.76125
50.107666
51.20116
50.420097
50.953045
51.605469
50.493595
50.888725
49.721733
50.493595
52.450855
53.029766
53.397324
52.303822
53.369751
52.919502
53.277859
53.14003
55.032459
55.934933
56.883446
56.745323
56.045444
56.570351
57.122883
57.316277
56.901871
56.901871
56.459862
58.154289
58.716026
59.010712
59.775066
60.834068
60.760414
61.358974
60.28154
61.009048
60.926178
61.018265
62.427238
59.443539
59.940811
60.180244
60.705143
60.788036
62.933704
64.388725
64.628151
65.55825
66.746193
64.084816
64.370308
65.401665
65.871315
64.867584
66.313385
64.268997
62.9245
63.716461
63.974323
63.983513
63.209972
63.256012
65.005722
64.922821
64.480804
65.760849
67.703926
68.339333
67.510536
69.131302
69.647011
68.855057
64.987305
62.979744
63.274448
63.688835
65.162254
63.440193
64.164429
65.917267
65.788109
64.016815
64.450417
64.127502
60.981564
63.51862
63.610855
63.500183
62.420765
63.758484
63.942997
66.470833
66.166389
65.898865
67.891579
68.260605
66.885979
67.125862
69.33078
67.956146
67.27346
67.826996
67.863899
66.987457
66.22171
65.225349
64.819435
62.660625
62.282387
61.645817
63.407921
61.664261
62.190113
62.992748
64.026009
63.859959
63.398705
62.476139
62.245491
64.524193
62.78978
62.845146
61.073826
60.603302
65.38221
66.62767
66.959801
66.203293
65.38221
63.657001
64.321251
62.679081
63.094227
62.540703
62.116333
60.6679
60.916981
61.987144
62.107101
62.734432
63.592426
60.999931
61.425079
60.768871
58.458275
58.615376
58.643108
58.125534
57.256756
57.182812
59.049774
57.654167
56.785385
55.898125
56.850079
57.903725
57.552502
57.192047
56.489632
56.988716
58.439774
58.754013
59.761448
59.234631
59.752201
60.01099
61.720833
61.914936
60.066425
59.234631
59.964767
59.419472
60.214321
59.428719
60.768871
60.59325
62.090538
62.275372
62.47871
61.850216
59.511906
58.522957
58.717041
58.023872
55.944324
55.768726
50.454338
52.783421
46.322968
50.805546
49.788883
53.069927
54.336143
55.842659
55.047813
55.962807
50.962669
50.075397
50.371159
52.182659
53.208569
51.877663
53.042202
55.075539
55.999786
56.235939
55.319061
53.837219
53.614933
55.735825
55.439453
53.262997
53.272263
54.068752
54.670757
56.152596
56.097027
54.235462
52.938847
49.789925
45.863045
46.594711
47.22448
47.946888
45.631516
45.900101
43.112377
42.130661
45.223995
46.11311
47.919102
46.437263
48.873039
49.882549
50.966145
50.567905
51.558872
49.095318
49.067535
48.622974
48.854519
50.493816
52.531342
51.670033
52.457245
55.587643
55.226448
52.651745
50.197449
51.475533
54.272503
50.808689
50.975407
51.910816
49.215714
49.956638
51.957119
50.632721
50.993927
50.845745
49.058266
48.641514
48.354385
48.604458
46.613232
45.853783
48.484047
48.224735
50.893826
50.513199
49.984013
51.172344
50.726715
50.048992
48.015846
48.72142
47.356701
46.419041
44.850063
44.812931
44.645824
43.689598
45.592766
45.676323
46.846088
47.106037
47.217434
46.121952
46.71611
46.651142
48.257221
48.359356
48.238659
48.015846
47.839458
49.213451
48.925663
50.308945
49.705494
50.736012
51.423008
52.574196
51.868629
51.655102
51.181637
52.66703
52.889843
53.131233
52.165703
52.212132
53.790371
53.818226
55.572865
55.145805
54.365974
54.895149
55.907085
55.303638
55.851379
56.454826
55.025124
55.98135
56.631214
57.234665
56.037056
59.407089
58.859333
58.023796
57.559605
56.14846
57.563332
57.42371
56.958298
54.314701
54.81736
55.934372
56.827984
56.241554
58.177704
58.047382
58.038078
58.345253
57.488884
56.204315
56.167095
55.441025
56.558033
58.187008
57.684345
55.897133
55.906445
55.887825
56.939667
56.790733
56.4184
55.776127
54.770813
53.346626
53.830666
55.320011
54.081985
54.249535
55.627186
54.826668
53.923748
54.398476
53.393166
53.504852
54.314701
54.230923
54.705654
53.756203
53.97028
53.79343
52.629875
52.992901
52.508862
51.382545
50.656487
50.824043
50.163139
48.971661
48.10598
47.770866
46.728325
46.160519
47.31477
46.988953
46.988953
46.588707
46.262917
47.016884
44.875954
43.783234
43.418999
43.16684
44.278229
45.679138
45.921959
45.324238
43.970024
44.679821
43.811256
44.016724
44.343601
44.81992
45.828575
45.426979
43.643143
43.036079
42.139492
42.4944
44.044746
45.146786
46.08073
45.921959
46.678459
46.669109
45.819233
45.016052
43.773899
43.148151
43.045425
44.138138
44.0821
44.633125
45.847252
45.96867
45.511028
44.549065
43.923328
44.259541
45.959316
47.238827
46.771847
46.304886
46.753174
46.435631
48.751808
49.452263
49.77914
50.554325
50.769138
50.115368
50.068668
49.760475
50.040657
50.927902
50.675732
50.722431
50.386215
49.76981
49.695095
49.564346
49.237461
49.069351
48.751808
48.067936
48.245934
48.620659
48.761169
49.913464
51.290577
52.330437
53.389042
53.370304
54.691216
56.349369
55.843494
55.993389
55.91843
55.590549
55.459404
55.000359
53.107994
52.461597
53.033054
52.723907
53.145473
53.285999
52.836323
53.651352
53.585766
52.920639
52.798855
52.564651
53.276619
52.826962
53.726292
54.288383
54.082291
55.337612
53.54829
53.051792
51.852669
51.787086
51.721504
51.815193
52.321072
54.016705
48.723705
49.660515
51.047012
49.866619
48.583179
48.864227
48.929806
48.939167
48.142883
48.630032
48.545708
49.248333
49.604313
49.904095
50.409973
50.372505
49.716736
49.997776
50.270264
49.875626
49.781654
50.448792
50.270264
51.839451
52.920013
54.047592
54.836876
54.047592
53.54958
53.643547
54.348263
55.767113
55.240921
55.936241
55.579182
54.996609
54.508011
54.686535
53.775089
