Adjusted
28.020775
28.44982
27.576944
26.778044
26.763245
26.742535
26.813547
26.822422
27.103518
25.603354
25.100344
23.724466
24.020348
24.615086
24.366539
24.718645
24.378368
24.585495
24.490803
23.685982
24.295523
28.523798
28.145056
27.082808
27.0473
28.405434
27.982313
28.819683
28.884781
29.529814
28.858149
28.455738
29.000181
30.018028
30.204447
30.467785
31.10396
30.606846
30.32872
32.965103
32.222412
32.678082
31.494528
31.319942
31.098028
29.778368
28.435024
29.355246
29.343401
29.683668
28.46166
27.863953
29.396673
29.417385
29.479519
31.713148
32.04837
32.493317
31.146591
30.710548
30.962679
31.475859
31.090239
32.457722
32.843346
34.258286
32.573395
32.086933
32.445854
31.567812
31.389837
31.828852
33.178547
32.543747
33.733246
33.768845
33.196323
33.762913
33.045063
33.077679
33.976482
36.827145
36.809341
36.2131
36.373295
36.118187
36.236839
36.03513
36.242775
35.969875
36.66399
37.444138
37.610256
37.776371
38.21244
37.711117
37.473804
36.726292
36.933929
38.595085
40.087158
40.79018
40.395649
41.089775
40.739738
40.389721
39.891376
40.644829
39.849846
40.799076
39.654072
39.137924
38.470497
39.965534
41.092735
40.766457
40.001129
40.173164
39.541344
39.178768
38.587364
38.929131
39.330334
41.054047
40.626091
40.563683
38.557636
34.073017
36.263309
36.911198
38.994511
39.481899
39.330334
41.146175
38.976669
39.1134
39.63348
39.68399
42.008034
40.548836
39.707771
36.224689
37.395618
37.312412
37.927605
40.147621
39.627529
38.581413
36.780422
35.297459
36.70911
36.147411
35.627327
36.141479
36.400032
37.743332
38.634918
37.856255
38.058369
39.160946
39.472992
39.785042
39.716686
38.789448
37.945431
39.547295
40.471561
39.264957
38.49226
35.689739
33.841202
33.775826
31.163507
28.566057
30.257086
31.077328
31.526094
28.860273
30.265991
27.371346
26.949333
29.933134
29.322376
28.36006
28.100863
28.267704
26.626097
24.183071
26.447344
26.068974
20.983284
21.510626
20.196747
16.964193
19.019917
18.179758
16.779486
20.229523
20.405306
17.131037
19.165907
19.60684
19.726023
18.93948
15.876745
14.494349
13.296664
12.960003
15.283867
15.972085
17.539206
16.958239
17.464718
18.921608
16.827147
15.268968
15.787373
16.523254
15.483478
14.238127
15.590734
14.416887
13.901465
14.217273
12.548859
11.297548
12.084085
13.555867
13.847837
14.589684
14.994873
12.301574
13.281766
13.049381
12.203259
12.849771
14.127892
14.601603
15.298764
14.759508
15.501353
15.313659
16.582846
16.010822
14.83101
15.507316
14.375696
14.309834
14.794808
15.186988
14.968448
15.366604
15.4175
16.456316
16.507202
17.974108
17.264606
17.276581
16.680836
15.749804
15.645019
14.800803
14.63914
15.121123
13.600331
15.151063
14.220024
14.348752
14.492452
14.926538
15.872543
15.049273
15.959362
15.719865
16.270699
16.495232
16.564085
16.920332
16.983196
16.082098
16.30962
16.249744
16.076109
14.926538
15.076219
14.702009
14.357734
13.465612
14.232
13.806894
15.414506
15.109147
13.73804
13.887722
14.432577
13.444657
13.345867
13.324914
14.983416
15.390558
16.076109
15.881521
15.636035
16.579048
17.114922
17.462191
16.504208
18.074608
17.848972
17.292414
17.782791
17.27737
16.582422
16.883268
17.370634
18.486761
19.211792
19.103487
18.140795
18.610107
19.554752
18.932007
18.402523
18.540909
18.637175
18.261129
17.090847
17.641397
18.441631
18.444645
19.040308
18.793617
18.495781
19.51865
20.427195
21.001802
21.34477
20.878454
22.280386
21.480143
22.376648
21.705772
21.06197
20.096268
20.357994
20.231646
21.359804
21.233458
20.998796
20.505413
20.57461
21.302647
21.233458
21.425991
22.132969
23.640188
23.583033
22.85198
23.929001
24.711189
24.338142
24.750296
24.732243
25.201563
25.394096
24.362207
23.652218
23.200958
23.191936
22.746689
21.777521
21.360872
21.41824
21.699018
21.587317
21.807714
21.077066
21.046871
20.391706
19.470852
18.6768
18.830778
19.129684
19.030045
19.507084
19.362158
20.328312
20.509457
20.542664
21.137451
21.273315
21.080086
22.040194
22.538363
22.73159
22.067366
21.795637
24.371017
24.38612
25.279802
25.953081
25.950066
25.557566
26.535791
26.405964
26.034599
26.95244
27.043009
26.158388
25.104694
26.3486
26.415026
26.958483
27.510994
27.142654
27.030937
26.725998
26.719963
26.991688
26.04064
25.002029
25.623991
26.276136
27.052071
27.471739
28.323156
28.993423
28.733767
29.391958
29.645571
29.784458
29.524799
29.533859
29.724592
30.535978
30.357357
29.521753
29.918358
29.90624
29.624687
29.833595
29.052477
28.822382
30.060659
30.463322
30.181763
30.420937
30.508724
31.105165
30.605618
32.077003
32.013432
31.792431
32.328293
32.092152
32.207195
32.149677
31.83481
31.513889
31.344326
30.103046
31.220215
29.733681
29.452114
30.048544
29.785143
31.005259
30.103046
31.507828
31.423056
31.501781
31.138474
31.510855
32.403992
32.237461
31.568377
30.881124
30.75094
31.162687
30.872042
31.2626
30.336163
30.112125
30.778185
30.402767
30.066715
30.072758
29.80937
28.955589
28.946514
28.65889
29.02523
29.68524
29.869919
29.654961
28.916233
29.45817
29.889275
29.555326
29.342806
29.485491
29.497635
29.345839
29.115099
28.699173
29.452095
29.779987
30.602737
31.443695
32.752205
32.913116
31.974998
31.956787
32.184483
31.792831
31.874805
31.49835
30.548082
30.365932
29.719254
29.178862
29.127245
28.899548
27.375483
28.638451
29.218327
29.011877
27.982677
27.964464
27.782305
28.176983
28.025185
28.617201
28.647564
29.242615
29.55228
29.925709
30.02894
30.08358
29.370129
29.35495
29.503712
30.387182
31.431562
32.105553
32.093399
32.102512
32.618622
32.65202
31.987141
31.950724
31.981073
31.914284
31.856604
32.27557
32.333248
32.27557
31.744263
31.920837
33.467415
33.147751
33.433918
33.284752
33.643986
33.467415
33.570923
34.402054
34.925705
35.239277
34.977451
34.88308
35.032246
35.44326
35.208832
35.717251
36.055183
35.053566
34.953102
35.017033
35.160126
35.318432
35.43108
36.198273
35.233189
35.428028
36.201317
34.88308
35.625927
33.70488
32.630203
32.69413
31.50985
33.988014
34.085434
34.453804
34.088478
32.648464
31.248026
31.016655
30.094191
28.514128
29.049952
28.483685
28.036156
28.626776
29.935884
28.95253
27.220243
28.173151
28.310152
26.851871
25.420994
25.271812
26.288649
27.405958
27.5186
27.865671
29.095619
28.876415
28.578066
28.803349
28.964706
27.771284
28.170111
27.582529
27.67387
27.295151
26.021561
25.899393
26.470531
26.213976
26.488852
27.643328
27.933475
28.309141
27.481457
28.11367
28.156431
27.988453
27.10885
27.365402
27.970131
27.945694
28.626776
29.27426
30.053068
29.472782
29.240664
30.282131
30.285187
31.170897
31.002918
31.717602
31.677898
31.305294
31.259466
30.584509
29.616323
29.518593
29.387268
29.384214
30.596716
30.254648
29.42697
29.103228
28.5382
27.481457
27.591406
27.313478
28.156431
27.536432
27.298208
28.758102
29.616323
30.080555
29.567457
29.909533
30.227167
31.22893
32.053562
31.717602
31.558775
31.552671
31.742031
32.56665
32.468933
32.493362
31.522131
32.72242
32.68272
32.814404
33.445271
33.509586
33.861778
33.252338
34.027145
33.93832
34.076138
34.756012
34.648834
34.413006
35.025505
34.80806
34.835644
35.129631
34.183319
34.446709
34.703957
34.967327
35.625771
35.279701
35.065315
30.790112
30.624743
30.021431
30.419552
29.699869
30.269485
31.904844
32.361164
32.315224
32.783779
33.080841
32.462223
32.462223
32.229473
32.159035
32.618408
32.97364
32.927723
32.302963
33.105347
32.808281
32.502029
32.296856
33.068588
33.485085
34.091457
34.801964
34.994896
34.728443
34.893818
35.546135
35.683945
35.619625
35.438946
35.524712
35.561443
35.258263
35.987137
36.541435
36.232132
36.363808
36.097378
36.290794
36.471916
36.600864
36.929363
36.232452
35.919319
35.49873
35.643028
35.977642
36.536388
36.877174
35.775032
36.103516
35.977642
35.296112
35.044365
35.434258
36.220184
36.078957
37.205666
37.641602
37.752125
38.372272
39.40073
39.112144
39.038471
40.057713
40.564278
40.398479
39.898075
40.177452
40.533569
40.453747
39.704662
40.162094
40.137543
40.011665
38.596375
37.656948
38.507359
38.467442
38.366123
37.715282
38.682346
39.845882
39.419151
38.694626
38.630154
38.169647
36.966187
37.706078
38.421394
37.571003
36.487263
37.135048
37.549503
38.33543
38.267879
38.473579
38.488937
38.53191
38.482788
39.015278
39.412327
39.643166
40.640388
40.960491
40.689632
40.628078
41.025135
41.548374
40.461876
39.126076
39.298447
39.267658
39.304592
38.732101
39.824757
40.526512
40.95742
40.935867
41.536057
41.440643
39.16608
38.972176
39.243034
38.356613
37.497871
36.697617
37.719475
37.882607
38.568977
37.793354
37.396309
37.140835
37.150066
36.445236
37.488636
37.183926
36.783802
35.878906
35.765026
36.008179
36.199005
37.020794
37.313194
35.589581
35.620369
34.847805
34.595425
34.306103
33.905975
34.022938
32.730228
32.170063
32.579418
31.948441
31.11434
32.530159
32.28701
33.508926
33.555111
32.536335
32.065411
32.296242
32.842705
33.074249
33.926346
34.259773
34.08997
34.043655
34.50367
33.657745
32.589546
31.910337
31.944296
31.345364
32.518536
32.058521
32.848873
32.885921
34.269043
34.284473
34.046749
33.074249
31.814631
30.301851
30.681595
30.502525
29.202772
29.844933
27.936981
27.356571
25.457876
27.168242
26.090773
27.677652
27.943159
28.458735
27.785706
27.946239
25.871582
24.994783
25.244854
26.427292
26.850256
25.84379
26.695885
28.06356
28.662497
29.125593
28.075907
27.510933
27.149717
27.915371
27.60664
26.442726
26.121651
26.769983
27.279383
27.671471
27.39979
26.865686
26.248232
24.676792
23.201061
23.043606
23.935835
24.991695
24.145523
24.36249
22.936697
21.696878
22.772421
24.024637
24.796425
24.526766
25.673599
25.456636
26.58177
25.899864
26.101341
25.075388
26.051744
25.732494
25.26136
26.15093
27.706909
26.891727
27.021908
28.52519
30.071867
28.729759
27.957972
29.163692
30.701078
30.933548
30.614286
30.989332
29.411659
29.687523
30.800255
30.180349
30.527508
30.363228
29.498446
30.050169
28.987022
29.055212
27.815392
27.926973
29.628628
29.758812
31.854111
31.491455
31.618546
32.384144
32.45232
32.080376
30.927338
32.083473
31.308588
30.701078
29.861097
29.904486
30.233036
29.892094
31.246597
31.150515
31.209412
31.578247
31.258995
30.254652
31.032015
30.882759
31.694324
32.530758
32.107861
31.868458
32.235352
32.732861
32.596039
32.773293
32.835468
32.894554
33.199284
33.671906
33.326756
33.336098
33.49155
33.818054
33.805622
33.929981
33.814938
34.25647
34.987198
34.816166
35.581093
35.742779
35.637054
35.447392
35.87027
35.867165
36.510811
36.429958
36.249615
36.656944
36.86528
36.647621
36.625847
37.465397
37.092258
37.197987
37.005207
36.868393
36.759563
36.224743
36.209187
34.921898
35.055599
35.658821
36.23407
35.80497
36.479717
36.327354
36.700485
36.433071
36.554348
35.81741
35.553112
34.558083
35.276379
35.96666
36.302475
35.962505
35.884525
36.028
36.689236
36.552006
36.009289
36.102863
35.179626
34.072361
34.331242
35.107887
34.702415
34.926991
35.619408
35.388603
34.661861
34.783508
34.134743
34.926991
35.14843
35.600689
36.143406
35.847088
35.397957
36.670521
36.489628
35.033035
34.714886
34.643147
34.624435
34.783508
35.229538
34.640034
33.944492
33.476631
32.048107
31.686308
33.039963
33.426739
33.682487
33.685604
33.039963
33.788544
33.071163
32.057461
31.327614
31.240274
31.960787
32.933914
32.681271
32.784203
32.375607
32.784203
32.615772
33.111702
33.825966
33.866508
34.321892
34.509033
33.679367
33.539009
33.258305
33.87587
34.792782
35.11198
35.909981
36.078968
36.707985
36.661045
36.382519
36.445107
35.221512
34.126221
33.969749
34.645699
34.407864
34.733326
35.537579
35.593914
35.196476
34.852245
34.407864
34.64257
35.108852
36.335587
36.238575
37.546661
37.171131
37.133583
38.78904
39.186478
39.727859
39.965698
39.981339
40.065849
40.053333
39.828011
39.812359
40.538376
40.237965
40.122173
39.765419
40.04707
40.025166
39.98447
40.159725
39.925014
39.975098
39.427433
39.950043
39.874943
39.68718
40.497704
41.086025
40.87011
41.355152
41.474075
41.317608
42.187576
41.718174
41.270664
41.542923
41.474075
41.314476
40.967113
40.256741
39.82053
40.033924
40.087273
40.118652
40.184559
40.300671
40.749432
40.9189
40.740017
40.413651
40.407368
40.401096
40.266144
40.344597
40.78709
41.672058
42.258904
41.687748
41.433552
40.837296
40.881233
41.154263
41.088364
42.519371
42.939884
42.961864
43.884483
44.213993
43.181522
42.66058
42.450333
42.544476
42.852024
41.847797
41.568489
42.290287
43.379242
43.727573
43.357265
43.762093
43.683647
43.545567
43.721298
43.818588
43.479656
43.49535
44.21714
44.314419
44.370903
44.530956
44.844776
44.851044
44.521538
44.656475
44.612541
44.534081
45.406509
45.488102
45.908615
45.268429
45.334324
45.177429
45.649323
44.944618
