Adjusted
24.598801
24.968128
24.265953
24.088131
23.955896
23.778082
23.805435
23.737041
24.352585
23.841919
24.074451
23.641298
22.779535
22.332697
22.095604
22.989275
23.030313
23.44067
23.463463
23.271969
24.238598
24.352585
24.211235
23.518188
23.67321
22.911764
22.74762
23.527302
23.88295
24.411858
25.027399
25.218893
25.332891
25.6019
25.419518
25.738689
26.61869
27.065517
26.983444
27.088322
25.811646
26.203762
26.066975
26.568529
25.980343
24.71735
23.937662
25.095793
25.551748
26.012264
25.624697
25.095793
25.848118
24.667196
24.981802
25.766045
26.331427
26.176407
25.475235
25.502642
25.347334
26.123878
26.461901
26.585234
26.845602
27.60388
27.704376
27.357206
27.571907
27.375486
27.667831
27.823135
28.768696
28.796112
29.006229
29.170673
28.955976
28.809805
28.677338
29.216343
29.070177
28.334747
28.677338
28.252518
28.41696
28.627092
28.987957
29.216343
29.705118
30.705494
30.997822
30.924738
31.313028
31.879435
31.820057
31.482031
31.482031
31.62821
31.678448
31.54598
31.399815
32.509815
32.902649
33.793404
33.565006
34.446606
33.948704
34.629322
34.273022
34.496857
34.135994
34.282177
33.80711
35.072407
35.926613
36.387978
36.054508
35.730183
35.862675
36.054508
35.981422
36.031673
34.473824
35.118931
35.430046
35.132656
33.142448
31.788212
31.811075
31.481674
31.623508
31.769918
31.774481
31.243771
31.44964
32.726116
32.630043
32.565998
33.119598
32.090176
31.303246
30.594099
29.994751
30.063377
29.807167
33.581673
34.025482
33.943119
32.31435
32.469898
32.845081
32.28233
32.552265
33.03265
33.064678
34.208477
34.309124
33.691467
33.760105
33.590824
33.618282
33.366646
33.673164
33.005199
32.826767
33.508469
34.158146
33.645733
33.275135
33.000629
30.93265
30.882322
31.152267
28.718279
29.660767
30.31044
31.303246
29.706518
29.152924
27.217623
27.615665
29.111742
28.31567
27.725471
27.615665
27.931351
26.475758
22.858551
23.559984
23.362852
18.494057
20.859686
19.83275
16.683161
16.56855
15.005221
15.069402
18.466553
18.333603
15.266543
17.063686
16.641909
17.865974
16.738178
14.881436
14.785165
14.097485
13.75364
16.252224
19.300947
20.868855
19.961117
20.951384
21.061413
19.37429
18.943342
20.240776
20.181168
18.539904
16.591475
18.072283
16.962822
16.710674
16.192623
14.670549
14.202928
15.821265
17.182882
18.319849
19.085466
20.03447
16.302647
17.83847
17.604662
16.687752
17.980595
19.24593
19.910686
21.189772
19.479744
20.387478
19.603519
20.955961
20.286613
19.002949
19.548504
18.860825
18.833321
18.759964
19.420139
19.362661
20.525982
20.567375
20.884642
21.132938
21.726091
21.045576
21.500788
20.76969
19.399454
20.043188
18.866062
20.167334
20.751295
19.394852
21.252491
20.834068
20.990393
20.972006
21.073162
21.620338
21.220303
20.516788
20.39724
20.61795
20.447824
21.698503
23.533152
23.487175
21.956001
22.296267
22.35144
21.868643
20.884642
20.581163
20.434025
20.102961
18.875259
19.905239
19.077578
18.751116
18.590189
16.796915
17.132576
18.157963
16.833696
16.521034
16.217556
17.541811
17.886665
18.001623
18.052198
17.408466
17.624577
18.484419
19.105167
18.46603
20.084572
20.056984
20.190321
21.082361
19.821335
19.37871
19.890501
20.678925
22.029848
22.214287
21.587227
20.872568
21.057001
22.218893
21.928421
20.946348
21.241428
21.956081
21.273699
19.858217
21.259867
21.135384
20.987841
21.264479
21.642555
22.108236
22.956593
22.467865
22.638466
23.583662
20.766523
21.647167
21.776266
23.011927
21.873095
22.301884
22.14974
23.145638
22.347994
22.961208
23.081093
24.261427
23.413057
23.652813
24.404364
23.87874
24.459682
25.059074
25.474035
24.929976
24.805485
25.017574
24.408966
23.652813
24.865425
24.551899
24.561121
24.183048
23.537546
23.108755
23.025764
22.62463
22.500147
21.181488
21.199934
21.093885
21.794712
21.89872
22.240818
21.866367
21.556631
20.742996
20.054188
19.314514
19.601143
19.41622
19.041767
20.031069
20.012579
20.548834
20.511854
20.266838
20.345427
20.474871
20.248343
20.937155
21.149813
21.182167
20.738377
19.85078
21.30699
22.485832
23.08219
23.456648
23.299471
22.883406
23.322582
22.948122
22.998978
23.821856
23.881952
23.558355
23.100679
22.985113
22.513575
22.656881
23.188522
23.031338
22.938881
22.532064
22.814054
22.837177
22.051285
21.797022
22.097507
22.504324
22.730844
23.613827
24.076117
24.714075
24.898993
25.416759
26.498518
26.646454
26.341339
26.808254
26.498518
26.406055
26.100948
25.855932
25.624788
26.095072
26.247976
26.062641
23.977631
24.417801
25.126701
25.349104
25.084997
25.40007
25.47884
25.993135
25.54834
26.034838
26.06728
25.761473
26.331379
25.650274
25.460306
26.039473
25.427876
25.159136
24.867228
23.616226
24.464138
23.67646
23.574528
24.121269
23.866426
24.315865
24.162968
25.256437
25.36764
25.265705
25.135975
25.47884
26.386976
26.553782
26.405512
26.173843
26.099707
26.308214
26.238714
26.271141
25.631733
25.942175
26.261879
26.437948
25.932911
26.146036
26.261879
25.803169
25.84024
25.872671
26.020941
26.298948
25.956072
26.122875
25.877302
25.877302
26.071907
26.215544
26.308214
26.37771
26.220177
26.28286
26.203924
25.892801
26.385025
26.296797
26.552197
26.222498
25.990318
25.279846
25.191618
25.289135
24.913002
24.708675
25.094097
25.001226
25.005869
24.476498
24.750475
24.388266
24.318615
23.752094
23.654572
24.4347
24.713327
24.532221
23.589565
24.662235
24.773691
25.498089
25.395937
26.046038
25.855646
26.22714
26.459324
26.593983
26.649708
26.371094
25.976381
26.15284
26.018179
26.547548
26.80759
27.123358
27.239445
27.299818
27.773464
27.652731
27.610939
27.61558
27.703806
28.001001
27.85705
27.98243
28.107807
28.056725
27.85705
28.144958
28.52109
28.62789
28.066019
28.001001
28.128963
28.571024
28.170843
28.459351
28.966555
29.431883
29.552862
29.510981
29.901861
29.799488
29.883255
29.873936
29.785536
29.776222
29.832056
30.07869
29.864632
30.03215
30.316
29.976309
29.650587
29.818104
30.27878
29.613361
29.920473
29.79018
29.780876
29.780876
29.222481
30.041456
29.813452
30.311354
30.03215
29.013092
29.259712
28.431435
28.259258
27.398407
27.742746
27.128519
27.398407
27.48682
28.612911
28.175497
27.309996
28.57568
28.32906
27.095945
26.942387
27.598497
27.551966
28.5338
28.808348
28.738548
29.450495
29.385349
29.53891
29.054966
29.096844
28.696665
28.654787
28.087091
28.063828
28.098795
27.156887
26.779188
26.732553
26.368845
26.228956
26.807163
27.362059
27.716433
27.231485
27.898291
27.800365
27.637165
27.058962
27.063625
27.576544
27.343395
27.725758
28.168739
28.802896
28.793566
28.882166
29.376442
29.138628
29.632898
29.604919
30.047892
30.043234
29.940653
30.015255
29.269197
28.448521
28.378571
28.313293
28.476494
29.161943
29.409075
28.718964
28.835535
28.970764
28.373903
28.164076
28.513796
29.404408
29.105986
29.040703
29.763458
30.071209
30.43026
30.187782
30.560816
30.206438
29.940653
30.724022
30.775324
30.952501
31.083061
31.409475
31.941046
31.908411
31.59132
31.097061
31.754534
31.558681
31.888021
31.74321
31.958103
31.687153
31.705841
32.514015
32.434601
31.962776
32.387878
32.490658
32.523365
33.168041
32.87373
32.948467
32.981171
32.359852
32.71489
32.850368
32.784966
33.252132
33.097958
32.387878
34.485416
34.149059
34.312569
35.008629
34.915203
35.615929
35.914913
35.984985
35.578556
35.826149
36.041042
35.134762
35.382343
34.826435
34.938549
35.896221
36.078423
36.087757
35.480461
36.83989
36.947315
36.816521
36.354042
37.610683
37.447182
37.475216
37.55928
37.876965
37.76952
37.951694
38.026447
37.330383
37.279007
37.026745
37.381775
37.255653
37.082806
37.489231
37.190247
37.232285
37.218273
37.148212
37.328339
37.520172
37.37981
37.702648
36.757511
36.387882
36.046318
35.93869
35.854481
35.910629
36.467415
36.298977
36.378517
36.911915
35.93869
35.447414
35.606503
35.962097
35.962097
35.742191
35.803005
35.096485
35.587791
37.010181
37.085037
37.187984
37.529526
37.936604
38.601002
38.053574
38.109718
38.17522
38.17522
37.473389
38.081642
38.259445
37.969357
36.275585
35.480171
35.176041
35.578426
36.233475
35.578426
36.036964
36.991463
36.48613
35.821728
36.28495
35.629898
35.147972
35.49889
35.32576
35.162003
35.162003
35.559711
35.990173
37.267509
37.32365
38.184582
38.675869
39.054863
38.708607
39.317982
39.697662
39.810154
40.367958
40.728897
40.728897
40.471073
40.264839
39.946091
39.5336
39.242989
39.303936
39.655464
40.007034
39.664845
39.842968
40.733578
41.19294
40.911697
41.263264
40.977329
41.155445
41.380444
40.88826
39.505478
39.06955
39.0508
39.707047
40.105457
40.428898
39.683601
39.421104
39.238289
39.172665
38.689865
39.257034
39.425789
39.341423
38.596115
38.539875
38.882038
38.947674
39.10704
39.538292
38.207058
38.174252
37.349266
37.082088
37.021156
36.64616
37.302402
36.707096
36.27116
37.494591
37.039898
37.124271
37.143013
37.714886
38.455494
38.455494
38.235188
38.952366
38.947674
39.628582
40.201469
40.394001
41.103073
41.342567
41.49754
41.948338
41.6572
40.816631
40.840118
41.093697
40.671066
41.051434
40.412785
41.441189
41.863827
43.605991
43.051868
43.169273
42.910992
41.619633
41.502235
41.121876
41.488148
38.764538
38.975845
36.501122
36.463551
33.007378
34.923298
33.364277
34.984344
35.266098
35.482109
34.510063
34.233002
32.016548
31.504684
31.345032
32.983898
33.411217
33.049641
34.059261
34.899826
35.566639
35.655846
35.064175
34.068645
33.67421
34.782417
34.294048
33.401829
33.068424
33.955948
35.115833
35.895355
36.24754
35.998653
35.890648
34.209518
32.270126
32.321774
33.07782
35.082951
33.977207
33.723114
32.542091
30.975199
31.629248
32.636192
33.60078
33.417263
34.918274
34.932396
35.48291
35.238235
36.216942
35.064137
36.179302
34.955921
35.078251
35.713474
36.800404
35.722885
36.725121
39.124851
38.781338
37.120369
36.86628
38.141422
39.435394
39.28952
39.571838
39.727123
37.656788
38.560204
39.261303
38.715473
38.739006
38.164948
37.096836
37.746178
37.0592
36.499271
36.014614
36.132252
37.252117
37.553261
39.487144
39.247189
38.847229
39.713017
40.051792
40.343529
39.143673
39.887093
39.167183
38.668423
38.367287
39.223652
39.755367
39.167183
40.738773
40.437634
40.748184
41.110497
41.293999
40.271198
40.671829
40.554001
41.261005
41.180889
40.982914
41.463684
41.463684
41.972721
42.151833
42.651463
42.481777
42.528904
42.92012
43.268917
43.141647
43.056812
43.268917
43.711971
43.127518
43.815655
43.763813
43.683693
43.928783
43.966499
44.777187
44.202156
43.858089
44.824318
43.740253
42.976681
44.183304
43.598843
44.324711
44.866753
45.54076
46.431587
46.48344
46.459885
46.455158
46.766247
47.129177
46.648407
47.242306
47.133881
47.020767
45.602039
45.6586
46.723827
46.719109
46.33733
47.138599
46.827511
47.133881
47.086754
47.237576
46.756824
46.865231
45.931973
46.879368
47.666512
49.815796
49.131199
49.768593
49.981056
50.863972
50.849796
50.26907
50.19352
49.414486
48.328545
48.371056
49.608059
49.471146
49.716663
50.963127
50.618454
50.372948
50.585403
49.76387
49.442818
51.369156
52.02544
52.903625
52.148201
51.704372
51.312508
50.86869
50.0802
50.023544
49.881916
49.735546
49.867748
50.042439
49.098156
48.791256
47.511757
45.930073
45.439037
47.322887
47.634499
48.347443
49.083988
48.526855
49.612789
48.876247
48.130257
46.288906
46.232243
46.506077
47.601452
48.04528
49.036777
47.92252
48.696827
47.676998
47.223743
47.50703
47.92252
49.641117
49.423931
47.412601
47.573124
46.874359
47.50703
48.538151
48.973297
50.590927
50.694981
51.120663
50.799038
49.730072
50.2882
49.531418
48.311111
48.925995
50.761196
50.780109
51.73555
51.9342
52.123405
51.584198
50.903091
50.676052
51.130127
52.227459
52.274754
51.877453
51.745018
50.013866
49.578724
51.054436
51.215256
52.236927
51.726097
51.3004
51.659882
51.413921
50.87471
51.612579
52.577469
51.962589
51.962589
51.565269
52.60585
51.546349
51.28149
50.780109
50.713886
51.130127
50.931465
51.385544
50.799038
51.338249
52.501797
52.927475
53.61805
54.147789
54.232933
55.405937
55.387035
55.103233
54.828899
54.876202
54.857281
54.564018
53.882923
53.230198
52.652214
52.813309
52.472202
53.372318
52.396404
52.206902
52.79435
53.258621
52.832245
52.036358
50.956211
51.14571
50.814083
51.486813
52.585899
53.239666
53.01228
52.235329
52.074257
51.316257
50.690907
50.766724
51.429958
50.709858
51.799477
51.278355
51.941608
51.761581
50.690907
50.065571
50.425625
50.037151
49.51601
48.701176
48.739067
48.928577
50.918316
51.297314
51.050964
51.922653
52.585899
52.548008
52.576424
52.585899
52.548008
51.06044
51.032013
51.14571
50.27401
50.292973
50.918316
51.363628
53.81765
53.81765
53.808167
54.31982
55.115704
54.973595
55.513653
54.964111
55.504185
54.670387
55.026531
54.390221
