Adjusted
24.350502
23.04302
21.987431
21.585583
20.332077
20.494013
20.110161
20.649952
20.200123
19.426943
20.455824
20.334063
20.005306
20.96113
22.95801
22.172651
21.764753
22.391817
22.099592
22.099592
22.227438
24.352169
23.968618
22.531845
22.093502
23.09803
21.229006
21.314232
22.148298
22.324852
21.703867
22.22135
21.484705
21.515142
20.541052
21.3325
22.751019
23.116293
22.732748
21.898685
21.49688
21.466436
21.344673
21.843895
20.145329
20.534966
19.926161
21.338585
20.364498
20.449734
19.670465
19.268652
20.096632
19.987041
23.085855
23.29285
24.960976
24.108646
23.566803
23.554636
23.238056
24.802681
25.174051
26.227283
25.721977
25.490635
24.839211
23.8773
23.560722
23.195442
23.028872
23.324984
24.836391
25.027636
25.144846
24.484755
24.398396
24.830223
26.144218
26.150389
26.384806
26.286106
25.268221
26.20591
26.588388
26.045515
26.779631
25.601349
25.521154
25.416281
26.230589
26.088697
26.267601
26.779631
27.038725
26.563717
26.212082
25.132505
24.601974
24.26268
24.688339
25.027636
25.860447
25.638359
24.694506
24.632816
24.842564
26.045515
24.509438
23.762989
24.182478
23.485382
23.837011
24.44775
24.861071
23.800003
23.448368
24.26268
23.553238
22.621725
22.782114
23.503891
22.048008
21.665527
21.610006
21.289215
20.727842
20.110937
19.457024
20.894402
19.074543
19.42001
18.507002
17.649511
17.128368
18.472017
18.76712
18.898979
18.57876
18.742004
20.336803
18.31505
18.440624
17.668344
18.993158
18.892698
17.209995
16.946291
16.475382
17.398352
17.731129
17.147211
17.253948
16.952568
16.167732
15.464506
15.533578
15.791
15.188244
14.805243
15.031279
14.899426
15.684266
14.811518
15.294982
15.326375
16.293301
16.280739
16.161446
16.757923
15.998206
16.211676
17.41091
16.280739
16.312138
16.531895
17.297897
14.911983
14.855475
12.789769
12.50723
13.449039
10.096195
10.673841
9.945507
10.045964
10.705234
8.922075
9.480883
9.179502
4.765555
6.07153
4.866014
2.825428
3.390514
2.448704
3.026347
3.547481
3.421907
3.534925
3.384234
3.842583
3.50981
3.038905
1.915012
1.758044
1.362484
1.23691
2.128489
1.87734
2.254064
2.599394
2.341966
2.819149
1.412714
1.48178
1.299697
0.860186
0.307658
0.219756
0.219756
0.276264
0.433232
0.2951
0.251149
0.251149
0.257428
0.627873
0.853907
0.728333
0.866465
0.715775
0.590201
0.847628
1.004597
1.03599
0.973203
0.992039
1.017155
0.904137
1.130171
1.161565
1.042269
0.992039
1.010875
1.098777
0.847628
0.772284
0.69066
0.809956
0.759726
0.753448
0.809956
0.89158
0.847628
1.004597
1.243188
1.312254
1.149007
0.929252
0.916694
0.822513
0.74089
0.728333
0.696939
0.766005
0.646709
0.671824
0.646709
0.533692
0.552528
0.44579
0.408117
0.533692
0.470905
0.483462
0.470905
0.508577
0.533692
0.458347
0.426954
0.389281
0.34533
0.320215
0.326494
0.288821
0.288821
0.226034
0.307658
0.389281
0.426954
0.370445
0.288821
0.238592
0.257428
0.207198
0.207198
0.238592
0.269985
0.251149
0.276264
0.401839
0.383002
0.383002
0.389281
0.313936
0.276264
0.414396
0.401839
0.439511
0.433232
0.414396
0.34533
0.44579
0.408117
0.426954
0.452069
0.609037
0.659266
0.533692
0.596479
0.659266
0.652988
0.659266
0.659266
0.389281
0.339051
0.34533
0.364166
0.339051
0.389281
0.39556
0.401839
0.408117
0.39556
0.389281
0.514856
0.615315
0.571364
0.590201
0.590201
0.753448
0.766005
0.69066
0.659266
0.652988
0.64043
0.64043
0.728333
0.734611
0.734611
0.747169
0.822513
1.130171
1.268304
1.525731
1.519452
1.488059
1.714093
1.820831
1.776881
1.695257
1.544567
1.456665
1.299697
1.450386
1.48178
1.362484
1.280861
1.299697
1.161565
1.067384
1.142729
1.180401
1.280861
1.155286
1.149007
1.142729
1.224352
1.161565
1.130171
0.998318
0.872743
0.879022
1.004597
1.029711
1.048548
1.061105
1.079941
1.08622
1.067384
1.048548
1.111335
1.167844
1.117614
1.117614
1.268304
1.299697
1.268304
1.224352
1.268304
1.550846
1.343648
1.538289
1.657584
1.758044
1.958963
1.87734
1.833389
1.758044
1.695257
1.645027
1.638748
1.852225
1.770602
1.720371
1.670142
1.726651
1.688978
1.638748
1.550846
1.506895
1.626191
1.632469
1.695257
1.770602
1.864782
2.184997
2.197555
2.316851
2.881936
2.649624
2.637066
2.743805
2.706132
2.549164
2.423589
2.367081
2.66846
2.800313
3.045183
2.919609
2.750084
2.944724
2.988675
3.038905
3.195873
3.233545
3.189594
3.051462
2.969838
3.11425
3.177037
3.233545
3.290054
3.296333
3.290054
3.25866
3.183315
3.089135
2.655903
2.750084
2.561722
2.41731
2.385917
2.574278
2.605673
2.505213
2.61823
2.549164
2.568
2.511491
2.593115
2.844264
2.681017
3.65422
4.263257
4.131402
4.30093
4.275815
4.037223
3.936763
4.093731
4.332324
4.363718
5.010426
6.153155
5.927121
6.153155
6.71196
7.270767
6.699405
6.781027
6.17199
5.53156
6.015023
5.902006
5.745038
6.87521
7.622789
7.955048
8.306474
7.929489
7.379982
7.386375
7.348036
7.763361
7.693071
7.788917
7.891151
7.718631
7.162735
7.002997
6.900763
7.015775
6.996609
7.028554
6.964659
6.581283
6.542946
6.3257
6.274582
6.165959
5.942324
5.712299
6.070116
6.364037
5.801753
5.750636
5.712299
5.852869
5.84009
5.795363
6.00622
7.680295
8.255359
8.108397
8.140342
8.153125
8.287307
8.236188
8.332031
8.376761
8.338422
8.440658
8.619564
8.747355
8.951823
8.996549
9.296864
9.201016
9.34798
9.424651
9.424651
9.648289
10.121119
10.504492
10.702572
10.734522
10.319199
10.146677
10.338365
10.536444
10.689792
10.363924
10.28086
10.191405
10.357533
10.395871
10.325588
10.478939
10.689792
10.306417
10.319199
10.46616
10.229743
9.827199
9.648289
9.699406
9.852757
9.833589
9.903871
10.038055
10.018884
10.044444
10.185017
10.031665
10.721742
10.542832
10.587559
10.121119
8.99016
9.437432
9.539668
9.558834
9.584395
9.264915
9.105175
8.868758
8.574834
8.146735
8.383149
8.421488
8.332031
8.427876
9.009329
8.958213
8.932654
9.009329
9.047667
8.740967
8.466212
8.453436
8.415097
8.625956
8.721799
8.926265
9.098783
9.1499
9.335198
9.34798
9.30964
9.098783
9.188239
9.01572
9.098783
8.964602
8.613176
8.472604
8.261744
8.146735
7.897542
8.447045
8.574834
8.785695
8.760136
8.913485
9.002937
8.798472
8.453436
8.574834
8.670681
8.555668
8.75375
8.792086
8.887928
8.836812
8.855979
8.868758
8.89432
9.079618
8.958213
9.117956
9.130733
9.092398
9.201016
9.086003
8.779304
8.606788
8.625956
8.664291
8.99016
9.1499
9.0285
8.919876
8.881539
8.811252
8.862369
8.779304
8.900707
8.715407
8.99016
9.226577
9.456603
9.418263
9.405485
9.431045
9.316032
9.367149
9.833589
9.808032
9.839976
9.654679
9.63551
9.980549
9.782474
9.776081
9.641899
9.929431
9.910262
9.94221
10.012498
9.967771
9.954991
10.185017
10.248911
10.255301
10.082784
10.095564
10.044444
10.095564
10.159458
10.306417
10.300028
10.530056
10.491717
11.092338
10.817586
10.855922
10.900651
10.823976
10.587559
10.536444
10.734522
10.843143
10.913429
10.983717
11.169014
11.341535
11.373478
11.111506
11.858959
12.430576
12.398372
12.398372
11.520824
11.786505
11.818707
12.156844
12.478882
12.438623
12.720408
13.106851
12.961935
13.034391
12.841169
12.720408
12.833117
12.937782
12.712356
12.28566
12.003879
12.189046
12.29371
12.10049
12.084385
12.172948
12.559388
12.6399
12.849221
12.704308
12.470831
12.462777
12.30782
12.501517
12.671001
12.493448
12.695216
12.372389
12.436951
12.049559
12.122195
12.097985
11.896216
11.944639
11.952714
12.186762
11.976924
11.702519
11.646024
11.581459
11.839723
11.984995
12.009209
12.106055
11.759013
11.952714
12.049559
11.976924
12.049559
12.073772
12.267467
12.332032
12.348177
12.404673
12.469234
12.469234
12.41274
12.719426
12.759781
12.719426
12.525729
12.41274
12.275539
12.574157
12.848558
12.533799
12.17062
12.332032
12.210973
12.089912
12.29168
12.041489
11.84779
12.009209
11.759013
11.944639
11.767084
11.944639
12.267467
12.493448
12.493448
12.227114
12.235186
12.219044
12.251328
12.106055
12.30782
12.493448
12.485377
12.445023
12.315892
12.356247
12.162548
12.114125
12.057629
12.041489
12.187738
12.553371
12.545246
12.423369
12.496496
12.699624
12.943379
12.951507
12.992132
13.284635
13.569015
13.569015
13.552767
13.284635
13.089634
13.057132
12.935253
13.024632
13.284635
13.195259
13.341514
13.09776
13.122133
13.040881
13.114008
13.27651
13.032756
12.927128
12.902754
13.122133
13.187135
13.244012
13.390263
13.073382
13.406511
13.187135
13.032756
13.122133
13.146507
12.975881
12.626497
12.86213
12.959632
12.748376
12.951507
13.292761
13.374011
13.374011
13.300888
13.170885
13.089634
13.211508
13.398389
13.504015
13.560895
13.585267
13.772146
13.772146
14.105277
14.032149
13.642143
13.577141
13.470876
13.242001
13.43818
13.397308
13.732449
13.953144
14.141153
14.206546
14.051237
13.994019
13.61801
13.765146
13.740623
13.707927
12.522688
12.661643
11.517273
11.280224
9.604538
11.10857
11.018657
11.705277
11.329269
11.803365
11.672582
11.607187
10.781607
10.73256
10.797955
10.936913
10.855174
10.46282
10.658997
11.296573
11.116743
11.14944
10.88787
10.389251
10.201247
10.503686
10.307509
9.857936
10.037766
10.201247
10.470992
10.724387
10.389251
10.340205
10.658997
10.005069
9.72715
10.078635
10.20942
10.470992
10.144028
10.389251
9.890631
9.261228
9.375665
9.351142
9.964196
9.68628
10.094984
10.02142
10.466445
10.466445
10.532374
10.210964
10.787856
10.672477
10.787856
11.109267
11.603745
11.480125
11.455401
11.966361
12.164154
12.114705
11.488367
11.933396
12.122946
11.991084
11.958118
12.221841
11.743847
11.653193
11.916913
11.743847
11.859223
11.644952
11.274094
11.290574
10.952684
11.026855
10.565339
10.705442
11.12575
11.158715
11.603745
11.496608
11.471884
11.743847
11.702641
11.776814
11.430678
11.63671
11.537815
11.570779
11.579021
11.842741
11.966361
11.826262
12.271291
12.238325
12.328979
12.361943
12.337221
12.212768
12.403592
12.461671
12.644197
12.345516
12.445075
12.287441
12.254251
12.36211
12.420185
12.312328
12.592549
12.857207
13.019417
12.882822
13.326759
13.121863
13.343835
13.497507
13.599955
13.625566
13.463361
13.471892
13.506044
13.7024
14.129269
14.146341
14.154881
14.231718
14.146341
14.001208
14.265866
14.10366
14.385386
14.530522
14.334166
14.086584
13.821925
14.206101
14.282937
14.300014
14.10366
13.890225
14.035357
14.086584
14.248792
14.069507
14.35124
14.10366
13.96706
13.907298
14.402466
14.32563
14.171957
14.436614
14.470762
14.547595
14.359777
13.984135
14.197569
14.342697
14.35124
14.257331
14.334166
14.50491
14.496371
14.291477
14.214639
14.282937
14.206101
13.864611
14.095121
14.412928
14.344209
14.601892
14.687783
14.670604
14.584715
14.868158
14.713545
14.790861
15.091483
15.185964
15.503773
15.289039
15.392112
15.752861
15.735686
15.374931
15.495184
15.289039
15.400698
15.55531
15.460828
15.194556
15.151607
14.816627
14.266909
13.99205
14.387156
14.498818
14.550355
14.584715
14.438692
14.87675
14.438692
14.387156
13.871794
13.708599
14.18101
14.653423
14.387156
14.713545
14.352799
14.5933
14.524589
14.790861
14.687783
14.756499
14.859571
15.031357
14.799447
14.859571
14.756499
14.859571
15.031357
15.100075
15.538128
15.770041
15.718504
15.718504
15.881701
15.890292
15.709918
15.615435
15.511787
15.606798
15.606798
15.606798
15.416787
15.123135
14.881298
14.855391
14.872665
15.062678
15.434058
15.632706
15.744987
15.649981
15.727712
15.995456
16.228647
16.159557
16.073187
16.142282
16.047279
16.150919
16.09046
16.004097
16.107733
16.176828
16.021364
15.969545
16.030003
15.995456
17.550085
17.066425
17.290985
17.576
17.619183
17.740103
17.774651
17.930111
18.120117
18.016481
18.128757
17.791922
17.351442
17.19598
17.273708
17.334167
17.273708
17.187342
17.161428
16.997335
16.798683
16.686403
16.574125
16.634581
16.815952
16.824591
16.556852
16.487753
16.574125
16.617308
16.712311
16.660494
16.660494
16.764133
16.816254
16.781507
17.016033
17.137636
17.14632
17.14632
16.9118
16.798878
16.512239
16.625156
16.642527
16.625156
17.076836
16.694645
16.798878
16.503553
16.477495
16.408003
16.442751
16.399324
16.347206
16.286404
16.043194
16.09531
16.216911
16.460123
16.277714
16.364574
16.520926
16.642527
16.329828
16.31246
16.599108
16.82494
16.946547
16.868368
16.989975
17.38953
17.545885
17.606688
17.459021
17.633701
17.459021
17.424088
17.345482
17.380413
17.20574
17.345482
17.162066
17.162066
17.031065
17.20574
17.188274
