Adjusted
21.555532
22.292433
21.821766
22.682278
22.273417
23.057858
22.924742
23.143433
22.896215
22.44932
22.639488
22.454073
21.95013
21.108641
21.303562
21.67914
20.47633
20.443054
20.514362
20.918468
21.72193
21.836031
22.007181
21.189457
21.332083
21.122902
21.170441
21.20372
21.43668
21.60783
21.270281
21.213228
21.479467
21.67914
20.885189
20.405014
20.73781
20.946997
20.818632
21.612583
22.496864
23.091139
23.447702
23.276552
22.72982
23.152941
21.931114
22.468334
22.824902
23.053106
22.606211
22.230629
22.862938
22.610966
23.02458
23.585573
24.251162
23.88509
23.761482
23.585573
24.498381
25.140198
24.674288
24.560183
24.888226
24.750353
24.664778
24.260672
24.764614
24.075258
24.141815
24.279684
24.626741
23.75197
24.607725
24.769371
24.194111
24.008699
24.255917
24.436577
24.973797
24.583956
24.607725
25.197248
25.496761
25.515779
25.739229
25.306593
25.724964
25.501518
25.900869
25.420694
24.988066
25.173479
25.240034
25.301844
25.610865
24.950029
25.525286
25.18774
25.506271
25.468239
26.314482
26.300224
25.94841
26.290712
26.73761
26.927774
26.033985
25.815294
25.762997
25.268562
25.068888
25.739229
25.829559
25.458727
25.411184
26.371534
26.014971
26.033985
25.915131
25.900869
25.168722
25.13069
25.173479
24.80265
24.384279
24.289196
24.564939
25.449221
25.587091
25.953167
25.530043
25.458727
26.148088
26.057758
26.338255
23.547543
23.599833
24.293947
25.054621
25.045116
25.915131
25.040358
25.663158
25.629883
25.663158
25.525286
25.5966
26.300224
26.63777
26.167105
26.989578
26.827938
27.146467
27.008598
26.95155
26.747118
26.52367
25.934147
25.967426
25.743982
25.820051
25.297089
25.620369
25.553814
25.297089
25.045116
23.904108
24.427067
23.761482
22.748833
22.378008
22.197348
22.259151
23.314587
22.877199
22.739328
23.69017
22.311449
22.42555
22.087999
21.256014
21.246508
22.197348
22.368498
23.12442
20.176815
21.693403
21.536516
21.246508
21.750456
19.910582
19.297289
19.525488
19.035809
17.81398
20.276651
19.644346
18.199066
19.677622
20.457312
22.102262
21.878819
22.09276
21.617336
20.595184
20.157801
21.284542
21.698156
22.206858
21.797997
22.492109
22.378008
21.403399
21.084866
21.412905
21.317822
20.985027
21.13241
22.487356
22.306696
21.826523
21.498482
20.538134
19.744184
19.710903
20.314688
20.985027
21.417662
21.294056
20.186325
20.961258
21.95013
21.655369
22.530142
22.18784
21.31307
21.67914
20.95175
21.408148
21.084866
22.758345
22.653749
23.190975
23.604593
23.913614
23.77099
23.989683
23.77574
23.718693
24.403297
24.312965
24.807404
24.246408
23.595085
23.162451
23.233765
22.710802
22.653749
23.015072
22.639488
22.834414
22.953264
22.439814
23.485739
23.152941
22.939003
23.005562
22.929497
24.027714
24.075258
24.137062
24.660021
25.102165
24.70281
24.831175
24.93577
24.488873
23.661642
23.75197
24.008699
23.889843
23.162451
23.576065
23.314587
23.77099
23.271797
23.932631
23.552294
22.378008
21.298805
21.046835
21.403399
21.569796
20.813875
20.923223
20.780596
21.160933
20.937487
21.122902
21.598318
21.008801
21.916853
21.460447
21.061094
21.065853
21.717175
21.184706
20.86142
20.889942
21.094372
21.688648
22.021444
21.479467
21.251263
22.335218
22.996054
22.54916
22.530142
22.644241
22.596701
22.178333
21.175196
21.322577
21.246508
20.809124
20.790108
21.973904
21.821766
21.774225
22.596701
22.62998
22.32571
21.774225
21.303562
21.346346
21.165691
20.932735
21.598318
20.923223
21.227491
21.175196
21.108641
21.013556
20.799616
20.614202
20.295668
20.119766
20.233868
20.124517
20.191076
19.701395
19.97714
20.490591
20.333704
20.48584
21.265526
21.355854
21.194214
21.151424
21.194214
21.051588
21.008801
21.365364
20.885189
20.994535
21.645861
22.107019
22.354239
22.021444
22.183084
22.121279
22.763102
22.591946
22.520634
22.268661
22.26391
21.821766
21.750456
21.484219
21.355854
21.256014
21.127653
21.531763
21.351101
21.783735
22.282921
22.739328
22.805887
23.081631
22.75359
22.981791
23.02458
23.271797
23.642624
23.680658
23.571316
23.262291
23.428684
22.739328
22.268661
21.60783
21.755205
21.869307
21.702913
21.797997
21.484219
21.370119
21.032572
21.070602
21.498482
21.855043
21.912096
21.869307
21.988163
21.978655
21.783735
21.512743
21.422415
21.450939
21.531763
21.612583
21.931114
22.26391
22.444569
22.030952
21.916853
22.121279
21.907347
22.016691
21.78849
21.755205
22.168825
21.931114
21.812258
21.869307
21.964394
22.382765
22.097513
22.107019
21.536516
21.160933
21.393892
21.736195
21.541269
21.498482
21.536516
21.479467
21.664879
21.893082
22.168825
21.95013
22.254402
21.926357
21.550781
21.20372
20.83765
20.647478
20.500103
20.243376
20.414526
20.229113
20.286163
20.823385
20.856667
21.631601
21.99292
22.145054
22.254402
22.411285
22.28768
22.368498
22.54916
22.577686
22.240137
22.116529
22.05472
22.349485
22.32571
22.335218
22.135546
21.921606
22.059479
22.126036
21.99292
22.149807
22.164072
21.926357
21.869307
22.007181
22.068985
22.32571
21.541269
20.552397
20.538134
20.362228
20.519119
20.557148
20.447802
20.443054
20.56666
20.6665
20.823385
20.571415
20.585678
20.56666
21.279789
21.332083
21.175196
21.341593
21.370119
21.636351
21.612583
21.641108
22.002428
21.893082
21.764717
21.907347
21.731438
21.332083
22.839165
22.587193
22.948515
22.72982
23.086382
22.60146
22.09276
22.049971
21.912096
22.011934
21.855043
22.230629
22.349485
22.282921
23.129173
23.509506
23.219501
22.763102
22.511126
22.610966
22.539652
22.634737
22.587193
22.60146
22.615721
22.373255
22.634737
22.349485
22.553911
22.477848
22.392269
22.544403
22.591946
22.568174
22.430307
22.544403
22.758345
22.891462
22.706047
22.482601
21.845537
21.555532
21.812258
21.683897
21.617336
21.698156
21.793242
21.636351
21.60783
21.783735
21.774225
21.807508
22.035706
21.897833
21.546024
21.726685
21.745701
21.42717
19.378111
19.297289
19.810741
19.283026
19.192696
19.340075
19.206957
18.878918
18.902689
18.317924
19.116629
18.626944
18.241856
18.246613
18.664978
19.088106
18.764818
17.961359
18.175301
18.199066
18.541368
17.576273
17.386099
17.281509
17.200686
16.554115
17.229214
17.077076
16.844122
17.11511
17.06757
16.501818
16.373457
15.907549
15.646063
16.031155
16.416245
16.468538
16.891663
17.024782
17.100849
17.12462
17.162655
17.072323
17.214952
16.981993
17.281509
17.005766
16.625429
16.297388
16.230833
16.577887
16.530348
16.611166
16.554115
16.516085
16.392473
16.734776
16.549362
16.592152
15.184907
15.646063
15.688852
15.646063
16.059679
15.893282
15.874268
15.874268
15.888527
15.883774
15.840988
16.382963
16.392473
16.744284
16.986746
17.029537
17.001011
17.01527
16.43051
16.478048
16.311653
16.097713
16.235588
16.054924
15.750658
15.517701
15.617536
15.256222
15.603278
15.246713
15.460652
15.413109
15.13261
15.698359
15.760165
16.173782
15.798198
16.121481
16.188042
16.349686
16.349686
16.406738
16.563627
16.625429
16.43051
16.920189
17.06757
17.119865
17.010521
17.376591
17.048553
17.181671
17.053307
16.929701
17.001011
16.810841
17.12462
16.996254
17.23872
17.271999
17.214952
17.167408
17.438398
17.490696
17.93759
17.84726
17.462168
18.251364
18.588911
18.593666
18.7981
18.831379
18.760065
18.95023
18.8599
19.130892
19.173679
18.92646
18.84564
18.517601
18.46055
18.308414
18.413008
18.531864
17.970869
18.06595
17.98513
17.923326
18.042181
18.103987
17.923326
17.58102
17.961359
17.638073
17.619057
17.352819
17.685614
17.923326
17.709385
17.452658
17.666599
17.761683
17.585775
17.880537
17.509708
17.690369
17.737911
17.994635
17.680861
17.680861
17.38135
17.276754
17.23872
17.310034
17.219706
17.305281
17.23872
17.229214
17.390858
17.585775
17.842503
17.832994
17.828243
17.428886
17.671354
17.980377
18.122999
18.170546
18.398745
18.137264
18.146772
18.156282
18.213331
18.142019
18.85515
18.512844
18.165789
18.246613
18.303659
18.760065
18.413008
18.441534
18.246613
18.441534
18.156282
18.232347
18.251364
18.33219
18.536619
18.726782
18.679245
18.683994
18.308414
18.07546
18.436777
18.546125
18.531864
18.33219
18.555634
19.012039
19.35434
19.520735
19.611067
19.801235
19.482704
19.411392
19.378111
18.916954
18.940723
19.164171
19.088106
19.140398
19.225979
19.644346
19.98665
20.005665
19.839268
19.991398
20.210096
20.191076
20.281406
20.352722
19.891563
19.839268
19.729921
19.611067
19.601557
19.558769
19.658609
19.896317
19.825006
19.168926
19.316305
19.387621
18.569897
18.636456
18.788593
18.964497
18.707767
18.465302
19.335323
19.805986
19.649099
19.311552
19.496964
19.606314
19.511229
19.382864
19.630081
19.587294
19.283026
19.240236
19.178434
19.107119
19.482704
19.221222
19.216465
19.244995
19.444668
19.582539
19.844023
19.625328
19.691885
19.515984
19.449423
19.50647
19.563526
19.568279
19.126139
18.997772
18.912199
18.850393
18.850393
18.7981
19.064329
18.969252
19.040564
19.078594
18.878918
19.102371
19.468441
19.677622
19.687134
19.943861
19.763199
20.086487
20.295668
20.176815
19.620571
19.753689
19.782217
19.620571
19.49221
19.401882
19.825006
19.867792
20.433542
20.542891
20.271902
20.043697
20.428791
20.523872
20.138783
19.739429
19.216465
18.888428
17.794962
17.951847
17.504955
18.132509
16.801336
17.528725
17.794962
17.718895
18.470057
18.279886
17.728405
17.685614
17.989885
18.560389
18.137264
18.094479
18.413008
18.916954
19.064329
18.95974
18.812361
18.455793
18.37022
18.921705
18.783834
17.97562
18.056442
18.165789
18.722033
18.931217
19.211714
19.040564
19.416143
18.8599
18.227592
18.270384
18.802851
19.040564
18.626944
18.660227
18.446287
17.97562
18.0089
18.612684
18.850393
18.688755
19.325813
18.874166
19.154661
19.321058
19.221222
18.95023
19.378111
19.397127
19.496964
19.71566
19.962877
19.520735
19.725166
20.019928
20.343216
19.805986
19.515984
19.50647
19.458933
19.359097
19.530247
19.596802
18.954987
19.092854
19.530247
19.235483
19.335323
19.102371
18.831379
18.95974
17.23872
18.427271
18.84564
18.674488
18.921705
18.669735
18.94548
18.8599
18.731541
19.088106
18.921705
18.741049
18.413008
18.546125
18.546125
18.346451
18.427271
18.29891
17.666599
17.81398
18.142019
18.470057
18.398745
18.679245
18.95974
18.964497
19.283026
19.458933
19.901075
19.97714
20.214848
20.338457
20.314688
21.037325
21.108641
21.346346
21.341593
21.99292
22.587193
22.444569
22.553911
22.520634
22.66326
22.958021
23.100647
23.162451
23.129173
23.22901
23.36688
23.442949
26.005463
26.63777
26.186121
25.801033
25.544306
25.553814
26.100546
25.938904
26.06251
26.057758
22.344727
21.246508
21.170441
21.465204
21.5175
21.484219
21.869307
21.65062
22.159315
22.339975
21.978655
21.812258
21.622091
22.121279
21.912096
21.945372
22.254402
22.183084
22.420797
22.216364
22.378008
22.306696
22.011934
22.168825
22.273417
22.44932
22.530142
22.525391
22.710802
23.22901
23.190975
22.867693
22.435059
22.706047
22.149807
21.759962
21.593565
21.736195
21.636351
21.80275
22.192595
22.159315
24.840683
24.246408
24.441332
24.892977
24.992817
25.064129
24.797894
24.73134
24.455591
24.664778
24.431824
23.899351
23.723448
23.514263
24.075258
24.365263
24.645761
24.940519
24.660021
24.522156
23.818531
23.742462
24.194111
23.994436
23.866074
24.065746
24.003946
24.227392
24.008699
23.747221
23.13868
23.395405
23.062613
23.400164
23.295568
23.599833
23.552294
23.495245
23.352617
23.813778
23.908859
23.870827
24.118046
24.141815
23.732954
24.018208
23.904108
23.946894
24.365263
23.790005
24.379524
24.545925
24.759863
24.465101
24.227392
24.484118
24.531658
24.089518
24.084766
24.327229
24.6933
25.116426
25.268562
25.558567
25.235283
24.669533
24.293947
24.336739
24.569693
26.385801
26.438095
25.829559
25.496761
27.236801
27.037121
27.403194
27.360407
27.01335
27.051384
26.989578
26.923025
27.369917
27.560085
26.95155
26.980072
26.856462
27.01335
26.851709
26.647274
27.236801
27.189255
27.398439
27.460243
27.341389
27.426966
27.579098
27.783531
28.282721
28.173376
28.363544
28.197147
28.406332
28.639288
29.485535
31.282625
31.743778
31.952957
32.005264
32.214447
31.929195
31.990997
31.406229
31.681976
31.53459
32.062309
32.889538
33.279385
33.12249
33.0084
33.189053
32.699371
32.152634
32.266739
32.300022
32.005264
32.509201
33.070198
32.466415
31.658209
31.558367
30.859499
32.490181
32.033787
31.8864
31.938698
32.090832
31.857878
31.872141
32.076572
31.116226
30.830973
30.90704
35.147785
34.558266
34.368095
34.653347
35.371227
35.570908
36.041569
35.917961
36.188957
35.879932
35.490089
35.599426
35.799107
35.656487
35.471073
35.257133
35.43779
35.090729
35.143032
35.299923
36.293545
36.241241
35.547127
35.295166
35.875179
36.060589
35.537632
35.019417
34.601051
34.543999
34.458427
34.515476
34.410885
