Adjusted
19.44066
19.241003
18.667023
18.434099
18.034805
18.658709
19.082956
18.791807
19.340839
19.249327
18.517292
18.442427
18.467379
18.084723
17.760288
18.467379
18.608793
19.216053
19.690214
19.931454
20.09783
20.472174
20.430574
19.216053
19.016403
19.540478
19.573763
19.64031
19.390747
20.11447
19.673578
19.199415
19.049688
19.615345
19.48225
19.673578
20.11447
20.147743
20.0396
19.872885
19.364393
19.306036
19.264355
19.57279
19.306036
19.030952
19.139315
19.956244
19.606136
19.747843
19.41441
19.356049
20.331356
19.747843
19.981247
20.523092
20.956554
20.206318
20.147964
20.106293
20.0396
20.798172
20.839848
21.281652
21.306656
21.531733
21.765144
21.089924
21.148283
20.723146
20.823179
20.506413
21.37335
21.173288
21.423365
21.44837
21.44837
20.964895
21.206636
21.606752
21.406696
22.115252
22.265295
22.532047
22.507044
22.540386
22.615402
21.823488
22.156935
21.740131
21.74847
21.490059
21.598419
22.548716
22.807133
23.148909
22.690428
22.265295
22.582062
22.548716
22.732107
22.948839
22.91544
22.831928
22.43943
22.355909
22.247355
22.656553
22.172192
22.389315
22.013521
22.155489
22.372614
22.965542
22.606445
22.255701
21.871553
21.403889
21.094894
21.211815
20.760849
21.078197
20.276484
19.583349
19.2493
18.873503
18.572866
18.69813
18.556156
17.787849
16.952751
16.835827
16.936047
16.551899
16.560247
16.752317
17.270084
16.869234
17.136473
16.785725
16.802431
16.602003
17.11977
17.3703
17.80456
17.094717
16.710566
16.986153
16.785725
17.069664
17.01956
16.543539
17.270084
18.021687
17.904774
17.478868
17.361959
17.70435
17.854666
17.595787
17.595787
17.821262
17.921476
17.612484
17.487215
17.562555
17.386766
17.194231
16.323635
14.27272
13.896018
13.97136
13.879277
13.393754
13.577916
13.569546
13.795568
12.832889
12.874745
12.146462
13.335157
14.306202
13.452351
13.53606
13.862535
13.97136
13.502578
12.414335
13.092395
12.807775
12.288772
12.397593
11.677679
10.639664
9.693728
10.296448
10.355045
11.819987
11.292607
10.271336
10.129029
10.246222
10.053687
9.459337
9.183092
9.300285
8.915215
8.496663
9.559791
8.798022
8.446433
9.065896
9.342145
9.827666
9.283545
8.371096
8.714312
8.329239
8.354351
7.667924
8.013025
7.499582
7.583754
7.061897
7.095565
6.582126
6.767302
7.533251
7.642672
7.903599
7.583754
7.13765
7.221822
7.297572
7.019811
7.188153
7.566917
7.398579
7.423827
7.002976
7.112401
7.13765
7.701591
7.735261
7.465914
7.398579
7.373326
7.305991
7.373326
7.457497
7.331241
7.583754
8.021439
8.459126
8.905228
9.721685
9.376584
9.359751
9.006233
8.383374
8.114028
7.735261
8.097192
8.16453
7.684757
8.013025
7.996186
8.417039
8.374954
8.408626
9.149323
8.821058
8.509627
8.62747
8.686389
9.048318
9.233494
9.873191
10.024694
9.410252
9.401835
9.561754
9.730098
9.081988
9.048318
8.568547
8.257117
7.962521
8.534878
8.762139
8.855174
8.922836
8.000947
8.237764
8.86363
8.533783
8.57607
8.449206
9.472581
9.633278
10.022332
9.903923
9.616363
10.495958
10.572079
10.944217
10.512874
10.978045
11.138742
11.434763
12.035252
11.468592
10.885012
11.223322
11.967593
12.889478
13.498431
13.295446
12.212865
12.618834
12.771074
12.508883
12.339732
12.432766
12.737244
12.914852
12.339732
12.754157
12.475054
12.787985
12.965598
13.396938
12.424304
12.559629
12.365103
12.085999
12.601918
12.940225
13.286989
12.398935
12.322815
11.899931
11.764608
11.384015
11.908389
11.739239
11.967593
12.035252
12.305899
11.891473
12.043711
12.500424
12.365103
12.034123
12.475427
13.256205
13.162852
12.942199
13.264693
13.22226
13.179826
13.680543
13.655084
13.544754
13.485348
13.358044
13.111935
12.967657
13.035551
12.984631
12.865819
13.010092
13.086473
13.689026
13.892709
13.807841
13.629619
13.22226
12.848845
12.891277
12.195371
12.068069
12.254778
12.526352
12.789437
13.077984
13.587186
13.926656
14.113359
14.342502
14.181252
13.960605
14.249147
14.42737
14.003035
14.317045
14.240663
14.35099
14.42737
14.283096
14.223692
14.070926
14.096388
14.38494
13.901193
13.587186
13.773895
13.98606
13.468374
12.865819
13.476858
13.358044
13.485348
13.655084
13.510807
13.722976
13.621134
13.544516
13.544516
12.837914
12.633601
12.837914
12.940076
13.042235
13.093317
13.459382
13.765856
13.663698
13.467893
13.45087
13.433846
13.23804
12.999672
13.272092
13.246552
13.178445
12.710221
12.633601
12.837914
12.923049
13.033721
12.718733
12.395232
12.608061
13.195472
13.093317
13.178445
13.348711
13.408303
13.076286
13.595593
13.195472
13.0848
13.229528
13.23804
13.203987
13.280601
13.32317
13.203987
12.854945
12.591032
12.888997
12.437798
12.361178
12.420771
12.659142
12.999672
13.025209
13.45087
13.45087
13.868019
14.038806
14.218134
14.388919
14.482852
14.388919
14.149816
14.013188
14.0815
14.115663
14.39746
14.158355
14.24375
14.687801
15.217243
15.020839
15.652758
15.703987
15.27702
15.439269
15.550282
15.772307
16.079731
16.096806
15.994334
15.763763
15.772307
16.207819
16.429846
16.44692
16.472538
16.429846
16.404222
16.515232
16.489614
16.703102
16.762875
16.549393
16.711641
16.984903
17.497265
17.224007
17.343559
17.249628
16.788502
16.899506
16.882431
16.745798
15.849161
15.985786
15.926014
16.344446
15.891866
15.439269
15.507577
15.977252
16.182194
15.584438
15.413649
15.234323
15.166011
14.961056
15.328258
15.27702
15.499046
15.379491
15.362411
15.618593
15.166011
14.696337
14.987532
14.987532
15.098864
15.218763
15.081735
15.081735
14.996091
15.501387
15.715491
15.758311
15.826828
15.715491
15.450002
15.484254
15.826828
16.169395
16.477716
16.60618
16.631872
16.854544
16.666126
16.863106
16.948755
17.214249
17.274193
17.308449
17.454046
17.693842
17.513992
17.188557
16.974445
16.84598
17.111469
17.154293
17.394089
17.317015
17.042959
17.111469
17.214249
17.471172
17.719538
17.848005
17.916519
17.231371
17.188557
17.077217
16.486279
16.965876
16.220785
15.989547
14.987532
15.021784
15.766879
15.604149
15.869646
15.861086
15.381484
15.689799
15.450002
15.021784
14.39659
14.542182
14.439409
14.516493
14.464952
15.049051
14.971743
14.087006
14.456364
14.439183
13.940983
13.743422
14.645332
14.851486
15.298147
15.581601
15.779167
16.096979
15.68468
15.727628
15.658909
15.822114
15.573022
15.581601
15.195073
14.885842
14.817124
14.138545
13.872267
13.872267
14.026879
14.069825
14.671104
14.945971
15.040458
14.868669
15.229431
15.203668
15.13494
14.568025
14.585206
14.310339
14.430594
15.547247
15.469939
15.375454
15.461353
15.169304
15.598785
15.564424
16.449158
16.354673
16.526466
16.509285
16.148518
16.268774
15.933778
15.504299
15.031867
14.490722
14.215853
14.233026
14.361875
13.769192
13.829319
13.691883
13.502911
13.898037
13.622316
13.768792
13.742941
13.510304
14.061744
14.173757
14.483936
14.51841
14.389167
14.044511
13.854957
14.483936
15.173245
14.768278
14.673501
14.647648
15.173245
15.173245
14.785507
14.992298
15.29387
15.302492
15.741918
15.83669
15.750533
15.707448
15.44035
15.948705
15.819469
15.698834
15.828081
15.776378
15.897013
16.112423
15.845316
16.181345
16.250278
15.759151
15.97456
15.965942
16.026255
16.121029
15.905625
15.879774
15.931471
15.750533
15.940089
15.793615
16.017635
16.301975
16.267508
16.353664
16.345055
16.189962
16.034872
15.828081
15.681203
15.076421
15.067778
15.318333
15.404732
15.551608
15.326971
15.681203
15.646645
15.404732
15.257852
15.586165
16.173668
16.190952
16.147753
16.104555
16.294626
16.415583
16.268705
16.674776
16.303267
16.104555
16.199589
16.406946
16.346464
16.622936
16.787094
16.752537
16.769819
16.709335
16.648853
16.717972
16.692055
16.579735
16.476059
16.398304
16.856213
16.813015
16.84757
16.830294
17.219086
17.149969
17.115408
17.141331
16.985809
16.743896
16.700697
16.968531
18.324976
18.817444
19.145752
18.834724
19.188953
19.603664
19.690067
19.499983
20.191172
19.603664
19.534544
19.698702
19.145752
19.318546
19.214878
18.877928
19.249434
19.836935
20.070206
19.525908
19.335831
19.708176
19.56963
19.967947
19.076054
19.327169
19.786104
19.84672
19.560972
19.647558
19.197287
18.461258
18.452595
18.547857
18.2621
17.777189
17.933048
17.967688
17.985006
18.010979
18.054281
18.48723
18.582483
18.573833
18.279415
18.010979
17.863783
17.846458
17.820482
17.664619
17.655958
17.491438
16.954569
16.971889
16.608208
16.746758
16.989212
17.119097
16.876638
17.049816
17.725231
17.655958
17.552052
17.837799
18.253441
18.218807
18.132212
17.976347
17.846458
17.655958
17.413506
17.57803
18.036963
18.140869
17.985006
18.227461
17.950373
17.811823
17.560705
17.586685
17.517414
17.274956
16.867977
16.928598
16.954569
17.128201
17.249735
17.492813
17.119513
16.902485
16.520506
16.372927
16.398968
16.199295
16.242702
15.947541
15.869412
16.086439
15.608971
15.582927
15.452709
15.556881
15.33117
15.391938
15.444028
15.235671
15.079413
15.235671
15.339849
15.756558
16.095121
15.895451
15.834684
15.79128
15.504795
14.975233
14.662711
14.680072
14.376223
14.532489
14.324139
14.627986
14.636667
14.758205
14.879739
14.775566
15.009959
13.924802
13.890076
13.811942
13.568867
13.1348
13.351834
12.579196
12.431615
11.624256
12.448976
11.459311
12.362164
12.501068
13.508094
13.160844
13.082711
12.501068
12.431615
12.292716
12.666008
12.553154
12.171177
12.475023
13.145815
12.928025
13.093547
12.84091
12.300789
12.231095
12.657966
12.509868
11.830364
11.769384
11.934902
11.952325
12.126556
12.143981
11.64742
11.690977
11.229264
10.56718
10.758834
10.750124
11.133435
10.880796
11.028895
10.767545
10.349391
10.366813
10.976626
11.760671
11.673554
11.961038
11.934902
11.812942
11.812942
11.943612
11.377359
11.847788
11.542881
11.481898
11.969747
12.448889
11.952325
12.309505
13.433298
13.337471
12.448889
12.10042
12.161405
12.509868
12.666677
12.858335
12.971584
12.387908
12.69281
13.232932
13.429916
13.596257
13.50871
13.167272
13.132253
12.720777
12.650733
12.300544
12.212994
12.939646
11.547626
11.617664
11.792761
11.573891
11.924086
12.151711
12.256767
11.836537
12.072917
11.801517
11.503854
11.503854
11.530116
11.451323
11.004828
11.013583
10.987317
11.407549
11.713969
11.556381
11.32
11.42506
11.363776
11.416304
11.530116
11.626417
11.836537
12.029142
12.248013
12.536921
12.431865
12.256767
12.38809
12.501904
12.650733
12.624472
12.580698
12.799568
11.42506
11.092376
11.048601
11.039845
11.267471
11.293739
11.328757
11.889065
12.020388
12.0379
12.0379
12.072917
11.906577
11.967859
11.801517
11.836537
12.090427
12.116689
12.055408
11.871554
11.889065
12.0379
11.901453
11.743002
11.478914
11.417299
11.434904
11.33807
11.276453
11.408494
11.804622
11.698989
11.839832
12.235959
12.368004
12.500047
12.614484
12.570471
12.368004
12.262369
12.200751
12.341596
12.684907
12.508852
12.341596
12.3504
12.394414
12.235959
12.209552
12.059903
11.919059
11.866242
11.787016
11.910255
12.086314
11.95427
11.945466
12.059903
11.919059
11.910255
11.602157
11.628565
11.751807
12.588077
12.588077
12.720118
12.632092
12.605682
12.552864
12.32399
12.033496
11.971877
11.760607
11.778213
11.725396
11.716594
11.716594
11.584551
11.373281
11.285253
11.223634
11.602157
11.540536
11.24124
11.276453
11.364481
11.599116
11.386616
11.501722
11.165257
10.837649
11.041301
11.360053
11.422033
11.625679
11.430885
11.669953
11.554847
11.528285
11.51943
11.599116
11.731931
11.740786
11.315781
11.386616
11.023588
11.005878
11.14755
11.14755
11.448595
11.430885
11.581409
11.510574
11.324636
11.218384
11.103276
10.997027
10.917338
10.908484
10.846505
10.92619
10.970465
11.032443
10.864212
10.731398
10.687125
9.863679
9.943366
10.208995
10.111597
10.102742
10.014201
9.943366
10.040765
9.987637
10.208995
10.279829
10.26212
10.244412
10.200141
10.200141
10.26212
10.403788
10.616294
10.616294
10.501187
10.38608
10.226703
10.200141
10.26212
10.341809
10.479937
10.355177
10.684902
10.613609
10.560141
10.961157
11.183947
11.21068
11.380001
11.317619
11.460205
11.691904
11.478026
11.344353
11.478026
11.67408
11.781016
11.807751
11.522585
11.460205
11.852307
11.718636
11.665166
11.798841
11.9236
11.941425
11.852307
11.843397
11.620611
11.540407
11.602788
11.567142
11.656257
12.08401
12.324619
12.244416
12.048364
12.048364
11.950338
10.827486
10.774017
10.533406
10.471026
10.462116
10.426468
10.560141
10.604697
10.257151
10.159122
10.105652
10.043273
9.945246
9.828457
9.774551
9.792517
9.927279
10.04407
9.990166
10.142894
10.196799
10.897547
10.9784
11.077226
10.987386
10.915516
10.9784
11.122147
11.211985
11.265889
11.346745
11.319792
11.436584
11.445566
11.33776
11.364712
11.670166
11.472522
11.490488
11.319792
11.445566
11.310808
11.301824
11.203001
