Adjusted
342.937927
343.007996
328.828827
324.949951
316.156158
326.926941
323.68869
319.444458
327.237244
319.144135
308.283295
300.695709
300.425415
292.467468
274.584595
287.532532
283.48349
278.26828
275.535522
274.409424
282.432434
258.208221
247.962967
253.653656
251.10611
252.727722
258.603607
260.840851
259.304291
267.577576
266.391388
265.085083
254.729736
254.754761
251.681686
254.15416
243.46347
232.327332
236.666672
237.932938
235.825821
228.738739
222.522522
224.074081
216.566574
216.891891
207.017014
220.140137
220.310303
221.72673
219.179184
210.145142
219.799805
216.216217
216.991989
230.510513
225.615616
229.324326
222.262268
219.259262
220.45546
233.088089
233.083084
227.787781
235.780777
238.648651
234.139145
232.327332
234.77478
228.953949
226.056061
223.643646
227.742737
224.994995
269.974976
269.164154
277.777771
273.518524
271.791779
272.302307
276.336334
279.514526
287.432434
296.836823
290.935944
297.747742
293.47348
289.789795
291.796783
286.886902
292.762756
291.791779
288.438446
290.790802
290.325317
289.049042
289.5896
275.270264
275.005005
272.582581
280.730743
284.404419
291.791779
293.193207
287.787781
283.933929
286.396393
293.443451
283.783783
279.214203
277.362366
272.872864
276.75174
286.041046
286.691681
285.015015
281.471466
280.380371
273.488495
272.877869
271.421417
275.775787
264.674683
264.299286
263.47348
267.632629
263.783783
268.768768
272.227234
277.542542
271.046051
270.555542
267.167175
261.071075
258.303314
268.068054
266.987
240.900894
234.634628
238.793793
244.854858
238.04805
246.236237
238.798798
241.796799
241.591599
237.112106
234.164169
231.731735
240.165161
243.413406
239.799805
247.752747
250.67067
251.556549
250.265259
252.998001
255.330338
249.399399
245.495499
242.742737
243.508514
245.540543
241.74675
237.317322
234.524521
237.127121
231.876877
232.857864
232.437439
225.355362
222.347351
210.185181
209.539536
207.287292
217.092087
219.049042
217.147141
221.686691
207.452454
219.759766
224.799805
215.285278
214.849854
217.772766
220.02002
215.735733
190.690689
200.460464
206.066071
195.440445
193.648651
185.790787
173.178177
169.224228
164.654648
166.166168
190.700699
181.53653
169.754761
176.686691
186.456451
189.849854
181.556549
178.013016
176.336334
169.814819
164.909912
184.559555
179.179184
180.025024
179.859863
173.418411
183.653656
171.29129
165.775772
165.735733
159.549545
155.88588
145.645645
156.196198
155.165161
150.210205
148.858856
140.230225
129.909912
131.346344
128.848846
141.166168
146.191193
146.626633
133.128128
137.692688
139.854858
137.307312
142.137131
151.206207
153.138138
154.56456
150.260254
158.03804
155.490494
162.802795
157.777771
155.295288
155.240234
148.703705
149.159164
151.626633
150.330338
148.858856
151.706711
153.978973
160.820816
164.189194
167.197205
161.166168
162.757751
157.692688
156.501495
157.317322
150.635635
149.644638
149.984985
141.51651
151.691696
153.403397
162.512512
162.097092
165.905899
174.509506
171.831833
169.434433
170.45546
170.395401
171.671677
177.037033
185.825821
189.57457
179.434433
179.199203
181.706711
179.019012
171.501495
176.731735
171.491486
173.398392
165.19519
172.897903
170.990997
168.758759
169.164169
163.743744
162.902908
159.619614
152.972977
154.439438
145.590591
154.239243
159.11412
161.926926
162.372375
160.005005
167.837845
166.716721
165.135132
165.245239
174.474472
173.758759
172.207214
176.821823
174.024017
171.51651
174.204208
177.222229
181.431427
185.075073
184.304306
179.504501
181.181183
186.436432
189.244247
184.639633
189.939941
194.56456
196.316315
189.839844
190.925919
192.122116
192.537537
194.939941
193.168167
192.047043
195.930923
198.183182
197.042038
201.191193
201.696701
201.936935
198.50351
203.868866
204.194199
199.704712
194.964966
193.943939
195.19519
198.618622
199.639633
198.788788
198.448456
196.946945
202.382385
202.982986
205.405411
208.823822
213.4935
214.414413
216.041046
220.360367
222.382385
219.604599
218.02803
216.51651
214.714722
212.632629
208.593597
208.208206
207.787781
207.237244
210.255249
203.878876
203.043045
204.849854
208.093094
212.872879
212.282288
211.006012
209.704712
204.449448
205.01001
198.513519
201.446442
205.400406
207.40741
212.362366
212.557556
219.304306
221.521515
215.340347
215.300293
214.164169
214.059052
218.888885
223.583588
222.62262
220.145142
218.338333
223.043045
221.74675
226.331329
227.092087
225.795792
225.405411
228.778778
228.533539
227.197205
229.519516
231.371368
230.230225
222.667664
222.862869
222.207214
230.43544
232.852859
234.599594
235.920914
234.234238
233.26326
232.607605
231.066071
228.108109
226.731735
228.988983
230.880875
229.539536
232.217224
235.705704
236.306305
237.797791
239.009003
244.389389
246.10611
245.975983
248.748749
249.779785
249.479477
248.633636
246.486481
249.514511
249.514511
248.173172
243.843842
242.532532
244.504501
249.619614
259.029022
257.347351
258.383392
262.282288
263.318329
267.927917
265.220215
275.200195
276.32132
276.136139
275.825836
277.322327
277.122131
277.382385
274.419434
270.42041
275.800812
268.328339
267.262268
268.91391
270.435425
274.599609
275.825836
281.53653
283.663666
285.565552
284.209198
286.31131
288.428436
289.034027
288.613617
286.781769
285.265259
291.466461
291.836823
293.163177
290.170166
291.791779
295.230225
294.049042
293.163177
292.797791
293.418427
293.818817
294.80481
296.046051
295.550537
298.163177
296.866852
299.179169
297.267273
298.508514
299.639648
300.86087
306.146149
309.549561
311.746735
310.01001
311.676666
310.300293
313.68869
312.307312
304.434448
297.347351
301.31131
300.855865
295.535522
293.838837
295.220215
290.290283
294.104095
290.495483
291.781769
275.280273
270.270264
271.481476
271.32132
267.412415
265.235229
266.776764
265.825836
270.680695
263.653656
265.910919
267.002014
268.488495
267.492493
268.468475
266.826813
270.920929
269.374359
271.881897
270.650665
271.671661
267.802795
266.001007
263.478485
263.663666
266.611603
270.800812
272.932922
277.572571
282.38739
281.521515
280.375366
288.513519
290.86087
290.060059
281.871857
282.882874
283.063049
283.48349
280.280273
279.029022
274.77478
278.943939
281.72171
281.626617
281.5065
283.638641
283.843842
284.684692
285.790802
284.394409
282.052063
284.029022
283.393402
286.651642
293.67868
294.7948
297.947937
275.350342
275.325317
277.797791
277.427429
273.803802
272.767761
266.08609
264.7948
264.859863
266.266266
263.113098
265.565552
253.438446
255.135132
249.584579
246.816818
261.08609
254.779785
252.947952
255.695694
254.019012
254.239243
249.434433
247.462463
237.742737
236.261261
238.818817
238.773773
237.972977
245.475479
243.05806
241.426422
246.931931
253.053055
249.609604
243.003006
242.632629
237.247253
243.748749
244.494492
241.836838
249.244247
250.88588
250.290283
250.265259
244.524521
243.368362
241.266266
237.787781
236.576584
236.276276
227.357361
222.697693
219.964966
218.4935
218.25325
225.325333
228.508514
233.978973
238.153152
244.844849
245.915909
247.257263
230.035034
233.323318
241.036041
238.988983
242.647644
245.275269
244.729736
246.561554
242.417419
242.737732
242.667664
245.450455
245.160156
253.413406
254.304306
250.360367
252.927933
252.107101
246.116119
246.251251
243.418411
243.03804
245.505508
241.316315
234.219223
231.241241
232.267273
225.920914
227.537537
225.715714
229.644638
226.571579
225.235229
230.395401
231.821823
235.385391
232.432434
235.525528
238.328323
238.308304
241.376373
240.45546
240.560562
240.770767
245.320328
254.394394
256.987
258.25827
256.997009
263.908905
265.470459
263.848846
264.1091
263.158173
263.073059
261.436432
269.384399
267.442444
265.270264
268.443451
269.689697
270.965973
271.921936
270.735748
301.026031
309.164154
304.219208
304.294281
306.3013
306.571564
308.558563
309.609619
308.543549
309.599609
307.157166
307.8078
308.108093
310.400391
312.447449
312.852844
313.6987
312.722717
311.75174
308.9039
301.94696
298.03302
292.152161
292.067078
298.578583
295.710724
295.905914
291.796783
297.782776
295.295288
291.346344
278.133148
282.457458
286.196198
286.786774
289.469482
293.863861
295.565552
296.046051
296.401398
297.607605
297.752747
295.445435
296.151154
295.695709
297.82782
301.836823
303.048035
302.417419
301.491486
299.759766
300.800812
299.729736
297.282288
302.477478
301.361359
304.839844
307.057068
308.528534
307.412415
308.313324
308.743744
308.653656
312.402405
320.135132
316.191193
313.6987
306.221222
305.845856
310.265259
308.558563
308.703705
300.795807
300.480469
305.825836
306.306305
305.380371
305.795807
307.452454
309.499512
308.558563
308.528534
312.562561
314.389404
312.38739
312.422424
312.942932
315.355347
305.4104
305.965973
304.714722
305.325317
307.007019
300.680695
300.695709
305.085083
300.610596
296.126129
296.451447
296.181183
290.44043
288.643646
285.280273
285.065063
278.828827
280.960968
280.810822
288.538544
288.948944
291.371368
293.738739
290.160156
287.967957
291.156158
291.211212
293.673676
296.196198
294.134125
284.829834
287.37738
290.290283
289.369354
288.973969
285.590576
288.428436
289.544556
265.615601
263.683685
261.026031
263.128143
262.812805
262.787781
266.676666
269.149139
269.254242
272.322327
269.549561
267.212219
268.163177
267.402405
267.917908
269.1091
271.601593
267.992981
267.792786
265.040039
259.469482
265.495483
265.170166
265.8909
262.277283
259.454468
259.389404
260.095093
259.32431
260.710724
264.77478
263.063049
264.294281
261.801788
260.790802
259.77478
259.844849
258.623627
255.01001
252.617615
254.439438
251.72673
250.43544
242.752747
242.532532
246.74675
243.748749
240.350357
237.677673
241.641647
247.072067
249.034027
253.443451
260.775787
266.486481
267.947937
273.573578
266.261261
263.9039
267.272278
269.399414
264.734741
299.1091
297.767761
301.576569
297.972961
303.798798
309.424438
309.799805
311.571564
303.91391
305.775787
302.147156
303.68869
296.49649
300.885895
289.049042
289.809814
273.283295
286.992004
274.779785
281.346344
282.167175
278.89389
269.769775
266.841827
252.692688
245.705704
249.334335
259.669678
261.906921
260.280273
263.693695
269.809814
270.620605
270.750763
266.51651
262.682678
261.351349
267.282288
267.747742
262.687683
265.325317
265.025024
266.3013
271.551544
273.613617
273.608612
273.588593
269.869873
260.590576
263.018005
266.211212
269.939941
264.684692
264.014008
257.777771
248.008011
251.201202
252.6026
257.61261
257.81781
268.853851
271.861847
274.524536
279.77478
296.136139
291.49649
295.550537
290.640656
292.127136
295.540527
298.508514
291.871857
293.448456
299.634644
300.370361
296.616608
289.614624
292.702698
299.049042
298.368378
304.469482
306.476471
300.775787
297.83783
304.479492
306.806793
308.588593
306.041046
300.735748
297.737732
290.760773
290.290283
285.340332
281.781769
294.389404
291.756744
299.994995
307.1922
310.490479
313.138153
312.197205
312.007019
308.333344
314.024017
313.007996
313.128143
309.34433
310.080078
313.293304
311.226227
315.500488
313.223236
315.165161
316.886902
320.445435
320.170166
321.521515
323.273285
333.038025
334.474487
329.834839
325.335327
311.541534
311.881897
313.293304
315.135132
312.8078
314.604614
316.771759
320.105103
293.2883
293.05304
290.755768
285.030029
284.33432
290.280273
289.134125
290.345337
290.705719
292.847839
298.46347
304.849854
303.68869
305.230225
306.036041
303.25827
306.406403
305.185181
303.083069
303.563568
302.62262
307.307312
304.274261
303.358368
305.255249
304.959961
309.504517
309.434448
311.511505
310.935944
307.432434
302.782776
303.703705
303.873871
300.425415
302.877869
309.199188
308.303314
310.875885
312.832825
317.307312
317.062073
320.310303
323.348358
321.616608
324.98999
323.833832
328.208221
324.529541
320.940948
323.783783
321.631622
317.892883
316.476471
315.735748
313.743744
318.298309
325.830841
312.61261
303.338348
305.090088
304.029022
299.949951
298.328339
299.099091
300.935944
305.165161
308.04303
307.797791
302.727722
302.517517
303.933929
305.815826
298.783783
304.079071
306.701691
304.879883
307.137146
302.917908
302.302307
305.86087
314.779785
311.836823
300.500488
307.362366
300.700714
305.035034
302.132141
296.061066
297.467468
294.409424
290.720734
285.775787
289.584595
285.490479
290.575562
289.404419
290.515503
284.534546
282.832825
280.825836
279.80481
282.537537
285.710724
291.056061
289.044037
282.887878
286.026031
280.630646
282.62262
284.934937
282.437439
290.325317
290.525513
294.209198
298.25827
293.283295
293.298309
291.141144
285.88089
285.525513
288.548553
287.747742
288.653656
290.670685
296.826813
305.715729
308.063049
304.089081
304.299286
306.987
317.797791
316.466461
316.801788
316.656647
314.689697
320.985992
321.73172
320.590576
321.436432
321.49649
321.32132
330.335327
334.664673
334.104095
336.771759
338.908905
338.108093
335.090088
338.928925
338.738739
339.654663
334.944946
338.963959
344.349335
341.181183
342.887878
340.86087
340.700714
350.050049
353.428436
350.735748
346.441437
345.785797
353.373383
355.19519
355.345337
359.499512
364.114105
364.424438
367.362366
375.065063
374.954956
377.107117
378.628632
377.627625
381.271271
378.873871
381.631622
384.409424
384.209198
379.299286
372.417419
372.652649
376.116119
372.747742
370.86087
372.722717
378.123108
347.847839
341.236237
339.674683
340.515503
338.988983
339.219208
337.912903
340.490479
344.13913
344.304291
341.821808
341.201202
333.89389
326.471466
331.846832
333.283295
329.854858
326.601593
323.953949
323.91391
334.439453
335.320313
333.26828
334.319305
330.905914
335.690704
342.177185
346.29129
349.534546
347.972961
345.86087
344.254242
345.910919
342.447449
343.05304
348.788788
349.12912
351.701691
351.331329
360.750763
360.895905
360.415405
361.541534
358.173187
355.105103
354.789795
353.498505
350.355347
