Adjusted
32.937084
32.8932
31.708519
31.957148
30.940676
31.737768
31.423319
30.918734
31.569572
30.692032
30.553085
30.011934
29.463476
29.448858
29.719423
29.404976
29.792553
30.399523
30.947979
31.503765
32.125347
33.054089
32.542187
32.227734
32.629951
32.937084
32.564114
32.929749
32.973652
33.463604
32.790833
32.944397
31.708519
31.635382
30.765158
30.926043
31.152737
31.079611
31.401377
31.240507
30.165506
30.326384
30.289825
30.083124
29.721378
29.65494
28.983147
29.47039
29.396555
29.123407
28.901949
28.975771
29.603273
29.551586
29.920704
30.385794
30.156946
29.787832
29.300589
29.389172
29.691856
30.754908
30.629423
30.526064
31.04283
31.028057
30.688477
30.311964
30.562967
30.031448
29.750919
30.164322
31.020681
31.101885
31.37504
30.806587
30.275063
30.725391
31.190466
31.493145
31.426714
31.781065
31.345497
32.290447
32.201855
31.596502
32.467621
31.795815
31.96562
31.936087
32.238766
32.371658
33.058212
33.574974
33.338741
33.523312
33.213245
32.984375
33.117271
32.44548
32.659565
32.371658
32.615269
32.489769
32.135414
32.157578
32.269295
32.299084
31.19664
31.755304
31.800011
30.824183
31.19664
32.150108
31.881943
31.67337
31.26367
31.606333
30.958273
30.496422
30.444281
30.541121
29.900494
29.73662
29.557838
29.572739
29.297136
29.393957
29.282232
29.632334
29.006609
28.693758
28.20956
28.224463
28.38835
29.654686
30.027142
29.967545
29.967545
30.205914
30.40703
30.004787
29.93774
29.468456
29.967545
30.056931
29.878159
29.751518
29.922838
30.734797
30.965715
30.138863
31.934088
32.172459
31.874498
31.643581
31.926649
31.919193
31.956448
31.472254
31.330719
31.427547
31.814907
31.293474
31.293474
31.628683
31.971331
31.598885
31.747866
31.755386
31.199059
31.274246
31.91326
31.612535
31.672693
31.868149
31.717785
31.394522
31.792971
30.785576
31.078777
31.717785
30.823168
30.755507
30.590118
31.176512
31.289286
30.244299
30.229259
29.883446
28.041567
27.522839
26.90637
25.951611
26.763535
24.342783
24.748747
25.861391
25.026911
23.463196
25.056976
25.455427
26.55303
25.868906
25.966642
25.66593
24.921663
24.711166
27.2146
28.094181
28.394903
29.582722
29.913513
30.003717
28.861008
27.447647
28.116747
27.748373
27.034174
27.064247
28.500158
27.026657
26.981552
27.710783
27.252192
26.974033
27.966389
29.342157
29.43989
29.815779
29.432364
27.560421
27.628082
28.273954
28.061203
29.208565
30.363539
29.83164
30.127985
29.12499
29.284559
27.628082
28.266356
29.003414
28.463915
28.190369
27.567293
27.658482
27.620489
27.460913
27.058197
28.448719
28.767855
29.922834
29.352945
28.874237
27.939625
28.395529
28.600695
27.787653
27.666079
27.658482
27.772459
28.053596
27.058197
26.450321
25.88044
24.444323
23.874432
24.041594
25.158579
24.550701
24.330341
24.125187
24.786257
24.885031
25.394136
25.568897
26.077993
25.865238
25.188974
25.394136
25.188974
24.056791
22.795446
22.445921
21.929222
21.389734
22.035604
22.21796
21.427723
21.382133
20.485506
20.895824
20.857275
19.962841
19.700678
19.322865
20.394638
20.533428
20.787882
21.281361
21.289074
21.929056
22.414824
22.052427
21.443279
22.969994
23.332384
23.355518
24.188274
23.58684
22.916018
23.02397
23.44805
24.712595
24.843674
24.604645
23.725628
23.725628
24.751141
23.818163
23.58684
24.249949
26.601707
26.493757
26.324118
26.987234
26.547722
26.378098
26.917837
26.686516
26.254723
26.393513
26.185324
25.861479
25.930874
25.830639
25.900032
25.614738
25.853771
25.738106
25.483658
24.650911
24.982468
24.728016
25.691845
25.699551
25.152102
24.473568
24.851389
25.722689
25.244631
25.367998
25.815218
27.126028
27.650347
27.509993
27.17469
26.761421
26.574276
26.550882
26.543085
26.402735
26.348143
25.895889
25.802315
25.966061
25.942671
25.786716
25.396835
24.975761
25.279867
25.895889
25.763325
26.145407
26.168797
26.036242
25.778923
25.778923
25.435823
25.420223
25.389038
25.474813
25.856894
25.997248
26.823799
26.699041
27.081118
27.299454
26.979748
27.17469
27.502197
27.369627
27.432011
27.580172
27.525585
27.658148
27.619156
27.665937
27.806299
27.533386
27.283855
28.048025
28.313148
28.336538
28.960348
29.202074
29.264454
28.983738
29.498394
29.552963
29.513975
30.285938
29.747906
30.18457
29.576363
29.428202
29.24885
28.882378
27.782909
27.822344
28.169325
28.271845
28.421688
28.547861
28.066809
28.066809
28.074692
28.382257
28.957937
29.131432
29.683464
30.740213
30.874287
29.991024
29.502092
28.918509
29.715012
29.651928
30.014685
29.360136
29.076237
29.407454
29.620386
29.407454
29.935829
30.251274
30.298586
30.298586
30.314356
30.724438
30.203953
29.935829
29.541517
29.383785
29.82542
29.549412
29.107784
28.587299
28.240305
28.106243
27.593645
28.082577
28.106243
28.074692
28.737137
28.532084
29.178747
28.981598
29.123552
28.603073
28.894852
29.304937
29.265505
29.044691
28.705589
28.705589
29.005251
28.768675
28.768675
28.492662
28.256075
28.918509
29.125816
29.444742
29.763664
29.923126
29.89921
29.923126
30.162325
30.537054
30.688545
30.505167
30.688545
30.345709
30.281916
30.433397
30.656647
30.664627
30.808142
30.792194
30.832056
30.648678
30.265978
30.401518
30.369623
30.313808
30.481249
30.489218
30.832056
30.704489
30.855984
31.06329
30.92774
31.174904
30.60881
30.417461
30.385571
30.537054
30.513126
30.345709
30.265978
30.042719
30.353676
31.2068
30.943691
30.178261
30.058668
29.468658
29.955025
29.907185
30.226116
30.449347
32.490467
32.4506
32.394794
32.713711
32.434673
31.804789
32.195473
32.131676
32.179516
32.538311
32.641968
32.464779
32.384235
32.537254
32.601692
32.666115
32.682228
32.939941
32.827194
32.61779
32.988274
33.229893
33.358742
33.503708
34.526539
34.695679
34.131912
34.067478
33.729214
33.874172
34.284924
34.019165
34.357407
34.671509
34.542656
34.590973
34.623192
34.832588
34.808422
34.816475
35.944012
36.580265
34.373531
34.566811
34.679577
34.711777
34.615131
34.84869
34.760101
33.946667
34.325195
34.824524
34.470169
35.066151
33.970825
33.624519
32.47282
31.965441
34.260773
34.244648
34.478226
33.825878
33.221836
33.270161
32.972172
32.843307
31.772158
31.683554
31.538591
32.02182
32.094296
32.972172
32.706402
32.166786
33.060764
32.593643
31.820469
31.393625
31.80438
31.902025
32.837925
33.187878
33.204147
33.806385
33.692448
33.830791
33.920307
33.895897
33.114628
33.204147
32.650742
32.846073
33.082081
32.463566
32.105492
32.439148
32.186863
32.09734
32.70771
33.269257
33.464569
33.204147
34.001698
34.091209
34.302826
35.181747
34.799244
35.222439
34.563244
34.709736
35.075951
35.474728
35.067822
34.95388
34.742283
34.85622
35.613071
35.653774
35.840958
35.906055
35.775845
36.199032
35.775845
34.945747
34.644627
34.188873
34.351635
35.051529
35.499138
34.888767
34.962017
34.758553
34.652775
34.758553
34.506271
34.937603
34.359798
34.123779
35.230583
35.596809
35.75956
34.774837
34.709114
35.021355
35.054222
35.695152
35.481503
35.744446
35.588329
35.72802
36.401836
36.459347
36.31144
36.097794
36.878418
36.656544
37.149578
36.911282
36.640129
36.60725
36.508652
36.714081
36.746941
36.714081
36.993454
37.026333
37.166019
37.544006
37.420753
39.195648
39.409294
38.817661
39.129902
39.097038
39.023087
39.170994
38.998436
38.78479
39.113472
39.327114
38.981998
39.2696
39.13813
39.113472
39.639366
39.540768
39.006657
39.031303
39.113472
38.702625
39.006657
38.530056
38.719048
39.031303
39.113472
39.40107
39.097038
40.132401
39.87767
39.705105
39.557198
39.861221
40.756889
41.13488
41.521095
41.825134
42.18961
41.733997
41.874825
42.123333
42.040504
42.081924
42.429844
42.347004
42.289013
42.587238
42.661797
42.280735
42.537533
42.487823
42.512691
42.554104
42.529247
43.316223
42.744621
42.645222
42.156487
42.231041
42.877167
42.67836
42.67836
42.289013
42.371864
42.280735
42.17305
41.849972
41.825134
42.388424
42.371864
42.595516
42.97657
42.603806
42.868889
43.763546
42.97657
43.026283
43.548168
43.995495
44.492523
44.252289
44.500809
44.765877
44.600204
44.575363
44.724464
44.840446
45.768227
43.55645
42.935158
42.89373
43.34935
43.647568
43.183678
43.738689
44.641636
43.680706
43.150539
43.954075
44.071033
43.527981
43.427731
43.09354
42.993282
42.400101
42.784412
43.252281
44.062679
43.695072
43.753559
43.962429
44.0961
43.837105
44.171288
44.714348
44.81461
45.190575
45.533112
45.198921
45.140442
45.015121
44.497124
45.315887
45.065247
44.822964
45.123722
43.56139
43.294048
43.210499
44.162937
43.686722
43.511276
44.004192
44.321686
44.898155
44.864731
44.973343
44.639149
44.413567
44.346741
44.789543
45.416145
46.134659
46.084522
46.702766
46.351875
46.151356
45.925777
46.268326
46.168068
45.46627
45.031826
45.00676
44.756119
44.856373
44.998402
45.783752
43.99585
43.653294
43.168728
43.043415
42.684166
42.566147
42.793736
41.992977
42.178421
42.970741
42.566147
42.785297
43.189896
43.653488
44.235077
43.956924
44.268795
43.999073
44.538517
45.254982
45.389835
45.853432
46.746906
46.848053
48.053387
48.356827
48.255676
46.78904
46.671051
46.426605
46.46032
48.129253
47.379078
48.10397
47.581371
47.539223
47.488644
47.35379
45.920868
44.951534
44.934681
44.80825
44.294083
42.962311
43.088749
41.605251
41.900272
39.388439
41.487255
39.624454
41.554676
42.245853
42.810589
42.540859
42.911739
41.596821
41.124798
42.271145
43.923214
44.117073
43.501759
44.496384
45.77758
45.988304
46.376026
46.696327
45.035831
44.496384
45.873604
45.474041
44.300846
44.555882
45.380539
45.865108
46.239166
44.946949
44.912952
44.360352
42.634571
41.401871
42.005466
43.204166
43.969288
43.45071
44.538887
43.18716
41.928951
43.042633
43.722752
44.623901
44.207333
46.154148
46.400688
46.613228
46.213661
47.080795
46.086143
47.87994
47.42086
47.293335
48.900116
49.47821
48.322014
48.37302
49.92878
49.656738
48.823601
47.5994
48.832096
50.08181
49.631229
49.410187
49.877758
48.339016
49.180656
49.971283
49.461193
49.690739
48.985111
48.517548
48.117981
46.842766
47.182819
46.171158
46.060638
47.233829
47.437859
49.73325
50.200825
50.600391
51.45903
51.118977
50.836311
49.894112
50.382343
50.322384
49.671406
48.977592
49.303082
49.851276
49.423004
50.733528
51.367382
51.821354
52.737858
53.029079
52.626507
53.071911
52.420944
52.85778
52.874897
53.106171
52.917736
53.148998
53.79998
53.851372
53.919895
53.705757
53.877079
54.836407
55.573048
54.947762
55.050552
55.33321
55.238991
55.384605
55.136215
55.041985
54.630833
55.033417
54.819279
54.96489
55.247555
55.307507
55.230427
55.410309
55.581615
55.521648
55.418861
54.725052
56.181194
56.172626
54.656536
53.894203
53.33744
53.303181
53.286057
53.620106
53.688625
53.937031
53.774284
53.774284
53.328873
53.678555
54.360661
54.300224
54.09301
54.878704
55.051395
54.792362
54.352032
54.472916
54.352032
54.291588
53.574951
53.06554
53.704472
53.980755
54.291588
53.954849
54.179344
54.636955
54.757832
54.248421
54.706024
53.618126
52.055344
53.445442
54.37793
54.343384
54.749199
55.500378
55.733486
54.783737
55.06002
54.170712
54.196613
55.094566
55.793934
56.717793
55.932083
56.769581
57.313545
56.778229
56.113388
56.372421
56.234268
55.724865
55.845745
55.86301
55.051395
54.67149
55.008224
52.504322
51.9431
53.117348
53.471344
53.799446
53.497242
53.454071
54.662857
54.015301
54.395199
52.737434
52.789249
51.9431
52.98344
52.887676
53.627666
52.966022
53.523197
52.896374
52.913795
53.497082
53.836609
54.45472
54.376369
53.114017
53.679901
52.548153
52.365326
50.95499
51.930038
52.452385
52.38274
52.730965
53.531906
53.079205
52.635208
51.634045
51.755932
51.851692
53.357796
53.235912
53.636379
54.715881
56.039169
55.586472
55.098946
54.724594
54.620136
55.351421
56.222
56.013046
55.743172
55.055424
55.125065
56.439636
55.917294
56.343868
56.387405
55.925999
55.830227
55.778004
55.159893
55.238239
55.734459
56.491875
56.117527
55.821529
55.569061
55.429764
55.464592
55.186001
55.290478
54.863895
55.11636
54.985779
53.958485
53.620617
54.735149
54.621071
54.752701
54.621071
54.849232
55.296806
55.428444
54.489433
54.340233
54.70882
54.875565
54.515755
54.70882
54.305122
53.945316
53.524082
53.559185
53.366116
53.524082
53.532856
54.901897
54.910671
54.77903
54.270035
53.813679
53.831226
53.787361
53.848797
54.384117
54.463093
54.296352
54.015526
53.480194
53.936543
53.173046
53.42754
53.743481
54.919449
55.814583
55.130077
55.393349
56.095417
55.165165
54.199821
54.217365
53.848797
53.409992
52.953648
53.015079
52.953648
53.82246
54.278801
54.629841
55.235371
55.086193
55.068638
56.025211
56.507881
57.122185
56.736057
56.72728
56.802448
56.590202
56.643265
56.289524
56.139183
55.84734
55.714684
55.281345
55.997677
56.298367
56.599041
57.191566
56.696327
56.439857
55.838497
56.209927
55.520126
