Adjusted
22.329439
22.299841
18.827372
18.117083
18.107224
18.728718
19.286079
18.896425
18.901354
18.240393
18.615271
18.343979
18.200932
18.353849
18.299583
18.50675
18.03323
18.260124
18.166409
18.013504
18.393307
18.970407
19.093727
18.773102
18.580746
18.758308
18.955612
19.182507
19.43899
19.720289
19.295876
19.108356
19.024456
19.360039
19.404451
19.414322
20.19405
20.727036
20.756647
20.184181
19.577171
19.774574
20.021326
19.981844
18.891211
18.876402
18.827063
19.133028
19.073805
18.970171
18.723419
18.437183
19.177437
19.409386
19.740026
19.878212
19.424192
19.271204
19.557434
20.139765
20.411188
21.368586
21.062614
21.067539
21.141575
20.988581
21.067539
20.598721
20.361845
20.041065
19.912754
19.80912
20.361845
20.356905
20.662882
20.653011
20.23353
20.391451
21.403128
21.669613
21.600527
21.995329
21.84234
22.316109
22.355583
22.380262
21.867018
21.526505
21.462353
21.585726
21.521574
22.039745
22.271793
22.53841
22.953131
22.53841
22.572968
22.405102
22.439661
22.311291
22.701326
23.259241
23.140745
23.313551
22.938313
23.204927
23.787523
24.236801
23.407358
23.204927
22.770454
22.558155
22.933384
23.343164
23.096308
23.989944
23.52585
23.886259
24.320742
24.572533
23.871449
23.955389
22.972874
22.958073
23.007439
22.81489
22.997559
22.800076
22.617397
23.214804
23.041994
22.187849
21.960749
21.985432
22.108864
22.439661
22.908697
22.963005
22.893885
23.195051
22.938313
22.5779
21.151049
21.960749
22.16811
22.395224
21.866941
22.029871
21.862001
22.553217
22.874138
22.805017
23.570284
23.506098
23.506098
23.757895
24.034496
24.064138
23.8221
23.585026
23.041695
23.096031
23.738138
23.165188
23.372635
23.752954
24.271572
23.812229
23.757895
24.074013
23.575142
22.458866
22.75029
22.928095
22.86389
23.189873
23.357809
22.290928
22.503323
22.132874
22.444052
23.096031
22.942917
23.239271
22.942917
23.436844
22.705833
21.624134
22.157568
21.777248
20.280647
24.167849
23.046646
21.969881
21.525343
19.702755
20.310287
21.115385
20.646152
18.640818
19.776844
20.127535
21.026476
20.527613
19.050772
18.951984
18.433359
17.425751
18.937168
19.095222
19.416281
20.008987
20.75976
21.530289
21.194414
20.438705
20.285589
19.762022
19.524939
18.170898
18.798496
18.165955
17.597647
17.518578
16.559877
15.497396
16.228777
17.390093
16.678474
17.424692
17.874386
16.451159
16.159603
16.174414
16.263372
16.797077
17.202309
16.253483
16.278193
15.675299
16.115116
15.576465
16.288074
16.258427
16.411619
16.352318
16.149712
16.110176
16.06076
16.297962
16.070646
16.30784
16.204079
16.890974
16.554939
17.187481
17.271492
17.409866
17.538349
17.419748
17.508696
17.073826
17.157827
17.108412
16.144766
16.594471
16.258427
16.159603
16.001457
16.594471
17.395042
17.113358
17.152891
17.306086
17.409866
17.271492
17.632246
17.938633
17.666834
17.197369
17.286364
17.563269
17.429754
16.801792
16.895746
16.282614
16.218334
15.476639
16.168884
15.758482
15.308525
15.170073
14.319601
14.774503
14.601442
14.176208
14.013034
13.642184
14.354214
14.512442
14.641002
15.170073
15.179965
15.56564
15.882094
15.610144
15.778258
16.515011
15.995822
16.203501
16.767183
16.366667
16.163944
16.519951
16.49029
16.722685
15.822764
15.768372
16.005716
16.361731
16.515011
16.203501
15.936487
16.163944
16.584238
16.515011
16.089769
15.9266
15.822764
15.644756
15.313469
15.461808
15.491475
15.852433
15.852433
16.005716
16.346891
16.069996
16.361731
16.332058
16.628733
16.341946
16.460621
15.802589
15.515631
15.43152
15.520576
15.921327
16.282505
17.029585
16.856424
17.380871
17.316545
17.544136
17.791515
18.11311
18.385225
18.301119
18.439651
18.682087
18.469337
18.533659
18.602917
18.528708
19.048203
18.701876
18.45944
18.711771
18.741457
19.048203
18.464382
18.528708
18.593031
18.766193
18.682087
18.726608
18.533659
18.795881
18.207115
18.355543
17.9251
17.781618
17.920155
17.781618
18.449547
18.701876
19.379694
19.73097
19.750765
19.983299
20.042669
19.904139
19.93877
20.943129
20.923338
21.081663
20.868917
21.131136
20.928286
20.784805
21.101454
20.933237
20.873865
21.235039
21.051975
20.918388
21.195457
21.076658
21.037064
20.834118
21.131105
21.319201
21.284554
21.259808
21.373653
21.522156
21.700342
21.532055
21.413252
21.00736
20.962812
21.012314
21.289501
21.54195
21.581549
21.388506
21.655794
21.819141
22.017134
22.106241
22.467585
22.54678
22.507183
22.616077
22.670525
22.655672
22.502226
22.155733
22.858622
23.096218
23.11602
22.848726
22.556681
23.625862
24.175299
24.016897
24.091143
23.947603
24.041645
24.036701
24.338636
24.665331
24.996975
25.269226
25.175173
25.05143
25.011824
25.16032
25.011824
24.521793
24.284195
24.437637
24.368336
24.541588
24.531691
24.922731
25.932512
25.986958
26.323555
26.665094
26.645296
26.283817
26.264011
26.674999
26.620535
25.694559
24.679451
24.694304
25.471729
25.778738
25.877771
25.362791
25.382601
25.550957
25.120155
24.828009
25.243961
25.234043
25.095402
25.125113
25.248905
25.100346
25.461828
25.654943
25.902534
25.55591
25.838154
26.006527
26.120411
26.184782
26.437317
26.407606
26.462076
26.813656
26.670053
26.08079
26.026329
25.932243
25.768839
24.248657
23.679201
23.654449
23.674253
23.26326
23.015671
23.154316
23.119658
22.71361
22.480881
22.431366
22.401659
22.535351
22.421467
22.035227
22.282816
22.441269
22.411551
22.391756
22.347187
22.272909
22.520494
22.391699
22.5849
22.03997
22.089504
21.648607
21.717964
21.594112
21.311743
21.163124
21.34642
21.272112
21.20771
21.683285
21.554482
21.21266
21.177986
21.623842
21.777411
22.307476
22.495729
22.421423
22.391699
22.104368
22.292614
22.817732
23.00598
22.797911
23.154598
22.976263
22.347111
22.515543
22.589851
22.723606
22.946537
22.565084
22.609667
22.13905
22.401606
21.90126
21.623842
21.435591
21.757591
21.574299
21.926023
22.604715
22.723606
22.713696
22.47591
22.535358
22.421423
22.74342
22.441235
22.089504
22.005289
21.93594
21.20771
21.410818
21.237432
21.301834
21.262201
20.053446
20.613239
20.385359
20.79653
21.242598
20.623064
20.984873
21.06913
20.979921
20.330645
20.831228
20.464466
20.409945
20.429775
20.96505
20.910526
20.538811
20.608202
20.96505
20.256306
19.854841
19.874668
19.8251
20.563587
20.603241
20.548721
21.133562
21.088957
21.093916
21.11869
19.274956
19.527727
19.28487
18.908194
19.156004
19.126272
18.427431
18.110229
17.892159
17.926851
17.966503
18.551346
18.382832
18.635599
18.615774
18.962713
19.027143
18.952801
18.313442
18.452217
18.531511
18.531511
19.225395
19.666498
19.8598
19.790413
18.115192
18.536474
18.700031
19.096531
18.977579
18.947842
18.908194
19.126272
19.398865
19.230354
18.78924
18.586035
18.442226
18.52157
18.70505
18.838943
18.64554
18.789349
18.57612
18.546364
18.690166
18.7348
19.01746
18.809185
18.660419
19.235655
19.369545
19.587738
19.265408
19.349709
19.622448
19.781141
20.108423
20.043964
20.153053
20.272072
20.222479
20.495218
20.291901
20.202644
20.019163
20.53985
20.787796
20.822506
21.060537
21.268816
20.862179
20.65391
20.777876
20.713411
20.718376
20.84234
20.996077
19.290197
19.220772
19.136478
19.290197
19.374508
19.02738
19.047215
19.062094
19.48856
19.756344
19.76626
19.48856
19.344751
19.319956
19.319956
19.677
19.667076
19.954704
19.999331
20.296862
20.272072
20.544813
20.524977
20.465439
20.391016
19.994112
19.954426
20.435671
20.36125
20.356283
20.078455
20.495205
20.619242
20.440634
20.619242
20.986376
21.016142
21.214598
20.916912
21.338627
21.537083
21.849649
21.879414
21.81492
21.983606
22.043137
21.785152
22.187016
22.231665
22.425158
22.767487
22.737724
22.88656
23.085012
22.926249
23.139587
22.926249
23.214006
22.757563
22.911367
22.782372
23.55138
23.685339
23.571228
23.576185
23.377731
23.462078
23.734947
23.670446
23.333076
23.109821
23.412458
23.576185
23.541458
23.635723
23.228889
23.437269
23.824251
23.789528
23.91851
24.131855
24.146738
24.52379
24.196348
24.245979
24.489191
24.648012
24.638088
24.603342
24.514006
24.518967
24.136786
23.402214
23.29302
23.804245
23.819134
23.556076
23.834026
24.126858
23.943211
23.575928
24.077229
24.022635
23.392282
23.436956
23.223532
23.168934
22.781788
22.786757
23.01507
23.352579
23.29302
23.372431
23.556076
23.685127
23.610674
23.903513
23.958105
24.280725
25.084791
24.652977
25.849148
25.615871
25.898781
26.012934
26.097315
25.958334
26.022867
25.73995
25.869003
25.496742
25.720098
25.754843
25.710173
25.963303
25.734989
26.151913
26.315702
26.424896
26.405043
26.499344
25.973228
26.141989
25.635727
25.958334
26.395111
26.256142
26.32563
26.042606
25.888689
25.729801
26.271011
26.429901
26.196531
25.620565
25.690077
25.233271
25.739729
25.744696
25.799316
25.392166
25.531191
24.821163
25.133972
24.736753
25.049564
25.248173
24.414019
24.359398
24.66724
24.260094
24.126036
24.404087
24.672209
25.109148
24.786406
24.841024
24.423944
24.617586
24.726824
25.124041
25.322647
25.5014
25.35741
25.635466
25.92841
25.938341
25.412025
25.352446
25.158798
25.42692
25.466646
25.084326
25.784414
25.88372
25.918482
23.947285
24.006865
24.001896
23.713917
23.73378
23.540134
23.520273
22.820175
23.490486
22.353445
22.169735
20.595762
21.593769
20.948286
21.846992
22.234282
22.472721
22.264084
21.961073
20.903011
20.411228
20.778822
21.424585
21.762379
21.360012
21.956108
22.497559
22.626709
22.765799
22.323694
21.752438
21.340143
22.015715
21.817013
21.161314
21.24576
21.464325
21.752438
21.926296
21.995844
21.548773
21.340143
20.803658
19.849907
19.849907
20.088345
20.460905
19.94429
20.083382
20.063511
19.536959
20.292007
20.411228
20.903011
21.012291
21.340143
21.697794
21.956108
21.906429
21.98591
21.27556
21.812048
21.235826
21.71767
22.035583
22.502522
21.767336
21.856756
23.525818
23.267508
22.810503
22.313763
22.919788
23.40163
23.202932
23.103582
23.376793
22.497559
22.472721
23.272476
22.62146
22.64134
22.164263
21.925722
21.61264
21.269741
20.961628
20.53425
20.549152
20.887085
20.663462
21.980387
21.975422
22.407776
22.507164
22.328257
22.323292
21.935667
22.318317
22.035057
21.945602
21.841242
21.871059
22.154325
21.81142
23.103512
23.004122
23.078663
23.347021
23.550776
23.466291
23.620348
23.545807
23.928461
23.958273
23.848946
23.038908
23.555744
23.943361
24.087488
23.878765
23.401684
23.655132
24.166998
24.17197
23.953304
23.898642
24.127239
24.942251
24.887585
24.957161
24.8528
24.857769
24.942251
25.016794
25.210608
25.061518
25.121153
25.598236
25.801983
25.578352
25.478928
25.787157
25.772243
25.901501
25.911446
25.642982
25.618128
25.816986
25.821955
25.821955
25.956188
25.662872
25.901501
25.464012
25.473955
25.230352
25.319838
25.548523
25.821955
25.812012
26.100363
26.010872
26.289282
26.244539
26.15505
26.110304
26.060593
26.105331
26.160023
26.58757
26.483164
26.135164
25.966137
23.614611
22.739628
23.316328
22.963348
22.699856
22.595461
22.143049
22.10825
22.595461
22.232534
22.227568
22.56563
22.292192
22.4662
22.595461
22.232534
22.242483
22.650146
23.142321
23.226839
23.082659
23.326267
23.047863
22.496029
22.346884
22.083397
21.859676
21.675728
21.561386
21.571329
21.39732
21.263035
21.118793
20.69602
20.516962
21.039207
20.97455
21.14366
20.939732
21.218269
21.461992
21.188425
21.128738
20.586594
20.601511
20.581625
20.979527
21.009373
21.128738
20.820364
20.984499
20.133978
20.18869
20.457277
20.641306
20.979527
21.009373
20.2633
20.467224
20.094191
20.163822
20.64628
20.820364
21.501776
21.621147
21.626123
21.929523
21.760414
21.750465
21.476906
21.511724
21.606224
21.969311
21.894707
21.939468
22.198109
22.168264
21.556486
21.188425
20.880045
21.263035
21.14366
22.048893
21.720623
21.297848
20.999422
20.899942
21.228216
21.4023
21.626123
21.417225
21.218269
21.352564
21.088953
20.889996
20.496878
20.676022
20.372469
20.073902
19.845001
19.9694
20.014191
20.32272
20.516783
20.681
20.681
20.556593
20.725782
20.676022
20.855162
20.944731
20.82033
21.128851
21.143782
21.203499
21.40752
21.581682
21.711063
21.531925
21.785707
21.69614
21.91011
21.765802
21.681208
21.526945
21.795658
20.815357
20.79545
21.377665
21.283115
21.840448
21.805614
21.561783
21.327902
21.208467
21.392593
21.462261
21.487139
21.631447
21.810589
21.671253
21.606565
21.606565
21.417473
21.248281
21.362736
21.427425
21.273169
21.845423
21.531925
21.367712
21.512018
20.949707
20.651144
20.631233
20.785496
20.845211
20.611216
20.621178
20.850191
21.133968
20.899973
21.153881
21.547184
21.781178
21.621864
21.741346
21.835945
21.860836
21.646755
21.92556
22.134659
22.119722
22.144613
21.960409
22.288994
22.398516
22.259117
22.025131
22.244188
22.66736
22.602642
22.742039
22.328817
22.279032
22.139639
22.313889
22.199379
