Adjusted
184.310745
181.860321
177.50119
172.884491
168.241226
170.238861
174.819946
176.444672
179.028229
171.606049
175.343765
169.555237
166.20816
169.297745
177.021744
176.853058
170.2005
174.54068
174.362793
176.586334
177.475616
184.795258
178.587372
168.857574
166.465179
169.39119
166.376205
165.30896
160.666351
160.248352
157.028778
158.674149
154.574112
157.642471
155.792603
158.051605
157.740326
153.595795
160.799835
157.153336
150.865387
146.81871
145.502441
146.720901
141.100021
142.36293
138.369629
145.031082
144.977737
147.138947
139.508011
134.314026
156.166092
148.072769
159.759171
159.092178
159.759171
156.068283
149.540237
146.258423
147.094437
157.295609
157.30452
157.002136
155.997116
158.95874
159.109955
154.876526
151.68364
148.793137
145.493515
146.036087
150.349564
153.062225
160.026031
160.444
159.874832
159.510162
167.905914
171.078018
169.509781
171.683838
170.516617
177.359711
178.446793
175.64003
176.076691
169.082062
167.264359
167.59404
171.149246
169.58992
169.411743
168.066284
166.747604
164.306122
162.550812
159.138168
157.890717
153.827591
154.968124
155.778976
157.035355
157.186829
153.560303
151.99205
153.346497
157.356094
150.976303
147.697342
148.989304
144.703445
148.579453
158.861923
162.247864
159.886627
162.85379
166.56044
163.744827
159.129257
162.149857
163.637878
157.053146
155.538391
155.841385
156.224503
159.307434
159.39653
151.31488
155.841385
150.602097
151.617874
144.774719
141.379852
140.604721
154.023621
161.490494
162.916092
161.080597
167.549454
167.398026
160.617279
159.501328
154.358978
162.152817
166.205978
164.304352
162.483154
158.787109
161.38504
160.295898
153.850113
157.081985
158.912109
149.359467
147.216888
148.725677
145.681305
142.878052
141.056778
141.280014
139.646225
142.672729
139.012375
139.190918
138.807022
144.476074
146.386627
147.591797
149.636276
143.645767
145.734894
151.528946
144.333237
140.690765
140.190842
137.673218
120.969589
118.746613
102.22155
96.418549
115.880859
107.828117
111.640198
118.737701
120.969589
123.192581
107.756676
114.27388
120.076859
117.434227
114.27388
110.702805
102.667915
100.882393
90.481697
79.277496
99.09687
109.720772
101.016304
100.346756
102.042984
108.470909
108.336975
102.721489
97.232147
89.907028
83.172958
83.790855
87.453415
81.587952
82.832672
79.77906
85.071411
78.292557
72.283821
69.651093
63.767742
66.875076
59.809669
62.675228
59.755947
55.959087
55.547146
49.413071
46.565399
47.738495
60.373837
64.278168
68.504868
70.734634
58.887318
58.206741
61.74395
60.472343
63.328953
69.086914
65.164688
64.054298
62.4245
60.660408
59.514153
68.057121
70.546577
71.683853
72.292809
68.952629
67.340744
68.451157
68.030273
68.558586
73.483772
75.570305
77.692574
79.50148
79.438805
75.668755
76.483673
75.149384
69.552597
69.776443
67.779526
66.113907
65.415443
53.012924
62.594635
63.606533
67.081047
66.445236
70.08094
78.53437
74.074814
72.292809
74.83596
74.155411
78.776131
83.146118
86.477333
87.659355
80.952164
84.811714
85.590805
86.369881
76.752319
75.668755
77.020958
76.16291
72.093224
83.717064
80.961914
82.969749
82.006348
77.675545
74.16407
76.955238
73.578827
68.113525
66.582886
76.784164
83.185867
87.561661
88.957283
84.54541
89.128349
94.764702
89.407455
87.624718
100.779221
99.581688
101.697609
100.833252
97.312782
90.451912
95.457993
99.302597
102.841087
107.505035
105.029015
104.515793
103.318298
111.943886
117.184067
103.642426
109.116722
109.116722
108.585495
103.552399
108.369415
108.486443
110.575333
109.215767
108.855598
108.648521
114.509972
115.698494
114.419945
120.794647
121.731018
125.350502
120.40744
125.68367
122.253204
121.920113
116.382759
120.290405
121.010704
128.888992
127.088234
122.847511
123.813339
123.082176
128.227554
126.386024
130.574478
130.502304
130.28566
129.202469
128.317764
134.925507
134.510269
133.914474
134.781097
132.406967
131.025864
131.468201
129.094116
130.132233
126.133286
129.16629
129.202469
123.677887
127.451233
128.769119
130.375916
132.461166
134.826202
133.093079
132.98468
129.52739
132.208389
128.669846
125.068115
129.274628
128.065033
134.898376
135.097031
140.152039
141.578339
141.578339
144.457932
144.25029
144.8461
149.35051
148.691544
147.924255
144.91832
143.925369
146.615356
147.409714
148.131882
149.097733
152.230103
150.524017
147.725662
144.755814
143.726746
147.824966
148.47493
146.895157
141.948456
144.864166
144.367661
146.534134
147.918228
147.076904
149.211884
150.12558
149.28421
148.74147
149.682327
144.896729
143.422134
146.244644
147.429733
151.27449
154.033615
158.194946
158.041214
160.764175
159.81427
162.71817
164.156586
165.712585
164.997864
167.829422
166.128708
165.603989
162.383469
165.097382
166.074432
166.770966
161.922104
162.482971
168.688858
169.150162
172.316422
170.2267
171.248947
172.017929
169.376358
173.944809
170.642853
166.789063
167.811371
167.322845
162.166367
166.17395
163.161484
162.265839
161.578339
155.743393
161.551193
153.943176
154.40451
155.245865
153.337051
156.865158
155.399612
159.73288
159.678619
162.700073
161.460739
159.904724
160.348007
159.759979
160.031403
156.349503
153.798386
155.598648
154.8116
152.812317
148.506241
153.809692
151.969345
151.089996
148.950424
151.615799
148.542465
146.720276
150.890518
151.153473
150.491638
150.582306
147.53624
149.576004
145.895279
147.944183
149.992981
149.222412
148.343033
148.651276
148.460907
148.787292
151.126221
153.06636
156.910156
159.684326
157.979965
161.071381
158.025284
155.532211
152.141663
153.274887
152.785294
149.775452
151.271255
152.114395
145.840912
139.721512
140.501175
136.78421
137.346252
138.969025
134.826035
138.824005
142.278091
142.540985
136.602875
139.757767
136.983688
138.243774
139.277298
139.658066
139.54924
142.695084
142.568176
141.181107
141.58905
142.069519
142.060471
143.538208
141.824799
142.06102
142.233643
144.241638
143.305817
148.657532
151.90126
154.318176
153.418625
156.226273
157.652695
158.970215
157.670914
160.087814
160.496658
161.232635
161.641541
160.060562
158.852097
158.470505
158.915726
157.071213
158.143433
155.717438
155.035904
154.663406
157.334717
157.09845
160.24231
163.095291
162.750015
161.58699
162.868179
168.019989
167.429367
146.013458
148.394028
145.359253
144.405212
144.514297
143.014999
138.135818
139.053513
142.660675
145.59552
131.930023
135.837021
135.79158
134.646759
129.313263
129.921982
130.685211
128.995209
133.747223
131.430252
130.14003
129.603943
124.806557
127.296074
123.661674
127.768578
124.197762
129.531296
127.477821
132.032257
131.403687
129.217606
131.922974
131.203308
129.572891
126.320992
125.501244
124.608551
121.848595
123.551956
121.547997
124.699638
124.845398
125.082199
125.865562
125.464767
122.777672
123.032776
122.950752
127.213646
124.48101
121.83947
119.57135
119.452988
119.398323
120.473152
123.725021
123.387985
125.756256
125.018478
127.751083
126.66713
132.278198
133.143494
132.697205
135.639297
133.890442
133.489609
134.245697
134.992554
134.10907
134.081726
138.982224
137.379105
139.127991
139.537903
142.470947
142.024612
141.35054
141.550934
140.184616
135.94902
136.103867
134.883331
134.591782
135.34787
135.903458
133.945129
135.029053
133.66272
131.121399
131.786316
129.172043
127.295616
124.793579
125.040146
127.60614
127.64267
134.500534
132.601166
134.728867
136.189911
137.33139
140.965805
139.285522
139.312958
139.011597
137.870132
138.710251
138.253677
135.21283
132.327286
134.491425
133.322586
132.418503
131.87973
132.025864
134.874939
133.843063
136.582596
137.742325
137.988861
139.404297
138.984222
141.732895
141.29454
138.42717
137.605362
140.353973
143.11174
145.741638
145.467743
144.061371
143.723526
144.545395
146.243896
149.065582
147.13884
147.540619
148.682053
148.50853
151.942078
156.215714
154.508087
152.088181
152.700012
153.147446
151.43071
152.700012
150.764099
150.572342
152.818741
152.197739
147.06575
144.079681
146.344345
144.481476
145.449448
142.896133
145.010132
148.716629
148.542709
148.853912
147.88382
152.047913
152.331619
154.180267
155.104568
153.136948
151.196777
150.510376
150.126022
151.96553
153.960602
155.214401
153.384048
155.424911
154.839172
153.411514
153.420685
153.896545
158.371826
158.399216
159.24118
157.603043
156.21199
155.36084
154.994766
157.10881
157.017334
160.156372
159.86351
152.368225
151.636047
152.102798
152.194321
148.240768
147.627579
150.116867
148.048569
149.741623
151.30658
151.050308
150.675125
150.848999
152.953903
154.253479
151.928879
151.31572
152.523804
153.310852
153.66777
154.491394
152.981369
153.786743
149.119308
149.256577
149.57692
151.114395
150.206451
147.941147
148.289658
150.857605
147.65683
145.960129
147.931961
148.894943
146.987366
147.363358
145.299805
144.217636
141.58548
142.841919
146.703049
146.932327
147.464249
146.30867
146.657181
144.877975
143.502274
145.336517
145.88681
145.45575
146.950668
145.730881
145.740036
148.473083
148.940781
147.620193
148.087891
147.124924
146.895599
142.878662
142.273361
141.035248
139.274353
140.044708
140.787582
139.577011
140.567459
140.191452
138.118744
138.494781
138.760742
139.283524
138.96254
137.944534
137.660233
136.761398
137.935318
135.624176
130.919373
129.736267
128.947525
129.140152
129.167633
127.791962
123.80246
124.582031
125.040596
124.948898
124.967216
127.495728
129.399155
125.206253
123.560387
124.433884
123.119049
122.282318
120.995026
122.778824
124.976402
126.456787
126.061417
123.992584
125.132721
126.180923
124.259209
125.013184
123.689171
121.703033
120.369766
120.185921
118.852631
121.859375
122.374252
125.647629
123.670746
123.109848
124.139687
123.284561
121.390427
119.818108
119.459503
119.431908
119.680153
118.916985
118.144638
122.06163
124.663788
124.581055
125.831535
126.521126
123.873032
124.902863
124.102921
123.348907
120.664047
121.445572
116.066597
115.101151
108.186607
112.848396
101.455994
108.591202
107.092415
109.538239
107.460228
107.809631
104.030525
102.761665
97.934349
98.256172
101.428398
100.996231
102.752449
106.724625
106.226616
107.185745
103.44136
98.737808
96.432129
99.918297
96.644257
94.301704
94.919617
95.998672
96.413704
99.577057
99.134384
96.662689
94.633728
90.252975
86.674576
87.781273
91.433449
91.811584
88.832672
92.106712
87.200249
83.077728
87.227913
86.960449
90.31752
85.484848
88.666656
89.183113
91.405785
88.675888
89.2108
89.367577
94.301704
92.955185
93.019737
94.154137
95.897224
92.632416
98.064552
107.351768
106.853752
101.034256
95.491432
97.880112
99.309608
96.874817
97.363632
100.139648
91.922249
91.765457
93.757568
91.571785
91.99604
88.168617
85.171288
84.765472
84.202881
82.4506
81.057961
81.851097
83.723312
82.223442
88.750618
87.426643
90.037506
92.416908
93.657532
97.333092
92.509491
93.926018
90.759651
87.991402
86.334167
85.084297
83.417786
81.195786
84.232521
85.176857
87.417389
86.834145
85.084297
83.43631
84.260307
83.723312
88.287674
87.713661
87.565536
86.491554
87.667358
91.037437
92.361359
93.703842
91.620689
90.435616
96.573906
99.693993
100.675377
100.166145
100.795746
100.240204
100.508705
103.480629
101.591957
103.202888
105.036041
104.980484
108.813446
108.683846
107.378418
107.535805
107.285835
105.656372
106.035965
104.499069
104.776794
106.230377
107.313614
107.980202
105.878548
107.211754
107.276573
107.609879
108.752098
106.922676
112.485191
111.398697
110.163605
105.557594
108.092773
108.807816
108.91925
108.640648
115.65184
111.779434
114.277443
114.156731
115.42897
117.026192
116.998337
115.837547
117.174767
118.929901
117.314072
117.341942
114.927505
115.493942
115.986145
113.952431
111.398697
109.578568
108.668518
106.384079
107.656303
111.797997
106.876251
109.32785
108.519928
107.099121
105.492584
104.415375
103.774612
105.966187
105.845474
106.384079
106.244774
106.931969
107.099121
105.650452
103.570328
101.211601
102.186653
101.564476
99.632912
98.732155
94.841171
92.649612
92.74247
91.19165
90.151581
88.675056
89.622269
90.569481
91.043076
89.947289
89.798691
91.310295
88.277809
89.294868
86.439644
84.909416
86.038422
88.60437
87.708633
88.212486
86.588966
87.745964
86.514313
87.540672
89.257538
87.363396
89.920021
90.087975
87.615341
87.363396
85.114708
84.937408
87.027496
87.232788
89.44416
90.62915
92.000755
89.500137
89.080246
88.147171
87.941902
88.763
87.727303
90.909065
91.142326
91.422264
90.050629
88.641701
87.857918
86.92485
88.147171
89.537468
91.496895
94.837311
94.128151
94.146812
93.391022
91.263641
94.221466
95.191856
96.330193
95.63974
96.666107
96.124931
96.675446
96.348877
96.22757
96.563461
96.666107
98.233658
98.270981
97.66449
97.113983
97.935097
98.084381
98.431145
98.899712
98.14061
99.077789
99.724426
103.032669
106.406456
109.021179
107.474838
109.358551
110.811165
113.088486
113.735138
112.366882
112.348122
111.54213
110.239494
109.386665
109.274208
106.368973
105.975365
107.990288
106.537674
109.517868
109.883369
110.501907
112.366882
111.813942
111.954521
112.113831
112.535553
114.325562
112.64801
116.677864
115.478271
117.071465
117.287033
115.853149
115.056549
111.523415
112.245041
112.198181
111.935776
114.700424
117.005867
115.506393
116.284241
118.317894
110.567513
108.027763
108.85247
109.874008
109.152359
107.062477
108.187096
108.561958
110.867378
110.670586
110.305092
112.751106
113.34153
110.970497
112.306915
111.742241
110.857544
111.431641
109.718765
110.236397
110.302277
109.709335
110.123451
111.864578
111.139893
111.525764
112.335152
116.222084
120.250175
119.76078
122.085426
120.880753
120.033714
119.676086
119.214912
118.132622
