Adjusted
34.169662
34.549416
33.569107
32.986217
32.288506
32.447498
31.961754
31.723291
32.2267
31.228716
30.495689
29.409399
28.614555
28.217125
27.96101
28.588055
29.223928
29.630192
29.789152
29.197443
29.29459
29.789152
30.654661
30.107103
29.550707
29.656689
29.798002
30.548697
30.531027
31.502502
31.652643
31.652643
32.0854
32.429825
31.846939
31.935259
32.756603
33.1717
33.162853
34.579319
33.906479
34.136669
33.826817
34.756363
34.207497
33.632053
32.737904
33.968468
33.570087
34.145519
33.995026
32.401516
33.313358
31.764107
32.073948
32.428062
33.154003
34.499634
34.614719
34.712101
34.818344
34.898006
35.570827
35.570827
36.358746
36.863365
37.102383
37.323704
38.545399
38.527695
39.023453
39.421837
39.837914
39.970703
41.989162
42.015713
42.47607
42.033421
41.502258
41.528809
41.431435
39.820213
40.643536
39.767094
40.041523
40.661228
41.360619
41.289795
42.502636
42.60001
41.99802
43.193153
42.369839
42.785919
43.804016
43.441036
44.193531
42.883301
42.74165
42.290161
42.60001
43.290531
42.953506
43.086559
42.616478
41.463486
41.587639
43.725132
43.804947
44.87812
44.062153
43.787205
42.891422
42.696301
43.2728
44.674137
44.683006
44.479004
44.37257
47.015598
46.235119
45.090981
45.241756
46.261707
47.068798
47.81382
46.953514
44.833763
43.459045
42.075451
41.472355
42.563259
42.607605
43.627563
41.472355
41.303825
41.028881
41.66748
43.379215
41.064377
39.175236
40.283878
40.816029
40.700729
39.53886
40.532227
39.75172
40.558819
38.474567
38.492306
39.778339
39.787209
38.598724
38.563236
38.385872
39.991192
39.529999
38.678555
38.110916
39.059917
40.062157
40.762806
40.319355
39.9646
40.354836
40.594299
39.554569
39.048019
37.981625
36.728607
35.662197
34.986809
33.689362
30.925606
31.618759
31.920923
33.147282
30.516815
31.663204
30.738983
30.792313
33.431641
33.236145
31.272179
31.076677
30.81897
30.214674
26.917723
28.783918
26.94438
24.464996
23.816269
21.896751
19.364048
18.653109
16.831348
15.471689
19.115223
18.964144
15.720516
15.7294
16.227053
18.484268
18.43984
15.676081
16.653616
16.573641
14.822963
16.218174
16.751368
17.746675
17.586716
16.315924
17.91552
17.080177
16.218174
17.27569
17.151276
16.475887
15.382826
17.026859
16.093756
15.569442
15.693855
14.37863
11.961458
13.623261
14.600795
14.3964
15.622764
15.640537
13.514636
13.773679
13.487843
12.308769
12.782188
13.67542
14.005919
14.925947
15.131394
15.345772
15.417229
16.462317
16.444447
15.086734
15.640537
15.193918
14.827689
14.934879
15.399364
15.613741
15.837047
16.239006
17.373413
17.569921
18.677536
18.481022
18.900843
16.980387
16.015692
16.346191
15.363632
15.560143
15.845978
14.836626
15.828115
15.051003
16.301531
16.855339
16.587362
17.391277
16.096088
15.4083
15.310037
15.53335
16.489111
17.096508
17.60565
17.578857
16.37299
16.417648
16.212206
16.337263
14.613316
15.193918
15.184983
15.247515
14.264959
15.211785
14.800894
14.917021
14.647592
13.27354
13.39927
14.674537
13.812385
13.578887
14.11773
14.683517
14.162633
14.602687
14.467982
14.782306
15.545668
15.635476
15.994711
15.123573
16.219223
16.425777
15.653439
15.500765
14.970904
14.207536
13.893212
13.965057
14.656574
15.563629
15.258286
14.611673
14.845173
15.375031
15.240325
15.851012
16.03961
16.677244
16.865833
16.874821
17.925566
17.844738
17.772896
18.518301
17.970465
17.638182
18.392565
18.159065
18.733835
20.01808
19.901329
20.772463
20.242598
20.952072
20.00012
20.619785
19.667831
19.56904
19.012236
19.85643
19.703753
19.973177
19.164907
19.128988
19.910313
19.811522
20.532927
20.677204
21.569939
21.326462
20.35257
20.58703
20.578012
20.559984
20.686222
21.064962
21.939661
21.633064
20.875587
20.298471
19.685276
19.405737
19.279488
18.12524
18.549063
18.549063
18.612188
18.846643
18.882715
18.666294
18.666294
17.475973
17.448927
16.934933
16.880825
17.07921
17.070196
17.566156
17.872751
18.73844
19.414747
19.279488
20.136152
20.190256
19.955799
20.74935
21.173172
20.73131
19.838572
19.477875
19.856611
19.919731
20.830503
20.505873
19.928749
19.775454
19.937771
20.541943
20.469803
21.001835
21.596996
21.191208
20.433729
20.830503
21.308432
21.948685
22.588921
22.796328
22.110992
22.291342
22.002779
21.759312
21.460619
21.279589
21.125713
21.705004
22.211874
22.682541
22.573923
23.216564
23.623871
23.678183
24.384184
25.370773
25.225954
25.479391
24.845806
25.633268
24.755291
24.230312
24.203161
24.700981
24.719088
24.54711
23.895414
23.298029
23.967827
24.311775
25.361717
26.067724
25.542755
26.221596
25.769032
26.420727
27.018116
27.515932
28.104267
27.877987
28.059008
28.430111
27.343956
26.882338
27.190088
26.194445
27.452572
26.438829
26.484087
27.434467
27.362062
27.651699
28.086163
28.629244
28.484419
28.439163
27.425417
27.796522
28.710705
28.737856
28.683548
27.552135
27.045265
27.552135
27.570238
27.343956
26.330215
26.5746
26.647236
26.28406
25.476027
25.249039
25.14917
24.332058
24.931276
25.57589
25.52142
26.002611
26.438416
26.874208
27.310005
26.892366
27.491594
27.382643
27.655008
27.482521
27.518826
26.910524
27.210131
27.319082
28.372259
28.735432
29.416367
29.489
30.977976
30.669287
30.224405
30.914427
31.150484
30.89625
31.413767
30.206247
29.534391
28.281475
28.208847
28.036337
27.609617
26.919603
26.520124
27.827515
27.927389
27.564222
26.202351
25.684845
25.512335
26.402096
26.538284
27.382643
27.255529
28.190676
28.217922
28.635563
28.862535
28.163446
27.418962
27.246449
27.237377
27.455931
28.002314
28.421213
28.867428
28.639772
29.031345
28.603338
28.148018
27.902147
27.99321
28.685299
28.257301
28.876528
29.614151
28.758158
27.774662
27.902147
27.965889
27.510567
26.927752
26.736519
27.200951
27.319334
27.437716
27.99321
29.004025
29.322752
28.803686
28.831003
28.749048
28.685299
28.612453
29.532196
29.614151
28.812792
28.749048
30.333569
30.315357
30.716036
31.836134
31.389914
29.878248
30.369986
28.776363
27.911251
28.585127
27.601631
27.301123
26.181023
25.051834
25.124681
25.807657
26.490646
26.417797
25.580006
25.36145
25.17021
24.696676
23.877096
24.341526
23.358027
23.330706
23.567476
24.664066
22.690205
19.327347
21.639315
21.593618
21.118437
20.835148
21.036192
20.615831
22.132778
22.288128
21.95001
23.265915
23.987839
24.115772
24.654924
24.718891
23.750237
23.558336
23.03746
24.070078
23.750237
22.370373
22.434332
22.827282
23.521784
24.179741
25.577883
26.235838
26.171871
25.742374
25.705822
25.742374
25.678408
25.139248
26.656197
27.6614
27.30501
27.688812
27.953823
28.200558
27.825886
27.396397
27.515192
27.30501
28.081758
28.511263
28.383318
28.556944
28.255384
28.054348
27.524326
26.299803
25.979965
25.678408
25.413397
26.226706
26.308943
26.098763
25.422537
25.714962
25.65099
25.577883
25.696686
26.7293
26.11515
25.858492
27.251787
27.618444
27.893446
27.352623
27.69178
27.700941
28.305925
28.97508
28.764252
28.608419
28.415922
28.379259
29.149239
29.176739
28.892578
29.149239
30.001713
29.708391
30.038387
30.615873
30.313375
30.551708
30.276712
31.220856
31.138353
30.81753
31.835005
31.679173
31.935829
32.659981
32.15583
32.834145
31.248348
30.414209
30.97336
30.909199
31.330841
31.422506
31.889996
31.550838
29.039246
29.204241
28.800915
28.782585
29.048409
30.111715
29.259237
30.643366
30.450867
31.972496
33.283298
32.834145
32.85247
32.110001
32.540825
34.429104
34.841583
34.199947
33.420784
34.254944
33.512455
34.713261
34.685764
36.008881
37.31361
37.80978
37.506569
37.102276
36.964458
37.175781
36.955269
37.80978
37.745468
36.560184
37.001209
36.65205
36.890953
37.019592
37.129841
37.047146
36.624489
36.413162
37.387112
37.681145
37.515743
37.442238
36.339657
36.2202
35.117619
35.328945
35.071674
36.183449
36.65205
36.045628
36.743935
36.789883
36.054817
35.889431
36.008881
36.339657
36.936886
39.877148
39.665813
40.318176
41.347263
41.815865
42.826572
42.982769
42.192589
42.431484
41.319702
40.382496
41.15432
41.016487
41.935326
41.843445
43.635147
44.498844
44.204826
42.817394
43.497326
41.852623
43.212482
43.212482
42.650928
42.660133
43.672791
43.120422
42.75219
42.089371
41.675102
40.27581
40.929417
41.481777
40.515163
39.530121
40.837368
40.68087
42.098579
42.070957
42.706161
42.319523
42.383953
44.096252
45.108906
45.569199
45.882191
45.421902
45.569199
45.780922
44.56575
44.400051
44.307983
43.203285
41.73954
41.896042
42.476013
43.10202
43.396599
45.118107
45.734898
46.471375
46.609467
46.913254
46.489784
46.268841
46.471375
45.035255
44.087048
43.589928
43.129631
42.963924
44.243553
44.547344
42.742985
42.936306
42.34713
41.822395
41.730343
43.230904
43.175674
43.433426
42.494431
43.728016
45.909817
46.637077
46.249744
46.249744
45.216854
46.249744
46.369633
44.303852
44.35918
43.981068
45.170738
44.266949
43.215622
44.165516
43.132614
42.782173
42.440948
42.819061
43.46463
43.446171
43.409283
42.302616
42.634617
44.903286
45.945412
47.033638
47.301083
48.094204
48.564537
50.076996
49.837208
48.407757
48.158764
48.527657
47.799099
48.951878
48.988762
51.073009
50.971546
52.502457
52.751469
52.81601
52.152004
50.731773
50.602669
50.47356
50.19688
48.564537
48.93343
44.294621
43.427731
39.130146
41.269722
39.932484
41.712383
41.942944
43.925743
42.348724
41.915279
37.673019
35.081562
34.389896
37.073582
37.451687
36.778469
38.235584
39.480598
40.136753
41.00547
39.757839
38.390064
37.770882
39.073952
38.454769
36.652634
36.560215
36.495518
36.375381
37.142433
36.855949
35.358788
35.100018
32.429165
30.23888
29.268499
31.18154
31.846935
30.007837
29.804516
28.205702
26.505228
28.196463
29.924665
31.837702
30.793377
32.198132
32.789593
32.410686
32.364475
34.591717
31.865427
32.61401
31.310909
31.856184
30.959736
32.641727
32.456894
33.150021
35.996471
36.162815
34.527023
32.577042
33.806183
34.979881
34.342209
35.13699
35.885567
33.667564
34.462345
35.663769
35.608307
35.959499
36.042686
34.231304
33.233196
32.216602
31.144569
29.758312
29.388645
30.285093
31.079878
34.100754
33.739368
33.896896
34.304623
32.960979
30.950151
30.699951
31.580273
30.171759
29.5231
28.726185
28.967115
29.430433
28.540852
30.77409
31.255936
31.079878
31.32081
31.635864
30.811148
31.311537
31.978739
31.645136
32.543991
32.025063
32.414257
32.784912
33.665222
32.784912
32.18259
31.450537
31.376396
32.423523
33.591099
33.544769
32.840515
33.69302
33.739368
33.507702
34.378757
33.980286
34.082218
33.952488
33.859829
34.128555
34.656746
34.286083
34.304623
34.07296
33.415031
33.489174
33.08144
32.64592
33.025841
33.62817
34.313885
35.435143
35.407333
35.685318
34.981075
34.916214
33.906166
33.822762
33.405766
32.578979
31.705755
31.780073
32.309593
32.402481
32.235268
32.829807
31.752207
31.501375
32.086628
32.513969
32.291004
31.705755
30.637438
31.046188
31.259848
30.498098
30.172947
30.442352
30.832518
31.074059
31.213398
30.656013
30.442352
30.080057
29.71776
29.847815
30.823227
30.107931
29.782787
30.340164
31.742926
31.566408
30.925423
30.609571
31.009022
31.157667
31.074059
30.878977
31.78937
32.541832
32.040184
31.640728
30.2194
30.117212
30.368032
30.117212
30.015032
29.569122
29.33688
28.407913
28.054897
27.869106
27.804081
28.956003
28.593704
29.095345
29.178955
29.141792
29.736338
28.203539
27.924847
27.841232
27.505802
27.133093
26.182693
26.210642
26.05224
25.623632
26.210642
26.294502
26.723118
27.440577
26.984009
27.384674
27.552393
26.415634
25.90316
25.139111
24.878216
25.353418
25.800667
26.452898
26.648577
27.897146
27.54307
27.300812
27.021282
26.424953
26.583351
26.471539
26.834927
27.021282
27.393991
28.111448
28.148722
28.670513
29.360023
29.397285
29.164352
30.338381
31.326046
31.260834
30.869484
31.130383
30.617912
31.456497
31.5124
32.043518
32.257824
32.658474
32.788921
32.64917
32.47213
32.220554
32.891422
32.723701
32.611889
32.760971
32.304413
31.819897
31.931704
32.099426
31.754663
31.223557
30.571321
30.60869
30.038754
30.281673
30.795557
31.991505
32.019535
33.028603
33.383656
34.047039
34.981365
34.775818
34.168499
34.018997
33.757393
33.486435
33.15942
32.486698
31.692522
31.972811
31.477623
31.458933
31.832657
30.842274
31.739227
31.225344
31.42156
31.645802
31.300102
31.739227
31.580397
31.617771
32.290489
33.00058
33.308907
32.682911
32.290489
31.272068
30.561977
30.758179
30.272331
30.169561
30.533945
30.001377
30.169561
30.60869
29.627649
28.478422
28.553164
28.637257
28.394325
27.983223
28.366295
28.45973
29.627649
29.627649
29.618303
29.973351
29.935978
29.935978
30.281673
30.758179
31.159941
30.907682
30.973265
31.385487
31.460436
31.647806
31.535383
31.844559
31.900768
31.394852
31.282431
31.422966
32.603428
32.42543
32.912605
32.519108
32.341106
32.519108
32.416058
31.863295
