Adjusted
89.46299
88.567108
84.476784
84.087608
82.73925
85.770805
83.87043
83.019791
84.141914
81.363716
79.083252
75.264389
77.35482
77.47245
74.956711
81.092255
80.829834
81.354683
82.449684
81.843353
82.015282
83.318413
81.798096
77.345772
74.06987
78.875145
80.504036
82.015282
80.856941
82.386276
82.53112
82.033409
85.146393
85.435982
83.680389
84.757294
88.313698
89.173409
86.413345
86.847702
84.322891
84.829681
84.132881
86.929146
84.150978
82.97451
83.182663
87.653107
91.03759
91.209717
89.715088
86.662361
89.008507
81.834206
82.305237
80.97364
81.064232
83.908592
81.109535
80.049667
79.877571
83.781761
84.569855
84.334328
85.982994
87.042801
87.522903
89.044739
87.441414
84.02636
91.662636
93.75515
94.19902
92.867416
95.340378
101.962112
104.897072
100.250069
98.846016
99.625046
97.17923
95.594017
96.200935
92.81308
96.327759
98.076019
105.857262
102.170479
104.136162
104.842705
104.353539
106.97142
105.368103
110.640137
115.975571
118.394157
121.202301
118.466644
115.939346
113.31237
114.136673
112.895691
109.17263
111.247047
114.136673
110.920914
106.81749
111.727165
112.252541
115.468307
111.364807
113.937401
112.097076
113.846741
115.569252
117.609016
117.264519
111.426231
111.099838
116.439529
114.227509
112.704483
112.786079
115.188499
114.39978
114.825882
108.769974
108.371086
103.838242
102.723175
99.486725
102.423996
101.318008
100.855652
93.974792
91.599594
86.939827
88.707649
94.264931
88.64418
83.62178
84.68248
85.099503
86.114845
85.443993
96.975548
91.925972
91.681168
84.374252
87.19368
91.3367
88.789238
86.912651
86.767586
87.19368
92.352058
89.668602
86.414024
85.879135
89.251579
94.283005
98.897461
96.340927
95.044571
95.670082
97.129669
95.670082
94.926674
92.080093
86.087654
82.860283
82.896553
79.904892
72.24437
77.665642
80.167763
83.752785
74.077827
76.437569
76.029152
76.791527
86.021751
86.629829
83.761841
84.152092
87.174408
81.256905
69.076988
74.495308
72.6166
62.678432
65.346771
65.573662
55.626427
56.524967
48.556271
48.029861
53.747711
52.921806
42.783974
46.786465
45.906109
52.077732
49.663532
44.490257
48.892082
45.325237
39.362347
45.842571
48.22047
52.041451
54.646221
52.386326
55.33601
53.511734
51.487797
55.57198
56.561245
51.406124
46.033169
52.440781
50.398689
45.860718
46.614029
42.175888
34.896988
40.72374
45.434143
45.189106
51.015842
49.046368
39.670933
40.896187
38.854095
36.013329
34.9333
38.146168
39.344196
40.560371
43.301315
43.292233
42.892895
45.180016
47.66275
43.006519
43.051979
43.41576
44.397934
43.333897
44.607086
47.517235
48.899563
48.781326
52.064342
53.25568
52.728218
50.791161
53.055614
50.481941
47.462677
49.072342
46.662369
48.062897
48.18111
47.280785
51.464127
49.517971
52.328064
54.565254
53.819519
55.347347
51.791527
50.57288
48.85408
50.400093
51.318623
53.073807
54.974491
55.220039
51.900642
51.991589
51.254951
53.119274
47.826431
47.089806
47.444489
46.917011
45.461945
47.608166
47.444489
48.954128
49.736221
47.144371
46.926128
50.154556
47.935566
49.781693
49.072342
53.082897
51.991589
53.76807
53.431
53.63142
56.455559
54.870392
59.051952
56.300674
60.400249
59.234158
58.623779
57.9314
53.048367
50.269772
49.37698
50.543068
53.267006
54.442211
52.656624
51.271881
52.519981
53.239674
52.683964
52.018913
50.880154
50.834579
50.187778
46.133778
45.997116
45.924244
47.892021
51.171665
50.069344
50.005566
51.782066
49.914471
51.189892
54.660851
54.150692
56.15493
55.453445
57.721878
58.031601
58.222927
54.578861
54.560642
53.002808
55.344131
56.400894
57.348358
55.398781
54.679085
55.717636
55.918064
59.808083
60.664425
61.985397
54.934174
52.228455
54.351112
53.90472
52.629299
53.686081
54.642628
55.180126
54.367992
52.661575
52.661575
48.482235
49.276119
48.555237
46.045803
47.72485
48.47311
49.851017
49.531635
49.677635
49.047985
48.463993
45.30666
44.36676
44.476276
43.801003
44.321148
43.344742
44.357643
45.032909
46.401684
46.465561
45.88155
47.432831
47.998604
47.168205
48.527863
48.938499
48.801605
48.883739
47.19558
49.367374
50.371166
52.278324
50.845654
50.635792
51.110287
49.942261
49.969654
48.792484
48.445736
47.834335
46.675453
45.032909
46.191803
46.401684
46.173561
48.299736
47.998604
46.976582
48.171982
47.542328
47.268589
46.164436
45.261044
45.014664
45.489151
46.940079
48.564358
48.190235
48.929367
48.445736
48.746861
49.650257
51.597507
51.542664
51.021561
50.317635
51.524376
50.345058
48.87318
48.525803
49.997646
49.092594
48.87318
47.904133
47.346478
49.06517
50.41819
50.290192
51.615795
52.484283
52.804253
53.371059
54.202976
55.373177
55.455429
56.250782
55.54686
55.117188
56.086243
53.892151
52.511711
52.849964
50.025089
51.716362
50.043381
50.052509
50.820431
51.414665
52.091187
52.091187
53.325356
53.25222
52.475143
51.149555
51.542664
52.676266
53.371059
53.736755
52.621407
53.791595
53.691025
53.691025
54.294403
52.840816
52.987103
54.669228
54.276127
54.138988
52.200878
52.109463
49.979378
49.942806
51.11298
50.857006
51.451241
51.652355
52.292294
51.651249
52.759369
53.922436
53.830849
54.407806
55.28698
55.598343
55.98299
55.827297
55.406029
57.84206
58.199223
58.354908
59.472206
60.287254
59.655342
57.265106
57.640591
57.704693
57.173531
57.732174
56.816368
55.12212
53.748421
54.938969
54.114761
53.931587
52.997475
52.924221
54.691704
56.056252
55.012241
52.493774
53.098213
52.228199
52.832626
52.997475
54.059795
53.50116
55.369408
55.644142
55.570877
55.717411
55.067188
53.785065
54.032326
53.720955
53.849167
54.948128
55.149601
55.451817
55.332764
56.358467
56.09288
55.406029
56.111195
55.909397
56.19376
55.432396
56.551502
57.4688
56.56068
56.129543
56.303833
56.349697
56.358871
55.267284
54.735252
56.028648
56.982628
57.377068
58.431961
58.963993
58.973171
57.854065
58.881443
59.395134
59.881294
59.688675
60.138145
59.541897
58.386105
58.230148
59.899647
59.395134
58.890614
60.110615
59.945507
58.110912
58.404434
59.000683
58.294369
58.734669
57.22113
56.331348
53.396
52.047562
54.992096
53.76292
53.973877
53.203365
51.42379
50.910114
50.634922
50.451458
47.259274
48.534298
47.039112
47.919716
47.350983
50.038666
48.800327
46.314434
47.81881
48.240761
46.323608
46.204357
45.580589
45.754883
48.304981
49.029652
49.323738
50.830921
50.546028
50.261131
51.63047
51.474239
50.095715
50.610359
49.37888
49.443211
48.68042
46.824005
46.263405
45.914185
46.02446
46.824005
48.910183
49.718918
48.919369
49.342117
49.948669
49.25021
49.002071
47.320274
47.632736
48.597706
46.768864
47.972786
48.432293
48.50581
48.983696
48.220909
49.489155
49.25021
51.409904
51.53857
51.924564
51.749943
51.088245
51.520195
51.06068
49.075603
48.855038
48.496613
48.358768
49.112362
48.616096
47.779785
47.090515
47.081318
46.143925
46.327728
45.840649
47.292709
46.428822
46.180683
48.809082
50.44495
50.812542
49.057224
49.90271
49.737282
50.013004
50.077332
50.362217
50.546028
51.393066
50.610485
52.175659
51.687679
51.927063
51.604836
53.225243
53.096344
53.575108
54.118317
54.431358
56.0886
54.772007
56.548931
56.723881
56.908016
57.570915
58.04047
57.699814
58.344296
57.773464
58.767818
59.255783
57.331535
58.261433
58.114117
58.233814
57.589333
57.552502
57.552502
58.215397
58.031242
59.016407
60.102821
61.17083
63.757961
64.430077
64.88121
64.135468
65.857155
66.1978
64.503746
64.015755
62.404545
62.441372
64.439285
64.816772
64.163086
63.573849
65.31395
64.245934
64.558952
64.494522
67.339455
68.398254
68.407463
68.131256
69.457062
68.44429
68.085228
68.610016
68.24173
68.214119
67.403908
68.611687
69.552071
68.777634
70.077591
70.234299
69.920853
69.39534
69.257057
70.47403
70.47403
70.566216
71.377518
71.68177
73.267532
73.027802
72.990929
71.90303
74.668884
73.931343
73.682388
75.719902
75.627747
74.217148
73.239883
72.51152
72.7789
71.147057
73.156876
73.064705
75.148315
77.554619
78.69783
77.333336
76.6511
75.913521
76.660301
76.217758
73.839134
74.94548
74.309341
75.90432
74.853294
77.29644
77.56382
78.365921
74.456863
78.319809
77.195068
78.181526
80.237495
78.052467
77.914169
78.550316
77.665215
77.775871
77.268799
76.614227
72.681969
74.011177
73.245056
72.488129
72.285042
74.131165
73.466545
75.848068
75.78347
74.454254
75.829636
77.869606
76.586525
76.955734
77.36187
78.654198
80.066467
79.272629
79.70649
78.284958
78.026497
77.758812
75.488083
74.131165
73.540421
73.521942
72.811195
71.269684
72.5158
74.352722
74.472717
73.845032
74.463463
76.374222
77.48188
79.346474
77.131119
73.688103
71.472771
70.632759
71.509689
73.798866
73.540421
71.140465
70.50354
69.949677
68.851273
69.654312
71.251236
72.072754
71.925064
70.337364
71.481979
72.220428
72.368134
72.552734
72.949661
70.42968
70.79892
71.048119
68.657425
68.795868
68.09433
69.331245
67.24514
66.100533
67.81057
65.610619
64.99128
64.039238
63.530838
66.118996
66.017334
64.316536
63.817379
63.956028
66.063568
67.459343
69.104668
69.714729
70.047516
68.781136
69.92733
69.030746
66.571938
65.98037
65.43499
64.371994
67.413124
67.006409
68.5131
67.302185
68.531586
68.744171
68.540817
67.561012
64.96357
65.120697
63.373699
63.262753
61.025829
60.212395
56.662876
55.33181
49.499138
51.782291
49.961304
52.429344
52.725136
55.655331
54.721741
55.045261
51.394062
50.183155
49.831909
51.190697
51.948677
50.469707
51.4865
54.157883
53.815872
54.851151
55.294838
53.62175
52.438583
54.777191
55.31332
53.372181
53.603268
55.146946
55.830963
56.710556
57.043869
56.25687
55.330978
52.303333
47.933144
47.664642
50.081203
52.655174
50.701546
51.423737
48.57201
45.79435
48.099815
49.497894
50.636738
49.257172
51.932972
51.48856
51.94223
51.007095
53.210705
52.608875
53.895855
54.553234
54.451393
55.368015
56.479076
54.423618
55.905033
59.793751
60.793716
57.923454
54.571751
55.969845
58.24752
58.738243
58.691944
59.960419
56.840176
59.117867
60.265957
59.367855
58.701218
57.895691
55.895771
55.303207
54.136593
53.729198
50.933018
50.303413
52.534813
53.136635
55.756889
55.081001
55.22913
56.25687
55.942066
55.377281
53.17366
54.136593
52.173706
52.099632
49.831207
50.636738
50.377026
49.236092
51.480843
51.77766
52.547562
52.835114
53.029896
51.898254
52.380589
52.686687
54.170837
54.727379
53.428757
52.334217
52.779453
54.319244
53.744141
52.881485
52.454803
53.233967
55.348854
56.758778
56.832985
57.185474
55.951786
53.159763
51.007767
51.258221
51.156181
52.2229
52.621773
53.623558
56.007439
56.693844
56.749508
56.081642
58.669609
57.343166
57.751293
57.417366
59.485878
60.181557
60.431999
60.756668
60.50621
61.572945
62.148033
62.148033
61.09058
60.218666
61.368881
60.691742
60.014584
58.901497
59.495152
59.884735
58.474804
58.131607
58.44698
57.387859
57.127731
58.112518
58.781448
57.31353
56.876877
55.018761
55.613365
55.873489
55.436836
54.470612
54.284805
54.76791
55.325348
54.758625
54.424164
53.764534
52.714695
51.516212
51.534801
52.640373
51.35828
50.410633
51.627705
51.237507
51.33041
51.163181
50.280571
51.1353
47.549141
48.078705
47.883602
48.441029
50.196949
50.206253
48.68259
47.32616
46.768738
46.313492
45.198627
45.105717
44.548286
43.321926
42.104874
41.101494
41.94693
41.435936
42.773796
42.522945
43.321926
43.210438
43.377678
44.055878
42.160614
40.5998
39.624283
39.652161
39.958744
41.900471
41.584595
41.547428
40.859932
40.813473
40.07024
40.926956
41.718487
40.703461
41.280815
41.169064
38.151928
38.179863
37.202095
37.239338
38.179863
38.291607
40.461346
40.47065
42.184093
41.243561
40.34029
40.330975
39.390446
40.675526
39.669807
40.312355
40.507896
41.066635
41.811611
41.895416
42.277222
41.355312
40.908325
42.333084
44.288643
45.033615
44.865997
43.916157
44.512138
43.320183
44.428329
44.959114
46.02071
46.588745
46.179008
46.262821
45.713402
46.169704
45.843769
46.570118
45.918274
47.017094
46.998478
46.979858
46.355938
46.737736
46.439751
47.343033
47.063667
46.262821
47.054359
46.234882
45.918274
47.324406
49.261326
49.475525
50.835098
51.01202
51.870316
52.299454
51.767689
51.777016
51.403847
51.721043
51.907627
51.105309
50.004471
48.884968
50.163071
50.116421
50.330997
49.911179
49.108871
50.35899
49.967152
50.032463
50.125751
49.080879
49.752586
49.705933
49.388741
51.301231
51.888966
51.609093
50.638851
50.85342
48.856979
49.006252
50.284355
49.668625
48.754349
49.11821
49.808571
51.217274
51.795677
49.556667
48.698391
47.326988
47.177727
46.608643
46.207493
45.61042
45.629078
47.103092
46.226151
46.739254
47.690838
46.552677
46.067551
46.50602
47.112423
46.282116
46.244808
45.591751
46.151512
45.815662
46.356758
46.664616
47.177727
48.530464
48.455677
48.025711
48.838913
50.521408
49.577343
49.969917
49.904495
49.203453
48.904343
49.025852
47.93224
