Adjusted
33.755001
35.165001
35.560001
35.255001
34.055
34.165001
34.869999
35.18
34.5
33.555
33.310001
32.689999
32.09
31.504999
32.139999
31.635
31.035
30.674999
31.799999
30.9
32.18
33.720001
33.544998
31.875
31.045
31.200001
31.885
31.6
30.965
31.195
31.125
31.195
30.709999
30.940001
29.780001
29.365
29.905001
30.75
31.025
30.715
30.155001
29.035
28.73
29.155001
28.15
27.25
25.809999
27.1
26.834999
27.809999
27.375
26.695
27.950001
27.584999
28.655001
29.184999
29.285
28.870001
28.639999
27.799999
27.799999
29.684999
29.495001
30.030001
30.27
30.370001
30.42
29.469999
29.629999
27.959999
27.049999
26.379999
27.969999
27.870001
27.57
27.67
27.15
28.290001
28.98
29.139999
29.23
29.959999
29.190001
23.75
22.85
21.969999
22.1
22.620001
22.690001
22.18
22.059999
21.58
21.25
21
20.93
21.77
22.09
22.4
22.74
23.610001
23.68
24.15
24.25
24.030001
23.59
24.040001
24.5
24.17
23.41
23.190001
23.790001
23.219999
23.299999
23.719999
23.5
23.540001
23.08
23.299999
22.959999
22.620001
22.110001
22.74
22.07
22.02
21.799999
22.58
22.02
21.6
21.559999
22.620001
22.540001
22.469999
22.57
22.549999
23.299999
23.82
23.969999
23.969999
23.790001
23.82
23.68
23.120001
23.610001
22.93
23.440001
22.85
18.469999
18.629999
18.17
18.799999
19.559999
19.879999
20.700001
21.08
20.950001
20.360001
20.18
20.110001
20.129999
20.41
20.209999
20.25
20.67
20.299999
20.559999
20.940001
21.42
21.219999
20.49
20
19.18
19.809999
19.379999
18.620001
18.299999
18.82
19.809999
19.32
19.57
18.959999
20.129999
19.66
19.120001
19.48
19.709999
19.99
20
18.77
19.33
18.459999
17.75
16.76
16.129999
15.37
16.190001
14.69
14.59
16.200001
15.42
14.41
14.63
14.1
14.7
14.34
13.81
13.06
12.72
11.42
11.49
11.33
11.9
12.24
12.59
13.64
13.12
12.39
12.79
12.49
12.53
12.99
14.5
14.14
13.28
13.58
12.89
11.73
11.84
13.51
13.95
14.61
14.06
12.21
12.53
12.92
11.81
12.8
13.07
13.01
13.08
12.79
13.1
12.82
13.29
13.52
13.39
13.01
12.55
12.46
12.52
12.39
11.78
12.42
13.07
13
12.48
12.49
12.14
11.43
10.9
12.33
12.94
12.31
12.23
12.27
11.26
11.69
11.73
11.41
11.54
11.99
12.19
11.79
11.79
11.97
12.8
13.02
13.82
14.14
14.29
13.37
13.7
14.19
14.18
13.49
13.42
13
12.27
12.09
12.39
12.13
11.69
11.32
10.09
10.17
10.63
9.62
9.7
9.39
10.28
9.95
10.58
11.84
11.34
11.83
12.39
12.12
11.92
13.07
13.03
13.33
13.97
13.49
12.97
13.09
12.68
13.66
13.52
13.57
13.46
13.63
14.05
13.83
13.91
14.03
14.42
14.91
14.23
14.08
14.1
13.8
14.3
14.24
14.28
14.98
14.86
15.09
15.6
12.45
12.21
12.1
12.14
12.44
11.99
11.9
12.06
11.71
11.7
11.9
11.93
11.72
11.73
12.11
12.28
12.39
12.67
13.33
13.75
13.75
13.56
13.66
13.49
13.77
13.63
14.36
14.03
13.44
13.33
13.69
13.9
14.19
13.63
13.79
14.03
14.29
14.42
14.2
14.25
13.92
13.65
13.65
13.18
13.04
12.83
12.74
13.06
13
13.51
13.68
13.56
13.64
14.03
13.76
14.22
14.64
14.7
14.67
14.85
14.73
14.69
14.83
14.86
14.75
14.32
14.31
14.47
14.27
14.8
14.85
15.14
14.84
15.18
15.66
15.71
15.87
16.02
16.33
16.219999
16.469999
16.43
16.459999
16.200001
16.01
15.99
16.43
16.440001
16.879999
17.09
17.07
17.459999
17.23
16.76
16.99
16.469999
16.690001
16.33
16.110001
16.139999
16.280001
16.58
16.610001
16.34
15.94
16.23
16.129999
16.540001
16.58
16.719999
16.690001
16.690001
16.65
16.85
16.92
16.42
16.65
15.69
15.63
16.049999
15.59
15.54
15.25
14.82
15.33
14.78
14.86
14.64
14.97
15.3
15.13
15.32
15.77
15.75
15.4
15.64
15.67
15.12
15.37
15.07
14.39
14.28
14.56
14.7
14.42
14.47
14.6
14.41
14.24
14.33
14.34
14.08
14.09
14.29
14.35
14.1
13.99
13.94
13.48
13.66
14.07
14.73
14.7
14.88
14.71
14.63
14.59
14.5
14.94
14.94
15.01
14.99
14.97
14.94
14.92
15.17
15.31
15.38
15.94
15.63
15.8
15.79
15.83
15.63
15.35
15.08
15.07
15.25
16.58
16.450001
16.200001
15.99
16
16.030001
16.030001
16.110001
16
16.09
16.07
16.24
16.110001
16.190001
16.16
16.57
16.93
17.25
17.35
17.370001
17.15
17.110001
17.41
17.52
17.42
17.549999
19.280001
18.639999
19.379999
19.18
19.07
19.559999
18.67
18.77
18.83
18.67
18.52
18.26
18.41
18.34
18.540001
18.530001
18.34
18.030001
17.57
17.559999
17.75
17.559999
17.780001
18.33
18.27
18.139999
18.110001
18.219999
18.16
18.190001
18.280001
18.02
17.940001
18.02
17.76
17.879999
18.110001
16.01
16.25
16.01
15.82
16.209999
16.17
16.4
16.23
15.78
15.78
15.63
15.61
14.84
15.08
15
14.91
14.92
14.96
14.9
14.63
14.72
15.27
14.78
14.41
14
14.01
14.2
14.57
14.67
14.8
14.98
14.99
14.98
15.01
14.89
14.63
14.16
14.24
14.06
13.63
13.93
13.73
13.64
13.58
14.02
14.23
13.99
14.12
14.31
14.43
14.57
14.12
14.25
13.84
13.31
13.44
13.37
13.83
15.04
14.06
13.98
14.14
14.58
15.44
15.9
16.059999
16.09
15.57
15.54
15.02
14.93
14.76
14.6
14.9
15.1
14.76
14.68
14.67
14.04
14.38
14.06
14.17
14.1
14.18
14.57
14.8
15.12
14.73
14.99
15.22
15.26
15.61
16.34
16.34
16.33
16.540001
16.42
16.040001
15.42
16.26
16.66
16.450001
16.26
16.07
16.01
16.120001
15.8
16.040001
16.1
16.18
16.07
16.02
15.92
16.02
16.15
16.17
16.5
16.15
16.309999
16.110001
16.18
16.219999
16.25
16.209999
16.049999
16.030001
16.120001
16.049999
16.02
16.01
15.83
16.280001
16.73
16.82
16.969999
16.76
16.709999
16.41
16.450001
16.209999
16.15
15.99
16.440001
16.75
16.58
16.5
16.4
17.219999
17.440001
17.790001
17.549999
17.73
17.51
17.549999
17.58
17.42
17.75
17.959999
18.360001
18.379999
18.59
18.690001
19
18.860001
18.860001
18.950001
18.879999
18.98
18.82
19.120001
19.08
19.040001
18.870001
18.790001
18.76
18.940001
19.15
18.879999
19.17
19.540001
19.389999
19.41
19.219999
19.389999
19.629999
19.82
20.17
19.92
19.92
19.48
19.58
19.469999
19.5
19.610001
19.5
19.559999
19.73
20.18
20.08
20.049999
20.209999
20.450001
20.610001
20.15
19.780001
19.83
20.559999
20.18
20
19.98
21.139999
21.08
20.93
21.469999
21.65
21.459999
21.540001
21.309999
21.27
21.120001
21.75
21.66
21.950001
21.84
21.780001
21.889999
21.83
21.870001
22.280001
22.25
22.200001
22.09
21.940001
21.879999
21.809999
21.790001
21.73
21.65
21.690001
21.790001
21.879999
21.950001
21.450001
21.58
21.950001
21.84
21.82
21.860001
21.84
22
22.02
22.42
22.690001
22.43
22.25
22.299999
22.459999
22.440001
22
22.02
21.690001
21.200001
21.139999
21.540001
21.42
21.059999
20.719999
20.610001
20.41
21.08
21.030001
21.5
20.82
20.639999
20.459999
20.209999
20.200001
19.91
20.15
20
19.969999
20.200001
19.83
19.719999
19.629999
19.99
20.42
20.459999
20.25
19.940001
19.889999
19.959999
19.85
20.17
20.280001
20.379999
20.530001
20.57
20.52
20.040001
20.200001
20.360001
20.299999
20.18
19.959999
20.389999
20.360001
20.82
20.68
20.15
19.290001
18.75
18.48
18.57
18.049999
17.459999
17.57
16.530001
16.879999
15.21
16.02
15.16
15.82
16.23
16.75
16.620001
16.620001
15.63
15.58
15.45
16.1
16.18
15.67
16.01
16.690001
16.67
16.639999
16.610001
15.88
15.85
16.75
16.52
15.79
15.72
15.94
16.32
16.469999
16.530001
16.27
16.280001
15.71
15.15
15.6
15.53
16.4
15.73
15.61
15.21
14.23
14.71
15.05
15.21
14.99
15.3
15.49
15.41
15.25
15.54
14.78
15.02
14.62
14.66
15.5
16.1
15.55
15.64
15.93
16.65
16.120001
15.29
15.41
16.16
16.360001
16.23
17.84
17.09
17.09
17.77
17.639999
17.610001
17.450001
16.959999
16.83
16.379999
16.66
16.209999
16
16.620001
16.549999
17.610001
17.549999
17.16
17.530001
17.379999
17.34
16.709999
17.200001
16.870001
16.73
16.58
16.389999
16.790001
16.49
16.92
17.030001
17.17
17.299999
17.57
17.24
17.59
17.51
17.84
17.91
18.360001
18.57
18.52
18.75
18.950001
19.26
19.26
19.09
19.280001
19.639999
19.35
19.17
19.4
19.629999
19.34
19.379999
19.200001
20.389999
20.709999
20.51
21.1
20.790001
20.83
20.58
20.92
20.700001
20.98
20.860001
20.799999
21.379999
21.450001
21.02
21.040001
21.07
21.33
21.450001
21.5
20.73
20.950001
20.440001
20.43
20.059999
20.25
21.040001
21
20.559999
21.549999
21.309999
21.26
21.549999
21.6
21.23
21.07
21.290001
21.09
21.360001
21.629999
21.84
21.74
21.549999
21.780001
21.93
21.91
21.9
21.200001
20.559999
20.82
21.18
20.870001
20.6
21.059999
20.940001
20.68
20.6
20.4
20.33
21.02
21.16
21.23
19.120001
18.799999
18.1
17.58
17.1
17.09
17.190001
17.01
17.24
17.440001
17.6
17.5
17.360001
16.959999
16.74
17.309999
17.15
17.209999
16.969999
16.92
16.99
16.83
16.76
16.32
16.34
16.57
16.92
16.84
16.940001
16.67
16.73
16.799999
17.110001
17.280001
17.469999
17.91
18.07
17.34
17.709999
17.389999
17.41
17.76
17.67
18.040001
18.440001
18.530001
18.450001
18.290001
18.190001
18.32
18.16
18.709999
19.25
18.969999
19.1
19.24
19.24
18.959999
18.700001
18.450001
18.35
17.98
18.6
18.26
18.52
18.75
18.83
19.530001
19.65
19.780001
19.76
19.799999
19.91
19.879999
19.860001
19.75
19.82
19.879999
19.83
19.82
19.67
19.77
19.459999
19.51
19.57
19.719999
19.709999
19.629999
19.950001
19.99
20.129999
20.18
20.040001
19.75
19.83
20.209999
20.950001
20.75
20.790001
21.049999
20.950001
20.74
20.889999
20.57
20.33
20.35
20.219999
20.4
20.77
21.139999
21.549999
21.559999
21.629999
21.450001
21.389999
21.450001
21.6
21.629999
21.719999
21.75
21.389999
20.459999
20.389999
20.32
20.280001
20.33
20.549999
20.620001
21.059999
20.91
20.9
20.83
20.34
20.07
20.32
20.389999
20.25
19.860001
19.43
19.5
19.440001
19.15
19.290001
19.48
19.440001
18.82
18.969999
18.99
19.08
18.68
18.870001
19.24
19.25
19.530001
19.709999
20.08
19.83
19.82
19.700001
19.790001
20.459999
20.389999
20.42
20.59
20.4
20.23
20.120001
19.91
