Adjusted
84.02594
84.194496
81.168594
80.301796
78.327354
78.905228
80.197441
78.391563
82.613327
81.730446
81.569939
81.144547
82.990562
81.24086
85.157608
85.807747
83.889465
84.25869
85.157608
84.796448
85.968277
87.549408
86.626419
84.290794
83.460953
82.453812
83.203117
84.70974
85.829636
87.352386
85.507393
85.531563
84.596954
86.89315
86.151939
87.070396
88.689842
92.154289
93.830101
92.847183
91.735306
92.03344
93.225845
92.968048
90.655708
91.799789
91.856194
93.854271
94.321571
93.386993
92.839142
93.096954
95.401192
94.216835
95.336731
95.924911
95.0467
94.192696
93.072746
92.307343
92.766594
93.854271
92.500725
93.475609
93.266144
93.709267
93.677048
94.079872
95.69931
93.459488
94.490776
94.402145
97.060898
99.163765
100.227264
100.186989
99.639076
99.582695
100.058052
99.163765
98.043861
98.978424
97.246193
99.590775
99.244331
98.317787
98.954262
100.426613
101.05761
100.3619
101.31649
102.400513
103.160957
103.921387
103.403664
102.327705
101.267952
100.005928
100.879623
100.475128
102.999176
104.79509
104.93264
104.706085
103.031502
103.419846
103.185226
103.929489
101.073807
101.818039
101.882759
99.706619
100.192017
102.052673
102.505676
101.203239
100.442795
101.138496
99.294037
99.876518
99.876518
100.78257
97.991577
97.117897
95.888252
96.486893
96.349358
96.705299
98.290909
100.21627
97.401024
99.650002
98.792488
98.323242
99.666183
101.882759
102.35199
105.078224
104.083191
105.167229
104.778908
105.167229
103.978035
102.133545
103.274216
104.245003
103.533073
102.449066
103.193314
104.253067
104.894661
104.805321
104.61042
102.815613
101.694855
102.165924
103.091736
102.620705
101.183228
99.53463
99.49398
99.88382
101.459343
99.778236
99.485886
100.200546
101.175117
98.860535
96.164276
96.107414
93.394928
92.850769
95.254692
93.427414
95.863762
96.80584
96.619057
93.54921
94.24765
90.528091
93.492371
96.521606
94.377571
93.687286
94.58062
97.544868
96.984505
92.956352
94.986656
89.43985
85.062477
84.006676
81.716484
77.680191
73.538338
72.279526
71.264381
74.886482
76.015358
71.702919
74.326096
73.725121
75.130104
72.165848
67.894051
68.503128
66.651482
64.694275
70.882668
71.629829
73.652031
75.503677
75.268181
75.852928
73.042923
69.539436
70.454071
68.494072
67.571259
65.121231
68.771759
65.603081
63.275574
65.398903
62.042408
58.587879
61.152218
65.243752
65.86441
66.697426
66.640259
62.801903
65.202927
65.880745
63.242886
65.815392
69.302612
67.530426
67.669266
65.807243
67.130264
67.595772
70.560242
70.102936
68.600266
68.208252
66.958755
65.823555
65.758232
66.419762
66.354416
68.232773
68.730919
71.352425
70.903252
72.871422
71.695419
71.197273
69.171913
69.996765
69.694595
67.938766
68.69825
69.351578
66.950562
74.65995
73.557411
73.083771
74.806938
74.855949
77.436623
75.550102
74.847763
74.259781
76.342278
75.81147
75.468445
78.94175
79.500122
76.585144
78.137077
78.063179
77.053192
74.450264
75.139999
73.021538
72.906586
69.277245
70.944115
70.533554
73.054382
75.567001
73.120071
72.069038
73.481354
71.830925
70.459679
68.546478
71.642067
72.766991
74.228569
74.195709
74.901871
76.289558
75.501297
76.084282
75.961128
81.05201
80.715363
80.427956
81.109489
77.307739
77.611572
79.557594
80.148788
82.784569
83.934135
83.392151
81.084839
83.088379
83.507133
82.070183
81.511833
81.166977
83.285446
83.154068
82.46434
84.008041
84.205086
83.277222
82.176933
82.070183
83.704193
85.428528
84.747009
85.896591
87.193932
86.914749
86.353508
84.677902
83.769997
84.933784
85.792221
84.405548
83.406799
83.670944
86.320465
87.088097
85.883003
84.867767
84.100121
86.683655
84.958572
86.411263
87.723656
89.44873
88.177628
87.897003
87.764908
88.516029
88.722366
89.258888
89.432228
90.298904
89.316689
88.829697
88.582077
88.317955
87.764908
87.401741
86.270935
86.204918
85.965553
87.542061
87.228409
87.352226
86.188408
86.535065
83.968086
83.902046
82.696953
83.101418
84.256981
83.225212
85.528084
85.222687
88.49955
91.322403
95.267807
96.109734
96.60495
95.391632
96.621475
97.100212
97.091949
96.80307
96.786545
97.281807
97.3396
98.982109
98.717987
97.785278
97.337486
98.954536
98.432121
97.677498
98.921364
99.161827
98.32431
96.906288
97.544792
98.32431
98.639427
99.4272
98.946236
98.539932
99.070618
99.037483
98.034065
97.893097
96.765327
96.267784
96.466805
97.403816
97.155052
96.823364
97.577972
97.893097
98.581367
98.971153
101.019379
101.069122
101.259857
100.812042
100.84523
100.190132
100.289635
100.405724
98.954536
98.523323
99.186722
97.7687
98.697479
99.302834
100.629623
101.815475
101.409142
104.427597
105.348068
105.331474
106.434387
106.127563
100.870087
102.047638
101.848625
100.231575
101.740814
99.808678
99.601364
100.049156
100.754021
101.890099
100.015968
99.974518
100.472092
100.579865
102.080811
102.8638
104.954597
105.712578
105.945816
105.17115
105.812546
106.795464
107.145294
106.745453
106.23735
105.754219
106.787109
106.56221
106.020775
104.704666
105.246086
106.570534
105.962456
106.245659
105.995773
105.820869
105.620956
106.945366
107.736694
108.019913
108.228142
107.028687
107.211914
106.120712
106.545555
107.161919
108.228142
108.286469
108.761246
110.210617
109.827469
110.427193
109.036133
110.32724
108.994499
108.286469
107.911644
108.994499
107.853317
108.711281
108.478043
110.210617
109.769142
111.734962
108.494705
107.453484
104.538078
105.054527
104.746346
105.229462
103.080391
101.947533
103.846703
104.563072
104.671371
102.455643
102.888809
101.976799
103.089615
102.754929
103.524681
103.75061
104.779755
105.700111
106.938408
106.41967
106.135201
105.808861
106.754349
106.319275
106.394577
107.574295
106.612091
106.160294
106.026428
106.469849
105.767044
105.047478
105.106049
106.762703
107.047188
106.955147
107.657982
106.896561
107.415329
106.854767
107.080658
108.24366
107.540833
108.134911
108.151634
107.591026
107.741653
107.306572
107.306572
108.226944
107.875511
107.499001
106.771103
107.733276
107.39859
107.959198
109.816635
109.515457
109.297913
110.636597
108.511414
107.925735
108.042862
108.762436
109.381577
107.783493
108.854477
109.155693
107.934097
108.436111
107.197777
106.645569
104.215118
102.684532
106.191414
106.71283
111.582153
110.572983
110.329102
109.698364
109.28627
108.369614
104.114189
105.476608
104.660851
104.719704
103.634834
106.292343
105.342056
104.568344
107.150185
107.612701
105.358856
104.391708
104.046913
104.198318
107.377213
108.024796
108.066849
109.151703
109.622681
110.152489
109.454445
109.874969
108.739616
109.420853
107.806137
106.906273
108.470512
105.199074
103.845085
103.079773
102.482689
103.828255
106.805367
107.621101
107.612701
108.209808
109.73201
109.93383
109.93383
107.671577
109.151703
106.426933
105.350433
107.20063
107.965919
107.991158
108.176163
108.007996
107.663162
107.982742
109.967468
109.639481
110.396362
110.867325
109.98838
111.560356
111.425133
109.726357
108.433273
108.06987
107.985367
108.560059
109.354507
108.940384
107.757179
106.886658
105.559753
105.872459
103.768028
105.4161
104.29203
104.063835
106.295029
105.678085
107.824783
106.447197
106.55703
106.793701
108.171288
109.540436
108.89814
109.388298
109.591156
110.030624
111.382866
111.543434
112.042068
111.281433
113.343658
113.800011
114.002846
114.501495
113.368988
114.636719
114.307121
116.343948
116.496025
117.239769
117.349693
118.034264
118.194817
118.634308
119.589317
119.217461
120.713364
116.656639
117.535614
118.177925
118.042694
118.186356
118.887825
119.530174
119.082214
121.36412
121.127518
121.566994
121.845894
124.060188
124.170082
124.331337
124.059677
124.407745
123.456955
122.022324
121.937401
120.748962
120.502731
122.548615
123.134407
123.423012
121.546898
123.77951
122.158104
121.300743
120.08683
122.59111
123.244751
123.41452
123.083473
122.260033
123.074936
122.497719
122.939156
122.480713
123.788048
122.854233
122.70993
123.091927
122.675987
123.720116
123.898399
123.847511
123.380554
123.694679
124.382233
124.509644
124.585999
125.19722
125.333061
124.832199
126.198936
125.579247
125.333061
125.027443
126.572472
126.334801
127.336533
127.88826
132.166779
132.260193
132.005524
135.511475
137.048004
136.708435
136.733932
135.154999
137.523422
138.847702
138.626999
138.822266
139.221268
139.917343
141.519638
140.326477
139.849121
139.644592
139.107712
138.783844
139.261093
139.97699
140.488373
138.025284
136.516754
137.019638
138.306534
137.965652
136.337784
136.49971
139.329269
137.922974
136.303696
138.306534
141.357697
138.084946
138.434372
137.548004
135.528168
130.397461
131.403137
132.860519
134.386063
134.658798
135.962799
136.397491
138.221283
137.530991
138.817917
139.431549
138.979843
140.002563
139.985519
139.763947
139.806519
140.096283
139.815063
139.729843
139.13327
139.729843
140.599152
141.655975
141.425858
140.965622
140.411621
143.420151
142.900269
143.599182
145.201416
145.550827
145.380386
146.718475
147.332077
145.414505
143.573608
144.58374
144.763535
145.859329
145.105957
147.45163
145.465515
144.55809
145.962051
145.910675
146.039063
145.670959
144.044388
143.813263
143.607834
143.119858
143.393799
144.617996
142.589066
142.186722
141.296417
141.039566
140.132156
140.688583
141.116623
139.695541
139.686966
140.500229
138.967865
139.258911
140.7742
141.270691
142.298019
141.835678
142.212402
141.313553
143.496521
145.542572
145.996262
146.860977
149.420609
150.182556
152.134399
151.08139
151.089981
149.805893
149.001144
149.2323
149.155212
150.276703
150.054108
158.554993
157.219559
158.289658
158.529312
157.262329
156.603119
155.250534
155.635803
155.678604
154.736923
152.42543
153.093246
146.801041
148.085159
142.917694
146.692276
139.753555
143.356201
144.620102
148.738541
147.233902
147.440247
140.862717
135.454498
136.692627
141.284027
143.381973
142.367401
145.428329
148.420456
148.325821
147.810013
146.451492
143.571091
141.963287
143.854889
142.083649
138.747559
139.650391
140.518829
143.794662
146.245132
148.738541
148.858963
150.226044
148.764374
144.981201
145.600281
150.045486
152.796906
152.659302
154.052216
150.35498
148.996552
150.243286
152.057465
156.218903
156.820816
160.457794
159.06488
160.027908
160.629761
163.819641
160.432037
153.820053
152.521759
152.401413
156.167374
156.700424
155.075363
156.459656
159.821548
161.171463
158.74678
155.926605
158.136322
161.042465
160.25148
161.059677
161.646667
157.321701
158.279938
161.758926
161.733017
162.941574
161.102829
160.334534
159.91153
156.665649
156.518875
153.618301
152.850021
157.295807
156.199478
162.294113
163.545883
163.727158
164.745819
166.55867
167.516907
165.384598
167.957153
165.902603
165.013428
162.915695
161.845245
158.469879
157.882828
161.638062
156.656998
157.149094
159.488525
159.661163
158.832474
160.722977
158.737473
160.826599
160.170517
159.410828
157.580704
156.76059
156.518875
157.390793
155.862808
154.662872
155.387955
156.311691
155.836914
162.743057
164.003418
165.686783
165.514114
164.866653
164.417786
166.178848
166.265167
166.282425
165.341492
167.16301
166.455078
166.912628
167.215912
167.371902
166.756622
166.929962
166.583328
166.609299
167.276627
167.623276
167.597244
168.013214
171.254425
171.384415
171.185059
171.575073
170.491821
171.185059
172.294388
173.897629
170.951096
171.393082
173.160995
173.862991
174.192276
176.601532
177.416183
178.525406
178.534088
178.282776
177.00885
177.390121
178.083481
178.074768
180.059341
179.548065
179.643417
180.492676
180.821991
181.532639
181.55864
178.568787
178.066132
177.606812
175.344925
175.561569
177.936096
175.752213
175.682861
179.782043
173.438339
172.900986
172.979004
172.129715
173.325638
176.419556
178.161423
179.227417
179.46138
180.258713
180.310638
179.600082
177.650162
176.5755
175.339752
175.122192
174.573929
175.069962
173.564438
173.216278
173.816788
172.21553
170.466324
172.102341
171.284363
170.675156
170.649033
169.091293
170.971054
169.291443
167.872879
164.548553
164.078583
164.653
168.821518
169.21312
169.822266
167.533508
169.308853
168.047012
169.787506
173.268539
172.563629
173.120575
172.990036
168.299347
168.569138
167.838104
167.046188
167.959946
166.56752
170.205231
170.422775
170.509811
169.95285
166.576248
165.061996
162.094437
161.215424
159.335693
161.876862
160.81514
159.823029
163.826263
169.996384
167.481323
166.071487
165.645065
166.289063
168.786697
170.910141
171.162506
170.553345
169.857132
169.221817
172.763794
172.972626
173.990845
173.947159
173.414047
174.174408
173.929672
173.300385
173.396515
175.529053
175.861176
175.231903
173.615051
172.391464
171.036835
172.845932
171.028076
170.311432
170.494965
169.000458
170.293915
170.02298
170.459961
174.008347
174.35788
175.625168
177.652786
178.089783
180.353394
180.746658
181.043808
180.973907
180.414566
180.196075
180.021255
179.418228
179.147324
178.290802
179.960098
181.30603
183.94545
183.394806
183.980377
183.875534
184.050262
183.377335
181.777908
179.88147
179.82901
181.611877
182.599472
184.408615
175.345505
170.390076
168.991745
169.90062
167.147614
166.684402
167.453537
168.913071
170.014252
172.304062
169.052902
169.673416
170.486221
167.800156
166.869675
166.465881
166.12355
165.30719
162.840546
163.139038
164.09584
167.089142
166.07962
167.036453
169.845398
169.309967
167.861572
168.519928
168.124939
166.843323
166.32547
166.220108
165.596863
166.518524
168.493607
169.081726
170.468658
169.371399
168.528717
168.326828
169.959488
171.776596
171.241119
170.969009
169.783951
168.888611
168.493607
169.160721
166.632675
