Adjusted
26.273426
24.938248
23.365702
24.530283
23.425039
23.966536
24.552525
23.343447
23.558561
22.379145
22.282715
21.540951
22.156616
24.166809
26.889097
26.251183
25.961891
27.41576
28.313297
27.334156
28.817698
29.477875
29.29985
27.482523
26.948446
27.94241
27.519596
28.172358
28.105598
28.179777
26.83717
26.903942
25.84321
26.673992
26.139923
26.703653
27.430588
28.528406
28.729521
28.319843
27.582428
27.731405
28.327297
27.813328
26.070343
24.394392
24.439087
25.370171
25.079666
24.945601
24.59551
24.141138
25.027531
24.960497
26.234207
27.962309
27.560087
25.645773
25.764956
24.297562
24.282665
25.474457
25.824539
25.556391
25.295681
25.176504
25.332924
24.796631
25.615976
25.206299
25.318031
25.638325
25.385069
25.638325
26.956738
26.926947
25.817085
25.534046
26.494915
27.269592
27.560087
28.34963
26.264009
26.472572
27.157854
26.256565
26.867359
26.435329
25.824539
25.615976
26.591749
26.435329
26.919493
27.776098
28.632687
27.977209
27.500481
26.301258
25.802193
24.707237
24.893456
25.649393
26.727163
26.18079
25.978701
26.016125
26.412811
26.734648
25.439831
25.117996
25.305107
24.624014
24.885971
25.993671
26.061033
26.18079
25.409891
26.150852
25.282644
24.803646
24.579107
24.826097
23.680969
23.254351
22.678043
22.992392
22.790314
22.992392
23.45643
24.354576
23.381592
21.345798
20.492569
20.470119
19.998587
21.390709
22.371178
22.475965
21.517942
21.884691
22.910065
21.809839
21.660152
21.06139
21.734997
21.847263
21.510462
21.645182
21.098816
21.914627
21.675117
20.941637
22.146645
23.845627
23.157051
22.221485
22.618168
23.606121
23.164539
22.116705
21.660152
21.749966
22.386152
21.772419
22.011919
22.222635
23.080538
23.404135
23.780403
25.082306
24.073895
24.502842
25.992887
25.774641
26.316477
26.737896
25.639189
24.344807
24.969425
23.479387
25.240341
25.533831
24.427591
23.802975
22.433352
22.20759
21.966774
20.86805
21.688334
20.597143
19.107096
17.775101
18.166424
16.473198
16.232388
14.275767
13.831763
14.328447
14.208038
12.447083
12.522337
12.537387
13.282407
13.560848
13.39529
12.70295
11.521457
11.002199
11.483829
11.656914
12.033186
13.575899
12.326677
12.733052
12.048236
11.461251
11.664442
10.565721
10.008841
9.497112
9.752975
8.834871
8.14253
7.811411
6.757848
6.321372
5.877373
7.344833
7.635564
8.91326
8.699037
8.308842
8.438907
8.339445
9.188694
9.793111
10.168001
9.563586
9.938479
9.655396
9.685998
9.280501
10.045589
10.695914
10.267467
9.7166
9.158091
8.852056
9.226948
9.112184
8.798497
9.402918
10.183305
11.132012
11.629321
12.172531
11.384491
11.116714
10.680614
10.22921
10.030289
9.211645
9.701301
9.938479
9.188694
9.969081
9.992035
10.175655
10.213911
10.236859
10.84893
10.336324
9.70895
9.586535
10.083843
9.540631
9.984382
10.856582
10.596452
10.106798
10.198607
10.535245
10.083843
9.59419
9.211645
9.050977
9.096884
8.668432
10.474037
10.234056
10.040522
10.427591
9.955369
9.994077
10.520486
9.467661
9.41347
9.560559
10.721762
11.178499
11.81329
12.037789
11.635239
12.161651
12.030048
11.81329
11.13205
12.254545
12.695804
12.63387
13.75637
13.771852
12.989974
12.966754
13.268661
14.244074
15.080133
14.51502
13.113835
14.453089
16.961285
17.232231
16.233597
15.436244
16.442616
17.232231
16.094254
16.419386
16.597446
16.365198
17.41802
16.845165
16.744526
16.760012
17.518656
17.41802
18.54826
18.50181
18.408915
18.037334
17.882505
17.356094
17.030952
15.691705
16.218111
17.479958
17.77412
17.750898
17.201265
16.179407
16.132959
16.535511
16.285921
15.225152
15.357744
17.510483
17.962866
17.799068
16.558908
16.449711
16.496513
16.668108
16.200117
16.005127
16.200117
15.895931
14.81176
14.874155
14.803962
14.983357
14.772761
14.250175
14.881958
15.295348
15.232952
15.326544
15.513741
15.646337
14.530971
14.991155
14.281372
14.788361
15.381143
15.225152
15.661939
15.685337
16.863098
16.995697
17.159492
18.290455
18.181257
18.922234
20.115602
20.778585
20.412003
20.131201
19.74122
19.920614
20.622587
21.449366
21.16077
21.808149
21.847155
23.633303
22.900124
22.931322
22.946924
23.212118
21.737961
21.059378
21.035978
21.581957
21.691156
21.971952
21.917353
22.712929
22.455538
22.314356
22.432003
21.992773
21.608452
21.326092
23.200651
22.926136
22.886923
23.333986
23.483017
23.004566
23.333986
23.875181
24.667364
24.863447
25.004622
24.785011
25.279142
24.479122
24.032053
23.69478
24.000675
24.118322
23.953617
23.051632
22.706522
24.87129
25.169334
25.318361
26.330149
26.079163
26.361526
26.620363
27.287045
26.97331
26.996838
28.118431
27.616463
26.534081
26.941938
26.385057
26.228186
25.051687
24.047737
25.24777
24.926186
25.326204
25.624254
25.569345
26.604675
26.612513
27.577242
27.851759
27.341948
27.067427
26.659571
27.490963
27.31057
27.349787
26.847816
26.628201
26.659571
26.541925
27.448198
26.809862
26.36067
27.062042
27.361513
27.558529
27.771296
27.779182
27.645214
27.337864
27.984077
28.409634
29.024319
28.33082
28.417519
27.70825
28.118048
28.992792
28.906113
29.528679
29.449865
29.788731
30.253698
30.08032
29.615364
29.883299
29.418356
29.49716
30.679253
29.780859
30.222172
29.008562
29.44199
28.945513
28.38599
28.527838
28.070757
27.369389
26.904427
27.046282
27.605804
27.385164
27.424553
27.219656
27.731894
28.701214
28.409634
27.668856
26.746822
26.794104
26.880793
26.486759
26.644373
26.951725
27.645214
27.676729
27.597919
28.133804
28.472677
28.519951
28.963223
29.192778
29.240273
29.754805
29.841875
29.928938
30.332632
30.878807
31.132114
30.98172
30.98963
30.823397
31.527899
31.662457
31.44083
31.591215
31.868263
31.994907
32.683575
32.818138
32.359032
32.604416
33.047688
33.095173
32.738983
32.335278
32.8498
33.84716
34.330029
33.324738
32.802311
33.680939
33.253498
33.111019
33.997566
34.401253
33.997566
33.395977
33.942162
34.607067
35.889404
36.332672
35.366966
33.918407
33.609692
33.965904
32.71524
34.535831
32.984364
32.8498
32.105721
31.709946
34.235039
33.30891
34.06089
32.683575
31.472479
31.068785
30.126835
30.403877
29.493574
30.174316
29.762712
30.340553
30.014305
31.764872
31.589825
31.231745
32.027462
30.650888
29.019663
28.502449
28.73321
28.900311
30.070011
30.117754
30.881632
32.067242
31.828543
31.136257
30.762278
30.022257
29.35387
29.314075
28.15234
28.279642
27.810181
25.868641
25.614012
26.107353
25.598097
25.438957
26.863285
26.807589
27.483942
27.173609
27.547598
27.340715
27.237265
25.661757
25.12863
26.218754
25.494656
26.680265
27.117914
27.770399
27.436197
26.743927
26.680265
27.054253
28.255779
27.062214
27.643082
27.149748
27.022425
27.953411
27.404362
26.712099
26.608652
24.7069
23.966888
24.659159
25.176373
24.818302
25.27981
24.850124
24.173771
24.762608
24.022591
24.254885
23.005295
23.165497
24.286919
26.241411
26.810141
26.129272
26.433657
26.409634
26.649927
27.474987
28.259981
28.900799
28.948854
28.908806
29.133085
28.772631
28.51631
28.267994
29.245237
29.565643
30.687077
30.118353
29.797941
29.725851
29.765902
30.25453
30.07029
30.823246
31.28783
31.327887
31.247793
30.783203
30.574923
31.079567
31.127634
29.910078
29.597683
28.916824
29.549618
30.062267
30.558905
30.647018
31.023502
30.847282
30.95141
31.424006
31.488092
33.586761
34.043339
34.259628
33.56274
33.955227
33.963249
33.162228
33.506664
32.481354
33.178249
33.546707
33.779007
34.19553
34.355736
35.172771
35.092312
34.263489
34.440525
34.947472
33.909416
33.651928
34.295677
34.070354
33.676067
33.86116
33.941612
33.523186
33.611698
33.507088
34.054264
34.046234
34.351997
34.746304
34.480759
34.432476
33.869198
33.917477
33.901386
34.150833
34.102551
34.923328
34.255444
34.488804
34.553173
34.078407
33.917477
33.490986
33.5956
33.499035
33.869198
33.949657
32.919659
33.185211
33.289818
33.941612
33.442719
33.418564
33.764572
32.919659
33.136929
32.943813
32.259823
33.837002
35.172771
35.880905
36.146458
36.178638
36.669495
37.136215
36.790199
36.910904
37.578789
37.401756
37.747765
36.733871
35.880905
36.210831
36.60511
36.420044
35.583172
35.761127
36.092766
35.655972
34.99268
35.405212
35.833927
35.890556
35.963348
34.774284
34.669125
33.569031
33.722713
33.431526
34.216145
34.491169
34.183792
35.283875
35.267696
34.741924
35.591255
36.319263
36.303089
36.489128
36.537651
36.934021
37.128162
37.702469
37.387009
37.176682
37.079617
37.168602
37.265663
37.354649
36.707531
37.039177
38.026016
38.268692
38.406197
39.26363
38.940075
38.77021
38.46283
38.616524
38.907726
38.826828
38.422386
38.333408
38.268692
39.03714
39.393059
39.773232
38.527538
37.395096
37.095798
37.354649
37.573051
36.88549
36.901657
36.804604
36.88549
37.544006
37.722866
38.07246
36.641594
36.153801
35.389572
34.86927
34.617241
34.300171
34.666023
34.251389
34.59285
35.934284
35.373318
35.267628
35.576572
36.527771
37.478973
36.836716
37.300106
36.503387
36.983055
37.609058
37.446453
38.161884
39.218781
39.365116
39.413891
41.104927
40.852898
40.454517
40.121201
40.332581
40.592739
41.007366
40.625256
42.104897
41.608971
41.787842
41.869141
41.495163
41.381344
40.023632
40.795979
40.779724
40.617119
38.25132
38.820412
35.08065
36.023724
32.39777
33.820507
32.633533
34.41399
35.999325
36.316391
34.918049
33.674171
31.13763
30.446589
30.714872
32.470936
33.414009
32.487202
34.218876
36.340786
37.072479
36.958664
36.533749
35.348923
35.790165
37.538818
36.885117
35.994446
37.211964
37.31002
37.522469
38.421318
39.132214
39.205753
38.80537
37.734924
36.615475
37.195621
39.35284
38.690968
38.364128
38.11898
37.326363
37.073051
39.581638
39.401871
39.222095
39.785915
41.403835
40.251678
41.003445
40.423286
41.428345
40.880871
42.466103
41.934959
41.330296
42.155586
43.119801
41.371147
41.232227
42.605
41.812389
41.420174
41.060631
41.322121
41.730686
41.175034
41.371147
41.836906
39.982033
40.545853
40.431446
40.112766
40.284367
39.328331
38.413147
38.38863
37.841152
37.367226
36.55827
36.190559
37.118732
36.683399
37.19265
38.687592
38.745087
39.53363
38.901161
38.704025
38.950432
39.591122
39.771835
38.58902
38.720448
38.835442
38.630089
38.523319
40.14146
40.683578
40.379662
40.930004
41.127129
40.995705
41.094276
40.831429
40.839642
41.135349
41.570679
40.856075
40.790359
40.543945
40.231808
40.190754
39.821114
40.240025
40.773926
41.373543
41.086056
40.560368
40.757504
40.034683
39.804684
39.878616
40.683578
40.560368
40.675358
40.338593
41.291409
40.897137
41.562466
41.89925
42.014229
41.710323
41.529613
41.619968
41.891026
42.860264
42.00602
43.361317
43.229889
43.739162
43.673439
44.264847
44.396938
44.264847
44.388676
44.207058
44.165779
43.265961
43.918125
44.314381
44.644588
44.306129
45.321526
45.139915
45.445354
45.305023
44.883999
45.189442
45.610466
45.395817
45.024334
45.643482
45.734291
45.164665
45.626968
45.998466
46.328674
45.717789
45.858116
46.369953
46.105782
44.132763
45.098637
45.478374
45.395817
45.833351
46.196583
46.023224
45.866383
45.494892
45.090374
44.520756
45.552673
45.882889
46.270882
46.114033
46.114033
47.220245
46.939564
46.14706
45.593952
44.586803
44.512505
44.190556
42.068932
41.441544
41.788258
41.317711
40.071167
40.360111
40.921463
40.987503
41.47456
41.64793
41.887325
42.393593
41.729641
39.314499
38.841427
39.397488
39.057213
39.687969
39.55518
40.476421
39.588383
40.559418
39.3228
39.978458
40.791801
40.692207
42.3521
42.211014
40.451523
40.600906
39.787563
40.351933
39.754368
40.044849
41.239975
41.895626
41.962029
42.767067
43.065849
42.899864
42.933067
42.069912
41.771137
43.065849
42.974548
43.555515
43.904099
44.219475
43.522316
43.24844
42.957962
43.530621
44.26926
45.149006
45.273506
44.933231
44.053486
44.244366
45.10751
45.190514
45.829567
46.020462
45.713375
46.584824
46.493519
46.842102
46.900204
46.941692
47.522659
46.958294
46.991501
47.904427
47.36496
48.095314
47.871239
47.67205
48.16172
47.969929
48.220081
48.08667
47.586365
48.328472
47.953247
48.245094
48.170059
48.320137
48.078327
47.994942
47.91156
46.969345
47.411266
47.161125
46.735867
46.002094
45.77697
45.77697
45.910385
46.010445
46.477394
46.385662
46.594124
46.735867
46.844273
47.077747
46.785896
46.085487
46.135521
45.801987
46.444035
47.21949
48.078327
47.661423
47.052723
46.669167
46.252254
45.827003
45.943733
46.502407
47.33622
47.686432
47.094406
48.044971
48.528595
47.736465
46.193886
45.685249
45.601871
45.768635
45.118259
45.176613
45.751957
47.086075
46.485733
46.360641
47.152786
45.226646
45.159935
46.257721
45.562187
45.327545
45.017487
44.606857
44.162716
44.388981
44.246525
43.793991
43.475559
43.668301
43.701824
43.743717
43.810753
43.936459
44.238136
43.668301
43.95322
43.928082
43.073315
43.391754
43.710201
