Adjusted
28.845261
28.392805
26.973475
26.768929
25.963205
26.366072
26.477636
25.913624
26.533417
25.678099
27.035454
26.384678
27.10363
26.378466
26.49004
26.012779
26.136755
26.706964
26.242113
25.96941
25.895027
27.345348
26.75654
25.814455
25.411589
25.640909
25.994194
26.136755
25.845446
26.601593
25.721493
25.34341
24.828983
26.22353
26.714897
26.459879
26.814426
27.672779
27.62924
26.820644
26.130217
25.89386
25.906305
26.005825
25.595304
25.98716
25.365166
26.08046
23.511604
23.691986
22.503962
22.155643
23.11352
22.149424
22.292484
23.231697
23.262806
23.014004
23.094864
22.958023
23.076206
24.202021
24.730721
25.153677
24.985743
26.627831
25.626404
26.459879
26.85796
25.819218
25.620184
24.799135
26.889061
26.466108
26.640265
27.100538
25.918745
26.814426
27.834509
28.276119
28.462711
28.444069
27.168968
28.319658
28.176601
27.72254
27.710098
27.237383
27.349346
27.305796
27.498621
27.479967
28.49382
28.874481
28.64983
28.843283
27.788649
27.545273
27.925936
27.39551
28.356535
28.456377
28.805849
28.780884
28.431417
27.813608
27.969625
27.582718
26.727779
26.322157
26.159899
25.105272
25.423527
26.134941
26.696573
26.078779
25.248795
25.748028
25.005419
24.836929
25.523376
25.679384
24.624743
24.780758
25.404812
25.922764
25.155195
24.899336
25.080299
25.367367
23.464029
24.175447
23.582596
23.295534
24.025667
24.331461
25.09902
24.93054
24.830687
23.888378
24.400091
23.732363
23.239378
22.665255
23.095846
23.563877
23.457785
22.527966
22.453077
22.815029
23.064644
23.576355
23.994471
24.649708
24.805723
24.655956
24.862677
24.937853
24.499348
23.991938
24.480553
24.436705
24.862677
24.449234
24.405392
24.424185
24.48682
23.215181
22.839336
21.893438
21.392302
21.160515
21.348448
20.903687
21.085348
20.753349
20.628067
20.233421
20.703236
20.108133
21.16679
21.505054
20.001644
19.682165
19.995378
20.133196
20.765871
19.368961
19.826242
19.419073
18.742533
18.473169
17.170219
15.409968
15.290952
14.908835
14.839926
16.224321
15.090498
13.50565
14.069427
13.436741
13.417953
12.948137
12.014769
12.058613
11.720349
12.290392
12.966926
13.035835
13.367834
14.564303
14.263619
14.896306
14.263619
12.653716
12.735153
12.102465
11.952125
11.156569
11.745403
11.375819
10.880941
10.530145
9.546666
9.609929
10.482985
10.856247
10.767678
12.096235
11.900118
11.292775
11.463588
12.305011
11.545838
12.159502
12.279709
12.79848
13.007256
12.589707
13.412149
12.962967
13.899287
14.120718
13.40582
13.595614
13.127452
12.735211
13.019904
12.912357
12.988275
13.861326
13.785413
14.221935
14.171329
15.253159
14.228265
14.348464
13.949897
13.576636
13.462764
12.830112
13.013578
13.494393
12.361951
12.368279
11.672363
12.197463
12.115221
12.463175
12.887053
12.039297
12.678276
12.501132
12.27338
12.191139
12.532769
12.975621
13.108474
12.444193
12.286033
12.431543
12.463175
11.431956
11.400323
10.723393
10.97645
10.508292
10.963799
11.356042
11.202927
11.00515
10.386312
10.245955
10.698921
10.392693
9.971624
9.914206
10.615983
10.896697
11.349661
11.815386
11.885561
12.600104
13.078583
13.148762
12.446987
13.295496
12.855291
13.30826
14.124877
13.703806
12.817016
12.759596
12.976509
13.767603
14.737335
14.297129
13.652766
14.144011
15.113743
15.094604
15.254101
14.992526
15.624127
15.86018
14.960624
15.132881
16.447121
16.396084
16.479019
16.600231
16.759729
17.148893
17.697561
17.416849
18.552456
18.14415
18.271736
17.148893
16.702311
16.52368
16.147266
15.9419
16.371891
16.198608
16.827559
17.231882
17.045761
16.564426
16.378307
17.193377
17.084278
17.186958
17.328144
18.900518
17.918591
17.44367
17.758146
17.000835
16.962332
17.263971
17.186958
16.930241
16.609346
16.365473
16.038164
16.160105
16.089512
16.249954
15.428472
15.171758
15.293697
15.787872
15.929064
15.922647
16.205027
16.564426
16.39757
16.737705
16.326969
16.12801
16.91741
16.724873
17.308895
17.880081
18.406345
18.939026
19.041712
19.266333
19.20216
19.773348
20.203342
20.248262
20.479309
20.35737
20.171249
20.062147
20.460049
20.678263
20.723185
20.421543
20.030058
20.030058
19.657824
19.433199
19.933794
20.411015
19.766113
19.101875
19.469458
19.55975
19.791912
20.249788
19.972481
20.14661
20.494852
20.443258
20.539993
20.120813
19.42432
19.5404
19.824162
20.411015
20.759256
21.417053
22.132891
22.08774
22.468235
22.880968
22.900318
22.481136
22.919672
22.868074
23.067993
22.990612
22.610117
22.545624
22.990612
22.797131
23.126032
22.055504
21.558933
22.19738
22.816488
22.719746
23.016399
23.809624
23.996643
23.861217
23.667744
23.674198
22.945465
23.255011
23.209867
22.597212
23.203423
22.616564
22.577871
22.171585
21.442848
22.10709
20.965624
21.191341
20.443258
20.488401
21.204243
21.191341
21.584726
21.30097
21.694361
21.363991
21.512983
21.895168
21.895168
21.519466
20.819847
20.657896
20.832804
20.904066
21.098398
20.677338
20.236841
20.541302
21.221479
22.413401
23.119488
23.352694
23.203703
23.333258
23.262001
23.158363
23.378601
23.42395
23.631245
23.145403
23.44338
23.987526
24.01343
23.832048
24.227207
23.832048
23.514641
23.857967
23.42395
23.916264
23.650679
23.559982
23.689535
24.045822
23.942175
23.106531
23.378601
22.672516
21.597195
21.791533
21.52594
21.279779
19.990681
20.05546
19.867601
19.984207
19.031956
18.267572
18.908878
18.850574
18.973656
18.338829
18.649763
18.604418
18.895922
18.779324
19.19606
19.319784
20.068609
19.814665
19.697454
19.912334
19.749538
18.811878
18.942108
18.818392
18.968159
19.625824
19.703968
19.684429
19.554197
19.723494
19.61931
19.371872
19.61931
19.528149
19.176529
18.290956
18.89002
19.156988
18.942108
18.746763
19.384895
20.244419
19.964424
20.107681
19.801636
19.931871
20.107681
20.140236
20.257444
20.908598
20.797903
20.635118
20.244419
20.524418
20.615583
20.823948
21.676962
21.611853
21.735569
21.657427
21.781153
21.774643
22.432304
22.451834
22.536491
21.917891
21.878824
22.588573
22.178358
22.985781
22.067656
21.51417
20.77186
20.276979
21.286272
21.273245
21.631382
21.009981
20.264292
20.650219
19.983027
20.081146
19.531693
19.773712
19.302757
19.459742
19.348539
20.447443
20.126932
19.57748
20.179262
20.689466
19.57094
18.583233
18.543991
18.367378
18.982244
19.073816
19.165394
19.878368
19.793339
19.884912
20.146555
20.637138
20.133472
20.21851
19.485903
19.544771
19.62981
18.491661
18.236565
17.765602
17.798306
17.857178
18.746761
18.772924
19.492441
19.302757
20.453983
19.976488
19.963404
19.119606
19.649433
19.924164
19.433575
20.16618
20.401659
20.820292
20.650219
20.21851
20.159639
20.715628
21.101555
21.173512
21.389362
21.271626
21.127718
21.271626
20.558647
19.479366
19.208912
19.195719
19.162733
19.611294
19.974104
19.743223
19.604698
19.136347
18.865892
19.156141
18.865892
19.215504
18.740564
18.476702
19.123152
19.63768
20.020273
18.905472
18.971437
19.070389
18.753752
19.321049
19.664064
19.795998
20.501814
20.482029
20.81185
21.299994
21.115286
21.643009
22.065176
22.302656
23.021671
23.166798
23.239349
23.094223
22.586298
23.193172
22.889742
23.087635
22.724825
22.771002
22.883141
23.061243
23.061243
23.529596
23.516399
23.193172
23.476826
23.681311
23.740688
24.281597
23.740688
24.116682
23.404261
23.562584
23.457031
23.654924
23.800053
24.94124
24.782921
25.013794
24.683973
24.823429
24.544519
24.358578
24.345299
23.853865
23.774189
24.258965
24.398422
24.617575
24.212477
24.916399
24.697258
24.750389
24.351936
25.500799
26.204723
26.66959
26.437159
26.337545
26.58325
26.443796
26.21801
25.87932
26.032066
26.051989
26.35083
26.450445
26.317621
26.317621
26.35083
26.284422
26.384024
26.317621
26.224649
26.032066
25.660185
25.733227
25.553923
25.168766
25.367983
25.029301
25.666822
25.607054
25.892618
26.397305
27.96455
28.137213
27.632507
27.977839
27.778606
28.628632
29.000523
29.57163
29.671244
29.0138
29.272785
29.943518
29.99
29.810699
30.302124
30.654085
30.680649
30.667368
30.660717
31.165422
31.995533
32.035381
32.420551
33.061348
33.301647
31.75304
31.445999
31.893229
32.680878
32.587418
32.006699
33.16148
34.142704
34.182747
32.874451
33.234898
31.706322
30.551548
30.791845
30.604946
30.424721
29.630392
30.137686
29.89072
30.678371
30.411362
30.785164
31.499393
31.279118
31.572815
31.733027
31.786428
31.586163
31.239067
30.9921
30.811863
30.818541
29.410118
29.169821
28.982914
28.275368
28.308729
28.355467
28.569061
27.754713
27.888208
29.790594
28.435564
28.47562
29.336693
29.416796
28.942867
29.303316
29.156469
28.735933
29.256592
29.717169
30.010864
30.044243
30.044243
29.570316
30.134201
29.825405
29.187683
28.590233
28.751345
27.663853
27.657131
27.321499
27.247654
27.57659
27.751122
27.939087
28.93259
27.764545
28.006216
27.334925
27.227522
27.603439
27.086548
27.435616
26.818026
26.623356
27.26779
26.549511
25.770813
25.576143
25.629845
26.160158
26.079609
26.489098
26.200439
26.717327
26.945576
26.677057
27.173817
27.824965
27.261084
26.677057
28.549953
28.361992
28.388847
27.730982
27.945797
27.355059
27.489325
27.207375
28.489542
28.46269
28.858746
29.6106
29.563601
29.342072
28.039778
27.999504
26.730755
26.797886
25.750681
26.234009
24.609489
24.300695
22.978251
24.293976
23.736811
24.455488
24.360573
25.065685
24.60465
24.53685
23.194408
22.828281
22.929985
24.062252
24.055464
23.377474
24.048697
25.004677
24.841946
24.869068
24.455488
23.607986
23.221523
24.258865
23.980885
24.041908
24.686005
25.567408
26.245411
26.530169
26.679327
26.286087
25.987768
25.872509
25.14027
25.580973
26.909857
27.147158
26.347111
26.462368
25.953871
25.241972
26.286087
27.221733
27.174278
28.164164
29.093018
29.093018
29.716772
29.669315
29.730333
29.30998
29.662537
29.303202
28.842157
29.357433
30.387995
30.387995
30.652409
32.076221
32.103333
31.927059
30.645632
30.99819
32.042316
32.191483
32.06266
32.415215
31.069712
31.657089
33.091389
32.647434
33.0709
32.469864
31.069712
30.318405
30.229614
29.580767
29.034365
28.740673
29.724199
29.57394
31.486336
32.258125
32.066887
33.255314
33.569496
33.501183
32.818188
33.467049
32.504017
31.984936
31.568295
31.390715
31.445364
30.864803
32.65427
32.039574
32.879662
33.132362
33.357765
33.036739
33.316788
32.954788
32.415215
32.039574
32.4562
32.599636
32.906982
33.173355
33.685596
33.330444
32.71574
33.146034
34.163704
34.853523
35.174541
34.539352
35.010616
34.99696
34.327618
35.741436
34.880856
34.908176
35.311142
35.195026
35.502388
34.71693
34.901337
35.051594
34.675949
33.747074
33.549004
33.876839
33.692436
34.861828
34.511009
33.162754
33.224674
33.396641
32.846329
33.190285
33.747463
33.286587
33.073341
32.846329
32.330418
32.557434
32.76379
32.98391
34.022617
34.270248
34.793041
34.841198
35.687286
35.762959
36.01746
36.244476
36.237595
35.962444
36.375168
37.20063
37.448261
37.179993
37.214382
37.434505
37.606476
37.111206
36.554008
36.911724
36.650314
35.811111
36.595284
36.959866
36.265099
36.237595
36.787903
36.794777
36.712238
36.203201
35.694164
35.515312
36.595284
37.909145
35.969318
35.859257
35.928043
35.673527
34.958126
34.29776
34.208344
34.325279
34.414711
34.636379
34.657166
34.622524
34.387001
32.634396
32.031719
31.560678
32.004005
31.865467
31.796198
31.68536
31.969376
32.447365
31.844688
31.747704
30.867939
30.930281
31.151958
32.232613
31.823908
32.786797
32.551273
33.008465
32.862999
32.772942
33.465672
34.234596
34.324654
34.463192
33.541866
33.590351
32.599762
32.87685
33.327122
32.904556
34.116829
33.909023
33.915943
33.805099
31.907032
31.602234
31.512178
31.54681
31.602234
31.664574
31.58145
31.879322
33.735836
34.179169
34.09605
33.410248
33.320206
33.902092
34.400856
35.266762
35.433014
35.266762
35.176712
35.744747
36.091106
36.042614
36.56216
36.652218
37.036121
37.077995
36.959343
36.498657
36.68013
37.210617
37.231556
37.203648
37.406067
37.182701
37.036121
37.245522
36.980282
36.05891
36.456776
35.521446
35.814617
36.379993
35.709915
36.589394
36.191536
36.414886
36.177574
35.940247
35.933277
36.631283
36.191536
35.493526
33.804356
33.21804
33.266891
32.89695
32.701508
32.694542
33.434422
33.301792
33.008636
33.190117
32.931847
32.910908
32.889973
32.694542
32.436272
31.794102
31.340414
31.514912
31.940691
32.324589
31.919746
32.506077
31.815044
32.764328
32.527004
32.89695
32.903934
32.547955
32.492111
34.006779
33.434422
33.664753
34.13242
32.750366
31.870892
32.275734
33.225014
32.15707
31.500946
30.965712
31.219248
31.162909
31.219248
31.0784
31.81081
31.775606
31.507988
32.064346
32.092499
32.022095
31.965744
33.233383
32.677032
33.071419
33.233383
33.395363
33.395363
33.155926
32.824932
33.226349
33.346066
33.691147
33.74749
34.162994
34.0644
33.670025
33.578472
33.402405
33.11367
