Adjusted
24.200001
24.1
24.879999
25.450001
26.549999
27.27
27
27.200001
27.41
27.219999
27.25
27.15
26.4
26.450001
26
26.200001
26.42
26.139999
26.1
26.559999
28.049999
28.4
28.68
29.35
29.76
29.5
30.5
29.780001
29.85
29.84
30.950001
31.299999
31.67
32.509998
33.130001
32.66
33.209999
33.970001
33.470001
33.610001
42.849998
42.849998
42.25
41.82
41.099998
41.049999
40.759998
41.509998
43.66
42.689999
43.25
45.73
47.950001
48.630001
46.810001
46.099998
47.080002
49.59
48.57
48.75
47.57
47.650002
46.279999
45.32
48.09
48.630001
48.720001
47
47.080002
46.529999
45.02
45.689999
46.59
46.150002
47.009998
47.450001
47.529999
46.799999
43.169998
42.900002
43.98
43.619999
42.099998
42.880001
42.98
41.900002
41.279999
43.389999
41.32
42.560001
44.360001
45.900002
45.669998
48.110001
48.619999
45.959999
43.799999
44.099998
41.75
41.5
40.18
40.619999
40.200001
40.75
40.139999
37.790001
37.549999
40.709999
41.779999
41.959999
40.939999
41.200001
41.950001
40
39.380001
37.759998
37.369999
38.73
38.59
36.040001
38.369999
38.18
41.099998
38.84
37.689999
39.25
39.41
41.110001
41.970001
41.349998
42.860001
42.540001
43.939999
43.209999
40.689999
41.84
42.889999
42.669998
44.439999
43.540001
42.619999
42.619999
40.689999
39.049999
39.400002
38.91
38.919998
40.630001
41.669998
39.98
39.66
39.900002
39.529999
41.439999
41.330002
41.48
41.290001
40.41
39.59
41.189999
42.849998
43.259998
42.84
43
42.32
42.349998
49.330002
49.389999
49.529999
52.09
51.959999
51.5
51.830002
51.669998
53.919998
53.689999
53.84
53.490002
52.549999
53.950001
53.490002
52.98
55.5
56.029999
53.5
53.32
52.990002
54.139999
53.59
53.950001
52.599998
52.52
52.490002
57.349998
54.5
52.299999
52.799999
53.259998
53.18
52.900002
53.009998
52.970001
53.43
53.459999
53.330002
52.049999
52.23
53.09
52.98
53.889999
56.799999
56.07
56.470001
55.049999
54.799999
55
55.25
54.060001
54.490002
54.689999
56.970001
56.200001
56.490002
55.82
54.610001
50.700001
50.43
50.580002
51.009998
48.110001
48.490002
50.32
50.610001
51.389999
51.240002
51.470001
51.48
51.400002
53.450001
53.040001
53.150002
53.5
52.459999
50.400002
51.439999
51.599998
49.75
50.919998
49.790001
49.310001
49.880001
51.18
53.41
53.439999
55.110001
53.490002
53.57
50.029999
49.41
49.18
