Adjusted
81.033844
81.615105
81.21209
80.793602
80.623108
82.847336
82.77758
81.824341
83.591331
82.816353
82.033585
79.762878
80.158089
79.042107
81.514359
82.204094
82.893845
82.428856
83.885857
83.583595
85.466827
85.063843
84.622116
82.583824
81.708099
81.932831
81.568596
82.266106
82.087822
83.358841
83.413239
81.90554
82.325218
82.799263
81.625771
82.993584
84.967583
85.861313
85.192963
85.752533
82.604996
83.335548
82.410698
83.040184
81.959953
81.921089
80.794189
82.47287
83.211212
84.983109
83.568687
83.452095
85.294006
83.879555
83.133469
83.825142
84.283669
83.327751
82.845932
84.819908
84.975334
87.112556
87.174728
86.863853
87.019318
86.669571
86.599632
86.902695
86.413109
85.130806
85.270691
84.734428
87.034836
87.042587
88.954453
88.270546
87.547752
88.33271
88.161736
86.98822
87.415657
87.508919
86.615173
87.617722
86.926056
85.519363
85.464966
84.835464
85.457184
83.630836
84.602318
85.589325
85.830894
86.485504
85.955566
86.049088
84.856766
83.368324
83.235847
82.877373
83.617699
84.030746
84.022964
83.687851
82.355255
80.134308
79.409554
78.302956
76.37812
75.442947
75.840431
75.793655
75.918335
76.315773
76.20668
75.045525
74.1026
74.975388
73.892189
73.619446
74.009048
73.260963
70.626968
70.907516
70.81398
69.263222
68.242355
69.606094
70.556847
72.668701
71.507561
71.484184
70.82959
70.673698
70.354225
71.39846
69.372292
71.741364
71.897194
72.621941
74.538994
72.037498
73.75193
72.894684
75.076698
76.518387
76.908035
76.533958
76.713226
78.045784
78.310738
77.180763
79.580994
79.799202
80.710976
81.653908
81.059952
82.708977
82.748062
81.208435
81.23188
81.208435
81.95871
80.927101
81.247505
81.356903
82.521393
81.23188
81.177177
80.880196
78.137039
80.215912
82.240059
82.341629
80.05957
80.012703
80.622299
77.832222
78.730988
76.863152
80.02832
79.285881
78.105759
78.058884
77.504005
78.480919
78.082329
76.003487
76.839699
75.667404
73.627632
73.502563
71.353386
68.844688
69.938789
66.140594
62.522137
68.774338
67.187851
61.857819
65.640427
64.694756
67.469185
64.085182
62.397091
63.874176
59.591396
57.113968
60.521423
58.591061
60.982533
63.43652
62.858196
64.812012
62.021957
58.622322
59.153748
59.036526
57.582893
55.949482
55.784672
54.411247
53.75985
54.395554
51.138573
46.555241
50.173256
49.859318
49.686665
51.852757
52.716053
50.455784
51.915546
53.500877
52.166691
54.003151
54.70948
54.4505
54.701626
54.262138
53.83049
53.045666
54.866451
55.054821
55.816063
56.930511
56.373299
55.737595
55.957344
56.553802
54.905708
56.710777
57.903694
59.457603
60.681931
61.545231
60.297379
60.603447
60.203194
59.842175
59.967754
59.465462
59.677368
61.780682
60.368
61.600147
62.298656
61.443195
62.275116
62.125996
62.651817
61.490288
62.016102
61.827763
61.042942
61.631561
62.447765
61.843449
62.267262
60.674065
60.47789
60.572052
61.34903
59.685612
59.693504
60.008839
59.496414
57.036789
58.408489
56.579533
55.66507
53.331554
50.107227
48.893173
49.515953
47.016911
46.275871
45.432323
46.315269
46.165497
46.938076
47.529327
48.317684
49.791885
50.028389
50.138756
50.083572
52.645699
52.66935
53.946465
55.759647
54.829411
53.229061
53.449799
53.252712
54.632328
54.182957
57.036789
55.704472
56.019806
56.429756
55.586224
55.397015
56.232651
58.41637
57.478252
56.382462
57.210201
58.258705
59.267799
59.85907
60.647408
59.85907
61.238655
60.032486
61.238655
61.940281
61.940281
62.413284
60.734112
62.839001
60.939091
60.678944
59.212605
59.426468
59.157169
58.697788
58.689861
57.984962
56.527611
56.939465
58.539383
57.327545
57.897823
58.222565
59.814548
59.228474
58.190876
58.293831
59.00668
59.378925
58.769073
58.650269
58.333447
58.927464
57.565178
56.828583
56.567215
57.097874
56.788963
56.068218
55.434586
54.222782
55.062344
54.690083
55.394993
54.951454
54.35743
52.076363
52.290215
50.698215
50.666542
51.236816
51.585304
52.496132
54.222782
55.220737
56.353367
55.973179
56.64642
56.630569
56.64642
58.246319
57.604774
57.992882
58.30175
58.547295
59.790802
59.798717
60.099701
60.258099
59.862072
59.553196
60.242268
59.426468
58.523521
59.584869
59.712177
59.354103
58.08886
58.136616
58.860741
59.067642
59.489388
59.608727
59.592815
59.155178
59.624645
59.10741
59.202915
59.521206
59.656479
59.919067
60.889858
61.072906
61.168407
61.876587
62.027779
61.940243
63.054283
63.468079
64.956108
65.401711
64.765114
64.574127
63.842075
62.799656
62.799656
63.651077
64.574127
63.913689
61.932293
60.802341
61.335487
62.688244
62.019825
60.675018
61.049023
60.340805
59.958874
60.587505
60.444279
60.881931
61.279785
60.372654
59.171078
60.269196
59.218807
59.011936
58.805046
58.136616
58.534485
57.523907
58.486736
58.836868
58.789131
60.52383
60.794376
61.462803
61.224083
61.757229
61.518505
62.070072
63.245106
63.420994
62.589642
61.774292
61.974133
62.605633
63.061264
63.94857
62.709549
62.645599
62.621628
62.901379
62.725529
64.548065
66.554466
65.65918
64.891792
65.555252
66.8582
67.953331
68.576828
68.209129
67.537659
67.353813
68.193153
68.488914
68.049255
68.448921
69.384186
69.68792
70.743088
69.504066
70.319435
69.839828
69.999657
70.023666
70.14357
70.854973
70.487282
71.094788
71.99807
71.50248
71.574432
70.471313
69.2323
67.897377
68.400955
67.937355
68.35302
67.433723
66.618393
67.657562
69.61599
69.504066
67.561638
67.337814
67.62561
68.752693
68.736694
69.607994
69.552032
70.023666
70.431328
71.822235
72.21389
72.997269
72.086006
73.005257
73.101616
73.398682
73.80014
74.20153
74.338036
74.241692
74.795677
74.297882
74.089134
74.313942
74.217606
74.121262
74.217606
74.627083
75.478119
75.614616
75.60656
75.60656
75.967865
75.084709
74.635101
74.875961
75.140915
74.619049
73.567276
74.289841
74.530716
74.747505
74.402252
74.28183
75.397835
75.783218
76.41748
76.762726
77.091896
76.112389
76.393379
77.501358
78.312263
77.661949
77.734192
77.164169
75.325569
75.405884
76.618202
75.124832
76.545929
74.273796
74.313942
71.985611
69.464592
71.664467
72.162247
72.957115
72.360336
71.231346
71.279747
70.578163
69.570137
66.626671
67.473427
66.892784
66.650864
66.102501
67.594383
66.634735
65.836403
66.320229
67.199234
65.417053
64.126778
64.094498
63.836449
64.417068
64.199326
64.723503
66.489586
66.231522
66.433113
65.812187
65.634789
63.546146
62.771973
60.675274
60.360771
60.175293
57.715698
57.127018
56.739918
56.796368
56.707653
58.707584
59.675304
59.046303
57.949566
59.070492
60.070442
59.50597
57.764095
58.320518
58.965656
58.336655
59.860786
60.602692
61.812321
58.893078
59.699501
59.312408
58.901138
59.876938
60.054329
60.272057
60.33659
60.022068
60.118851
59.723694
57.707645
56.667347
56.983665
56.861988
57.819023
57.940666
56.821442
56.180717
55.799522
55.045269
55.093937
55.061501
55.726547
54.388329
54.015251
56.180717
56.699791
57.324295
56.261829
55.775204
55.369682
55.556229
56.172615
56.002296
55.791428
55.961742
57.364834
58.038021
57.981243
57.510834
56.545696
58.07856
57.786579
58.516514
58.7355
58.613834
58.167782
56.732239
57.299976
57.445942
57.01609
57.405403
56.991756
56.797108
57.762241
57.551384
57.624374
57.413502
55.856308
56.505138
56.805218
56.610569
57.145863
57.851467
57.689266
57.778465
58.540844
58.954479
59.303226
59.424881
59.506008
59.935837
59.708763
59.311329
58.7355
57.892021
57.275631
57.626358
57.006466
57.267475
58.270721
58.156536
57.862892
57.854736
59.225048
58.221798
57.862892
57.365349
58.760136
60.065186
59.747082
59.127178
59.143478
59.086407
58.221798
58.229939
57.593746
57.830276
57.014626
57.773186
57.455074
57.300102
57.136967
57.748714
58.450184
58.409401
58.694874
57.642662
57.658989
57.495857
57.781326
58.132069
59.216892
60.383301
63.809063
61.614937
61.231575
62.332722
61.57415
61.884094
62.985252
62.51218
63.605148
63.270729
62.936291
64.290298
63.091278
63.947727
62.308235
63.825367
64.355553
64.004822
63.800896
64.094536
64.68998
65.456688
65.375122
65.285431
65.285431
64.779694
65.309898
65.00808
65.538261
65.946075
64.66552
64.804169
65.391441
65.580093
65.038727
64.234879
64.620399
66.195297
64.96492
64.33329
65.760551
66.064072
65.194572
65.358635
65.046951
64.144646
62.906048
63.586868
64.423523
65.366829
65.457069
65.128983
65.243797
65.309418
64.464561
64.595787
64.546577
64.234879
64.882889
64.226677
64.727036
65.506287
65.645714
65.227394
65.07975
64.43174
63.168526
61.87252
62.454899
61.478779
62.077579
63.119308
63.726318
64.562965
65.629318
65.719551
65.940994
65.77697
66.449585
67.278069
66.744896
67.753784
68.114731
68.262383
68.770927
68.180336
68.672508
68.862175
69.513695
69.340508
69.686882
69.645645
68.886909
68.2519
68.161186
67.443687
67.047852
67.295258
67.336487
66.305634
66.256134
65.538651
65.472679
65.629372
65.4067
66.082954
65.052086
65.975746
66.891151
66.800438
67.451935
67.517914
67.93029
67.938522
71.097092
70.041496
69.719864
69.744614
70.734238
71.690895
72.119736
72.828979
71.558937
71.303276
71.229073
70.330147
69.513695
69.414719
69.249771
67.93029
67.649879
66.800438
67.237526
67.765327
68.952904
68.367371
67.699379
66.709709
65.250015
65.885033
65.250015
63.180016
61.217236
60.359558
57.99268
57.671036
54.050617
56.318546
52.978512
55.510342
56.887581
57.800713
56.157085
56.057472
53.401112
52.305367
52.961155
53.18528
54.281029
52.869831
53.633545
54.662888
55.80843
56.298199
55.351879
53.69994
53.218479
54.953415
54.181408
52.994362
53.434319
53.633545
54.131615
54.92852
55.758633
54.430454
53.434319
50.628532
48.926804
49.931252
52.081223
52.894753
51.566566
52.595898
51.442043
49.839935
51.732586
53.002663
53.724854
53.708252
56.057472
55.899746
56.870983
56.572136
57.344147
56.754761
57.46035
57.227928
57.120018
58.414978
57.983322
57.120018
56.231789
57.327526
57.892021
56.264988
54.770794
54.936813
57.186436
56.929085
58.50631
58.913052
56.987198
56.821175
57.792404
57.344147
57.51125
56.801033
55.873562
55.73988
54.453121
53.283348
52.297386
52.882271
53.985203
54.077122
55.397297
55.154987
55.347172
56.224495
55.998905
56.007256
54.085476
55.280315
54.461479
54.494915
53.985203
54.820766
53.851528
53.5173
54.904324
55.154987
55.806717
56.30806
56.17437
55.731522
56.023964
55.714817
56.408321
56.366554
56.34148
56.040676
55.906986
56.792686
57.82877
58.396954
57.912319
58.614189
58.572411
59.015255
58.906635
58.831436
58.772945
58.998543
58.547337
58.413643
58.154633
59.107162
58.739529
58.25489
59.00692
58.547337
58.697746
59.090446
58.881554
58.605827
59.082104
59.157307
58.94006
59.132225
59.282639
59.107162
58.848137
58.973484
58.722805
58.689388
59.143822
59.118587
58.563148
57.923584
57.873093
56.97263
56.997871
57.35133
57.384991
57.75528
58.899769
59.41312
59.556183
59.749748
59.345791
58.975517
58.680981
58.571568
58.53791
59.488857
60.035862
59.716076
59.63192
59.556183
60.237827
59.707661
58.950264
58.066643
57.620628
56.72858
57.418655
58.53791
58.083473
58.142384
59.160652
58.866119
58.46217
58.832451
58.420094
58.781963
58.933434
61.929337
61.845196
61.887253
62.080803
61.432823
60.927895
60.591286
60.094765
59.875965
59.295307
59.749748
59.35421
59.202747
58.906086
58.00766
57.533016
57.278744
57.719482
57.914417
57.617779
57.363506
56.948204
57.549973
57.304173
57.795757
56.880398
56.95668
57.151619
58.787422
59.033203
59.00779
58.643341
59.55024
58.965412
60.474102
60.804642
61.965805
62.09293
62.253975
61.389454
62.050564
60.880932
60.440186
60.965664
60.558849
62.728615
62.762516
63.101551
62.669285
61.643726
61.347065
60.728352
60.660549
60.448658
61.28775
60.889404
61.567451
62.698246
63.121952
62.353996
60.579762
60.262005
61.453644
61.391872
61.665493
62.098019
62.574677
61.674324
60.535641
61.603706
60.721001
61.241802
61.577244
62.150978
62.133324
61.16235
61.16235
61.117905
61.384636
61.500233
61.740288
61.900326
61.838089
61.980331
62.220413
61.829208
61.775856
62.291534
62.131493
62.451588
61.40242
61.686939
63.047272
63.482964
63.536312
63.589634
64.105339
64.51432
64.994423
64.905518
65.238899
65.184822
65.076714
65.283951
65.058701
64.842468
65.058701
65.292953
64.608223
66.112823
65.869583
65.761452
65.977676
66.184906
65.950653
65.518196
64.995613
64.959595
65.157806
65.545219
66.356094
67.04982
67.428238
66.320045
66.067795
65.419075
65.86055
66.482224
66.148872
66.491249
67.437248
68.338203
68.338203
69.788765
67.031807
66.428169
67.094879
66.923698
67.031807
65.473137
65.636436
67.106125
67.904472
68.448761
68.612068
69.247124
69.619064
69.374138
70.045471
70.263191
69.718864
69.346916
68.938667
69.111038
69.183624
69.537422
69.537422
69.501137
69.07476
68.503212
68.294548
68.838867
69.882172
69.247124
70.680527
70.553505
70.390221
69.845879
69.637222
68.684647
