Adjusted
40.971146
41.734859
40.405106
40.333225
39.946877
40.512924
41.159828
40.450031
40.872318
39.686314
39.722252
37.880341
38.284668
37.52095
38.697975
38.104965
37.251411
38.365536
39.111282
39.255035
39.686314
41.339535
41.276642
40.548866
40.953178
41.078968
41.447369
42.229046
42.229046
41.977459
41.034046
41.348515
41.447369
42.525547
41.330551
41.79776
42.238029
41.788784
42.714222
41.92355
40.665672
40.926228
39.740223
41.492279
41.267658
41.285618
39.129242
41.483288
42.130192
41.761822
40.450031
38.904629
41.375473
39.425743
40.701614
40.854355
41.420391
40.494957
40.432064
39.551533
40.629726
43.801399
44.753807
45.238987
46.85627
47.772732
46.577732
46.389057
46.200367
45.535492
45.849957
46.065598
48.608322
47.323475
47.943432
48.024292
47.413322
47.296524
46.631645
46.775402
47.718815
46.766422
46.02066
46.389057
47.170734
46.58672
48.419643
47.350433
47.916481
47.413322
47.772732
48.266888
48.203999
49.85722
50.61195
49.893166
49.479855
47.97937
47.89851
47.413322
47.251595
47.934452
48.58136
48.788021
46.910172
46.011692
45.831989
46.541794
45.292896
45.544472
45.58939
43.774445
44.133842
45.140148
45.706196
46.038639
45.58939
45.095215
43.513882
43.53186
43.298244
43.981094
41.689945
41.968479
42.175117
41.528206
40.737549
39.892956
39.129242
40.530888
39.246059
39.165192
39.138226
38.365536
38.25771
38.536247
40.854355
39.80312
39.389801
39.883987
40.737549
39.281994
39.165192
37.952229
39.470673
40.926228
40.225414
39.695297
39.425743
39.237068
40.2883
38.859695
40.243374
41.366489
40.072662
39.147209
38.41045
39.380825
38.284668
37.853382
38.52726
38.626095
39.461685
38.464378
39.129242
39.407791
41.788784
41.591118
41.285618
40.692623
38.590157
40.737549
41.51025
39.506615
37.80846
38.13192
38.212795
36.406822
35.697029
33.666435
35.041122
39.533562
36.865051
36.532612
38.365536
39.380825
38.626095
36.8381
40.827404
37.305302
34.915337
34.511009
34.618835
32.66011
31.8964
29.443523
28.598946
32.165955
32.34565
28.79661
27.853197
28.068834
28.500109
27.323084
25.049906
19.856632
20.009375
20.584408
23.369728
23.612324
23.603334
24.115477
24.708483
25.094828
25.031937
21.168432
21.393053
20.728168
17.969807
16.487291
18.410067
17.861984
15.8314
15.759516
12.857397
12.138602
13.082018
14.780162
14.447724
17.430714
17.565485
15.022758
16.379477
15.543881
15.364182
16.666992
18.140514
17.268986
18.140514
16.900597
17.340864
17.06233
18.293261
19.1019
17.942848
18.841339
17.87097
16.954512
17.206091
16.981466
16.577147
16.999434
17.790104
19.326529
18.805401
20.323847
18.832355
18.616716
18.248339
17.421722
17.808077
16.181807
16.568157
16.693945
15.274334
16.738873
16.10993
16.00211
15.633728
15.804445
16.891611
15.292304
14.303965
13.827765
13.477352
13.468367
14.151222
14.636404
15.238392
14.465691
14.510618
14.510618
14.070356
12.866381
13.917615
13.010139
12.857397
12.542926
14.321934
14.420769
13.576186
13.144912
10.66508
10.422486
10.880716
10.179893
9.748619
9.829483
11.3659
11.41981
12.003829
12.444088
11.887027
12.174541
12.363223
11.689359
10.99752
13.064048
12.435103
12.713635
14.420769
13.755884
12.390181
13.378521
13.710963
14.645391
15.130576
15.157528
14.636404
14.843057
17.017405
17.547512
16.244703
16.62207
16.810755
16.532217
15.409108
16.280643
16.702934
17.682289
18.733521
18.041679
17.942848
18.365141
19.074947
19.470284
21.680565
21.168432
22.102856
20.557455
22.659922
21.959103
20.341816
18.239351
18.805401
17.826044
18.850325
18.796417
18.410067
17.520561
17.556499
17.969807
17.224058
18.122545
18.760475
19.560129
19.667948
19.191748
19.838663
19.838663
19.497238
20.14415
20.602381
21.860268
21.321173
20.719183
20.512533
19.874605
19.748814
19.766781
18.706566
18.517878
18.562807
18.886259
19.164793
19.047993
18.94916
19.26363
18.005745
17.565485
17.017405
16.397446
16.81974
16.738873
17.430714
17.502588
18.329203
18.41905
18.185444
18.652651
18.715548
19.164793
20.97076
21.375084
21.635645
21.671587
20.862942
21.527828
22.013006
22.507179
22.758753
23.225973
23.082214
23.234955
23.046272
22.156769
23.109169
23.657244
23.234955
21.887222
22.219664
22.498196
22.498196
22.974394
22.749775
23.001354
23.028301
22.96541
22.246618
22.345453
21.231329
21.078579
21.069593
21.527828
22.372408
22.300526
22.525148
22.722815
23.154091
22.902519
23.091198
23.145105
22.812666
22.857594
22.947439
22.650936
22.057938
21.689556
22.462257
22.264589
22.210678
20.835985
20.65629
21.348124
21.644632
21.411024
21.833311
21.977068
22.435301
22.875561
23.378717
23.387701
22.372408
22.408344
21.671587
21.698538
22.111845
21.770416
21.608685
21.069593
20.467609
21.204367
20.189074
20.494558
20.377756
20.305876
20.566437
20.494558
20.961775
20.665276
20.683245
20.359785
20.198057
20.638321
20.65629
20.395727
19.955465
19.685925
19.766781
19.757795
19.847649
19.191748
19.335508
20.269943
20.494558
20.539484
21.033657
20.827
20.665276
20.377756
20.063288
20.198057
20.530502
20.153137
20.818022
20.575424
20.764103
21.312187
21.626663
21.662598
22.021992
21.833311
21.806355
21.57275
21.375084
22.237633
22.588047
23.288866
23.145105
23.082214
23.225973
22.794695
23.037287
22.88455
22.291544
22.417334
22.282558
22.021992
21.177414
21.464933
20.755125
20.719183
20.512533
20.063288
20.728168
21.09655
20.952789
19.58709
19.721859
19.515211
19.766781
19.578104
19.838663
19.605061
20.171103
20.584408
20.74614
20.835985
21.024673
20.368774
20.719183
20.961775
21.33016
21.896206
22.039967
22.021992
21.977068
22.417334
22.444283
22.588047
22.480225
22.740784
22.695866
22.516165
22.767746
22.992365
22.96541
22.794695
23.01033
23.199017
22.947439
22.695866
22.60601
22.462257
22.48921
22.291544
22.785713
22.96541
23.279879
23.001354
22.911497
22.983379
24.115477
24.268219
24.933105
25.202648
24.079538
24.232281
24.268219
23.953749
23.836943
23.908825
23.594355
22.812666
22.614994
23.270897
22.740784
23.270897
22.327477
22.219664
21.249294
20.54847
21.671587
21.33016
21.950115
21.662598
20.97076
20.844973
20.251974
19.991407
18.877281
19.937496
19.110886
19.272612
18.976114
19.937496
19.694901
18.616716
19.317535
18.922203
18.34717
17.888939
18.068642
18.176455
18.742504
18.976114
19.1019
19.58709
19.371449
19.515211
19.416372
19.26363
18.913219
19.039005
18.679607
18.877281
18.535854
17.772137
17.529543
17.439693
16.972481
17.116236
17.619394
18.131529
18.338182
18.356155
18.89525
18.769459
18.697586
17.817064
17.879959
18.356155
17.915895
19.155807
19.335508
19.757795
19.838663
19.730843
19.784752
19.847649
20.584408
20.476589
20.332836
20.296892
19.416372
19.829679
19.703896
19.074947
18.89525
18.715548
18.58078
18.805401
18.958143
18.463972
18.302246
18.230366
18.050669
18.1495
18.095592
19.06596
18.796417
19.182768
19.982424
20.386745
20.755125
20.386745
20.665276
20.89888
20.791063
21.545797
21.177414
21.33016
21.168432
21.159443
21.608685
21.428993
20.952789
20.458618
21.267263
21.276247
21.375084
21.22234
21.22234
21.375084
21.069593
21.57275
21.743465
21.653614
22.048954
22.066921
22.255604
22.758753
22.48921
22.516165
22.758753
22.219664
22.561089
22.471243
22.552103
22.68688
22.68688
22.614994
22.444283
22.839621
23.037287
23.234955
23.576384
24.268219
24.528784
24.465887
23.863899
24.537769
24.349083
23.944765
24.007658
23.495522
23.486534
23.971716
24.259237
24.142437
23.495522
24.115477
23.774054
23.585367
23.324806
24.115477
24.627621
24.41198
24.744419
24.654572
24.924118
25.615955
25.553061
25.400318
25.346407
25.391741
25.68182
25.890326
26.271061
26.706198
26.760588
26.579279
26.66087
26.533957
26.760588
26.45237
26.45237
27.304499
26.987217
27.37702
27.621788
27.395153
27.367962
27.730568
28.238222
28.537373
28.872789
28.709618
28.310743
28.111305
28.945314
29.054094
28.482988
28.673357
29.371376
28.800268
29.480156
30.531729
30.187248
30.178183
30.196312
30.722099
30.613314
30.395744
30.622374
31.048449
31.039381
30.767416
30.966854
30.97592
30.867142
29.035963
28.700552
29.11755
29.888096
30.033138
29.217266
29.398575
29.6252
29.371376
29.217266
30.450142
30.422953
30.150993
30.549858
31.021246
30.867142
30.504536
30.912464
31.247887
32.254128
31.764597
32.29945
33.115326
33.205982
33.269432
34.094368
33.913059
34.030907
34.538548
35.372562
34.692669
34.076244
33.867729
33.360081
33.632034
32.997471
32.625793
32.000298
32.462624
31.701132
32.553291
33.441669
33.786148
33.813343
34.021839
34.547634
34.864906
35.046219
34.484169
34.321003
33.305695
32.779903
32.897758
33.396339
33.894928
33.115326
33.269432
32.444492
32.435429
32.770847
33.668301
33.550465
33.115326
32.634857
32.181602
32.009361
32.145348
32.399162
32.145348
31.229748
31.692081
30.713032
29.95155
30.205381
30.015011
30.422953
30.123787
30.196312
30.567987
29.525486
29.851839
29.797441
29.815573
30.268831
29.679594
29.770248
29.108486
29.706795
30.223511
30.531729
30.912464
31.683014
31.474512
32.208794
32.498894
32.018425
31.1119
30.685837
31.256948
30.75836
30.794619
29.833702
30.178183
30.495461
31.338537
31.664888
31.184423
30.785557
29.933426
30.196312
30.522663
30.441076
29.153811
29.489225
27.277306
26.651806
23.361124
24.983801
23.959431
25.582106
25.636497
26.733389
26.280132
26.271061
24.494272
23.587755
23.750929
24.720907
25.355474
24.575865
25.400805
26.64274
26.715263
26.86031
26.017237
24.856886
24.739038
26.207609
25.319214
24.439886
24.911282
25.101645
25.917524
25.908451
25.808739
24.81156
25.010996
22.880667
21.366768
21.285183
21.55714
21.539011
20.886318
21.647793
20.559963
19.227375
20.24268
20.995096
21.548075
20.868183
21.6206
21.856295
22.454603
22.436466
23.061974
21.92882
22.935059
22.790012
23.288603
23.533367
24.249516
23.134495
23.868776
25.935646
25.709019
24.322041
22.626844
23.460842
23.515234
22.853472
23.333933
23.850639
20.931637
21.384901
21.8291
21.312378
21.729382
20.813789
19.77129
20.197353
19.481199
19.236437
18.511217
18.620001
19.744093
19.689701
21.230793
21.15827
21.529945
21.738441
21.602467
21.412098
20.405855
21.085752
20.632488
20.197353
20.197355
20.252365
20.20652
19.518917
20.97665
20.674097
21.04999
21.590906
21.022486
20.619087
20.765781
20.848293
22.021812
21.985138
22.030977
21.902624
22.113493
23.131157
23.259506
23.763754
23.33285
23.011969
24.570545
24.964775
25.111464
25.138968
25.34067
25.725731
26.046614
25.945765
25.716564
25.450689
26.064947
26.156635
27.137623
27.082611
26.917585
27.009268
26.972591
26.752562
27.247639
26.248312
26.083288
26.660875
26.917585
26.569199
26.119957
26.917585
26.404169
26.633375
26.541691
26.119957
26.01911
25.826584
25.524029
24.387188
24.423857
24.543041
24.717239
24.515535
25.212317
24.854759
24.973944
25.63405
26.138296
25.954931
25.478191
24.469698
24.64389
25.129801
24.744745
24.570545
24.148813
23.928778
23.827932
23.497877
22.727757
22.801102
22.306025
21.865957
21.875126
22.782766
22.140999
21.948471
22.269344
22.140999
22.296856
22.379366
22.030977
22.406874
22.71859
22.956963
23.0028
22.791937
23.378693
23.195335
22.837769
22.562733
22.480215
21.893456
21.719265
21.444218
21.36171
20.454065
20.160681
19.683941
19.628933
19.243874
19.326384
19.390564
19.482246
19.198029
19.280544
19.69311
19.069679
18.629606
18.327063
18.189537
18.354568
18.941324
18.803802
19.033005
18.611271
19.106354
18.858814
19.014671
19.628933
19.326384
19.885643
19.738947
19.023842
19.418068
18.638777
18.583773
18.996334
18.959661
19.500578
19.738947
20.426563
19.619766
19.546425
19.546425
19.179699
19.830635
19.64727
20.472401
20.316542
20.270704
20.10568
20.124014
19.70228
19.537251
19.381392
19.253038
19.784792
20.49074
20.362383
19.876469
19.968151
18.84964
19.353888
19.830635
20.389887
20.380718
20.37155
20.344046
20.03233
19.94982
20.124014
20.37155
20.646597
20.37155
20.435728
20.362383
19.968151
20.114845
20.041496
20.004829
20.197355
19.518917
19.601433
19.353888
19.188862
19.720615
20.20652
20.03233
20.20652
20.399055
20.994982
21.902624
21.444218
21.444218
21.920963
21.765106
21.609245
21.911795
21.114166
21.114166
21.196682
20.857462
20.985815
21.05916
20.994982
21.251696
21.031654
20.939974
20.545748
20.298206
20.399055
20.279865
20.426563
20.573246
21.068331
21.160009
20.756617
20.820789
20.389887
20.334881
20.91247
20.637426
20.811621
21.05916
20.729107
20.875799
21.178339
19.940649
19.656433
19.986494
19.381392
19.023842
18.977997
18.794638
18.776297
19.133856
19.225538
19.271378
19.344719
19.143023
19.170528
19.500578
19.839804
20.307373
20.573246
21.08666
21.260859
21.187513
21.270027
21.315866
21.435051
21.829283
21.514261
21.560587
21.940472
22.477861
22.209166
22.422268
22.088715
22.190639
22.107246
21.986794
21.745892
