Adjusted
12.198934
11.961803
11.665395
11.698332
11.434855
11.362399
11.573179
11.197726
11.270183
10.967185
11.849829
11.454614
11.665395
11.876179
12.370194
12.574388
12.52828
12.719297
12.561214
12.475586
13.839075
14.043266
14.128899
13.569012
13.674401
13.885186
13.595357
13.621703
13.97081
14.260636
13.898358
13.700746
13.470206
13.773204
13.489965
13.601946
13.911532
13.806139
13.595357
13.305535
12.725889
12.771996
13.002534
12.995948
12.653431
12.765408
12.61391
13.29236
13.35164
13.358231
13.048645
12.949841
13.233079
13.417513
14.082785
14.418717
14.214525
13.997156
13.377989
13.358231
13.107927
13.964223
13.66123
14.03009
14.254045
14.359436
14.023508
13.66123
14.043266
13.839075
13.746856
13.779793
13.720507
13.81931
14.346265
13.173795
12.534868
12.554629
12.653431
12.686369
12.594151
12.574388
12.350435
12.61391
12.600735
12.442651
12.508521
12.475586
12.357021
12.54804
12.739059
13.074994
13.147449
13.325293
13.134275
13.338467
13.233079
12.943255
13.022299
13.08158
13.239665
13.338467
13.44386
13.266011
13.1211
12.989363
13.200146
13.417513
13.074994
13.226493
13.364814
12.910319
13.028889
13.410925
13.496553
13.08158
12.580976
12.692955
12.383367
12.08696
12.119893
12.192346
11.836654
11.671984
11.276772
11.18455
11.289941
11.342638
11.309705
11.751029
11.744437
11.46779
11.362399
11.289941
11.382159
11.65881
12.04085
13.608532
13.463619
13.858832
13.95764
13.654639
13.707335
13.298948
13.641464
13.476791
13.206731
13.489965
13.463619
13.825898
13.694165
13.634878
14.16183
14.175008
14.142069
13.878593
14.16183
14.352844
13.885186
13.536077
13.522903
13.667812
13.878593
13.266011
13.331883
12.943255
12.982777
12.732475
12.837862
12.916908
12.488759
12.534868
12.870797
12.646848
12.725889
12.778585
12.771996
12.837862
12.660019
12.264806
12.324085
12.067198
12.218699
12.080371
12.034263
12.067198
12.357021
11.876179
11.882765
11.948636
11.757614
11.546832
11.171378
10.881557
10.618081
9.392915
9.208483
9.735435
9.735435
9.122853
9.524655
9.518067
9.327048
9.188723
8.958181
8.780336
8.609076
8.339011
9.228246
9.458783
9.162374
9.886935
9.913285
10.110887
9.867173
9.564176
9.807892
9.755197
9.630045
9.221657
9.853999
9.162374
8.819858
8.411469
7.581522
7.522237
7.739605
8.068951
8.589314
8.872552
9.00429
8.292903
8.839618
9.209388
9.669857
10.19312
10.646609
10.43033
10.437307
10.032653
10.186142
10.137304
10.500096
10.388472
10.458236
10.444284
10.444284
10.569863
10.604752
10.786145
10.974522
11.148938
11.162895
11.616385
11.407084
11.372198
11.176847
11.016382
10.7094
10.597773
10.681494
10.562889
10.855915
10.904751
10.486144
10.793124
10.744284
10.597773
10.486144
10.493121
10.737308
10.311726
9.900092
8.302402
8.693103
8.462871
8.846595
9.007062
9.146598
8.748919
8.797757
8.721011
8.518684
8.448917
8.379148
8.372171
8.407054
8.260542
8.476821
8.379148
8.22566
8.260542
7.876819
7.479141
7.618677
7.290765
7.548908
7.388443
7.800071
7.604721
7.981471
8.051237
7.716352
8.016354
8.162866
7.869841
7.681468
8.127981
8.24659
8.260542
8.686125
8.43496
8.065191
8.044259
8.316357
8.881475
9.034969
8.972176
8.748919
8.902409
9.31404
9.18148
8.74194
8.790781
9.090781
10.472191
10.367539
10.248935
10.332654
10.318701
10.528005
10.241955
10.360562
10.639632
10.437307
10.47917
10.786145
10.995452
10.876847
10.62568
10.828008
10.486144
10.353585
9.844276
9.823346
9.725673
10.179164
10.332654
10.158236
9.914046
9.739624
10.360562
10.221026
10.318701
10.890799
11.386152
11.372198
11.504759
11.483829
11.407084
11.274525
11.344292
11.393128
11.525688
11.358248
11.023357
10.925682
11.016382
11.414061
11.441968
11.155918
10.967546
11.009403
11.232664
11.121034
11.239638
11.197779
11.414061
10.883823
10.897775
10.7094
10.62568
10.77917
10.597773
10.75824
11.00243
11.358248
11.295454
12.153601
12.635001
12.558255
12.279185
12.383838
12.341975
12.146623
12.125691
12.118719
12.341975
12.26523
12.279185
12.279185
12.083832
11.993135
12.474533
12.195462
12.355931
12.404766
12.635001
12.558255
12.223371
12.202438
12.314068
12.425696
12.683843
12.66291
12.893142
12.753611
12.802447
12.781514
12.551281
12.286161
12.523376
12.70477
12.858259
12.879189
12.907095
12.760583
12.697794
12.76756
12.969889
13.081516
13.33268
12.928029
12.76756
12.607095
12.558255
12.537322
12.530351
12.61407
12.823374
12.879189
12.600118
12.523376
12.607095
12.621051
12.551281
12.928029
13.004768
13.102448
13.165238
13.528034
13.660591
14.274548
13.988502
13.869896
13.793153
14.023389
13.618733
13.716407
13.381522
12.858259
13.346637
13.207098
13.402448
13.297799
13.290822
13.632685
13.77222
14.183851
14.281528
14.218734
14.246645
14.281528
14.365252
14.421065
14.337344
14.114086
13.960594
14.274548
14.253622
14.420206
14.173952
14.094282
14.485385
14.376743
14.246377
14.405715
14.507114
14.420206
14.231893
14.369502
14.398474
14.463656
14.420206
14.514361
14.398474
14.427449
14.441934
14.478146
14.572303
14.528843
14.644723
14.637486
14.666454
14.470899
14.478146
14.181193
14.123256
14.485385
14.318804
14.412962
14.014611
14.478146
14.83304
14.688182
15.050315
14.90546
14.90546
14.449176
14.456415
14.376743
14.456415
14.514361
14.282593
14.68094
15.072047
15.151717
14.507114
14.557814
14.528843
14.854768
14.68094
14.927193
15.202411
15.39073
15.615248
15.861501
15.774588
15.629729
15.789069
15.933928
15.99187
15.92669
15.984625
16.143969
15.890471
15.977383
16.296062
16.361242
16.368486
16.578526
16.527826
16.484371
16.61474
16.759598
16.810293
16.759598
16.795807
16.853748
16.817533
16.61474
16.506102
16.535074
16.723381
16.745111
16.469883
16.375738
17.034815
16.882719
16.759598
17.013086
16.788565
16.860992
16.991356
16.889963
17.201399
17.266584
17.034815
17.114481
17.09276
16.969629
17.049301
17.281069
16.860992
16.832016
17.128963
16.672684
17.353489
16.650957
16.571289
16.006351
15.535581
16.288815
16.527826
16.766834
16.028082
15.912197
16.274328
16.172934
16.013597
15.470393
15.535581
15.542818
15.477636
15.412456
15.716641
15.687677
15.397965
15.694921
15.731131
15.101014
14.775095
14.992375
14.992375
15.600764
15.608006
15.709407
16.122238
16.361242
16.404705
16.296062
16.172934
15.955657
16.180183
16.230875
15.92669
15.897717
15.513849
15.32554
15.39073
15.173445
15.253112
15.745612
15.818042
16.346762
16.484371
16.672684
16.419186
16.658195
15.072047
15.405208
15.318296
14.963406
15.245867
15.38348
15.781829
15.600764
15.513849
15.434175
15.32554
15.571795
15.332782
15.7601
15.955657
15.970138
16.180183
16.180183
15.789069
15.767345
15.745612
15.723887
16.071539
16.151207
15.7601
15.738369
15.608006
15.368996
15.615248
15.340027
15.405208
15.115503
15.202411
15.361753
15.687677
15.890471
15.658708
15.709407
15.948408
15.962901
15.970138
15.82529
16.035326
16.209152
16.361242
16.730627
16.621983
16.672684
16.817533
17.208643
16.875477
17.136215
17.056547
16.991356
17.099998
16.839264
17.433161
17.013086
17.136215
17.346254
17.375225
17.331764
17.592505
17.382463
16.25985
16.332275
16.426432
16.172934
16.462648
16.839264
17.107244
16.926174
16.962389
16.803049
16.897207
16.947905
17.425919
17.194157
17.476622
17.339014
17.317282
17.121727
17.244854
17.339014
17.157944
17.056547
17.621473
18.048794
18.186407
18.179163
18.237099
18.295042
18.432657
18.635454
18.599239
18.715118
19.171587
19.134174
19.470915
19.261383
19.194036
19.12669
19.059338
19.066824
19.006962
19.051859
18.917166
18.97703
19.201521
19.201521
19.358662
19.628056
19.36615
19.373634
19.231449
19.238934
19.141655
19.029411
19.291321
18.917166
19.059338
18.595394
18.094025
17.884502
17.989265
17.921917
17.996748
17.921917
17.847086
17.832119
17.779736
17.592663
17.697426
17.764774
17.959337
18.17634
17.592663
17.719873
18.071581
18.236208
18.760021
18.894714
18.991995
19.134174
19.238934
19.17907
19.12669
18.962061
18.939611
19.134174
19.343699
19.111727
18.922947
18.779474
18.598253
18.817232
18.922947
18.764374
18.938049
19.315603
19.270298
19.15703
19.315603
19.300501
18.9305
18.9305
18.885187
18.734169
18.447227
18.515192
18.605804
18.726618
18.560495
18.779474
19.073969
19.028664
18.900297
18.87764
18.862543
18.824785
19.073969
19.134375
19.217438
19.30805
19.36091
19.15703
19.466625
19.119272
19.202337
19.436417
20.236832
19.813967
20.040503
20.334991
20.138664
20.078262
20.191526
20.342541
20.433157
20.176422
20.161325
19.904587
20.199074
20.116011
20.123566
20.199074
20.289686
19.972546
20.221731
20.048052
19.972546
20.176422
20.251932
20.372749
20.153772
20.047132
20.062368
20.077602
19.955738
19.887182
20.108065
19.910032
19.910032
19.567284
19.597752
19.55205
19.216915
19.437799
19.323549
19.491116
19.62822
19.521582
19.64345
19.894802
20.427967
20.694559
20.488897
20.511755
20.374653
20.473673
20.824039
20.778341
20.938286
21.319124
21.258186
21.044918
21.32674
21.060156
20.664082
20.778341
20.587925
20.405123
20.785954
20.466053
20.580307
20.328951
20.435583
20.572691
20.648857
20.618385
20.351799
20.275635
20.306105
20.092834
19.407333
19.597752
18.7523
18.6609
17.472691
18.440012
17.548861
18.340998
18.599966
18.897015
18.980799
18.874166
18.142962
18.036329
18.318146
19.041731
19.384483
19.056965
19.437799
20.267885
20.951933
20.65218
20.606068
20.16028
20.221764
20.867388
20.513834
20.083422
20.152594
20.275572
20.421602
20.606068
20.798218
20.698298
20.675243
20.2064
20.021936
19.668375
20.021936
20.559954
20.25251
20.290943
19.898952
19.268707
19.668375
20.244823
20.436977
20.559954
21.343916
21.305489
21.543756
21.351608
21.144087
20.898132
20.974995
20.92119
20.951933
21.282429
21.720531
21.482269
21.87425
22.435326
22.12789
21.705158
21.628298
22.112511
22.350775
22.135572
22.204741
22.419956
21.528379
21.91268
22.335403
21.766645
22.150946
21.520699
21.313173
21.820446
21.336233
21.536064
21.067226
21.174828
21.593363
21.825884
22.329676
22.267672
22.050653
22.562201
22.56995
22.500189
21.903387
22.267672
22.128157
21.709621
21.546862
21.57786
21.663118
21.066317
21.570108
21.694124
21.562361
21.810379
21.562361
21.221331
21.647617
21.515854
21.515854
21.841383
22.066154
21.825884
22.112658
22.352932
22.492441
22.399433
21.810379
21.864634
22.329676
22.221167
22.112658
22.399433
22.546694
22.887726
22.903225
22.748211
22.887726
24.027077
24.027077
24.073576
24.437859
24.608374
24.802141
24.608374
24.9494
24.933899
25.112167
25.181919
25.104418
25.259432
25.143169
25.057096
25.049267
25.284029
25.166643
25.299677
25.503143
25.385761
25.683123
25.57357
25.84746
25.221424
25.432713
25.870943
26.129175
26.129175
26.238729
26.152647
26.105703
25.870943
26.238729
26.215256
26.074398
26.324812
26.418722
26.9039
26.9039
26.684786
26.630011
26.340467
26.708263
26.79434
26.512627
26.543924
26.324812
25.823982
26.356112
26.841295
26.708263
24.266718
24.88493
25.127518
24.853624
25.08839
24.892754
25.299677
25.730078
26.011795
26.230909
26.293509
26.450024
26.504799
26.285686
25.808332
25.769207
25.448366
25.11187
25.370108
25.409237
24.939711
25.025791
25.104046
24.313673
24.360624
24.700506
24.787449
24.637272
24.534517
24.70841
24.906012
24.637272
24.605654
24.155117
24.170925
24.32901
24.953436
24.929726
25.048288
24.811163
25.38026
25.103615
25.396072
25.609486
25.625288
25.633192
25.6411
25.309126
25.459309
25.03248
25.245897
25.174753
25.143137
25.6411
25.696424
25.878227
25.941456
25.617392
25.135235
24.961342
24.842779
24.574038
24.684694
24.534517
26.91367
27.055946
27.332596
27.182413
27.142889
27.245642
27.26936
27.380016
27.885883
28.028156
27.798933
27.474863
27.316786
27.838453
27.885883
27.964922
28.130909
28.012346
28.178337
28.130909
28.186239
28.075581
28.194139
28.265287
28.24156
28.091391
28.043964
27.957016
28.178337
28.058729
27.915209
28.194284
28.074678
28.018871
27.883312
27.715874
28.417538
28.305908
28.345781
28.337803
28.337803
28.433489
28.840139
28.816223
28.696617
28.106571
28.704588
28.577009
28.529163
28.361725
28.154417
28.345781
28.281992
28.138466
28.250101
28.186312
28.529163
28.656746
28.664719
28.194284
28.050766
28.106571
28.712563
28.242128
29.661406
29.820875
30.131847
29.900614
29.621531
29.294624
29.334492
29.549786
29.382332
29.326517
29.629509
29.071369
29.087315
29.350439
28.903929
28.624859
28.696617
28.54512
28.305908
27.994949
28.002918
28.154417
28.577009
28.856079
28.919868
29.398279
29.526939
29.301788
29.591265
29.768169
30.162188
29.671682
29.583225
29.5189
29.840538
29.808374
29.808374
30.017452
29.904861
29.631472
29.70384
29.912914
30.17827
30.057652
30.02549
29.663635
29.430447
29.116842
29.060564
28.819323
