Adjusted
30.441589
29.755657
28.861336
29.773031
28.913433
28.809238
30.302671
30.398178
31.231716
31.049383
31.683224
30.276613
29.199957
29.833799
30.910454
31.813463
31.266438
30.710752
31.240396
30.424225
30.181114
31.240396
30.563143
29.486494
29.095764
32.126034
31.292503
31.544291
33.523945
34.314075
33.480537
33.767815
33.428314
34.028973
33.506645
33.341255
33.872284
36.832069
35.761322
35.256413
33.062683
32.636131
32.610012
32.723171
31.312935
31.312935
30.903772
30.633907
29.972303
30.155123
28.57946
27.909157
30.738369
29.293297
31.060474
31.913586
31.878759
32.105106
31.321625
30.494619
30.320526
32.226974
32.723171
32.348854
33.03656
33.289017
33.219379
32.401081
32.287922
31.060474
30.416271
30.921185
31.730772
32.592598
33.167152
32.522964
31.782999
32.610012
32.305328
32.531658
32.261803
32.984341
32.174747
33.593704
34.281425
33.854874
34.786339
34.71669
34.229195
34.333656
35.68298
37.197704
37.78965
38.816887
39.26186
39.93367
38.302116
32.203453
30.109478
29.804096
30.423573
31.583977
32.665859
32.351761
31.976587
33.547073
34.576599
36.103443
34.140366
33.250427
34.54171
33.547073
34.279953
34.663853
34.524258
33.250427
33.032299
33.590698
33.084648
31.863182
31.025591
31.889341
30.545715
30.301422
30.048407
29.603436
29.184643
29.612154
28.853096
29.184643
28.320881
28.722223
27.047045
27.195374
27.020882
28.992699
30.353779
30.659143
29.795378
31.156462
31.383305
29.847727
29.769199
29.271883
31.540348
30.746393
30.371222
31.069212
31.653776
33.145725
33.538345
33.032299
34.341022
35.239708
33.695393
33.39003
34.358486
34.925594
33.867241
32.870125
32.257851
32.633965
34.217117
33.26371
33.543621
34.593216
35.441658
35.564114
35.948963
36.08017
34.820637
34.287094
36.316338
34.601963
34.129642
34.304581
33.779785
31.663073
32.53775
29.835012
32.012947
31.610594
30.097412
30.009953
30.062428
29.651333
29.039068
27.13228
29.738798
27.989454
26.345078
26.240118
24.735683
24.123417
23.61611
20.922117
20.344841
21.709322
24.097176
21.359457
21.884262
21.831779
22.960108
21.25449
18.90164
18.490536
16.872398
15.709085
18.026962
18.411812
20.965853
22.391567
22.304102
22.190401
20.248623
19.802544
20.126175
18.735445
18.114429
16.714956
19.373953
16.907387
16.513781
16.803957
15.168406
13.743898
15.625662
17.586555
17.568974
18.729687
19.090212
16.557749
17.929502
18.870377
18.492268
19.45953
20.374037
19.529879
19.70574
18.606586
18.59779
17.727253
18.967104
19.266077
19.125385
20.242128
19.213312
18.404339
18.33399
18.078985
17.445868
17.648113
17.665699
19.485905
19.494707
20.206961
20.013506
19.91678
20.250929
20.215754
20.250929
20.928013
19.74971
18.808817
17.18207
18.210884
18.518646
18.694513
18.50106
19.380386
20.585068
19.327623
18.835207
18.931934
19.134182
19.450739
20.391615
21.851303
21.965622
21.763374
21.824923
21.068699
20.989557
20.136606
19.695017
19.491884
16.921818
15.800171
16.338917
15.959148
15.906161
15.853164
14.607881
14.254601
14.81984
14.448902
14.166284
14.245772
15.932653
15.791341
16.056295
16.126951
15.985645
16.656864
17.381071
16.833496
16.586212
18.237764
19.324078
19.642027
20.67535
20.578199
19.341749
20.242594
19.023802
19.553709
20.790169
20.375067
19.606699
20.083626
21.629192
22.485876
21.302416
21.505548
24.163942
25.303244
23.898979
24.402393
24.049124
24.640856
25.471052
26.159935
24.278749
25.426889
26.071615
26.053947
26.760496
27.55537
27.493546
26.1511
27.581856
27.431719
26.451385
24.62319
25.082451
25.082451
26.332136
26.03966
25.463558
24.914053
24.719061
25.640816
24.949505
23.832756
24.275911
25.304014
25.383789
25.481287
25.587639
25.649687
25.445831
25.995342
25.791489
25.366066
25.117901
23.46937
22.751463
23.433922
22.981905
23.079397
21.687899
22.281719
22.786911
22.742594
23.052807
23.46937
23.354149
23.859348
22.760326
23.433922
23.141439
23.495964
23.620045
23.318699
24.391129
24.781103
25.463558
25.756031
25.729448
25.348341
23.752991
23.504824
22.618523
22.981905
23.708675
24.479761
22.618523
21.253605
21.040892
21.333372
22.237404
21.882885
21.652449
22.609655
22.352623
21.847429
22.193092
22.024693
21.732214
20.952263
21.30829
22.269567
22.527687
23.186342
23.711479
23.853895
23.773781
24.459143
24.530346
24.245523
23.515669
23.230848
21.593113
21.735525
21.050175
21.851236
21.975843
22.465382
22.411978
22.340776
23.070633
21.441801
20.996771
19.79517
19.901978
18.237547
17.42758
16.777834
16.706627
18.522369
18.210842
18.14854
17.454281
17.819216
18.282053
18.549072
19.608263
19.893084
20.284714
20.097792
20.996771
21.326094
21.379499
21.361698
22.198364
22.349676
22.768005
22.278471
22.340776
22.411978
21.913542
21.602015
21.076876
20.560633
20.525026
20.818748
21.201483
21.237087
21.895739
21.165888
21.4774
21.121376
20.996771
21.343891
21.050175
21.166378
20.728382
20.513857
20.540678
21.068048
20.969725
20.504917
20.764141
20.916098
21.050175
21.041233
22.668041
22.382013
22.078104
22.301567
22.480326
23.856861
23.740662
23.231165
24.017756
24.232281
23.937309
24.276976
24.455748
24.455748
24.732834
24.26803
24.232281
24.303789
23.955179
24.375296
24.125017
23.615522
23.544018
23.99094
23.847921
23.973061
24.74177
24.83116
24.509378
24.759653
24.697081
24.419987
24.107136
23.535076
23.803232
25.769701
25.313839
24.661325
24.956299
25.35853
25.117193
23.588707
24.437868
23.669155
23.91943
23.830051
24.241217
24.116077
24.348478
24.290152
24.137613
24.308096
24.047878
23.976095
24.245291
24.101721
23.886364
24.379885
24.415783
24.388863
24.478586
25.223354
25.313078
25.160547
24.900328
25.35795
25.35795
25.663034
25.779686
25.788662
26.614187
26.614187
26.93722
27.206409
27.215382
27.376898
27.152569
27.40382
27.125652
26.694944
26.353966
26.497538
26.41678
26.327051
26.021959
25.905313
25.689959
25.689959
25.932228
26.605209
24.59524
24.263231
24.335014
23.051867
23.383875
23.545387
23.383875
22.298128
22.980083
22.630133
22.181477
22.639107
21.948177
22.055857
21.12265
20.961138
19.534414
19.52544
20.00102
19.471607
19.354956
19.345987
18.962765
19.395573
19.125067
19.855442
19.070967
19.152115
18.827505
18.827505
18.484859
17.402811
17.94384
17.754482
17.033121
16.906885
17.096243
16.942945
17.565123
17.745464
17.952858
19.143097
19.620991
18.773397
19.025877
19.125067
18.692247
19.052933
18.575024
19.846424
19.161131
18.043024
17.961866
17.853666
18.034002
17.799568
18.367634
19.206219
19.873476
19.846424
20.441549
20.189066
20.261206
19.783304
19.693142
20.125948
19.99972
20.243177
20.396465
20.820263
20.630901
20.414499
21.316195
21.235043
21.289148
21.5326
21.694912
21.505554
21.217009
21.316195
21.036673
20.125948
20.03578
19.747238
20.07185
20.053818
20.420736
19.949631
19.668776
19.478518
19.116129
19.242964
19.088951
19.424166
19.188606
19.152365
19.886211
20.683472
20.973379
20.158009
20.529451
21.353895
22.604145
22.966532
22.73098
22.495426
22.513548
22.649443
23.546366
23.14773
23.048073
22.368595
23.347048
22.740044
23.039015
22.785337
22.631323
22.857817
22.631323
23.165848
23.600718
23.990292
24.370798
24.977808
25.077467
25.258656
24.153372
24.008411
24.10807
23.954048
24.561056
24.470461
24.316442
23.990292
24.78755
24.57917
24.071829
24.515755
24.062767
24.216785
24.026527
25.403618
26.074039
25.430798
25.195242
25.747892
25.57575
25.113707
25.276775
24.597296
24.374466
24.865595
24.556368
24.465418
23.947008
24.256235
24.238043
24.30171
24.401754
24.501799
24.710981
24.592747
24.292612
24.30171
24.892878
24.692791
24.847403
24.783741
24.856501
24.501799
24.374466
23.965197
23.974293
23.892437
23.992479
23.947008
23.965197
24.056149
24.128904
24.092527
24.138
24.456326
24.228947
24.847403
26.984722
26.639116
26.129789
26.08432
26.357164
26.329882
26.320789
26.848299
26.375355
26.411737
26.366261
26.475405
26.384455
26.593639
26.811916
26.402639
26.711872
26.884672
26.984722
27.084764
27.148426
27.31214
27.25757
27.466753
27.566797
27.703217
27.739605
27.830549
27.844246
27.825987
28.017698
27.762079
27.141289
27.16868
28.519808
29.122343
28.620228
28.675007
29.186245
28.967146
29.049309
29.47838
29.569677
28.994528
29.542288
29.158859
28.921495
28.675007
28.702394
29.450994
30.190462
29.387085
29.898329
29.78878
30.153954
30.473469
30.628662
31.450315
30.957327
31.559851
31.57811
31.915894
32.326717
33.020538
32.226284
32.408878
32.134998
32.472778
32.381485
32.73753
32.408878
32.326717
32.308449
32.710133
32.618851
32.783176
34.992458
35.375874
35.731926
35.585865
35.521946
34.965061
34.663803
34.563385
34.974205
35.138519
34.526863
34.618164
34.819
34.846386
35.12027
35.523426
35.779972
35.450119
34.726276
34.570518
34.854553
35.633381
35.541744
36.567955
36.109829
36.366375
36.128159
35.495937
35.990711
36.128159
38.253876
37.731609
37.75909
38.134762
36.842831
35.065285
33.306068
34.167362
34.671295
34.64381
34.51553
33.947456
34.048241
34.268135
34.37809
35.138588
35.743313
35.61504
36.155632
36.448837
36.100666
34.451389
33.251099
33.580944
33.278576
33.397697
32.545582
33.617596
33.425182
34.048241
34.0574
34.249828
34.286453
32.481426
32.289021
32.628048
32.389816
31.446066
32.646362
30.749702
30.12665
27.304565
29.017971
26.70899
28.761417
29.19206
29.96172
28.688118
28.909008
25.706104
24.886963
24.813332
26.203102
27.510038
26.930201
27.399591
28.356781
28.283152
28.375191
27.878187
27.00383
26.736921
27.859777
27.6849
26.663288
27.151085
28.043852
29.129898
29.820177
30.261967
30.096291
30.252752
29.23114
28.00704
27.951818
28.632898
28.982639
28.292355
28.485636
28.02545
26.635675
28.145096
27.887388
29.028654
28.375191
29.111488
28.890598
29.452028
29.056267
29.617697
29.037859
29.783373
29.507252
28.467226
28.881393
30.133108
29.534868
30.989046
33.823814
33.032288
32.66415
31.338804
31.983053
32.73777
32.627319
32.406425
32.829803
31.311188
31.449244
32.240765
31.044277
31.937037
30.504681
30.079592
30.310619
30.264418
30.255178
29.275623
29.229414
29.802364
29.543613
32.075653
32.149582
32.297443
32.842667
32.537712
32.602409
32.186546
32.731777
31.844627
30.96673
30.38455
29.894773
30.125797
29.931736
31.15155
31.179285
31.650572
31.91856
31.484232
30.975973
31.521198
31.123835
32.491508
32.408337
32.981281
33.110664
33.110664
33.572716
33.064449
33.933113
33.203064
32.639366
32.851906
33.776009
33.702084
33.960838
34.080959
35.356228
35.17141
34.801758
34.238068
34.404404
34.746311
34.616951
35.578014
35.70739
36.021587
35.402435
35.457886
35.522568
35.772079
35.725872
35.484604
35.679478
35.7537
35.855778
35.976418
36.329037
36.078495
36.403271
35.855778
35.827942
36.403271
36.134163
35.762989
34.65873
34.65873
35.7537
36.041363
37.164185
38.509705
38.528263
39.001514
39.530441
38.871601
38.574661
38.741688
38.481857
38.611774
39.270618
39.270618
38.992229
38.528263
39.066467
39.289185
39.873783
39.214951
39.270618
38.602497
37.832306
38.834484
39.8181
38.676727
38.621063
39.651085
39.205662
38.249889
38.611774
38.435471
38.621063
38.945839
38.611774
38.574661
37.99934
37.674557
37.2477
36.63525
36.199116
35.976418
35.957851
35.586689
35.577404
35.595959
35.150547
35.150547
34.565941
33.345081
33.158695
33.866978
33.811062
34.090652
34.715057
34.817562
35.125111
34.332951
34.09996
32.96299
32.860474
33.606037
34.239761
33.969494
33.829704
33.205303
33.633991
32.90707
32.69273
33.27985
33.587387
33.988132
33.596722
32.385178
32.646126
31.770102
32.35722
33.04686
33.130737
34.062687
34.081329
34.677773
34.20248
33.969494
34.286354
34.323635
34.351585
33.550121
34.174519
33.764469
33.885624
34.239761
34.472748
33.839031
33.363731
33.326454
33.596722
37.361786
38.125977
38.023464
37.771839
37.604084
37.128792
37.883678
37.49226
38.060738
37.11948
36.905121
36.914452
36.578949
36.336639
36.37392
36.701443
37.159985
36.242905
36.083828
36.065117
35.8218
36.1119
36.046394
36.121254
36.44878
36.551723
37.057037
37.169342
37.328426
38.601097
38.619797
38.99411
39.770813
40.772102
40.940552
41.00605
41.670452
41.87632
42.147709
42.475227
42.858898
42.522022
41.567516
41.239986
41.642387
41.333572
41.427155
41.576878
41.913765
42.334862
42.035408
41.548809
41.155773
41.174492
41.520733
41.511372
42.175781
42.578167
42.971191
43.588806
42.690472
42.559448
42.026054
42.288071
42.784042
44.81469
45.067352
45.778545
44.936337
43.607529
44.037994
43.298721
43.027344
42.924408
43.439091
43.130283
42.802761
43.09285
42.257088
43.393345
43.32761
43.365177
44.435673
44.482635
43.956772
44.473244
45.196308
45.618885
45.994507
45.985115
46.708179
46.407684
46.351341
46.125977
46.163521
46.248039
45.459248
45.233871
46.642437
47.694176
48.398457
48.107353
47.187088
47.130749
47.093189
46.820862
46.454624
