Adjusted
74.209999
73.550003
71.370003
72.580002
70.089996
69.379997
70.580002
70.010002
70.029999
67
67.919998
66.150002
66.139999
71.279999
75.93
75.330002
72.860001
73.529999
76.150002
76.300003
79.919998
83.050003
79.080002
78.580002
77.309998
78.410004
77.860001
78.25
76.25
77.239998
73.699997
72.07
72.93
74.470001
73.099998
74.68
74.660004
76.349998
75.370003
73.57
71.410004
70.669998
70.5
70.68
68.480003
69.75
66.660004
68.459999
66.949997
69.910004
69.139999
68.5
72.110001
71.730003
75.059998
74.989998
74.620003
72.459999
72.400002
71.489998
71.610001
74.370003
76.669998
76
76.080002
76.489998
74.540001
73.480003
74.709999
73.489998
71.349998
73.019997
75.279999
74
78.18
77.629997
76.260002
76.440002
77.629997
76.949997
77.260002
76.800003
76.190002
79
78.349998
78.139999
77.839996
76.82
75.379997
75.550003
76.019997
76.43
77.18
78.099998
77.610001
77.839996
76.860001
73.970001
73.230003
73.059998
74.540001
74.800003
75.629997
75.080002
73.779999
72.980003
73.029999
73.919998
72.099998
71.459999
71.75
68.760002
69.309998
70.160004
69.260002
68.900002
67.550003
69.199997
68.080002
66.980003
66
67.040001
65.150002
64.809998
64.099998
63.490002
61.5
62.360001
61.27
64.900002
62.939999
60.740002
59.07
57.66
59.810001
64.300003
65.82
64.849998
64.059998
65.830002
66.760002
60.93
61.889999
59.509998
60.869999
60.540001
58.970001
59.130001
59.490002
64.949997
64.349998
62.5
66.489998
69.080002
68.290001
66.620003
70.059998
72.959999
70.419998
68.690002
67.32
66.839996
69.089996
67.610001
68.080002
68.839996
69.57
69.050003
72.470001
73.339996
70.300003
70.459999
73.239998
70.300003
72.18
71.550003
69.900002
68.290001
69.580002
67.949997
69.5
74.339996
69.779999
69.07
68.809998
70.300003
69.900002
67.370003
67.389999
65.559998
61.09
58.68
56.400002
52.709999
54.849998
51.73
49
53.73
50.439999
48.130001
49.099998
48.290001
49.630001
47.849998
46.779999
45.240002
44.18
43.16
44.790001
44.790001
45.299999
48.380001
45.32
44.369999
42.330002
38.150002
39.130001
36.189999
35.279999
32.759998
32.529999
32.27
29.75
29.32
25.889999
25.799999
26.09
27.549999
28.040001
30.530001
30.74
27.209999
29.24
31.049999
33.25
36.529999
36.68
35.970001
37.360001
34.34
35.73
34.849998
38.009998
39.779999
42.459999
42.599998
40.580002
40.060001
40.18
41.169998
40.740002
41.82
42.970001
44.099998
44.889999
45.110001
43.220001
42.639999
40.59
39.619999
39.400002
38.049999
37.299999
37.389999
34.490002
35.950001
34.48
34.389999
34.439999
35.560001
37.669998
34.720001
32.110001
31.68
33.889999
32.540001
33.98
36.91
36.52
33.439999
32.93
33.470001
33.27
32.139999
30.34
29.559999
28.370001
26.65
25.24
23.58
23.75
22.59
21.1
19.860001
20.41
18.950001
18.24
17.110001
19.209999
19.08
20.33
20.809999
21.200001
22.190001
24.120001
25.01
23.790001
26.93
27.16
29
33.91
32.580002
29.42
29.870001
31.75
33.700001
34.25
33.790001
31.82
30.01
32.720001
32.25
31.219999
33.169998
34.759998
36.790001
34.02
34.869999
37.73
37.82
49
45.860001
46
46.700001
47.310001
46.290001
49.830002
50.279999
49.25
45.970001
45.459999
44.509998
42.310001
38.810001
39.849998
39.77
40.970001
39.869999
39.080002
37.669998
37.529999
39.48
36.75
36.560001
38.27
40.450001
40.959999
39.439999
39.580002
40.75
41.009998
42.25
41.360001
40.540001
40.599998
38.43
37.400002
37.540001
36.849998
37.52
35.700001
35.349998
36.099998
37.119999
35.439999
36.669998
35.68
35.740002
33.970001
33.310001
33.240002
32.619999
32.860001
32.200001
33.049999
35.040001
36.990002
38.369999
37.779999
38.98
38.619999
39.32
42.330002
43.119999
45.18
46.23
46.759998
48.200001
51.580002
50.98
50.25
50.889999
50.59
52.540001
51.029999
49.389999
50.290001
49.689999
47.400002
45.139999
46.080002
45.959999
46.110001
47.450001
47.32
48.59
49.200001
49.27
50.830002
50.119999
48.049999
48.099998
47.240002
48.169998
49.09
49.959999
49.540001
48.939999
49.450001
50.849998
52.970001
51.580002
52.189999
52.650002
52.849998
51.09
48.950001
47.540001
47.689999
48.59
47.689999
44.610001
43.77
44.619999
44.720001
44.130001
45.290001
45.57
47.720001
48.43
50.07
50.169998
49.209999
49.959999
47.790001
45.919998
47.599998
48.02
46.349998
45.380001
44
46.48
42.830002
40.5
42.720001
41.619999
43.48
44.209999
45.57
45.849998
46.349998
44.970001
44.380001
45.09
44.48
43.700001
41.650002
41
41.360001
42.34
42.400002
41.57
41.080002
42.650002
42.68
41.650002
43.299999
43.529999
44.220001
44.419998
45.279999
46.139999
47.080002
46.700001
47.369999
47.439999
46.970001
48.009998
49.349998
49.59
49.549999
48.75
49.02
48.599998
47.599998
48.310001
48.119999
47.93
48.77
49.639999
49.43
48.040001
47.98
47.799999
46.790001
46.990002
46.040001
45.18
45.009998
44.540001
43.689999
43.509998
42.939999
41.41
42.73
45.709999
46.25
44.52
44.43
43.77
44.209999
43.880001
44.509998
44.540001
45.700001
46.139999
46.59
46.779999
46.799999
46.689999
47.34
47.779999
51.580002
52.93
52.240002
53.110001
52.919998
53.880001
54.709999
54.549999
54.27
54.290001
53.93
54.18
54.060001
54.419998
54.189999
53.029999
54.290001
54.189999
53.860001
53.02
53.130001
54.990002
54.25
54.380001
54.73
54.790001
54.27
53.209999
53.959999
55.119999
56.450001
57.32
59.68
58.689999
57.200001
58.779999
59.57
60.470001
61.720001
63.18
62.790001
60.490002
60.720001
63.650002
63.740002
64.459999
62.18
60.529999
58.700001
55.02
60
60.990002
64.019997
62.200001
61.23
62.98
60.860001
59.23
55.400002
55.389999
54.66
54.849998
54.560001
57.299999
56.16
53.880001
55.200001
54.400002
51
48.68
47.610001
47.860001
49.919998
50.139999
53.759998
54.549999
53.27
52.43
52.330002
51.880001
50.360001
50.740002
49.389999
49.939999
49.68
46.740002
45.759998
44.549999
44.189999
43.849998
44.5
45.34
46.02
45.619999
48.279999
47.459999
46.310001
43.799999
44.310001
46.939999
44.919998
47.970001
49.5
50.610001
49.709999
48.380001
48.610001
48.93
50.939999
49.720001
49.990002
48.709999
51.889999
52.959999
50.860001
48
46.450001
45.259998
45.110001
46.080002
46.369999
44.720001
44.740002
43.779999
43.540001
45.299999
44.709999
46.580002
44.650002
44.310001
46.279999
48.09
48.84
46.540001
46.470001
47.799999
48.130001
49.119999
49.310001
48.490002
48.639999
48.950001
50.139999
51.150002
49.310001
48.48
51.919998
51.790001
52.790001
52.369999
53.299999
54
53.209999
53.939999
53.299999
53.849998
54.419998
53.540001
55.419998
55.849998
55.380001
55.049999
55.27
55.060001
56.889999
57.099998
57.459999
58.189999
57.990002
57.43
56.549999
57.34
56.849998
59.16
58.700001
60.32
57.080002
55.93
54.200001
54.200001
53.849998
53.040001
53.130001
52.18
51.970001
52.560001
53.23
53.549999
52.509998
53.330002
52.950001
53.130001
52.540001
54.349998
56.57
56.02
56.939999
56.549999
56.450001
57.860001
58
58.07
58.400002
59.310001
60.139999
59.919998
60.75
60.509998
60.099998
58.849998
59
58.869999
58.490002
57.689999
56.759998
57.790001
57.130001
57.439999
57.68
57.080002
57.349998
57.25
57.59
57.110001
58.369999
58.139999
58.169998
58.599998
57.25
58
58.43
58.959999
58.779999
55.560001
55.549999
56.099998
55.389999
55.52
56.27
58.25
59.189999
59.490002
59.18
59.540001
59
57.259998
58.139999
59.040001
59.299999
57.34
57.779999
56.919998
58.450001
58.110001
56.77
57.509998
58.07
56.84
55.25
56.98
59.119999
57.57
57.91
57.52
58.029999
57.049999
57.049999
57.43
58.77
58.200001
58.02
58.689999
59.689999
58.91
59.529999
60.450001
61.150002
62.5
61.860001
61.810001
61.880001
62.119999
60.68
60.639999
60.16
59.91
59.5
59.84
59.25
59.41
60.099998
60.330002
59.290001
59.529999
60.34
60.299999
60.040001
61.599998
61.09
61.75
63.169998
67.480003
68.059998
68.5
67.419998
67.599998
67.5
66.309998
66.169998
67.169998
66.75
65.290001
65.059998
64.790001
64.720001
65.400002
65.910004
66.519997
65.169998
64.620003
62.889999
61.16
60.709999
60.220001
60.990002
59.040001
60.009998
60.5
58.279999
57.91
58.029999
59.09
60.240002
58.970001
60.700001
59.959999
59.099998
59.450001
59.57
59.990002
61.599998
60.869999
60.799999
57.66
56.32
56.060001
55.529999
56.299999
55.919998
56.16
55.349998
57.299999
57.080002
56.41
55.209999
54.75
54.09
52.419998
51.41
52.029999
51.959999
49.16
50.689999
47.299999
47.919998
44.619999
45.799999
42.970001
45.279999
46.049999
47.099998
46.959999
45.84
43.200001
42.43
42.439999
43.959999
45.009998
44.049999
46.029999
48.990002
49.41
49.549999
49.380001
48.009998
47.130001
48.66
45.330002
43.209999
43.66
44.040001
45.830002
45.369999
45.509998
44.650002
43.119999
42.23
40.950001
41.259998
43.09
44.650002
43.950001
45
42.91
40.75
44.25
46.310001
47.880001
46.689999
49.91
49.73
48.849998
49.130001
50
48.369999
50.84
50.91
51.950001
53.810001
54.990002
54.380001
54.630001
55.82
54.150002
52.650002
50.279999
51.900002
52.380001
53.290001
52.75
54.32
51.98
52.209999
54.52
54
53.610001
52.459999
52.049999
52.630001
50.759998
50.77
49.41
49.77
51.009998
51.490002
54.560001
54.790001
54.889999
56.189999
56.25
57.529999
55.619999
57.009998
55.41
53.52
52.169998
53.43
54.389999
53.57
56.400002
57.400002
60.169998
60.450001
60.799999
60.5
60.669998
59.849998
60.16
59.48
59.970001
59.5
59.389999
60.310001
63.139999
62.970001
62.52
64.290001
65.309998
65.18
63.299999
63
63.110001
63.740002
63.360001
63.450001
62.110001
61.16
63.349998
63.400002
66.589996
65.75
66.190002
66.019997
66.25
65.449997
66.940002
66.739998
66.459999
65.510002
66.790001
66.139999
65.099998
64.010002
62.41
63.540001
62.419998
63.509998
62.830002
62.279999
62.549999
59.830002
60.869999
62.560001
63.189999
64.080002
66.57
65.900002
67.220001
65.769997
66.440002
66.129997
65.650002
65.760002
65.059998
66.220001
67.120003
66.849998
66.309998
66.510002
66.389999
67.120003
66.599998
66.610001
63.330002
60.5
62.169998
63.119999
62.66
62.849998
63.700001
63.23
62.740002
63.380001
61.450001
62.470001
64.580002
67.040001
68.050003
67.019997
68.010002
69.879997
68.5
73.519997
73.68
72.559998
71.949997
73.709999
74.57
72.419998
72.139999
70.839996
67.93
67.519997
68.129997
68.379997
69.989998
70.040001
69.660004
70
68.110001
68.099998
64.449997
62.93
65.129997
66.720001
67.129997
68.449997
66.129997
67.089996
65.330002
66.309998
67.910004
68.639999
68.730003
67.900002
65.32
64.459999
63.91
66.230003
65.82
66.93
69.830002
70.050003
69.970001
69.93
69.910004
69.760002
67.959999
67.419998
69
69.849998
68.849998
69.309998
71.459999
72.550003
72.550003
71.279999
69.589996
68.610001
70.650002
71.550003
68.510002
66.43
65.769997
66.019997
69.839996
71.550003
72.010002
71.260002
72.419998
71.93
72.599998
72.93
72.75
74.18
75.050003
72.989998
72.940002
72.209999
71.989998
72.830002
71.900002
71.940002
72.370003
72.050003
72.050003
72.699997
73.269997
74.209999
74.230003
73.639999
73.760002
74.5
77.599998
78.919998
78.150002
77.889999
78.830002
79.589996
82.589996
81.160004
80.370003
78.330002
79.529999
80.019997
78.639999
79.480003
80.809998
80.449997
81.970001
82
79.129997
78.610001
78.300003
78.220001
80.580002
80.57
81.669998
82.419998
81.459999
81.300003
80.410004
81.5
80.989998
80.269997
83.470001
84.900002
86.760002
88.889999
87.800003
85.779999
85.760002
84.529999
83.82
83.93
82.57
80.269997
81.269997
83.279999
85.639999
85.860001
87.099998
85.040001
84.919998
85.010002
85.949997
85.989998
85.809998
85.870003
82.940002
83.379997
82.839996
82.089996
81.550003
81.720001
81.470001
81.5
81.959999
85.080002
84.269997
87.040001
91.290001
90.040001
89.629997
89.82
89.440002
