Adjusted
29.92658
29.894321
29.563602
29.983051
30.249247
30.015327
30.692907
29.829788
29.845932
29.257072
29.192545
28.877947
29.023148
27.918036
28.16003
27.885773
27.442125
27.595383
27.869642
27.240458
27.111399
27.797047
27.571184
27.062996
27.514729
27.256592
27.062996
27.740582
28.289101
28.329432
27.821245
28.410093
28.426231
28.732759
28.385893
28.724686
28.910212
28.748888
28.635952
28.385893
27.78898
28.272976
28.168095
28.16003
27.918036
27.893845
28.16003
28.998947
28.708557
28.708557
28.0471
27.853504
28.773092
28.902151
29.192545
29.257072
29.257072
29.128014
30.523512
29.741064
29.821737
30.51544
30.321846
30.442846
30.483175
30.51544
30.458979
30.483175
30.174858
29.988243
30.101828
30.134285
30.426386
30.410154
30.832062
30.68602
30.410154
30.759037
30.669794
30.832062
30.896971
30.661686
30.661686
30.832062
30.182972
29.744829
29.793503
29.72049
30.069384
29.939568
30.33713
30.280327
30.304672
30.109945
30.191099
30.353359
30.085611
29.566326
29.866528
29.460857
29.80974
29.931444
30.458828
30.491293
30.499409
30.475061
30.475061
30.937551
30.637344
30.791502
30.832062
30.458828
30.345255
30.823956
30.5562
30.385813
30.191099
30.353359
30.118065
30.085611
30.126177
30.053156
29.631239
29.111965
28.933458
28.925339
28.982492
28.974325
29.153936
29.692778
29.798906
29.602966
29.823397
30.133633
30.982698
31.309271
31.880739
31.69297
31.619495
32.052189
32.084843
32.272614
32.10117
32.141991
32.599178
33.431919
32.737968
32.517544
33.129856
33.660519
34.264652
33.293118
33.921768
33.856441
34.011566
33.782978
33.456402
33.905434
33.619698
33.252316
33.113522
33.023716
33.15435
32.672653
32.591019
33.13802
33.464577
33.023716
33.13802
33.064529
32.697151
32.697151
33.333954
33.758495
33.268642
33.195164
33.938091
33.407421
33.350285
32.50938
32.272614
32.640018
31.91341
31.643986
31.431719
31.595003
31.733788
30.860239
31.390905
32.031361
31.75219
31.6126
30.996763
30.380945
29.995012
28.287119
28.131107
30.421988
29.329927
27.827288
28.402075
28.295328
28.361019
28.048994
27.318205
27.745182
25.881279
25.199759
26.414991
26.185081
26.636692
27.638445
27.383896
27.507063
26.488892
25.659573
25.577463
25.446093
24.707088
24.723513
26.193293
25.28187
25.027321
25.306503
24.526445
23.63965
24.854891
25.101223
24.879526
24.403282
24.444336
23.664288
23.94346
23.812086
23.688921
24.411493
24.551081
24.066628
23.992733
23.705341
24.165165
23.910622
25.28187
25.060167
25.72526
25.864855
25.667791
25.322922
25.684217
25.856644
25.724253
26.328266
26.361362
26.667505
26.477201
26.386185
25.914562
25.90629
25.533951
25.691164
25.600142
25.070597
24.938213
25.658066
25.252628
25.219526
25.467756
25.186441
25.89801
25.682886
26.228977
26.617855
26.510298
26.55994
27.494917
27.197052
27.263248
27.395632
27.039839
26.361362
26.584763
26.642687
26.452381
25.790453
25.484306
26.046944
24.946489
24.590704
24.938213
25.302273
24.698263
25.939386
25.724253
25.782167
25.922834
25.054049
25.087147
24.541048
25.492579
25.128519
25.914562
26.319994
27.031574
27.263248
26.72542
26.684057
26.874355
27.668676
25.037504
24.731358
24.259735
24.276279
24.292835
24.466589
24.54933
24.457569
24.424204
24.44923
24.132254
24.115566
24.157278
23.923712
23.823605
23.79859
23.89868
24.24069
24.015471
24.115566
23.998791
24.07386
24.123911
24.140591
24.123911
24.22401
24.566019
24.607721
25.39183
25.074852
25.074852
25.525295
25.767199
25.59203
26.267696
26.117554
26.192621
26.000771
26.150913
25.817253
25.617052
25.425196
25.758863
25.817253
25.266708
25.183287
25.458569
25.43354
25.642076
25.650419
25.783884
25.7255
25.900667
25.750519
25.7255
26.025793
26.668091
26.192621
25.90901
26.100872
26.809904
26.859955
27.360453
27.3104
26.968391
26.951708
27.151909
27.32708
27.135223
27.941969
27.563803
27.99239
27.387331
27.538603
27.303303
27.278086
27.454565
27.622629
27.958775
28.000793
27.530195
27.454565
27.471369
27.622629
27.773901
27.723478
27.471369
27.589018
27.42935
27.462965
27.076406
27.185642
27.126822
26.983963
26.69824
26.614195
26.765467
26.874712
26.715044
26.521759
26.715044
26.378904
26.404104
26.706638
26.925138
27.345318
27.345318
27.286493
27.311699
27.252878
27.168842
27.370525
27.370525
27.244473
27.504982
27.563803
28.404165
28.101637
28.068026
28.143658
28.261312
28.345343
28.538626
28.462996
29.446217
29.084866
28.715101
29.202511
28.488205
28.311726
28.589058
28.614262
28.724285
28.360361
28.267265
28.241879
28.436531
28.385752
28.461922
28.495773
28.555017
28.546556
28.648113
29.054352
29.232079
29.6637
29.655241
29.59601
29.282852
29.096666
28.952793
29.282852
29.274397
29.655241
29.629854
29.655241
29.452126
29.460587
29.638321
29.672167
30.078396
30.213816
30.19689
30.298454
30.408466
30.6793
30.620047
30.433863
30.459249
30.433863
30.848562
30.823175
30.738539
30.281517
30.19689
30.653904
30.882408
30.620047
30.899338
31.043213
30.6793
30.552349
30.603119
30.628517
30.662373
30.535419
30.543884
30.281517
30.408466
30.484642
30.416924
30.433863
30.747005
30.84009
31.053198
31.053198
30.797483
30.942385
30.857153
30.976475
31.215151
31.300394
31.556118
31.845936
32.135761
32.101654
32.041992
32.169849
31.786266
31.573168
31.343018
31.726599
31.615795
31.999371
31.070244
30.942385
31.181057
31.539078
31.104336
30.482073
30.490614
30.311605
30.558794
30.618467
30.652571
30.754862
31.181057
31.641359
32.05904
32.186901
31.939701
31.666941
31.760696
31.624311
31.632833
31.820368
32.152805
32.238049
32.306236
32.391479
32.186901
32.365921
32.476719
32.647209
32.655727
32.95406
32.928493
33.15012
33.116024
33.337643
33.584843
33.849094
33.559273
32.417057
32.076096
32.263618
32.638676
32.698345
32.885872
32.510811
32.706875
32.536392
32.742374
32.982685
32.93119
32.965511
32.836765
33.145744
33.162907
33.2659
33.497623
33.617779
33.858109
33.892445
33.935341
33.471886
33.540546
34.132748
33.961086
33.995419
33.815182
33.849522
33.128578
32.570713
33.729359
33.755112
33.969669
33.918179
33.712208
34.004005
33.574867
33.609203
33.042759
33.257317
33.051338
32.527813
32.682293
33.291645
33.102833
32.974094
33.755112
34.07267
33.222988
33.128578
33.489052
33.463306
34.184238
34.0555
33.995419
34.544704
34.518944
34.990993
34.793591
34.244316
33.943916
33.617779
33.43755
33.446133
33.703621
33.111427
32.579308
32.631149
32.432392
32.778057
33.322487
33.037315
33.089157
33.236061
33.434834
33.763218
33.694084
33.201508
33.19286
33.616302
33.426182
33.590378
33.685432
34.065678
34.489124
34.143448
33.616302
33.987907
34.31628
34.411346
34.826149
34.238503
33.979259
34.212597
34.419983
34.152084
34.445919
34.350845
34.290359
34.808868
35.119961
35.050831
35.344654
35.024902
34.24715
34.212597
34.186661
34.653309
34.359497
34.454552
34.87801
35.016266
35.042187
35.059479
35.448345
35.353294
35.318722
35.20639
35.223663
35.387867
35.405155
35.63847
35.871799
35.750813
35.750813
35.474274
36.053268
35.828587
35.51749
35.51749
36.329819
36.001423
35.915001
36.02734
36.262138
36.236038
36.253441
36.592583
36.557804
36.957821
37.018692
37.323036
37.566532
36.966507
37.218685
37.427395
37.740444
37.557846
37.679585
37.366528
37.818726
38.436131
38.236122
38.279594
38.253498
38.79266
38.870922
38.966583
38.627438
38.470905
38.288296
37.966549
38.096989
37.705666
37.827408
38.401344
38.366554
38.505695
38.166553
38.670914
38.496998
38.392651
38.270897
38.610046
39.90575
40.227489
40.123131
40.479679
40.314453
40.401413
40.444881
40.384022
40.740562
40.705761
41.192741
41.488403
41.175354
40.897091
40.818817
40.757938
40.818817
40.818817
40.853813
40.853813
40.705086
40.678852
40.31144
39.98774
39.742798
39.532845
39.812786
39.98774
40.153957
40.188946
40.197701
40.582623
40.460148
40.670097
40.652599
40.241447
40.521385
39.139172
39.497845
38.937962
38.666771
38.824249
38.789246
39.077934
39.322887
39.174168
39.051689
39.130413
39.287895
39.454098
39.454098
39.961502
39.917763
40.215199
40.29393
40.241447
40.626358
41.133755
41.413696
41.684883
41.518669
41.614899
42.445972
42.131039
41.719875
42.279758
42.708412
42.314754
42.743412
42.35849
42.034809
41.527416
41.921078
42.743412
43.233307
42.804642
42.918369
43.102081
43.399517
43.399517
42.664688
41.466175
41.842354
41.912331
41.929832
41.737373
41.597401
41.62381
41.324604
41.905399
41.791
41.861404
42.011002
42.2486
41.509399
41.544601
42.415794
42.169392
42.186993
42.503799
42.873394
43.084595
43.225384
43.190193
43.304592
43.163792
42.9702
42.917404
43.1726
43.542191
43.374996
44.228596
43.726986
44.008591
44.052589
44.281387
44.439789
44.272591
43.885391
44.131786
43.507
43.638992
43.82378
44.166977
43.718189
43.119801
42.406994
42.688595
42.838192
42.934986
43.0494
42.459797
42.926189
43.427792
43.084595
43.533386
43.7798
44.272591
44.545399
44.378189
43.955791
43.99979
44.342991
44.686192
44.879787
43.621399
43.894199
43.66539
43.682999
44.196289
43.452904
43.249352
43.488289
43.682999
43.62989
43.567944
43.382095
44.036995
44.160881
44.629929
44.470627
44.302494
44.081245
43.399799
43.444046
43.054657
42.859966
42.213917
42.249317
40.67403
41.240421
39.231499
40.072243
38.921757
40.328899
40.53244
41.231579
41.045734
41.240421
39.966038
39.196106
39.594357
40.65633
40.700588
39.868694
40.470486
41.718307
41.957272
42.29356
41.992672
41.258129
41.151913
42.205059
41.302368
40.275787
40.187294
40.541286
40.948387
41.532471
41.550171
41.143074
41.293522
40.284634
40.399677
41.284679
42.12542
42.205059
40.921837
41.001476
40.851025
39.762501
40.833332
40.940174
41.572346
41.563454
42.026463
42.12439
42.097687
41.607983
42.284676
42.436028
43.442177
42.961365
43.264103
44.350384
44.056545
43.17506
43.477798
44.038727
44.181194
43.237381
42.765476
43.281914
44.439411
44.279152
44.52845
44.546265
43.0504
43.468884
44.118866
43.762714
44.012028
43.486698
42.925755
42.890129
42.284676
42.12439
41.501122
42.240143
42.38261
42.59631
43.362038
43.219578
43.424362
43.771614
43.985313
44.047642
43.602448
44.332573
43.718197
43.353134
43.468884
43.922985
43.415459
43.468884
44.127777
44.697628
44.4216
44.822289
45.178429
45.070938
45.50095
45.169472
45.079903
45.079903
45.133648
45.133648
45.37553
45.859299
45.787628
45.904091
45.877213
46.047428
46.522243
46.647652
46.145969
45.966812
45.760757
46.45953
45.751797
45.160522
45.348652
45.276989
45.760757
46.00264
45.904091
45.823452
45.232201
45.330742
45.348652
45.196362
45.124691
45.079903
44.981346
45.214279
45.492001
44.990318
44.802174
44.909683
45.04406
45.276989
45.097809
45.196362
45.178429
45.509911
45.527824
45.178429
45.41135
45.492001
45.671162
46.011604
46.387852
46.047428
46.298271
46.343056
46.540154
46.343056
46.522243
46.647652
46.719337
47.498741
48.573757
48.591682
48.466263
48.76189
49.326294
49.173996
48.966778
49.011822
48.534313
48.101864
48.480259
48.66045
48.381161
48.696484
49.219036
49.246067
49.498333
49.921791
49.210018
49.444286
49.651505
50.074947
50.435329
50.372265
50.363258
50.273159
50.201077
50.264145
50.687588
50.876808
50.732632
51.246185
50.993912
51.084015
51.237179
51.71468
51.093018
50.840763
51.156086
51.192127
51.020947
51.192127
51.237179
51.660625
50.966892
50.777695
49.732582
49.840698
49.714565
50.273159
50.020893
50.273159
50.318203
50.660564
50.696606
51.029957
52.039024
52.570591
53.048084
52.894932
52.021011
52.13813
51.642601
51.732693
53.237289
53.210262
54.642769
54.913059
55.579758
55.842354
55.172287
54.628994
55.108902
55.099854
54.837257
55.145134
54.674267
54.791977
55.136074
55.480164
55.127022
54.194347
54.194347
54.004192
54.891594
55.480164
55.570709
55.127022
54.782925
54.375454
54.321125
54.176235
54.149075
54.484104
54.303005
54.475052
54.357338
54.140015
54.12191
54.185291
54.438835
54.665207
54.601826
54.683323
54.773872
55.326233
55.570709
55.552601
55.597878
55.199455
55.634102
56.42189
56.503387
57.417931
57.046677
57.028572
57.046677
56.458107
57.245888
57.037628
56.992348
57.589985
57.309277
57.381714
57.191563
57.517544
57.191563
56.947086
55.91481
56.177399
56.63015
57.010471
57.137867
57.065071
57.001369
57.065071
56.537273
56.300674
56.418972
56.200577
56.27338
56.537273
57.083263
57.183353
56.091377
56.136868
55.863884
56.29158
56.364384
55.973076
56.073177
55.69099
55.945786
55.818382
56.355274
56.054974
56.282486
56.418972
56.80117
57.51096
57.083263
57.747543
57.829453
58.748528
59.522022
59.540215
60.395599
59.24902
58.966938
58.748528
58.784931
58.748528
58.848629
58.739437
58.448242
58.320847
58.420933
58.420933
58.621128
58.939625
58.857738
58.621128
60.040718
59.44923
58.748528
58.966938
58.302639
58.457336
57.747543
57.738407
57.308407
