Adjusted
64.429634
64.421852
63.689598
63.183247
62.48217
62.466606
62.48217
60.433464
61.150105
60.121868
60.215336
58.392509
58.353577
58.548321
59.280563
58.99234
58.820965
60.324402
60.776196
60.931992
62.045937
63.261143
62.762615
61.609715
61.679813
61.633087
61.196865
61.75771
61.617493
63.393574
62.544502
62.279644
62.201748
62.664257
61.896023
62.452595
63.495178
63.722492
63.087555
62.554497
61.457043
61.527615
61.464878
61.872501
61.104275
59.975506
59.16811
61.104275
61.47274
61.990089
60.775032
61.543282
63.455971
62.295807
61.127811
61.645168
61.911716
61.660862
61.033745
61.104275
62.044983
63.746002
63.424625
62.844517
63.118904
62.860203
62.617195
62.389881
62.985634
61.511921
61.347298
61.801941
63.252163
63.220802
64.98455
64.545547
63.636261
63.205124
62.029282
61.002392
60.461498
60.249874
60.281223
61.018074
61.574615
60.790733
60.955349
60.108746
60.3204
59.82655
60.884789
60.500694
60.931835
61.033745
61.660862
61.966579
60.775032
60.057091
60.467354
59.812477
60.096527
60.672497
61.351002
61.193203
60.159649
60.143871
60.246441
61.145893
59.062973
59.820393
59.962429
59.386448
59.607368
60.057091
59.331219
59.149738
58.621147
58.47913
57.611237
57.563911
57.145756
57.256207
55.43367
54.841927
54.905064
55.054966
54.029293
54.802479
55.110199
56.041195
54.155533
54.376453
54.218632
54.45533
53.405991
54.155533
54.794601
54.39222
54.22654
55.465244
55.859726
56.05695
55.978062
54.936623
55.615128
56.254208
55.536236
55.346909
55.031296
56.711819
56.656597
56.159504
57.974197
58.684277
58.068851
57.563911
57.627041
57.982067
57.161522
56.262096
56.166752
56.341564
57.430088
56.198532
56.190582
56.190582
57.6049
56.889801
56.508411
56.277981
55.411934
54.974915
56.556087
55.181519
54.569706
55.570843
55.737709
54.728622
55.403988
54.704781
56.015797
57.747902
56.174698
54.823967
54.482307
55.403988
55.181519
52.694565
54.275726
53.544727
52.122486
51.327934
50.056664
47.649181
45.583344
42.50843
43.112293
47.371082
47.172451
43.446011
45.503891
44.884151
45.69458
47.704807
46.23489
48.896618
47.36314
47.966999
51.097523
49.659393
49.699112
51.089584
50.938614
52.130444
51.264374
49.548149
51.510693
51.606026
49.564034
47.228058
51.192867
50.104336
48.308659
49.397194
47.074314
45.48835
49.100815
50.670761
50.975143
52.793407
53.610416
49.94186
48.748386
48.628242
47.370686
47.939377
45.96093
44.975719
46.073063
44.16671
44.887611
44.559196
46.713863
46.922115
45.424267
45.352173
45.151932
44.407001
44.455059
44.647305
44.350941
45.792725
46.089088
47.410732
46.858032
47.410732
46.513618
46.922115
46.249294
45.720634
45.055801
44.086601
44.190739
45.191978
43.189484
43.44582
43.301636
42.372482
42.901134
43.245567
44.390984
45.296108
43.085373
40.54623
41.363235
40.722446
41.291142
41.963982
43.341686
40.91468
41.08289
40.025578
39.585026
37.983047
38.169273
38.112598
38.258335
36.76849
38.379795
37.740135
37.513424
36.808979
34.687561
34.91428
36.290783
34.420364
33.869778
34.064102
36.833271
37.893978
38.865616
38.865616
38.436478
39.480995
39.83725
38.436478
37.189529
39.934429
39.108528
39.691509
41.319012
40.752216
39.391926
40.258305
41.011326
42.209679
42.193501
42.169186
41.132774
41.602409
43.019382
43.197521
42.865547
43.505196
44.339199
43.569984
42.080135
43.148952
42.962696
43.893841
46.15292
46.436329
45.788555
46.573971
46.638752
46.865456
47.35128
47.310802
47.885693
47.586094
48.654903
47.861397
48.201473
46.104336
46.914051
46.897846
47.958549
47.772327
47.535458
46.187813
45.795761
47.298599
45.771255
46.187813
46.637024
48.425724
48.972965
48.597244
48.883121
49.773392
49.569191
49.283329
49.381332
49.479347
49.822392
48.442055
47.706982
48.22155
48.442055
48.49107
46.939224
46.604359
46.947395
48.107197
48.401226
48.972965
49.087303
49.610046
49.209824
49.552856
47.992847
48.205208
48.262383
48.834114
49.405846
49.520191
50.639168
51.782612
51.390575
52.142002
52.436024
52.819908
56.707695
56.699512
57.099731
57.07523
56.127789
57.091568
57.59795
58.921104
58.831264
58.667904
59.133465
59.541847
57.916489
58.2677
59.076283
59.296814
58.251377
57.238586
57.459103
58.240692
58.602703
59.762741
59.696915
59.795658
58.758987
58.931786
59.170376
59.318447
57.689468
58.067921
58.429913
58.701412
58.98114
60.20702
61.202484
60.881649
61.342365
61.441074
62.016987
61.613857
61.391712
61.325912
61.679691
61.227177
60.963902
60.717098
61.712589
60.832272
60.717098
59.688717
59.178608
60.075375
60.824055
60.174095
61.317692
61.482224
61.605629
61.41642
62.996025
63.160572
62.543549
62.790363
62.485947
62.79858
64.822487
64.024445
63.201729
62.527096
61.260098
62.099255
60.52787
61.112007
60.930992
60.939228
62.082802
62.041702
63.514359
64.164322
64.139633
63.522594
63.613091
64.188995
64.814262
64.425079
63.969627
63.464478
64.367119
64.267731
64.516182
63.555584
64.126961
65.112396
64.930214
63.886822
64.789429
64.516182
63.853672
66.03154
66.809952
67.695999
67.828506
68.482697
67.671158
66.636055
67.05011
67.431007
67.869911
68.060371
68.35849
69.103745
69.666855
69.476379
68.457832
68.747681
68.317101
69.285927
69.335602
69.824188
69.542618
69.600601
69.377022
69.145126
69.037514
70.486626
70.155426
68.482697
67.472435
67.762238
67.596634
68.151443
66.867928
66.652618
66.611221
66.602928
67.488983
65.592659
65.037865
64.201469
65.186913
65.104095
66.470421
65.567833
66.636055
66.798592
67.607094
67.948837
67.248703
66.440178
66.740242
66.465172
66.806908
67.165344
67.623779
67.515419
67.532082
68.715675
67.773804
68.340614
67.982185
67.73214
67.83213
67.73214
68.065552
68.498985
69.740936
68.315613
68.215591
68.640678
68.023857
67.457062
67.515419
67.815483
70.249367
69.657585
69.890953
70.17437
70.307701
69.73259
69.140785
69.590897
69.41584
69.965973
70.341087
70.849518
69.815956
69.932617
71.074562
71.432953
71.724724
72.166481
72.883324
73.325081
73.550117
74.458672
73.908524
74.858765
73.083336
72.17482
70.216034
68.874062
71.658028
70.882858
72.049767
71.341293
70.582787
70.582787
70.032654
69.231628
66.748917
67.688332
66.757294
66.656616
66.405014
68.300606
66.52243
65.482376
66.04435
65.708817
63.829994
62.689259
62.840256
62.73122
64.945541
65.675278
65.541077
66.908257
67.839272
67.965096
68.090919
68.334152
67.12635
67.20182
65.574631
66.178543
66.245644
65.834633
66.254021
65.884979
65.146858
65.541077
67.537331
68.124481
68.912918
68.996796
70.078789
69.659401
69.667793
67.898003
68.124481
68.938057
69.03035
71.08532
72.276352
73.240913
72.804787
72.712502
72.41893
71.747932
73.316437
73.148651
73.811295
73.576447
73.215767
73.836456
73.064796
70.540092
70.464638
70.464638
69.978134
70.531731
70.569725
69.050446
68.079796
68.434303
67.902557
68.155777
67.337051
68.366768
67.227318
66.298904
68.375214
69.101082
70.459961
69.328979
69.843834
70.021103
70.848228
71.624741
71.430611
71.38842
71.700722
72.646034
73.777046
73.051186
73.11869
72.190247
73.397217
72.747322
73.464745
73.574471
73.186211
73.954292
73.177765
75.000862
75.870247
75.034653
75.254097
74.486015
74.401611
75.237213
75.178131
75.237213
75.67614
74.739235
75.515739
76.427315
76.33445
76.722717
76.359756
76.275383
71.802002
71.084579
70.881996
71.574112
71.996132
73.464745
72.873917
72.468781
71.996132
72.797966
73.008972
72.789482
72.75576
71.10144
71.301033
72.659973
72.201324
72.107925
70.995285
71.904068
71.68322
71.53035
71.326523
73.084618
73.475334
73.840546
73.789574
71.50489
71.921051
71.436928
71.615303
72.447632
72.906273
72.880783
73.381889
73.35643
74.180267
73.492302
73.653664
73.441353
73.899971
73.670662
73.687653
73.500801
73.296959
73.713142
73.611221
73.611221
73.161079
73.237511
74.01889
74.519974
75.301384
74.774788
74.825737
74.859734
74.706848
74.774788
75.836441
76.711258
75.165474
76.074272
75.751534
74.265198
74.672874
74.562462
74.528465
74.698341
74.987106
75.411797
75.989326
77.101936
76.830162
77.968262
78.053185
78.138123
78.89003
79.231796
79.428314
78.608078
77.121353
76.924835
77.112801
78.804596
77.292244
78.027054
79.300156
78.770409
78.949844
80.103333
79.607773
76.907753
78.274834
77.770729
76.471985
74.805824
75.779884
76.027664
77.710907
77.497284
78.727684
79.103638
78.838768
78.710609
79.325798
79.009659
79.889702
79.573578
80.009338
79.795731
80.163147
79.62484
79.650482
80.146057
78.924217
79.342888
79.411247
79.308708
78.138123
78.488434
80.11187
80.248566
80.419472
81.974564
82.427383
83.076775
83.059677
82.81189
82.734993
82.196686
81.10302
81.684036
82.017258
81.778023
81.615669
82.581184
82.034348
81.564407
80.197296
80.738785
81.400558
80.412193
79.492554
79.045616
79.664444
79.776176
80.334831
81.116951
78.590103
78.607307
77.954094
77.885338
78.083015
78.134605
79.037033
77.979881
78.469795
79.578491
78.237709
78.710449
78.882317
79.552711
80.300468
79.758987
79.363617
78.117378
79.286285
79.948059
80.025414
81.520927
83.085144
82.629623
83.575043
84.202454
83.901634
82.990608
82.406166
82.672615
81.632637
82.053772
81.306023
81.022423
81.005234
82.371773
81.976418
81.709991
77.292313
75.702286
75.263954
74.894386
74.576393
73.287163
74.069298
70.674377
71.121307
67.545891
71.069725
67.236496
69.806297
70.940804
71.6026
70.588402
70.026016
66.988907
66.513031
66.582237
68.935753
69.472229
67.655167
69.229965
71.038376
71.012398
71.799805
70.61438
68.658882
67.559998
69.714516
68.581017
66.322662
67.681137
67.326363
68.736748
69.766418
69.679893
68.537727
68.537727
66.054428
63.077927
64.021065
65.059357
66.002502
63.683605
64.488289
62.117474
61.373333
62.307823
62.757759
64.592117
63.873951
66.383232
66.123657
67.802292
67.317726
68.260857
65.656418
67.802292
67.231201
68.07917
69.636635
71.107597
66.660126
66.642807
70.441345
70.086555
68.373337
66.218826
67.542686
68.909813
68.615608
68.953056
70.804726
68.356041
69.498192
71.202759
70.83934
70.83934
70.83934
69.593369
69.68856
67.828209
67.819519
65.824051
66.33815
67.72364
67.305389
70.616638
69.971809
69.501274
70.520782
71.566444
71.792999
70.111237
71.627441
70.224525
69.196289
68.412041
68.717033
68.725754
67.810799
69.980522
69.710403
70.555634
71.627441
71.697144
70.712494
71.549026
71.217896
72.751511
73.352798
73.021645
72.646957
73.082657
73.457352
72.995514
73.439903
72.847374
73.396339
74.128296
74.764412
74.633713
74.598846
74.877693
75.356964
76.31546
76.210892
76.106331
75.557365
76.115044
76.184753
76.446175
76.298042
76.585602
76.655319
76.698875
75.93206
76.707581
76.672729
76.330605
76.892029
76.813103
76.848183
76.988541
77.111359
77.37455
77.26049
76.997307
76.848183
76.751686
76.777977
76.374443
74.523422
74.97963
76.067421
76.146378
76.795525
77.857033
77.962311
78.953606
78.567619
78.725517
78.383369
77.997406
77.699135
77.602631
78.181625
78.19915
77.593849
77.87458
78.260567
78.278114
77.892136
77.058716
76.558693
75.734055
74.198853
74.874329
76.199013
75.172607
75.795464
76.716599
76.43586
76.146378
76.742928
76.43586
77.628952
77.900902
78.357071
78.392159
78.392159
78.602715
78.532524
78.418488
77.786827
77.20787
76.813103
76.558693
76.43586
76.084969
75.295425
75.251556
75.392899
74.500725
73.767548
74.606712
74.315216
74.907051
75.066063
74.889397
75.728577
74.597878
74.562561
73.184563
72.9814
72.884232
74.756882
75.525391
75.967064
75.242737
76.6119
76.081902
76.726753
77.239075
77.124245
77.57473
77.327415
76.6119
76.700249
75.834572
76.126076
76.991753
76.991753
79.147079
78.864418
79.235405
79.120583
78.608261
78.581741
77.954575
77.601242
76.329224
77.371559
77.822083
78.599403
80.268929
80.233589
79.491585
78.935089
77.945755
78.39624
80.021576
81.010918
80.631096
80.586914
80.560417
79.571098
81.002098
80.745918
81.002098
80.940269
80.904922
81.52327
81.620438
81.532097
81.744102
82.804115
83.245773
82.936615
82.335938
82.389259
81.766998
82.522614
82.309273
82.05146
82.167015
81.571426
82.318138
81.500305
81.562538
82.922646
82.513725
80.602448
81.046936
80.726906
81.83812
83.54493
83.367134
83.055992
83.233795
83.189354
82.860435
83.322693
82.522614
82.309273
82.513725
82.158127
82.931549
83.153793
83.367134
83.944954
84.416122
84.780586
83.509369
82.922646
82.522614
82.451508
82.487076
83.767166
84.282753
84.220551
82.620415
82.255943
78.877853
78.575607
78.059998
78.255577
77.873329
79.340103
79.091217
79.65126
80.771347
79.455681
78.717857
78.94899
79.277885
79.189018
77.61554
78.246689
78.673409
79.624588
79.6604
79.588806
80.78791
80.617867
80.814766
81.36956
81.119019
81.387451
80.805794
80.64473
81.217445
81.387451
81.888596
82.210732
83.830429
83.329323
82.774506
82.577637
83.248764
83.982567
83.239815
84.233124
83.311401
83.39196
83.284561
82.899765
82.130196
