Adjusted
48.155277
48.605255
49.947945
52.277676
51.929314
51.864002
52.263161
51.718834
51.74062
51.537395
49.214916
47.407711
46.231964
44.178013
45.586033
44.635254
44.32317
45.114265
45.426357
45.455379
46.703712
47.414974
48.44558
46.38438
46.442432
46.239212
45.89085
46.094063
46.522278
46.776295
46.239212
46.950474
46.747269
47.008553
46.348083
46.870644
47.001286
47.066593
47.011799
46.134842
44.059399
44.834034
45.418682
45.433289
44.242096
44.059399
43.701317
44.490566
44.373653
44.90712
44.899807
45.404068
45.425983
44.439419
44.483253
45.608669
45.747517
45.813293
46.23716
45.279819
45.849831
47.421036
48.064137
48.071445
48.195679
48.056812
48.341835
48.23222
47.611046
47.384495
47.172577
47.545288
49.211472
49.182247
48.553761
48.678009
48.502605
49.481865
48.955711
48.692627
48.553761
48.904549
48.444153
49.364948
50.02264
49.072609
48.736462
47.406418
47.771839
47.676811
48.012978
47.296803
47.472187
46.997181
47.041019
48.224907
48.012978
48.25415
48.64146
47.852211
48.086063
48.341835
49.255341
49.343014
48.575699
48.093365
48.111767
48.538521
47.096409
47.236202
47.501083
47.206776
48.200062
49.605358
49.414085
49.708366
49.347843
49.649536
48.862236
49.20805
48.59737
48.523792
46.956604
46.735886
48.251549
48.347214
48.384003
47.714447
47.574661
48.560589
49.340492
50.083618
49.9659
49.649536
49.16391
48.700378
47.390717
47.979313
48.133835
48.369274
46.912457
46.500439
46.404785
46.677006
46.905102
47.214127
47.479
45.058331
43.881111
43.410229
42.093201
43.476433
44.182774
44.65366
43.439644
44.212208
43.520584
43.947338
44.271072
44.52858
44.734592
44.955322
45.183407
44.52858
44.756668
45.012367
45.323677
44.515789
43.730122
42.136562
41.803036
40.809834
41.447254
40.135361
40.60231
41.084084
41.491737
39.616535
39.260757
37.074249
39.016163
41.484325
39.727699
39.468288
39.838875
41.0989
41.002541
38.252735
37.281773
37.200245
35.829052
35.873524
33.279358
32.226875
30.574032
28.980467
27.483276
31.315218
31.485685
27.787159
30.070013
30.996498
34.487495
32.367699
30.596262
33.279358
32.019348
30.15155
33.457233
33.501713
35.058216
35.013733
34.524559
35.080452
34.079849
32.345459
34.776566
33.716671
32.893944
32.086048
35.606701
35.058216
33.820442
34.561615
33.108879
31.871105
35.851292
35.843876
35.885025
36.251568
36.475994
33.887676
34.254227
35.099556
33.349045
34.673145
34.276669
33.984921
33.910103
34.164452
34.628265
33.940033
35.899982
35.413727
37.635509
37.695347
38.099308
37.119347
37.523296
37.411095
36.7453
37.089409
37.650467
38.645401
38.854862
38.308773
37.889851
38.226479
37.418564
37.194153
36.842548
36.154327
36.236622
37.276428
37.253986
36.663017
36.393707
35.870049
36.610641
37.987106
38.510757
38.278843
38.563114
38.04694
39.049366
39.61042
39.430874
39.169052
38.94463
37.785122
38.017036
37.867409
38.084358
36.513397
36.206688
37.321323
36.648052
35.810207
36.730339
35.818642
34.723381
34.239967
33.552589
32.706585
33.703659
32.381809
32.344032
31.558474
32.782127
33.05407
33.643242
34.149311
35.237019
36.400257
37.714577
37.699455
37.276459
38.447247
38.59832
39.066643
39.104408
38.137562
37.382206
38.318832
38.651192
38.847588
39.935287
38.945778
39.096848
39.746452
39.519844
38.205528
37.918507
38.17532
38.243305
38.507679
38.17532
38.447247
38.031811
38.22065
38.160229
38.734268
40.992775
40.683075
40.630207
42.337296
43.50808
43.780006
42.911366
42.556351
43.175728
43.137962
43.704468
41.929417
41.574398
41.121185
41.075859
42.050262
40.728394
40.078804
40.418713
41.529072
41.053204
41.906754
42.699863
43.961304
43.576061
42.49688
42.329342
41.94854
42.169395
41.925697
42.055168
43.045227
43.707821
43.022392
43.220406
43.189934
43.981995
43.448887
43.555508
43.357491
43.753513
43.791595
43.174709
43.882984
43.304173
43.380341
42.116096
42.428341
41.468746
41.232643
41.483967
41.354488
42.078014
42.847221
43.723057
43.692593
43.273716
44.210472
44.720734
44.522728
45.573727
45.733662
45.726048
43.479347
43.601189
43.822056
43.15947
43.418415
42.961464
43.007156
43.403187
43.273716
43.593582
43.776363
44.073387
43.448887
43.273716
42.96907
43.387955
43.540264
43.669743
44.195248
44.301861
44.035305
43.36956
43.285091
43.308128
43.139191
42.985626
42.594009
42.555607
42.332932
41.849167
41.511299
41.557381
41.019863
42.187031
41.749348
42.348286
42.19471
42.256145
42.210072
41.695595
41.36541
41.419151
41.764706
42.202385
42.340607
42.409721
41.273273
40.87397
41.042908
41.380768
40.612888
40.69735
40.774143
40.927708
40.705032
40.689678
41.273273
41.081291
42.00275
41.065937
41.388439
41.127369
40.413239
40.029305
39.01572
38.485882
38.462841
37.702648
37.656574
37.787117
38.293903
38.570335
38.209446
39.038742
38.862137
39.368935
39.000351
39.269115
39.921803
39.576256
39.606972
39.054108
39.246067
39.937168
40.37344
40.667908
39.970482
40.272705
40.98563
41.31884
41.070877
40.877148
41.039875
41.295593
41.605568
42.643967
43.589378
43.217411
42.930691
42.51223
42.047276
42.326248
42.233257
41.706318
41.032127
41.001118
41.396328
41.373085
41.613319
40.931389
41.264603
40.861641
41.264603
41.148361
40.791904
40.760902
39.769005
39.908485
38.75386
39.172321
39.435783
38.730618
37.994427
37.304749
37.002537
38.141674
38.560127
37.978924
37.785202
38.149414
38.420635
38.281151
37.211765
36.731316
36.336098
36.002884
35.584423
35.615417
35.313198
35.940887
35.468185
35.444939
36.328354
36.281853
36.266357
36.861656
36.720654
36.321175
37.112312
36.963482
36.759834
37.010479
37.323799
37.402119
36.830326
36.791164
37.104485
36.86948
37.057491
37.480457
37.613621
37.574451
37.723274
37.472622
37.456959
37.02615
37.167149
37.44912
38.052261
37.331627
37.856438
38.255913
38.357746
38.53006
38.459576
38.412582
38.937382
38.96088
38.765057
38.067924
38.248085
37.934769
37.919098
39.203693
39.454353
39.869492
40.182808
39.994816
39.180202
39.751987
39.705006
40.770279
41.248077
40.300301
39.900818
40.002651
40.120148
41.216755
41.248077
41.412579
41.396908
41.287251
41.216755
40.989597
40.746784
39.282024
39.626671
39.399529
38.796391
37.950428
38.99221
39.109699
38.334244
39.299721
39.719151
38.484604
38.801155
38.722012
38.302586
39.806198
39.568787
39.964474
40.605495
40.898296
41.444359
41.555141
41.096149
40.130657
39.727066
39.236412
38.951519
38.927784
38.278843
38.587482
38.737846
38.745762
39.093952
40.201885
40.360161
40.700455
41.080315
41.373119
41.230675
41.895432
41.634281
41.760906
41.705498
41.246498
41.816296
41.792557
41.808388
42.576012
41.998302
41.54723
41.388947
42.742195
42.528534
42.417732
42.14867
42.50478
42.322769
42.536442
41.689674
41.199028
41.16737
41.278164
41.523483
41.5868
41.024918
42.172413
42.512707
42.963779
42.548443
42.372734
43.043671
42.540462
42.915871
43.62674
43.6427
43.6427
43.363155
43.347179
43.618755
44.058048
44.289688
43.946236
42.931847
43.027691
42.939831
43.530884
43.203411
43.379143
42.772102
43.530884
43.666672
43.93824
43.666672
43.443027
43.459003
43.123547
43.451015
43.754536
43.850388
43.86636
43.922276
44.121944
44.30566
44.201828
44.185844
44.58522
44.337608
44.752945
44.401508
44.289688
43.810444
44.121944
43.690643
43.9702
43.962215
43.067616
43.451015
43.634731
43.93824
43.7146
43.490955
43.474983
43.235367
43.043671
42.835999
42.788071
41.98135
41.701794
41.805626
41.510113
41.605949
41.267227
41.525303
40.952702
40.888184
40.823677
41.073681
41.315613
41.210785
41.057552
41.001099
41.033344
41.194649
41.936596
42.009186
41.476913
41.001099
41.307545
41.670464
41.557552
41.226902
41.993053
42.0737
42.057571
42.170475
41.993053
41.912411
41.928539
42.122086
42.541458
42.210793
42.025314
42.114021
42.678558
42.549519
43.251152
43.355984
43.670521
43.791485
43.597939
43.75116
43.888264
43.662453
44.009235
43.718903
43.880199
43.573738
43.114059
43.976982
44.243111
44.347969
44.146336
44.509247
44.702801
44.549568
44.533443
44.404411
44.114071
44.170532
43.839882
43.743099
44.025364
44.07375
43.84795
43.880199
44.106022
44.735069
43.654392
43.833641
44.355072
44.607643
44.501728
45.055767
45.438705
45.096493
45.373516
44.876518
43.809193
42.855927
43.035175
42.986294
43.801044
43.906967
43.744011
44.012882
44.078056
43.809193
44.550617
44.795044
44.909111
45.56905
45.780891
45.87867
46.090492
45.666824
45.626083
44.949852
44.909111
44.7869
44.941692
44.909111
44.754303
44.72171
45.365372
45.226856
45.186127
45.658684
45.789036
46.30233
46.090492
46.114944
46.742294
46.791195
46.481583
46.758595
46.970436
47.540749
47.434841
47.972576
47.777035
47.31263
47.744442
47.662964
47.573345
47.07634
46.921547
46.75045
46.448975
46.522324
46.726006
47.214851
46.688423
46.236004
45.800053
45.577972
45.577972
45.651993
45.758926
45.643772
45.981026
45.97279
45.627319
46.186661
46.58149
46.926964
46.861164
46.655521
46.375843
46.565033
46.869377
46.959866
47.07502
47.264214
47.856457
47.453392
47.510971
47.749512
47.461628
47.017441
47.124374
47.05035
46.877609
46.721313
46.359394
46.696644
46.836475
47.617905
47.264214
47.330013
47.181957
46.597946
46.260689
45.44635
45.577972
44.615566
44.442829
43.176098
43.439312
41.267757
42.723679
41.284206
43.143192
43.340607
45.026859
44.985718
45.281841
44.903469
44.656712
44.525082
45.33942
46.560764
45.87117
46.037342
46.768482
46.893108
47.125751
47.125751
46.220127
45.738232
45.696686
45.4142
44.533493
44.965538
44.525196
44.741211
45.148327
45.929321
45.488976
46.253353
45.538822
44.325787
44.707981
45.181564
45.33112
44.732899
45.297882
44.882454
43.926979
44.043304
44.051613
44.666439
45.032017
45.779774
45.505596
45.430824
45.356045
45.580372
45.439125
45.555443
45.488976
45.763153
46.419525
46.3946
45.862862
46.55246
48.023064
47.391621
46.859871
45.987488
46.69371
47.865211
46.893108
46.55246
46.901424
45.596985
45.937641
46.377987
45.921024
46.236744
46.195194
46.012417
46.137039
45.44743
44.868328
43.961887
44.121357
44.943851
45.657257
46.530109
46.647617
46.798691
47.428146
47.654755
47.906544
47.520473
48.242264
47.831001
48.158333
47.982075
48.603153
48.569576
48.301022
49.299759
50.088696
50.122272
50.567081
51.003525
50.91959
51.263702
51.095837
49.476017
49.350113
49.979595
49.45084
49.50959
49.727802
49.694221
49.845303
49.618698
49.643871
49.937618
49.341728
49.778156
49.820126
49.677444
50.399235
50.080292
50.290123
50.298515
50.231377
50.315304
50.449585
50.533516
50.332085
50.508331
50.651016
50.600666
50.659405
50.390842
50.676205
50.332085
50.718155
50.541901
50.70137
50.508331
50.533516
51.003525
51.045483
50.760132
50.446476
50.700787
50.692314
50.726212
50.463432
50.649925
50.658401
50.870331
51.514584
51.633255
50.912716
51.073788
50.997482
50.887276
51.031391
51.12463
51.107681
51.200928
51.650204
51.67564
51.243309
51.370468
51.777355
52.413139
52.523338
52.930225
53.303215
53.091278
52.769169
52.896324
52.998051
52.625065
53.167591
53.421894
53.235401
53.167591
53.794884
53.693161
54.167866
54.600197
54.617146
54.710403
54.549339
54.074631
54.074631
53.913559
53.888126
54.371315
54.422173
54.379795
55.176628
55.24445
55.693729
55.642853
55.575043
55.142719
55.100334
55.269867
55.617432
55.049477
55.125771
55.380085
55.642853
55.24445
55.903229
55.261562
55.38134
55.740685
56.177029
56.681808
57.272156
57.049709
57.23793
57.323479
57.759834
57.982285
58.350189
58.042171
57.494598
56.989822
56.998371
57.246494
57.340595
57.973736
58.119183
58.872078
58.897739
58.666748
58.529865
58.435741
58.059299
58.632515
58.495628
58.538399
59.316978
59.488094
59.428204
60.318012
60.1469
60.309433
59.847439
59.248535
58.880627
60.506252
60.822784
61.105129
60.66024
60.386448
60.061321
60.634567
60.223904
59.761879
59.719109
59.248535
59.719109
59.282753
59.539433
59.23143
59.530876
59.547993
59.060295
58.658173
58.358734
57.674278
58.042171
58.435741
58.512745
58.47821
58.158848
58.098427
57.994846
57.96032
58.184757
58.391903
58.642216
58.469574
57.925797
59.298203
58.512745
58.305592
58.184757
58.271061
58.73716
59.237789
59.980095
60.06641
60.377125
60.541142
60.705128
60.549763
60.912277
61.041759
61.352497
61.136715
61.007236
60.687878
60.325336
60.290817
59.876518
60.126846
60.843231
61.956692
62.189758
61.904915
61.853115
61.076283
60.014618
60.195873
60.005978
60.47208
60.308094
60.187256
60.083668
59.686619
58.73716
58.357368
58.158848
57.64959
57.917171
57.563278
57.390644
58.132957
58.443691
58.443691
58.046638
58.003479
58.659481
58.538635
58.704094
59.313698
59.836208
59.470436
59.139523
60.245506
60.228092
60.410973
60.210663
60.358711
60.289047
61.003147
60.498051
61.412453
61.734657
61.455986
61.4734
60.924778
60.889919
60.18454
60.271633
59.435623
