Adjusted
45.987965
47.234451
46.014301
45.224281
46.330311
46.453205
47.330994
48.033253
49.349941
49.262165
47.330994
46.426872
46.418091
46.61121
44.32893
46.497093
46.751652
48.472141
47.919121
48.832031
47.620667
46.725323
44.688828
43.433567
43.775906
44.083149
45.022388
44.697594
42.564545
43.266781
42.634773
42.037861
44.311371
44.89949
44.451817
43.933895
43.609123
44.28503
45.110161
46.382984
44.917053
45.979187
44.065594
45.147434
44.786819
43.599419
43.432308
45.842281
45.191406
47.302334
47.170399
46.95052
44.760426
42.851803
40.433029
39.984474
41.180653
41.72596
40.995949
40.943184
39.843739
39.403961
40.705692
40.705692
41.180653
40.93438
40.951981
41.136673
41.330173
40.424232
39.685406
39.97567
42.139366
41.796333
40.696896
39.650234
39.272011
38.568371
37.820755
39.342392
38.691521
37.759186
38.885017
38.023064
39.148891
39.887722
40.433029
39.77338
40.916786
40.221947
39.808552
39.615047
39.667812
41.101494
42.992531
43.150845
43.872089
43.625797
43.089275
42.869396
41.928265
42.412022
41.163067
41.805138
42.016232
41.338978
41.303722
42.220406
42.590607
43.207584
41.189133
41.603401
41.118618
41.435932
42.581783
42.572975
42.925537
42.916725
43.145889
43.771717
44.362278
44.468048
45.992916
46.433617
45.975281
47.041805
44.944008
44.203606
43.15472
42.317341
41.903084
43.348621
45.190807
45.763741
44.802982
43.754086
42.044125
42.520073
43.780521
43.295746
41.383045
42.987244
43.366264
43.286919
42.290924
42.528912
42.273293
41.665092
40.651455
38.562473
39.294064
39.408642
38.421448
36.579262
37.337292
38.915051
37.804451
36.588058
37.064056
37.751568
38.121754
39.567303
39.038445
38.52721
38.959114
39.858173
39.866978
39.752392
37.839703
36.567471
34.933041
35.542629
35.180412
32.450432
33.31625
32.936348
35.039055
33.908188
34.941864
38.210758
35.04789
36.973885
39.253269
37.786686
37.256592
36.717674
36.222923
34.773998
34.243919
34.111393
30.215218
31.434437
30.391926
28.722126
32.98053
30.038513
25.824295
27.458738
28.156693
26.539919
25.488565
24.260525
27.405735
25.45323
21.866276
20.58522
21.044636
19.030283
23.38587
22.882282
24.772947
23.271023
23.235685
25.647598
24.569742
22.431707
22.988302
24.269358
23.200338
21.486374
23.12966
21.406866
20.629396
20.894444
19.790083
20.320173
25.43556
27.820972
28.209703
29.711628
29.729298
26.67244
28.501259
26.002079
26.329987
26.214773
27.809996
28.56329
31.354929
30.725695
31.762592
33.410984
35.458187
34.713737
32.967865
33.774338
32.577934
33.003323
33.056492
34.430157
36.069679
35.467041
36.069679
35.741783
34.403572
35.050518
31.115631
33.455296
32.826077
31.824623
31.904385
31.470133
32.896976
33.526192
34.855549
35.83041
36.246937
39.384201
38.435932
36.964783
34.217464
34.953022
35.254356
34.891006
34.447884
35.440468
36.255798
36.805256
35.768356
34.873272
37.531967
37.886467
36.849567
37.806694
37.895306
36.149452
38.754971
37.567425
35.653156
35.511353
36.051949
36.893875
33.570507
34.297215
34.466038
35.932106
34.563778
33.577515
31.125174
32.573479
33.373146
34.243916
33.29319
32.529045
35.66555
38.117893
39.264091
39.690594
38.988647
40.747936
41.672024
40.561356
40.250366
39.770554
42.116276
41.085594
38.99754
38.029045
37.869099
37.229366
37.122738
37.389301
37.18494
37.584766
35.363445
33.8885
34.705952
34.537109
34.092854
34.41272
36.687363
37.033882
35.558933
36.172016
35.754417
34.41272
36.385262
36.554073
37.91354
37.984615
38.899796
37.949081
39.379612
38.171204
38.802074
37.886868
37.664742
38.713215
40.472507
41.423222
41.796402
41.929684
40.756809
42.071854
43.422409
42.640503
43.111427
41.330708
42.238865
39.923912
39.763657
39.968441
39.576683
39.273956
38.027443
37.021336
37.288452
37.37748
36.869972
37.288452
35.49881
36.789841
37.413101
38.356888
37.840481
37.689106
36.389187
37.555557
35.846054
35.133766
35.053646
33.78931
33.869438
33.735889
34.234493
34.822144
36.015224
36.380272
36.629574
37.519947
37.617878
37.37748
37.181587
37.181587
37.021336
35.917282
35.053646
35.445396
36.816551
37.252827
37.439804
37.315166
37.680199
36.985722
36.27343
35.792637
36.033028
36.923389
36.175499
34.519409
34.928982
35.329651
35.650177
36.362465
35.561142
35.881664
35.507721
36.12207
36.87888
35.78373
35.77483
39.08699
40.845001
41.255512
40.782532
40.050766
41.157341
41.523224
40.836079
41.701714
42.049736
40.898548
40.122154
39.631348
40.354191
38.899582
38.622929
38.221359
38.078568
39.024498
39.283306
37.837639
37.587757
38.551533
41.237659
41.56786
41.951572
41.496464
41.478596
42.549488
42.25499
41.549999
41.621387
41.915878
41.041328
40.666515
40.621906
40.077538
38.676483
38.622929
37.03447
38.37307
38.783558
38.881729
41.478596
42.272835
42.165756
43.763149
45.119587
45.03035
45.72641
44.298584
45.503311
46.752674
47.136414
47.02932
46.993614
46.636658
47.600452
47.609367
48.992588
47.609367
47.868164
49.670803
49.822525
48.70702
46.534508
46.337826
44.996784
46.257374
46.212662
45.756702
46.105377
45.229214
45.336506
42.582882
43.146122
42.001762
41.796127
42.949425
42.89579
42.743813
42.699104
42.547119
42.296787
43.315987
43.432224
44.353069
44.066967
44.362019
44.862671
43.378567
43.584202
43.289173
42.56501
43.307049
41.492157
39.730911
39.721981
39.453758
39.552101
39.507397
39.328587
38.318344
40.71434
40.472965
41.009388
38.926277
41.33123
39.70409
40.964691
40.5266
41.805073
41.599457
42.395138
42.234207
43.280231
43.39645
42.672287
41.644135
41.554737
43.825581
44.058033
44.952076
46.221607
46.436165
45.470612
46.087502
45.649426
45.747761
45.031128
45.165512
44.825111
44.547413
45.989624
45.891083
45.926918
45.47007
46.043377
46.088154
44.538452
43.311226
44.233891
45.120708
45.452156
45.622349
47.396004
48.202209
47.718498
48.453037
48.282833
48.560524
47.969322
48.175346
47.969322
47.503498
46.715214
46.777931
46.159824
46.500225
46.974991
47.566193
47.646824
47.70953
49.062176
49.984821
50.235641
49.205494
48.62323
47.942444
48.945721
47.825981
49.707142
52.134716
52.59156
51.176231
51.668911
51.095608
50.217739
48.829266
46.643547
46.885414
46.885414
47.960354
47.619965
49.205494
48.211178
48.945721
49.904202
48.659065
48.121601
49.41153
50.567085
49.89526
50.26252
50.477905
49.302319
50.54969
52.344463
53.555927
54.964817
53.376457
53.412342
53.017494
52.900829
55.341721
55.153275
54.875088
55.404552
52.936722
52.730335
52.604706
53.834126
54.148209
55.575043
55.260956
55.350697
55.386589
54.471268
52.855965
52.066261
52.936722
52.200867
52.954678
52.99057
52.138062
50.056118
49.715126
50.002281
50.163815
49.894592
49.777924
50.477905
50.890694
51.186832
51.366314
51.50988
50.289436
51.823978
50.899662
51.788071
52.389328
53.385433
52.443165
52.066261
51.671432
51.258617
52.712395
53.340553
53.798229
53.771294
55.027645
54.13026
55.21608
54.757301
55.836807
55.387001
54.172577
54.586388
54.352497
56.538467
56.58345
56.835323
56.6824
56.916294
57.689934
58.418587
57.438042
57.033241
56.358555
57.779884
57.483021
56.502487
57.285118
56.439518
57.276123
58.220676
56.70039
56.574451
56.259602
55.773819
56.835323
56.259602
55.665882
56.214611
53.911694
54.406475
53.272999
53.40794
53.40794
53.488895
52.535351
53.803753
54.74831
55.08115
53.875732
53.174046
55.342026
55.431988
56.340553
54.433445
56.052704
56.691395
55.369007
54.568382
53.425938
53.605843
54.289524
54.280537
54.820274
54.505417
53.920689
52.661285
52.256481
52.922165
53.659821
54.433445
56.097675
57.215839
56.377228
54.853271
54.33926
55.385292
55.791077
55.673855
54.618801
54.014637
53.563774
54.276138
54.140884
53.482609
54.176968
54.185966
55.502525
55.177887
55.078701
55.394318
55.087708
53.2752
52.445599
51.345467
51.300385
52.075893
52.490681
52.111942
51.228241
50.245338
51.0028
50.010887
50.236317
50.35355
49.749374
50.389622
51.444664
49.929733
49.596085
49.659199
50.95771
50.182217
51.697155
51.372517
51.53484
52.544792
52.193108
51.381538
51.291355
51.570904
52.337395
52.274265
53.166996
52.752186
52.445599
53.30225
49.379654
49.109127
49.83955
50.578983
49.352604
48.333637
48.937809
48.405773
47.79258
47.413853
46.430946
47.136372
47.326286
47.118275
45.571789
45.960667
46.023983
46.756519
48.085968
49.587238
49.306885
48.800423
48.176388
48.375362
48.945129
49.361149
49.171219
49.37019
51.531666
51.052338
52.7164
52.44508
51.504536
51.766804
50.934761
52.029072
52.228035
52.336563
53.023891
53.222851
53.566517
52.264217
52.318478
53.313286
53.168591
53.005795
52.065243
50.84433
51.034248
49.460625
48.583378
49.451584
49.42445
48.303009
48.167358
47.733253
47.877953
48.411545
48.655727
48.890873
48.908958
49.080788
49.930897
50.292645
50.491619
50.998081
51.160866
50.346909
49.867592
49.514889
48.330154
47.877953
47.335335
47.859867
47.118275
46.937397
47.491199
47.491199
46.928322
46.837536
47.046345
48.389999
49.107243
49.00737
47.454895
47.500294
47.899746
48.589745
48.998283
48.789478
49.361443
49.524868
49.906178
49.715519
49.252491
50.223923
51.540344
51.522194
52.09417
52.738754
52.43008
52.675209
53.12006
53.256245
53.029282
53.002041
52.039688
52.411911
50.487213
50.233009
50.959312
51.858116
49.424999
49.397758
49.143547
50.296555
50.668793
52.929413
52.148628
53.58308
53.310715
53.619408
53.038353
54.545437
57.069344
55.607651
54.708847
55.226353
56.442898
56.424759
57.314484
56.851456
56.715267
58.531021
58.841148
58.202675
59.890099
59.525246
58.439816
58.622234
58.531021
58.64048
59.944828
60.446495
63.757511
61.732597
59.507011
57.336151
58.731693
57.874306
56.123016
57.026028
57.418243
57.710121
55.894997
57.472961
58.430695
57.545929
59.534363
58.777306
58.439816
58.147942
60.98465
60.382633
59.744152
56.843601
56.223362
57.126354
58.211792
59.142155
60.008678
60.254944
62.471413
60.957287
59.862724
60.765732
63.237598
63.283188
65.791542
65.317261
63.192001
62.781525
64.295662
63.37442
63.520351
62.015343
60.419113
59.707661
59.552612
60.008678
58.56752
58.16618
59.507011
59.552612
62.827137
62.763287
61.139709
60.51033
61.574024
62.087505
60.574516
61.381466
59.850113
57.90617
56.503208
56.631588
57.016716
55.980541
57.411003
57.658585
55.943867
56.741615
56.273968
54.485901
55.347851
55.026897
56.925014
56.750793
56.943352
56.824154
56.374847
57.447685
58.080387
58.722267
58.126236
55.879677
55.338669
54.650944
54.348351
54.33918
52.706993
55.246975
55.430367
56.402344
56.136429
56.374847
56.044727
57.117584
55.943867
55.833832
55.806332
55.659607
55.604591
54.669296
54.476719
53.88987
54.650944
55.412037
54.513405
56.429863
57.566895
58.502186
57.319305
56.411514
56.851665
54.495068
54.71513
54.064098
53.092117
52.422726
51.973412
52.220997
52.156818
51.120647
50.622356
50.105606
49.681149
49.598099
49.395096
49.533512
49.062904
48.36161
49.201305
49.321274
48.435429
47.521893
47.374264
47.309677
48.084778
46.4515
44.781315
44.043121
44.292252
45.187332
44.292252
45.72253
44.919743
44.449127
44.596775
44.190754
44.116936
43.600182
42.72356
42.788162
43.803204
44.043121
44.163074
43.969299
44.338394
43.461769
42.068417
42.594391
42.575935
41.302521
42.945038
42.631298
41.85619
41.219475
40.038357
40.14909
41.763901
42.059189
43.710926
43.544827
44.81823
44.873596
45.048908
44.458359
44.144623
43.517143
46.414593
47.568039
47.383484
47.706448
46.774471
46.718719
45.975388
46.941723
47.127556
47.099678
46.718719
47.248348
47.108978
46.793056
44.414379
44.563046
45.334251
44.54446
44.739586
43.782532
45.074089
45.0555
46.207676
45.56654
44.516579
44.340038
43.132114
42.723286
42.24012
42.890541
42.277287
41.877739
41.49678
41.952072
41.952072
41.34811
41.190159
42.556034
42.8255
41.37598
42.054279
41.320229
41.264481
40.530445
41.506073
42.853374
43.327248
43.596695
43.856876
44.117039
43.596695
43.057785
43.327248
44.219246
43.819698
44.535164
44.832497
45.808132
45.56654
45.743088
45.56654
45.38073
45.036922
45.111256
47.090393
46.285751
46.426094
47.623703
48.362846
48.054092
48.652897
49.176853
51.880825
53.518181
53.293636
53.115856
53.190716
52.975521
52.685474
51.703053
51.515938
51.703053
52.900669
52.414143
52.114742
52.086666
51.899548
52.619984
52.255074
52.170876
50.991978
51.319447
51.787262
51.403656
51.085541
52.283142
52.451569
51.431728
51.36623
51.918262
50.365105
49.19556
50.112484
49.878578
51.066826
49.794369
45.602745
45.275265
45.378189
45.602745
45.668221
44.975857
44.63903
44.152504
42.842617
42.599354
43.151375
43.77824
43.619194
44.049591
44.620319
44.320911
43.974728
44.264778
44.021511
44.058937
42.739704
42.513412
41.447987
41.759132
41.881699
42.532272
42.645416
42.899982
41.645973
41.759132
42.107983
41.82513
41.249989
41.579979
42.032562
41.702553
42.503983
42.871696
42.456837
