Adjusted
38.821819
38.259708
37.552544
36.437393
35.866211
35.61235
35.848083
36.709373
37.153622
35.739277
34.868919
33.490841
33.980423
33.264183
33.690311
33.989498
34.025757
33.907894
34.17989
34.198025
34.986778
35.884342
36.537125
35.61235
35.440094
34.651329
34.252403
34.651329
35.149986
35.004906
34.950516
35.52169
36.419258
36.165398
35.811813
36.083805
36.899761
37.49815
36.936039
37.54348
37.416546
37.742931
38.431973
38.731148
38.286919
38.268772
37.897057
38.740219
38.713024
38.54076
37.398411
36.129139
36.600586
35.358501
34.424679
34.043884
34.397465
34.986778
35.285973
34.868919
35.349434
36.310459
35.947803
35.548889
36.464588
35.811813
35.648621
36.174465
36.990429
36.645908
37.652264
38.350372
38.839954
39.592442
40.28149
40.680412
40.598797
40.65321
40.462818
39.991371
40.762009
39.982304
39.846306
38.685825
39.102871
39.719376
39.601521
38.386635
38.477295
38.495438
38.776489
39.021278
38.966877
38.948742
39.710327
39.96418
38.214382
38.54076
36.582447
36.265129
36.591511
37.198956
36.999489
37.706665
37.706665
37.878929
38.758354
39.30233
38.450108
39.22073
39.320469
38.975945
39.048481
39.728436
40.072964
39.973232
39.465523
39.411125
39.030338
38.957821
38.966877
39.383926
38.685825
38.332233
38.894348
39.284206
38.957821
38.051182
36.219795
35.639557
36.265129
35.984074
35.884342
35.15905
34.642262
33.771893
32.801807
33.264183
35.222504
34.243347
33.282322
31.62319
32.448227
31.342134
32.493557
33.291386
32.901535
32.874332
30.508038
29.846195
30.816298
30.5987
30.435507
30.780029
30.399242
32.475414
31.931452
33.681236
34.524399
34.225212
35.122776
35.013981
35.131836
34.714794
35.041183
35.24971
34.551601
34.125481
33.246052
31.84985
30.98855
30.86162
29.692072
27.425503
28.468126
29.04837
30.27232
26.944986
25.557846
22.801699
24.57869
27.733759
25.77544
25.131733
25.004805
25.322128
23.944054
21.360157
22.439047
21.686543
19.855164
19.746365
18.350155
15.94759
16.101719
15.213223
13.753549
17.126202
17.724577
16.419037
16.482496
17.525124
22.665703
22.321188
19.837027
19.818892
18.313892
17.516056
18.041903
19.945822
22.103594
21.079103
20.353804
22.212391
21.759077
19.719164
21.632151
20.453527
20.897778
19.58317
21.623079
20.53513
20.235939
20.027414
18.132565
14.977497
17.225937
19.039194
20.181545
20.580463
21.478022
20.009285
20.870577
20.943108
20.099949
21.305763
21.124435
20.770847
22.0492
20.943108
21.514286
19.728231
20.335672
19.565035
19.147985
19.646631
18.99386
18.495214
18.377356
19.555967
18.812534
19.401842
21.151636
21.432686
21.360157
22.312119
21.187901
21.85881
21.487095
21.849735
21.305763
21.160704
21.215097
21.632151
20.30847
20.544195
20.30847
20.489798
21.269495
20.743654
21.650278
21.351093
21.178835
21.042841
22.0492
22.384649
22.393719
22.756367
22.556908
22.257721
21.296696
19.991152
20.235939
18.023767
17.842445
18.060038
17.951239
17.43446
18.67654
18.694672
17.860577
17.135269
16.827019
15.820661
16.092648
15.956656
16.627562
15.775331
15.331082
14.814304
15.040961
15.603068
16.29211
16.183315
16.237707
16.110785
15.73
16.310238
15.657471
15.530542
15.748137
15.94759
15.458014
15.956656
15.539609
16.863285
17.588593
17.497925
16.953947
17.135269
17.597651
16.618496
16.681959
16.845156
16.273977
16.219578
15.94759
16.119852
15.965726
15.938524
15.693733
15.73
14.959365
15.575873
16.301174
17.207802
17.661116
17.924042
17.370996
17.488859
19.211451
18.712805
18.966665
18.268562
18.359222
17.751781
17.497925
18.19603
18.032837
17.361935
17.244072
18.721874
19.601301
20.118078
20.399139
21.505222
20.897778
19.392776
20.281275
20.181545
20.027414
20.390062
21.414562
21.967602
22.09453
21.042841
20.761784
20.62579
21.487095
21.59589
20.952181
20.75272
21.251364
21.586819
21.577753
22.620373
23.536072
23.617664
22.484386
21.314827
20.018347
21.169767
21.740944
21.07004
21.423622
22.529711
22.538778
22.411852
22.112659
21.351093
22.50251
22.303055
23.418207
24.397366
24.596821
23.844324
24.007517
24.87788
24.66935
26.029295
25.739174
25.168003
25.249592
25.086399
26.147156
25.74824
25.376522
25.74824
26.246883
25.113602
25.249592
25.702913
25.648512
25.467182
25.458117
25.485319
25.158932
24.932274
25.168003
24.342966
24.161638
23.463531
23.753662
24.107243
24.025648
24.206972
24.007517
24.2523
24.74188
25.621311
26.410076
25.793571
25.294926
25.41279
25.74824
25.041073
24.460829
24.37923
24.614958
25.902363
25.557846
24.37923
23.762724
24.905075
24.769083
24.3883
24.614958
24.995737
25.721043
25.539721
26.301285
26.355686
26.074633
26.192486
25.612249
24.932274
24.750952
24.3883
23.617664
23.209679
22.493443
21.886003
20.843382
21.133501
21.106304
21.38736
21.586819
21.541483
22.19426
22.348383
22.357449
21.224165
21.577753
22.021997
22.085464
22.076397
21.215097
21.586819
21.768145
21.632151
21.895067
21.677479
21.704681
22.19426
22.293985
21.85881
22.067331
22.321188
21.967602
21.922268
22.257721
22.701971
23.182482
23.43634
23.227818
23.137152
23.07369
23.055557
22.547848
22.121727
22.339317
21.949467
21.704681
21.686543
21.405491
21.641216
21.976671
22.457182
22.58411
22.212391
22.420916
21.795345
22.031063
21.804409
22.121727
22.801699
22.366518
21.759077
22.420916
22.611307
22.593176
22.656637
22.411852
21.85881
21.668417
21.360157
20.952181
20.036482
19.682896
19.574104
19.84609
19.637564
20.145273
20.000217
20.390062
20.480732
20.462599
21.033772
20.915913
20.181545
19.818892
20.009285
19.80076
20.471664
20.553263
20.399139
20.21781
20.689257
20.761784
20.62579
20.526062
20.798054
20.118078
20.190611
20.399139
20.371935
19.963951
20.000217
19.601301
19.565035
19.193317
18.422684
18.359222
18.67654
19.120789
18.948528
19.45624
19.6285
19.619432
19.447174
19.637564
19.764494
20.317539
20.444468
20.390062
20.580463
19.809826
20.000217
20.417267
20.254076
20.317539
20.643925
21.14257
21.378292
21.360157
21.568686
21.913204
22.819832
22.00387
21.478022
20.634855
20.526062
20.009285
19.918625
21.19697
21.233234
20.589527
20.580463
20.489798
20.390062
19.501572
19.764494
19.58317
19.66477
20.045553
20.870577
21.169767
20.109013
20.680187
21.233234
20.408203
20.417267
20.426332
20.516996
21.233234
20.798054
20.779917
21.369228
21.160704
21.106304
21.432686
21.396427
20.30847
20.136215
19.746365
19.809826
19.936754
19.274916
19.22958
19.211451
19.039194
19.374647
20.045553
20.245008
20.516996
20.852453
20.761784
20.680187
20.734587
20.172474
20.362864
20.435402
19.98209
20.30847
20.75272
21.088173
21.251364
21.006575
20.326605
20.562325
20.852453
21.07004
21.024708
21.060974
20.843382
20.87965
20.934048
20.462599
20.317539
19.909555
19.873289
19.90049
19.755428
19.302111
18.794399
18.86693
18.422684
18.558678
18.368284
18.703737
18.422684
18.422684
19.075455
19.574104
19.6285
19.283983
19.374647
19.755428
19.80076
19.837027
19.6285
19.637564
19.555967
19.528778
19.274916
19.138922
19.048256
18.67654
18.812534
18.767204
18.939465
18.86693
18.876001
19.120789
18.857866
19.274916
19.447174
19.483438
19.32025
19.166117
19.021059
19.238647
18.948528
18.912264
18.912264
18.549608
18.631208
18.440823
18.350155
18.295755
18.259489
18.050966
17.942171
18.050966
17.896845
18.032837
18.168831
18.069099
18.223228
18.286692
18.322954
18.19603
18.277622
17.778984
17.942171
17.624855
17.652052
17.69738
17.543257
17.751781
17.588593
17.914972
17.788044
17.724577
17.570452
17.370996
17.398197
17.361935
17.307529
17.089945
16.872351
16.999275
16.953947
16.990211
16.935816
16.781687
16.600363
16.926748
16.953947
16.944883
17.316603
17.398197
17.380064
17.43446
17.733646
17.724577
17.715519
17.978436
17.987507
17.806175
17.69738
17.797112
17.924042
18.295755
18.241358
18.341087
18.350155
18.313892
18.177895
18.549608
18.68561
18.776272
18.9032
19.102659
19.519705
19.030123
18.812534
18.939465
18.821596
19.293047
18.794399
19.193317
18.803469
18.749075
18.912264
18.948528
18.703737
18.930397
18.821596
18.894135
18.939465
18.10537
17.951239
17.497925
17.724577
18.123491
17.69738
17.55232
17.615786
17.570452
17.425394
17.724577
17.933105
17.488859
17.942171
18.286692
18.250425
18.322954
18.585878
18.785337
18.912264
19.129854
19.111727
19.166117
19.338377
19.293047
19.58317
19.80076
19.528778
19.6285
19.383715
19.147985
19.329311
19.764494
19.510639
19.465309
19.347448
19.32025
19.347448
19.637564
19.483438
19.837027
20.362864
20.725519
20.471664
21.151636
21.668417
21.695614
21.940403
21.86787
21.604948
21.586819
21.505222
21.840677
22.09453
22.620373
22.547848
22.457182
22.230526
22.384649
22.339317
22.466248
22.593176
22.910496
22.393719
22.293985
22.393719
22.402781
22.293985
22.448111
22.040129
21.786278
21.659349
21.577753
21.668417
21.886003
21.849735
21.568686
21.423622
21.523354
20.906845
20.825247
21.133501
21.296696
21.505222
21.215097
21.060974
20.671124
20.906845
21.677479
22.021997
22.284924
22.484386
21.95853
21.768145
21.967602
21.940403
21.206032
21.496149
21.75001
21.840677
22.031063
21.931337
22.475313
22.275856
22.620373
22.439047
23.03742
22.819832
22.774496
22.529711
22.230526
22.157991
21.478022
21.450821
20.090881
20.090881
18.449881
19.474371
19.057323
20.353804
20.190611
20.734587
20.344738
20.181545
19.755428
19.383715
19.211451
19.691963
20.226877
19.574104
19.864218
20.526062
20.498863
21.251364
21.351093
20.997507
20.671124
21.351093
21.342028
20.589527
20.798054
21.015644
21.024708
21.568686
21.251364
20.825247
20.852453
20.281275
19.673832
19.728231
19.873289
19.673832
19.247719
19.619432
19.22958
18.069099
17.742714
18.594946
18.885063
18.495214
18.939465
18.839735
19.030123
18.95759
19.166117
18.604012
19.066393
18.939465
18.966665
19.429041
19.474371
18.966665
18.86693
19.873289
19.682896
19.419977
18.594946
19.039194
19.66477
19.510639
19.909555
20.462599
19.601301
19.619432
19.864218
19.574104
19.365574
18.921331
18.803469
18.604012
18.277622
18.005632
17.01741
16.963015
17.234999
17.234999
17.842445
17.833378
17.561388
17.570452
17.561388
17.70645
16.872351
17.162472
16.582233
16.672894
16.319307
16.509699
16.600363
15.929456
16.881414
16.899553
16.917679
16.836088
16.845156
16.473434
16.545961
16.42811
16.29211
16.301174
16.364641
16.038254
15.902263
15.98385
15.94759
15.98385
16.038254
15.630269
15.630269
14.886834
14.642043
15.077226
14.959365
15.71187
15.485204
15.122559
15.231355
15.303885
15.240419
15.285753
15.648405
15.367349
15.521477
15.521477
15.485204
15.702797
15.485204
15.458014
15.349215
15.720933
15.865995
16.110785
15.911322
16.083588
16.183315
15.956656
15.911322
15.503344
15.594003
15.6756
15.584942
15.158824
15.068161
15.131623
15.167889
14.94123
15.158824
15.050029
14.877769
15.204155
14.877769
14.94123
15.34015
15.095357
15.149758
15.031896
14.959365
14.60578
14.270326
14.206861
14.143399
14.052736
14.098069
13.762617
13.472493
13.254902
13.282104
13.363698
13.218638
13.001046
13.626619
13.572225
13.653822
13.953008
13.916742
14.415386
14.832439
15.131623
15.077226
15.412681
15.385476
15.059094
14.696443
14.025537
14.043671
13.744484
13.980206
14.623913
14.768975
14.569515
14.252196
14.297527
14.161531
13.99834
14.28846
14.36099
14.206861
14.224996
14.179665
14.252196
13.889544
13.889544
13.454362
13.726353
14.043671
14.569515
14.342858
14.442587
13.817012
13.871412
13.626619
13.681021
13.617558
13.789815
14.36099
14.333792
13.835146
14.152467
14.052736
14.152467
15.004697
15.258556
15.739062
15.648405
16.020123
15.693733
15.539609
15.367349
15.258556
15.503344
15.621205
15.956656
15.829727
15.856925
16.25584
16.409969
16.364641
17.69738
16.999275
17.244072
17.769915
17.933105
18.115257
18.051504
17.987749
17.386641
17.678089
17.842028
17.79649
18.434029
19.01692
18.998711
18.825661
19.044249
19.007818
19.117109
19.618036
20.273792
19.900372
19.563387
19.317478
19.290155
19.308374
19.271938
19.308374
19.317478
19.435879
19.608927
19.454094
20.337545
19.836622
20.000559
20.319324
20.346651
19.854834
20.128063
19.827515
19.536066
19.536066
19.563387
19.9368
20.05521
19.781979
19.49053
19.654467
19.481417
19.700005
19.909481
20.200932
20.601664
20.729177
20.902225
21.02973
20.965979
21.539757
20.965979
21.193674
21.157238
21.348501
21.193674
21.20278
20.965979
20.4013
20.510588
20.264683
19.982342
19.717131
19.707987
19.397051
19.204996
19.470209
19.012949
18.857485
18.775173
18.482523
17.988682
17.76005
17.915524
18.089279
18.061842
18.116714
18.272182
18.244745
18.482523
18.903206
19.022095
19.223289
19.296455
19.323885
19.406195
19.872599
20.04636
20.009777
20.28414
20.52191
20.649944
20.796267
21.03405
21.445581
21.134645
20.832851
21.207806
20.915159
20.81456
20.668236
20.970026
20.659092
