Adjusted
22.585869
22.980343
22.374878
21.017155
20.439203
21.026325
20.971289
20.989632
21.549232
20.69607
20.365818
20.127295
20.228207
19.393393
18.696186
20.365818
20.393332
20.94376
21.127243
21.30154
21.30154
21.815269
21.567579
20.65938
19.82456
20.035557
20.613506
20.356636
19.751175
21.136412
19.897947
19.631912
19.549345
19.668606
19.732822
20.274078
20.989632
21.218975
21.677664
20.714415
19.833736
20.65938
20.65938
21.081367
20.576807
20.641026
19.723646
20.365818
19.595213
19.92547
19.33835
18.989746
19.118181
17.879721
18.118233
19.173222
19.219088
19.008093
18.448492
18.457663
18.39345
19.173222
19.842905
20.191511
20.576807
20.420856
19.861256
19.448437
20.145645
19.907127
19.952991
19.595213
20.017206
20.099775
20.998804
21.319889
20.329117
21.163933
21.576754
21.503363
21.714357
22.072138
22.200573
22.90695
22.815218
23.182169
23.594986
23.246386
23.879379
24.127066
23.530769
23.686728
24.383932
24.888489
25.053616
24.200457
24.154589
23.659204
22.567524
21.806101
21.943703
22.007921
22.32901
22.365698
21.824448
21.980398
21.640968
22.12718
21.778578
22.007921
21.585928
21.108889
21.521711
22.12718
21.842794
22.007921
21.705185
21.971226
21.374928
20.989632
21.090542
21.017155
20.283247
20.283247
19.87043
20.255728
20.173164
20.127295
21.237329
21.604271
20.65938
20.237379
20.127295
20.072252
20.246552
20.769464
21.319889
21.274017
21.090542
21.604271
22.429914
21.732706
22.567524
22.539999
23.448208
23.172989
23.439032
23.16382
23.448208
23.815163
23.833509
23.888544
24.13624
24.237152
24.13624
23.567463
22.604216
22.640915
22.402391
22.301481
21.998749
22.02627
22.108833
22.053793
22.090487
23.439032
23.402336
23.374821
23.007864
23.062902
22.46661
22.384043
22.41157
21.585928
21.870317
22.007921
22.310659
21.402452
20.907068
19.998857
18.742054
19.375046
17.182507
16.63208
17.255901
17.265072
17.246723
15.503704
16.723816
16.228436
15.622965
14.71476
13.531341
11.880057
12.155272
12.292877
12.155272
13.687294
13.054302
11.403021
12.458006
12.054361
12.797436
11.925928
11.962623
11.403021
11.192021
10.8159
11.834188
12.366269
12.56809
12.412138
12.953393
12.779088
12.182794
11.448891
11.742452
11.412197
10.714987
9.531569
11.136981
11.283762
11.164505
11.68741
10.751681
11.036069
11.47641
11.999317
11.953448
12.338748
12.384617
11.201196
11.724104
12.091056
11.173676
11.806667
12.613962
12.724047
12.861654
12.39379
12.421312
12.43966
13.246951
12.815786
12.577265
12.476354
11.843364
11.98097
11.714928
11.549802
11.659886
12.283706
12.815786
13.549689
13.201085
13.430429
12.788261
13.861595
13.531341
13.008434
12.678178
12.669004
13.081825
13.687294
12.476354
12.85248
13.16439
14.054246
13.623079
14.127637
14.916582
14.623021
13.604729
13.934985
14.045074
13.806555
14.100115
14.806498
14.953278
13.696471
13.944162
15.045012
14.778975
14.301941
13.898291
13.256124
13.035955
11.962623
12.421312
12.577265
12.081881
12.329572
11.834188
12.210315
12.46718
11.990143
11.834188
11.485584
12.659832
13.357038
13.75151
13.806555
13.23778
13.623079
14.705586
14.366155
13.613905
14.68724
14.219373
13.999204
14.549632
13.84325
13.45795
13.613905
14.127637
14.402851
14.79732
14.28359
13.733164
15.256014
15.558747
15.338575
15.678005
15.999092
16.485298
16.1367
16.320175
16.549515
17.283422
16.843079
17.090769
16.466953
15.989917
16.485298
16.788036
16.879772
17.338463
16.815557
16.723816
15.953222
16.054131
15.531226
15.824788
15.650485
15.971572
16.118347
16.228436
16.577036
15.907353
16.402735
16.934818
18.283365
17.632023
17.384331
17.888889
18.98057
17.742111
17.035727
17.301764
17.265072
17.411854
17.888889
17.586155
18.274191
18.476007
18.182453
17.687069
17.549458
17.274244
17.934757
17.347637
17.237556
17.531111
17.833847
17.797153
18.145761
18.090712
18.154928
17.393507
17.292593
16.595392
16.870596
17.439375
17.622849
18.375107
18.39345
19.191566
19.686951
19.741999
19.558517
20.631853
20.521767
21.108889
21.090542
21.127243
21.613451
21.237329
21.14558
20.60433
20.650202
21.14558
20.998804
20.952936
21.163933
21.127243
21.255674
21.787754
22.081312
21.640968
20.677719
20.962111
20.998804
19.769518
20.163986
20.11812
20.10895
20.40251
21.136412
21.393282
20.870373
20.319946
20.494251
20.622677
21.402452
21.640968
21.842794
22.613392
22.273962
22.46661
22.677605
22.934477
22.705128
22.705128
23.512423
23.842678
24.099546
23.842678
23.796812
24.13624
23.989456
24.475676
23.888544
23.750944
24.585754
24.613276
24.255503
25.292141
26.457212
26.016869
26.594816
27.062681
26.860859
26.319603
26.594816
26.200344
26.181997
26.704901
26.374645
26.273735
25.594872
24.760057
25.402225
24.8151
25.319664
25.503136
25.374701
26.392994
26.035212
27.374588
26.897552
26.769121
26.512247
27.255331
27.209457
27.264505
27.172766
28.282797
27.925018
28.347012
28.383705
28.851574
28.282797
28.264444
29.035046
29.080915
28.90661
30.034992
30.356071
30.594591
30.888145
30.31937
30.190939
30.603762
30.768894
30.878975
31.034937
30.484505
30.759714
30.631287
31.05328
31.337664
31.200058
31.05328
31.686266
31.521139
31.365187
30.814758
30.594591
30.5212
30.768894
30.21846
29.768946
30.943197
30.869799
30.411114
30.548719
29.814821
29.154303
28.236929
28.374537
28.356186
28.374537
27.356243
26.723251
27.622282
28.411226
28.457096
27.42046
27.86997
27.998407
28.447926
28.218575
28.934135
28.860739
29.631338
29.42952
29.062567
28.70479
28.108492
27.429634
27.365416
27.530542
27.530542
28.860739
28.521311
28.658916
28.769009
29.401995
29.823988
29.86068
30.438629
30.567064
30.190939
30.108377
30.447811
30.3102
30.548719
29.778126
30.21846
30.034992
30.429459
29.924902
30.02581
29.851515
29.879038
29.851515
31.429405
31.897264
31.952305
32.218342
31.961479
32.594471
32.053223
31.823872
32.897205
32.722912
32.245872
31.915615
31.805525
32.282562
32.429344
33.181595
32.924728
31.970659
32.594471
32.878868
31.805525
31.998184
31.209232
31.255095
30.282681
28.869919
31.126671
30.695505
31.236752
30.915674
30.96154
31.154186
30.768894
30.778065
29.869862
30.117552
29.723083
30.356071
29.750603
35.016361
34.566845
34.511803
35.731915
35.667694
34.75032
33.970543
34.3008
34.410885
35.309914
36.685982
36.621777
37.96114
37.612537
38.328094
37.814362
37.18137
36.484165
36.7869
36.346554
36.474987
36.502506
34.851227
34.227413
34.961315
34.062286
34.053104
36.328201
35.676872
35.55761
35.741085
36.291523
36.98872
37.364845
37.153843
37.630886
37.98867
36.539204
38.502392
39.548206
40.392193
40.135338
39.603241
38.915215
38.805138
40.364666
40.245415
40.942627
40.107807
39.548206
39.364723
38.245529
37.76849
34.475113
34.988827
35.447525
35.456696
36.071342
37.33733
37.18137
37.107986
36.254818
36.053001
36.41077
38.02536
37.18137
37.043766
38.447353
39.511509
40.410549
41.080227
42.59391
42.502174
42.502174
44.125927
44.144276
45.226784
44.65802
44.988266
45.566212
44.217667
44.447006
44.300228
46.226727
45.309345
46.786339
46.61203
45.6763
44.621319
45.254303
46.712948
43.75898
44.291061
44.731396
44.070885
44.740574
45.520348
46.226727
46.17168
46.144165
46.786339
47.40097
46.749641
47.676186
47.611969
47.988102
48.694473
48.446785
48.850433
48.877949
49.171509
49.30912
50.391617
50.547585
51.345703
51.951176
52.198864
50.859489
49.639378
49.474247
48.336693
45.18092
48.731174
47.208328
47.905525
46.648724
47.144108
46.832199
46.722111
46.722111
47.878002
49.391682
49.602676
48.868771
49.199039
50.575104
50.043022
49.676071
50.987919
49.070602
48.318352
49.272427
49.354992
50.776924
50.740231
50.501717
50.263195
50.474194
50.1898
50.1898
50.364105
50.419147
52.666725
52.639206
53.08873
52.740116
52.474079
53.409801
53.464851
54.061142
53.776764
54.565701
54.116188
52.868553
51.575047
51.162231
50.960407
49.263256
50.611797
50.758575
49.56599
50.208153
51.850258
52.391514
52.299774
53.143757
53.795105
54.409756
54.831741
55.538132
55.593163
54.694145
53.611626
53.703365
50.244846
48.666954
47.556927
46.456074
46.639545
48.134884
47.391796
46.446892
46.859711
48.125698
47.749584
46.905586
47.382633
47.281719
44.410316
43.593853
42.548035
42.676468
42.905819
43.098465
44.667183
44.557098
44.135101
43.988327
44.905701
44.593788
43.685589
44.281883
44.043365
44.171795
44.217667
41.924221
42.2453
42.841595
42.814072
42.924164
43.23608
43.878231
44.566273
44.419491
44.547924
44.135101
43.575508
44.951572
46.804672
47.648663
47.960571
48.217445
48.079838
47.804623
47.428501
47.749584
47.593624
47.245018
48.896305
48.777046
49.73111
49.510941
49.529297
49.529297
48.712826
47.960571
49.180695
49.95129
49.263256
48.455963
47.217495
47.456017
50.740231
50.758575
50.244846
48.822906
48.905472
47.648663
46.226727
46.465252
45.850597
46.052425
44.960743
44.804783
45.749695
46.373497
45.547871
45.272655
45.602917
46.703758
46.52029
47.024845
45.153397
46.25425
46.529465
45.83226
48.419262
49.832024
49.483429
49.070602
49.446735
49.061424
48.217445
47.676186
46.997337
45.529507
46.474422
46.034081
47.520229
45.914818
45.63961
46.859711
45.685474
46.034081
43.373684
43.951626
43.593853
42.42878
41.227013
42.116867
39.750031
38.410656
36.062168
38.273056
37.575844
39.153732
39.832588
40.649063
39.474815
38.218002
32.851341
32.979774
32.833
34.667744
34.869568
33.805416
33.52103
34.23658
34.3008
34.511803
34.13567
32.851341
32.355965
33.310036
33.447632
32.732094
33.300846
33.750378
33.649464
34.924618
34.667744
33.346722
32.346783
32.924728
32.144962
32.218342
32.851341
33.062336
32.071568
32.080742
31.126671
30.860636
31.952305
33.236645
34.25494
34.209061
35.144798
35.456696
35.676872
35.456696
35.988781
34.906265
36.190601
35.32827
34.603527
34.952137
35.897041
35.016361
35.392479
38.263874
38.153793
37.575844
36.456642
36.924507
38.493229
39.107864
39.300514
40.309631
38.557434
38.428997
38.685875
38.795956
38.438175
37.374023
32.777946
31.869751
31.961479
32.282562
31.796358
31.420225
32.768776
32.686218
33.78706
33.869637
33.52103
34.438408
34.199886
34.603527
34.03476
34.869568
34.062286
34.787014
34.062286
33.282505
32.759602
32.255039
33.144909
32.310085
33.09903
33.493507
33.346722
32.970596
33.310036
33.273346
33.741192
32.695393
31.805525
32.411003
32.144962
32.227535
31.878925
31.585363
31.172533
30.943197
31.78718
34.410885
33.805416
34.163193
34.548489
34.676926
34.45676
34.199886
34.337494
34.621891
36.14473
36.172256
37.016239
36.630939
36.153904
36.49334
37.713451
36.41077
35.759441
35.887875
36.585075
39.208782
38.713394
39.447292
39.107864
39.704166
39.520691
39.68581
39.979378
39.447292
39.731682
39.951855
38.823479
37.566673
38.144623
38.383133
39.39225
39.016125
39.915157
39.328041
39.750031
39.805073
40.419724
41.566444
42.217777
41.456356
41.850826
42.502174
42.254486
41.548096
40.979321
41.07106
41.327923
41.713226
41.016014
40.107807
39.236301
38.54826
37.493286
37.557495
36.814423
36.502506
37.098808
36.796074
36.392418
35.539265
35.484222
35.484222
36.016289
36.153904
35.805309
35.621826
37.318974
36.043819
35.300743
35.245697
34.851227
34.686108
34.658581
32.750423
33.09903
32.833
32.264221
31.778008
31.438578
30.328556
30.750544
30.512028
30.145071
26.438862
26.246212
27.255331
27.154417
27.301195
27.007637
27.429634
28.567181
29.420347
28.723133
27.824106
27.200287
27.759888
27.686501
27.60393
28.191051
28.236929
28.347012
28.411226
27.108549
27.668152
27.539719
27.209457
28.062622
27.42046
29.191
28.392878
28.530491
28.548836
27.301195
26.732426
26.448036
26.38382
26.026043
26.23704
26.255388
26.181997
27.759888
28.548836
28.613049
28.0718
28.658916
28.869919
29.438692
30.190939
29.805649
29.970772
29.438692
28.99835
29.668037
29.411173
30.686325
30.255156
29.475388
29.88821
29.181824
28.824049
29.126783
30.245993
30.695505
30.346897
30.401937
30.631287
30.640465
31.906445
32.025703
31.814707
32.044052
31.310152
31.667927
31.759668
31.695436
32.621998
32.842167
32.181648
32.273399
32.291744
32.365124
32.851341
32.48439
32.530254
32.787128
32.576122
33.26416
32.475224
31.576178
30.245993
30.484505
30.163422
30.21846
29.768946
28.778179
28.475447
28.062622
27.998407
27.71402
26.888382
26.778294
26.539774
26.778294
27.310375
27.429634
27.769066
27.475498
27.429634
26.392994
25.851742
25.80587
25.576523
24.686666
25.778349
25.448093
25.668262
25.815046
25.438917
25.053616
25.081142
24.604107
24.154589
24.87932
27.704845
27.759888
28.337839
28.080973
27.934191
28.576357
28.769009
28.723133
28.769009
29.246042
29.090086
29.48456
29.401995
30.099215
30.200117
30.667978
30.79641
31.05328
30.502848
30.3102
30.264336
30.438629
31.429405
31.475279
31.255095
31.025757
30.915674
30.778065
30.658806
30.108377
