Adjusted
13.064221
13.140173
12.950285
12.877257
12.833435
14.118816
14.314548
14.054555
14.3759
14.285337
14.285337
13.902644
13.759501
13.499498
13.408941
13.391408
13.207365
13.259953
13.416088
13.407255
13.84621
14.078943
14.391218
13.908074
13.637036
13.728363
13.825583
13.934587
13.804961
13.934587
13.860935
13.843262
14.014128
14.187943
13.902186
14.037698
14.400058
14.31462
14.15554
14.214457
13.719529
13.94048
13.934587
14.117239
13.955207
13.922804
13.592849
13.719529
14.061263
14.223294
13.872722
13.439657
13.763724
13.268793
13.077303
13.183355
13.271737
13.310035
13.227551
12.959461
13.148005
13.439657
13.495634
13.539821
13.554551
13.634094
13.807909
14.031805
13.763724
13.557501
13.855047
14.049479
14.435402
14.385327
14.426574
14.341139
14.31462
14.5503
14.429513
14.453081
14.459023
14.292759
14.28682
14.111652
14.176972
14.524344
14.530276
14.640129
14.565908
14.50059
14.64607
14.776707
14.81531
14.764832
14.984533
14.913281
15.032039
14.928129
14.913281
14.744053
14.942973
14.919219
14.990472
14.862809
14.880617
14.821243
14.696545
14.877646
14.800457
14.901408
14.803427
14.830148
14.675763
14.554033
14.580754
14.767796
14.720301
14.46793
14.402612
14.604506
14.435269
14.512462
14.280883
14.171028
14.497621
14.634193
14.723264
14.141343
13.927573
13.693022
13.776158
13.989921
14.129465
13.995858
13.666304
13.600986
13.44363
13.559418
13.791
13.580198
13.4941
13.422839
13.336741
13.410969
13.407972
13.764439
13.623648
13.476871
13.360044
13.572724
13.920202
13.180311
13.075465
12.93468
12.868774
13.165334
12.889746
12.626141
12.707014
12.925692
13.045512
13.120404
13.153352
12.973622
13.04851
13.069479
13.099431
13.093441
12.910716
12.949656
12.799876
12.641119
12.581203
11.946157
12.35055
12.027033
12.278657
11.520793
11.559731
11.10441
10.93067
11.415949
11.122387
11.053489
10.924681
10.933669
10.858779
10.008052
10.304605
10.289631
9.807348
10.008052
9.220226
8.702001
8.363506
7.473836
6.940632
9.025517
8.833805
7.860258
8.132851
8.360512
9.361016
9.058471
8.728963
8.456367
8.177784
7.728456
8.890718
8.839098
9.616429
9.686269
9.467645
9.35226
9.412987
8.81177
9.085049
8.754076
8.55671
7.973713
8.59922
8.161969
8.140716
8.304685
8.158935
7.187273
7.8644
8.307719
8.398813
8.729785
8.908937
7.855289
8.198409
8.380594
7.733833
8.019259
8.398813
8.19537
8.67513
8.447397
8.328975
8.268248
8.744971
8.669058
8.432218
8.344158
8.386669
8.213593
8.310757
8.432218
8.410962
8.641729
8.842134
9.291531
9.349223
9.437278
9.133635
9.200436
8.936264
8.848207
8.92412
8.526344
8.565822
8.67513
8.374523
8.802661
8.790517
8.933229
9.273314
9.437278
9.461884
9.228106
8.98818
9.058926
9.111217
8.865138
8.911276
8.628281
8.628281
8.351439
8.499087
8.594449
8.588293
8.111506
7.859273
7.770067
7.487072
7.108718
6.819572
7.053349
6.979529
6.871864
6.293571
6.136692
6.235126
5.924443
5.822937
5.59531
5.77372
5.810631
6.007499
6.176679
6.290494
6.570412
6.730368
6.970298
6.807268
7.204078
7.034893
7.188698
7.268675
7.0472
6.853409
6.961069
7.096416
7.367109
7.416326
7.330195
7.213305
7.27175
7.45016
7.514755
7.444006
7.477843
7.665483
7.77622
7.548594
7.730077
7.69009
7.683936
7.822358
7.957707
7.923338
8.223273
8.176411
8.257644
8.698174
8.560703
8.763784
8.482596
8.757537
8.754413
8.673178
8.30138
8.435729
8.270139
8.595075
8.732543
8.691926
8.570077
8.520087
8.86064
8.688803
8.876262
9.154328
9.379282
9.323041
9.135583
9.251185
9.226186
9.307421
9.251185
9.260556
9.47926
9.373032
9.254309
9.101213
9.066846
9.154328
9.144957
8.845019
8.760661
8.788782
9.154328
9.06372
9.201193
9.213692
9.429272
9.079345
9.132457
8.857516
8.720047
8.832522
8.904383
9.08559
9.079345
9.332417
9.457391
9.576118
9.663599
9.826062
9.93854
10.244723
10.391567
10.419688
10.407191
10.353401
10.46415
10.473644
10.68881
10.729944
10.59705
10.559079
10.815383
10.755262
10.647677
10.951445
11.030551
10.986252
10.888158
10.891323
11.005237
11.02422
11.220406
11.34381
11.38178
11.305839
11.138136
10.884994
10.720456
10.562242
10.521106
10.476809
10.59705
10.859683
10.964101
10.840696
10.767917
10.869173
11.027386
11.293182
11.410258
11.631758
11.451395
11.565307
11.394438
11.239388
11.299511
11.470379
11.612771
11.587457
11.28369
11.131805
11.378617
11.505187
11.438739
11.653906
11.752
11.897554
11.878568
11.935524
12.112721
11.979824
12.217139
12.32156
12.270932
12.144364
12.017796
11.837431
11.938686
11.641104
11.887491
11.586705
11.573907
11.817097
11.7947
12.181879
12.037887
12.322676
12.479465
12.415472
12.249076
12.48907
12.831449
12.837853
12.713057
12.517871
12.505067
12.706659
12.757856
12.914652
12.697058
12.805852
12.857049
12.978644
12.972245
13.052243
13.263435
13.16424
13.15784
13.308233
13.564219
13.669816
13.759414
13.807412
13.753014
13.676214
13.884205
13.861808
14.037801
14.082601
14.184994
14.159397
14.194596
14.261792
14.584977
14.456985
14.540182
14.444187
14.527381
14.850568
14.63298
14.693778
14.607379
14.373788
14.709774
14.709774
14.584977
14.332191
14.469781
14.504982
14.188323
14.036453
13.632548
13.92013
13.991216
13.874892
13.370819
13.167251
13.125246
13.361124
13.280343
13.44837
13.464525
13.713327
13.803801
13.794111
13.894278
14.046149
13.881348
14.188323
14.272337
14.324032
14.621306
14.724703
14.824875
15.138301
15.151226
14.986433
15.067215
15.151226
15.235237
15.076909
15.047826
15.070445
15.109217
15.122146
14.847493
14.815181
14.99936
14.908887
14.753786
14.637464
14.883032
14.889499
14.750551
15.112453
15.332173
15.509892
15.380643
15.222307
15.374184
15.425874
15.361257
15.47112
15.461428
15.332173
15.312788
15.668225
15.69084
15.894407
16.169064
16.217529
15.684379
15.932203
16.043062
16.023504
16.538706
16.222406
15.805031
15.130051
14.996352
15.801767
15.915896
16.163712
15.880022
15.403952
15.319171
14.993093
14.761575
13.988771
14.093118
13.952901
13.695299
14.00507
14.549623
14.500713
13.965947
14.595273
14.768098
14.142029
13.845298
14.053985
14.093118
14.693104
14.771358
14.869179
15.302869
15.247433
15.355039
15.325689
15.319171
14.830051
14.510499
14.47789
14.742012
14.911571
14.249635
14.102896
13.868126
13.789864
13.972466
14.383321
14.634403
14.790922
14.748532
15.006135
14.898525
14.996352
14.699622
14.774622
14.957224
14.693104
14.878963
14.986574
15.345257
15.622425
15.484148
15.306356
15.319527
15.757414
15.605966
15.592793
15.540121
15.362329
15.451223
15.395252
14.845422
14.776282
14.881635
14.8125
15.062718
14.957362
14.680801
14.483257
14.414115
14.292301
14.344978
14.321933
14.58861
14.226449
14.12768
14.562272
14.499717
14.759818
14.361439
14.447037
14.595201
14.637997
14.657751
14.687383
14.611657
14.555688
14.466792
14.605072
14.496426
14.545815
14.447037
14.759818
14.651167
14.680801
14.661044
14.828958
15.026508
15.079182
15.724492
15.635595
15.757414
15.846306
15.866065
15.872648
16.0669
16.089951
16.241398
16.287493
15.918742
16.198603
16.205175
16.494909
16.51796
16.488331
16.514921
16.508272
16.561459
16.578083
16.734322
16.744291
16.900534
16.993614
16.993614
16.857319
16.990292
17.050125
17.256231
17.266201
16.77421
16.737642
16.840698
16.907181
17.076721
16.953726
17.186419
17.020208
16.986965
16.990292
17.099989
17.455687
17.611927
17.701679
17.741573
17.927732
18.010836
18.03743
18.030781
18.19035
17.887842
17.901134
18.004185
18.233562
18.283426
18.373177
18.433016
18.426371
18.452969
18.4995
18.5128
18.439667
18.758793
18.489531
18.409748
18.516127
18.556015
18.476236
18.798687
19.074602
19.184299
19.20425
19.224194
19.134432
19.360481
19.450239
19.609808
19.456886
19.656345
19.810617
19.7033
19.750248
19.860924
19.740189
19.847507
19.790495
19.958181
19.961538
19.847507
20.05209
20.229839
20.323742
20.561857
20.793264
21.155472
21.682013
21.239321
21.252729
21.152117
21.467367
21.655182
21.289621
21.360052
21.72896
21.641769
21.490845
21.769207
21.916775
21.802748
21.910067
21.658537
21.071627
20.860338
21.303038
21.477432
22.191784
22.141478
22.158239
21.960369
22.15489
22.040859
21.903358
22.111294
22.429903
22.594231
22.654598
22.577467
22.228674
22.03751
21.95031
21.765858
21.598169
21.611578
21.614933
21.816162
21.541155
21.5814
22.31587
22.429903
22.533863
22.966501
23.182785
23.351751
23.635624
23.571411
23.493689
22.794146
22.824562
23.480171
23.784317
23.956665
23.55114
23.466652
23.392302
23.351751
23.344994
23.868805
23.872183
23.848524
23.642382
23.588312
23.80459
23.649143
23.659277
24.024254
23.791075
23.659277
23.554516
23.115192
23.294302
23.351751
23.497066
23.331476
23.260508
23.55114
23.223335
23.12533
23.442991
23.885702
24.26757
24.331787
24.443304
24.760965
24.835312
24.733934
24.970488
25.01104
25.463884
25.419956
25.52471
25.47402
25.430092
25.024553
24.970488
24.933317
24.886005
25.142839
24.987385
25.291534
25.186775
25.666647
25.565268
25.409813
25.234089
24.953592
24.84803
24.786734
24.773119
24.347462
23.547228
21.950172
21.691376
20.196474
21.626673
21.201019
22.505228
22.583544
23.223734
23.213514
23.288429
22.689112
22.392851
22.256645
22.917261
23.278212
22.941093
23.428043
24.146551
24.166985
24.143145
24.163578
23.342913
22.998983
23.615332
23.285027
22.627817
22.430311
22.815104
23.026228
23.240759
23.247564
23.135197
23.176056
22.614191
21.916122
21.919527
22.300911
23.005795
22.733372
23.043257
22.488201
21.977409
21.865042
22.413286
22.978556
23.128386
24.282761
24.030769
23.979694
23.901375
24.06142
24.18401
24.60285
24.470055
24.630098
25.082987
25.450756
25.134071
25.375847
26.13521
26.118191
25.896839
25.117046
25.760633
26.422741
26.597708
26.594282
26.74523
25.873842
26.47077
27.002518
26.830994
27.29413
27.259829
27.283834
27.32843
26.96822
27.036831
26.549673
26.666323
27.362745
27.637184
28.529156
28.532593
28.515434
28.779594
28.522285
28.457108
27.801867
28.649229
28.24785
28.258144
27.825878
28.29244
28.151781
28.316458
29.009447
29.359375
29.355942
29.671558
29.743601
29.469151
29.743601
29.740162
29.990604
29.966595
29.997463
29.918568
29.764185
30.244473
30.313091
30.069513
30.46747
30.196445
30.443451
30.354254
30.162134
30.165571
29.932291
30.069513
30.196445
29.398436
28.894064
28.728245
28.234253
27.94751
28.22389
28.234253
28.520973
28.310253
28.227339
27.985525
28.172064
28.075336
27.792059
28.455343
28.358608
28.762798
28.790432
29.073708
28.973526
28.790432
28.355158
28.548615
28.5348
28.600428
28.714432
28.514069
28.438065
28.5348
28.762798
29.187712
29.367344
28.987347
28.869894
28.621168
28.690254
28.614252
28.424246
28.161701
28.389702
28.5348
28.462254
28.268785
28.289516
28.210058
28.192799
28.292976
27.964788
28.016609
27.871517
27.415514
27.823154
27.798964
27.712608
27.636614
28.013157
27.957874
27.961336
28.614252
28.389702
28.565882
29.142797
29.56385
29.74827
29.887472
30.197155
30.134521
30.127563
30.141481
30.044056
29.856153
29.664762
30.176275
30.082331
29.442057
29.355061
29.320269
28.593002
28.384214
29.073208
29.292427
28.815706
29.111483
29.090601
29.469898
28.954897
28.878336
27.768303
27.482965
27.949253
28.756552
28.756552
28.728712
28.666071
29.264589
29.257626
29.48033
29.863106
30.225004
30.607765
30.294594
29.445541
29.6404
28.916618
28.700872
28.895741
28.916618
29.445541
29.737835
29.925741
29.863106
29.772629
29.647364
29.410744
29.459457
29.877022
30.127563
30.211081
30.517292
30.621691
30.69128
30.663439
30.586889
30.176275
30.009253
30.343311
31.540339
31.561214
30.97662
31.094931
30.877594
31.354359
31.543665
31.431469
31.298264
31.305275
31.375395
31.158039
31.108957
31.108957
31.221144
31.059885
31.129997
31.200111
31.193089
31.080921
31.26321
31.3193
31.17907
31.375395
31.200111
31.221144
31.550669
31.466537
31.957314
32.076511
32.181686
32.356956
32.469147
32.924877
33.016022
32.938896
32.784649
32.88982
32.938896
33.030037
33.52084
33.030037
33.513824
33.675079
33.871399
33.710133
33.724159
34.235985
34.432297
34.628613
34.404251
34.130806
33.696114
33.618992
33.513824
33.541866
33.850365
34.278046
33.941509
33.387619
33.058086
32.812698
33.08614
33.128197
33.051079
33.163269
33.022045
32.259514
32.019459
32.337181
31.941793
31.511099
31.715853
31.193375
31.433434
31.48991
31.525219
32.238331
32.407784
32.506634
32.478386
32.464264
32.42897
32.181854
31.68762
31.327532
31.680553
31.518158
31.454615
31.35577
30.833292
30.360241
30.324938
30.847408
30.776806
30.480263
30.289635
30.868599
30.727383
30.677958
30.960377
30.649719
30.529684
29.9366
29.767157
29.703602
