Adjusted
20.406471
20.969028
19.989084
20.188705
19.190609
19.607994
19.671507
19.145245
20.016302
19.335791
19.889277
19.426519
19.580765
18.346767
18.700638
18.700638
18.401211
18.383064
18.210665
18.392132
18.646193
18.764153
18.328623
17.475706
17.856792
17.421267
17.412188
17.63903
17.611805
17.838644
17.321455
17.321455
17.257933
17.629953
17.139973
17.149054
17.21257
17.43034
17.412188
17.611805
17.058317
17.194429
16.731672
17.058317
17.448486
17.239792
17.493847
17.702543
17.856792
18.00197
17.711613
17.493847
18.165295
17.747908
18.219736
18.84581
19.127087
19.000067
17.629953
17.575516
17.747908
18.519165
18.591757
18.764153
18.464722
18.355839
18.074558
18.346767
18.55546
18.00197
18.020115
18.310474
18.84581
19.235981
19.780392
19.744101
19.762249
19.880199
19.970938
19.589846
19.517262
19.744101
18.9184
19.798529
19.517262
19.553551
19.508184
19.045431
19.145245
19.054504
19.517262
19.662434
19.762249
19.843912
19.671507
20.352026
20.107046
19.970938
20.243141
19.943716
20.560715
20.67868
20.67868
20.724043
20.578863
20.787552
20.787552
21.032543
20.379244
20.460909
20.415533
20.025381
19.834835
20.533495
20.814774
20.442762
20.361097
20.597013
20.052601
20.034454
20.170551
20.460909
19.435598
19.317644
19.054504
19.335791
18.891178
18.809517
19.136169
19.580765
19.154314
19.317644
19.018209
18.55546
18.373987
18.546385
18.927475
19.217827
19.136169
19.589846
19.508184
19.009142
19.009142
18.800444
19.444674
19.335791
19.535404
19.508184
19.28134
20.152405
20.742189
20.642385
21.341043
20.941809
20.778482
20.878296
21.04162
20.923656
20.660532
20.469984
20.560715
20.234064
20.597013
20.152405
20.097971
20.270365
20.542574
19.898346
19.553551
19.226906
18.083632
18.210665
17.475706
17.394043
17.384964
17.557369
17.793276
17.248859
17.203495
16.423166
17.012951
18.210665
17.920303
17.865866
18.101788
18.573601
18.709715
17.031099
18.428432
18.020115
17.684399
17.675318
16.604639
15.225464
15.316195
14.708262
15.134719
17.112768
16.051155
14.472351
15.415998
15.44322
16.477612
16.051155
15.579326
15.379704
14.699193
14.309026
15.98764
15.688207
16.622787
16.59557
16.631859
17.149054
16.169109
15.288969
15.905979
15.933191
15.688207
14.944174
16.078369
15.334342
14.889735
15.44322
14.517718
13.973304
14.862514
15.098427
14.499571
14.644749
14.59938
14.036819
14.327174
14.635674
14.009599
14.808071
15.461368
15.370638
15.778942
14.935104
15.279902
14.926027
15.670063
15.189166
15.071208
16.132814
15.896901
15.697282
15.715427
15.815239
15.624694
16.178181
16.087439
16.704445
16.414091
16.686302
16.014856
15.98764
15.751723
15.470443
15.552112
14.844369
14.998618
15.343415
14.608456
15.325263
15.107501
15.225464
15.388783
15.679133
16.187254
15.960423
15.270826
15.334342
15.470443
15.615621
15.98764
16.30521
16.377804
15.951344
16.150957
15.924121
16.078369
15.388783
15.642842
15.270826
15.025838
14.390688
14.916959
14.735482
14.318101
14.100333
13.791832
13.619435
13.574067
13.183904
13.12946
12.5669
13.692025
13.918863
14.181995
14.118479
13.519623
13.973304
14.363464
15.760804
15.515814
16.559275
16.250776
16.414091
16.949432
16.341505
16.023935
16.39595
16.858702
17.076464
17.502924
17.384665
16.866119
16.893417
17.384665
17.339178
17.16633
16.911612
17.448338
17.339178
17.120848
17.766743
17.602993
17.903202
18.003271
17.985079
17.957785
17.830421
17.593897
17.593897
17.257303
17.29369
17.339178
16.756958
16.665985
16.884315
16.72057
16.438553
16.793348
16.756958
17.211815
17.257303
17.230009
16.893417
16.96619
17.34827
17.275494
17.47563
17.821327
18.121532
18.512707
18.503616
18.749235
18.840208
18.985752
19.094929
18.867496
19.049438
18.967573
18.394445
17.912298
18.139727
18.421736
18.794714
18.167021
18.076046
19.340551
19.677141
19.322346
19.55888
19.486105
19.777208
19.140415
18.803816
18.358059
18.712847
18.485415
18.640062
18.895407
18.813337
19.615849
19.734394
19.82559
19.615849
19.998861
19.834711
20.245079
20.363634
20.044453
20.281563
20.071819
20.190371
20.181244
20.336275
19.962383
19.552013
19.342262
19.542891
19.378738
19.406099
19.95326
20.053581
20.02622
19.515532
19.679674
19.862061
20.007982
20.163012
20.354517
20.27244
20.245079
20.208605
20.208605
19.95326
20.007982
19.852957
19.661442
20.035337
19.95326
20.536907
20.75577
20.846968
20.719288
20.664576
20.181244
19.624969
19.71616
19.670563
19.524645
19.269308
19.305786
19.023083
19.305786
19.260191
19.004845
18.567112
18.548876
18.594473
18.731264
18.758619
18.96837
18.959221
18.940943
19.114628
19.37059
19.489422
19.937353
20.494974
20.284727
20.138464
20.284727
20.156746
20.1019
19.992201
19.471148
19.608267
19.288315
19.279175
19.09635
19.105486
19.489422
19.580835
19.955635
19.928217
20.019627
20.147612
20.421848
20.86978
20.84235
20.84235
20.467558
20.421848
20.659525
20.239021
20.659525
20.193314
20.184174
20.51326
20.714371
20.696085
20.86978
20.549824
20.02877
20.065336
20.650377
20.824078
21.308561
21.171444
21.134869
20.915478
22.250128
22.332396
22.359818
22.60663
22.807745
22.826031
22.862598
22.789463
22.423815
22.716337
22.68891
22.359818
22.28669
22.560925
22.570065
22.451233
22.670628
23.211061
23.119463
23.201897
22.954584
22.743908
22.121037
22.011118
21.873718
21.855406
21.498163
21.122612
21.269171
21.7638
21.754642
21.168411
21.571449
21.177574
21.534809
21.168411
21.388248
21.443207
21.809601
22.148516
22.459951
22.276756
22.725586
22.423313
22.688946
22.780546
22.579029
22.661469
22.514908
22.441628
22.679781
22.853825
22.624826
22.789703
22.780546
23.027863
22.945421
23.156097
23.091978
23.330135
23.2477
23.073666
23.412573
23.806444
23.595772
23.852247
23.531652
23.421738
23.394255
23.549971
23.320976
23.430899
23.659889
23.733168
23.659889
23.93469
24.044821
24.182478
24.210007
24.044821
23.81538
24.035635
23.998932
24.127411
24.081524
24.301786
24.292603
23.842913
23.732782
23.833731
23.741957
23.870445
22.915997
22.88846
21.94319
21.484318
22.383698
22.200159
22.576427
22.246038
21.823881
21.78717
21.50267
21.282412
20.511518
20.337139
20.447271
20.37385
20.1077
20.722599
20.713415
20.37385
20.777651
20.961206
20.30961
19.914978
19.970047
19.768141
20.37385
20.823542
20.823542
21.29159
21.273239
21.172289
21.29159
21.190638
21.007092
20.814365
20.392202
20.796015
20.603285
19.960861
19.694719
19.777319
20.034286
20.48398
21.190638
21.309944
21.447605
21.502785
21.806293
22.017828
21.91666
21.401625
21.695927
21.999432
21.668339
22.358116
22.532862
22.661623
22.597244
22.330526
21.797096
21.741913
22.339731
22.26615
22.523664
22.339731
22.422493
22.312138
22.339731
21.760309
21.098116
20.840603
20.895784
21.199291
21.236074
21.153297
21.171694
21.006144
20.610672
20.619871
20.463514
20.702646
20.251986
20.086439
20.803816
20.675056
21.079721
22.312138
22.201771
22.376514
23.038702
23.093891
23.342209
23.673306
23.323816
25.273596
25.282793
24.66659
25.016081
24.942503
24.795347
24.78615
25.006882
24.988487
24.694183
25.052864
24.785658
25.154217
25.412216
25.513565
25.799198
25.660988
25.753132
26.352039
26.103262
26.628458
26.93252
26.840382
26.388895
26.55475
26.711384
26.573177
26.379681
26.444183
27.052303
27.070734
26.840382
27.208942
26.904879
27.15366
26.950951
26.757458
26.481037
26.434969
26.324398
26.094046
26.167759
25.412216
25.716272
26.084835
25.937408
25.845268
25.052864
25.559635
25.329281
25.080513
24.923866
25.476711
25.891338
26.545532
26.471823
26.76667
26.93252
26.960163
27.586718
28.028988
28.111912
28.093481
27.890781
28.98724
29.180733
29.263668
29.171526
29.060957
29.171526
29.0886
29.024096
28.830603
28.839819
29.13467
29.005671
28.600256
28.720037
28.591045
28.600256
28.554182
28.508116
28.72925
28.84
29.098408
29.163006
29.818253
30.002829
29.901312
29.799791
30.048975
30.381203
29.53216
29.559841
30.676525
30.584236
30.445808
30.10434
30.436586
30.482719
30.353516
30.69499
30.888792
30.722673
30.233536
30.556555
30.464264
31.0826
30.021282
29.698284
29.762877
30.408897
30.362753
29.227604
29.642904
30.482719
30.233536
29.624447
30.215088
30.261238
29.34758
29.449095
29.153776
28.766172
27.870974
28.193981
28.387787
28.996887
28.72925
28.987659
29.66136
30.122803
30.048975
30.602701
30.501177
30.851871
31.396379
31.507118
31.304083
30.990307
31.119503
30.953398
31.230753
30.879433
31.156805
31.249247
31.600561
31.092081
31.129059
31.535852
32.127544
32.201515
32.330956
32.589813
32.626808
33.246235
33.62529
33.412651
32.589813
32.053585
32.238487
32.543591
32.931896
32.340199
33.033596
32.534344
31.600561
31.378687
31.350948
31.896423
31.683767
30.657541
30.546602
30.500376
30.879433
31.156805
31.637552
30.398672
30.250757
29.890179
29.76074
29.437155
28.891682
29.243004
28.826967
29.243004
29.659046
28.808472
28.475641
28.826967
29.501871
30.186026
29.769991
30.010366
28.789984
29.196779
29.899424
29.982632
30.426411
30.55584
30.565083
30.70377
31.517359
31.378687
30.693312
30.193178
30.276531
29.683783
29.720829
29.165127
30.230228
29.711569
30.072777
30.146872
29.83197
29.776405
28.442719
28.405672
28.322309
27.887012
27.368357
27.961105
26.747822
26.256952
24.098972
25.562326
24.525015
25.654942
25.36783
25.599367
25.534538
25.441921
23.330254
22.950525
23.209846
24.26569
24.710245
23.987831
24.682463
25.849438
25.812387
25.997625
25.784605
24.97884
24.534281
25.590111
24.747297
24.080446
24.77508
25.673464
26.071716
26.812654
27.071983
26.877491
26.256952
27.359091
26.24769
26.766348
27.516542
27.905537
27.275742
27.460974
26.618156
25.877222
26.571852
27.331312
27.849964
27.757158
28.740871
28.703747
28.870798
28.89863
29.557531
28.982157
29.585367
29.223438
29.260563
29.808094
30.504112
30.040098
30.067942
31.237247
31.265095
30.411308
29.409044
29.956573
30.726841
30.207146
30.504112
31.190855
29.316242
29.446169
30.040098
29.975142
30.587631
29.687452
28.601667
28.397501
27.757158
27.66436
26.912659
26.671377
27.720045
27.599401
29.093512
29.390478
28.954311
29.603928
29.446169
29.269835
28.52742
29.409044
29.065672
28.610941
27.720045
26.9405
27.107548
26.550735
27.070425
23.915148
23.84091
24.184273
23.785223
23.673862
23.942987
23.803783
23.998665
24.137877
24.676126
24.991653
25.140471
25.084663
25.010256
25.270681
25.428801
25.726431
26.358894
26.563519
26.703033
26.405397
26.517012
26.517012
26.312391
26.433306
26.600721
26.23798
26.861151
26.796041
27.075069
26.972761
26.926254
26.72163
26.870447
26.507713
26.442606
26.265884
26.024061
26.926254
26.777439
26.730936
26.554214
26.796041
27.205284
27.214581
27.335493
27.205284
27.744736
27.86565
28.126076
27.847046
28.107477
27.967957
28.023767
27.633123
28.023767
27.754036
27.95866
27.66103
27.679628
27.995863
27.354097
26.628622
26.554214
27.121572
27.29829
27.307594
27.251783
27.121572
27.465708
27.335493
27.121572
27.493608
27.036936
26.421827
26.226107
26.748022
26.617542
26.692101
27.288576
27.148773
27.036936
26.915781
26.542986
26.738699
26.90646
27.046257
27.251297
27.400414
27.558851
27.689327
27.381765
26.477751
26.021072
26.030394
25.890594
25.182283
25.163643
25.126368
25.219564
24.902685
24.464655
23.868183
24.473972
24.567169
24.865412
24.343494
24.362135
24.66037
24.390097
24.669693
24.231659
24.418053
24.893368
25.657597
25.331404
25.312761
24.986563
25.191605
25.182283
25.079767
25.81604
25.275484
26.058353
26.552307
25.918549
26.095636
25.741474
25.937195
26.254066
26.254066
27.680014
27.773205
27.931644
27.698648
27.195374
27.120817
27.074217
27.298357
26.915455
27.625225
27.569195
27.942759
28.484432
28.829981
28.129543
27.690605
27.38241
27.326374
28.017475
28.736586
28.559143
28.204256
28.316324
27.942759
28.68989
28.951387
29.418346
29.100817
29.296942
29.521078
29.287598
29.278261
29.465042
29.913322
30.07209
29.922661
29.651823
29.605131
29.502399
29.838606
29.72654
29.493061
29.409004
29.110157
29.558435
29.483723
29.950684
30.473669
30.445654
30.174822
30.184153
30.12812
30.464329
30.772524
30.912615
30.837894
30.61376
30.12812
30.324245
30.090767
29.23156
28.699232
29.156853
29.380993
29.577114
29.558435
29.717199
29.791912
29.315613
29.119492
28.624517
28.615158
28.746168
29.008173
29.288898
29.822273
29.223398
29.120461
28.521585
28.821022
28.624517
28.633877
28.877171
28.998812
29.083038
29.457333
29.204679
29.242111
29.597694
28.811665
28.465439
28.39994
28.353153
28.091145
27.679419
28.025639
28.07243
28.203426
28.259581
28.446726
28.933315
28.970745
29.214041
29.756771
29.794197
30.112352
30.234005
30.299507
29.943924
29.971994
29.869064
30.009424
30.262077
30.055063
29.744537
30.073879
30.412636
30.939585
32.078175
31.937027
31.767647
31.626513
31.626513
31.306572
31.071331
