Adjusted
11.48597
11.499194
11.195019
11.274366
10.976805
10.950355
11.168568
11.036318
10.851165
10.560217
10.599891
10.084113
10.189914
9.97831
10.599891
10.771814
10.599891
10.553601
10.679239
10.481215
11.261308
11.634686
11.30798
11.281307
11.261308
11.488002
11.387988
11.347986
11.387988
11.34132
11.327985
11.561339
11.194633
11.334647
11.234639
11.287981
11.467999
11.521338
11.43466
11.41466
11.241306
11.027948
11.054617
10.967941
10.781252
10.634566
10.494554
11.30798
10.961275
11.167964
11.00128
11.127961
11.648022
11.174632
11.694695
11.474667
12.08807
11.714693
11.874713
11.501334
11.54134
12.21475
12.154743
11.988055
11.908051
12.03473
12.06807
11.934719
11.85471
11.794704
11.53467
11.601347
12.001392
11.514671
11.568011
11.554679
11.30798
11.274641
11.694695
11.928053
11.741367
11.761539
11.411848
11.78171
11.627044
11.754812
11.553071
11.344606
11.344606
11.465649
11.694291
11.707742
11.485823
11.445479
11.19666
11.075618
11.22356
11.015095
11.22356
11.048717
11.089064
11.189936
11.317706
11.115963
11.183214
11.237004
11.270638
11.485823
11.008368
11.028543
11.230286
11.075618
11.344606
11.425303
11.472373
11.364782
11.169762
10.95457
10.994921
10.773005
10.766279
10.887325
10.81335
10.645236
10.490566
10.47039
10.490566
10.288824
10.208128
10.826802
10.416595
10.423317
10.261924
10.033284
9.804643
10.618336
10.759555
11.257181
11.001648
11.371505
11.378228
10.873874
10.934396
10.611612
11.270638
11.501338
11.521694
11.793112
11.711688
11.935606
11.983106
11.352056
11.684545
11.901681
11.589549
11.175635
11.569192
11.874537
11.677757
11.508123
11.284203
11.385988
11.575978
11.508123
11.582762
11.772758
12.227379
12.15953
12.017032
12.26131
12.145959
12.505586
12.899141
12.76343
12.525942
12.397017
12.844857
12.376662
12.749864
12.15953
13.319837
14.758354
12.451303
12.498798
11.983106
12.220598
12.0781
11.080642
13.061992
13.435193
12.417374
12.383447
12.030602
11.908463
12.166314
11.141712
10.178175
11.19599
11.12814
10.551376
11.209566
11.514909
11.996674
11.698115
10.999213
11.263848
10.91779
10.57173
11.813469
11.320671
11.745026
11.977735
11.751868
12.176224
11.690269
11.484937
11.39596
12.114622
12.313111
12.278889
12.751153
12.42262
12.456847
12.251513
11.580757
11.478093
11.964045
12.703245
12.76484
12.89489
13.052308
11.341203
12.313111
12.751153
11.936666
12.573198
12.456847
12.292578
12.285736
11.50547
11.929824
11.792933
12.408932
12.217291
11.888756
11.977735
11.813469
11.649201
11.854537
11.847689
11.79978
12.032487
12.203597
12.176224
11.82716
11.676579
11.553379
11.847689
11.341203
11.156404
11.402803
11.067424
11.39596
11.519158
10.998981
11.72449
11.204317
11.875069
11.608136
11.98458
11.977677
11.397778
11.294226
11.528944
11.563463
11.570369
11.770569
12.143361
12.219301
11.715342
12.032903
11.943157
11.798184
11.411583
11.446101
11.100926
11.163056
10.949042
11.480618
11.653207
11.874125
12.019096
11.742959
11.846506
12.039808
11.501328
11.646306
11.915544
12.246915
12.053613
12.322857
12.026002
11.701536
12.00529
12.274531
11.722244
11.487521
12.295241
11.625595
11.839603
12.143361
12.039808
12.053613
12.405697
12.585189
12.481637
12.309048
12.281435
12.357371
12.412598
12.626612
12.585189
11.763666
11.963869
11.770569
11.294226
10.783361
11.446101
11.004272
11.142343
10.942144
10.824781
11.073309
11.207833
10.887209
10.761746
11.312382
11.277532
11.382079
11.033582
11.409965
11.444813
11.493603
11.396023
11.430873
11.2148
11.619065
11.179951
10.998731
10.69902
10.831448
11.089342
10.650227
10.80357
11.012671
10.740839
10.824478
10.929031
11.11025
10.880239
10.887209
10.85236
10.810539
10.935999
10.775688
10.678107
10.601438
10.545675
10.587497
10.531737
10.489916
10.413245
10.427188
10.62235
10.489916
10.664166
10.503856
10.629317
10.538708
10.733869
10.552648
10.462035
10.538708
10.594466
10.949937
10.705988
10.810539
10.970851
10.671141
10.62235
10.657198
10.71296
11.033582
10.977819
11.263592
11.312382
11.441148
11.560767
11.434114
11.645202
11.82815
12.018131
11.863334
12.032206
12.018131
11.856295
11.968879
11.961842
11.785932
11.638168
11.518546
11.532621
11.427076
11.511515
11.497438
11.405966
11.427076
11.42004
11.293384
11.307457
11.075256
11.033038
11.131548
11.159696
11.166729
11.173765
11.272276
11.166729
11.180802
11.230056
11.427076
11.35671
11.42004
11.279311
11.279311
11.124511
11.033038
11.018967
11.180802
11.110437
10.948603
10.80084
10.772693
10.850095
10.786764
10.906384
10.899347
11.040074
10.96971
10.997855
11.033038
11.166729
11.36375
11.645202
11.652238
11.610023
11.821112
11.687423
11.574841
11.539657
11.54889
11.63412
11.38553
11.3003
11.229272
11.115628
11.357119
11.293198
11.371326
11.378426
11.484967
11.406838
11.520481
11.754866
11.847201
11.868506
11.698045
11.698045
11.38553
11.683843
11.705146
11.627022
11.5702
11.46366
11.506278
11.364222
11.527584
11.392631
11.442351
11.555992
11.619917
11.719354
11.904024
11.726457
11.818791
11.811687
12.053177
12.074488
12.095795
11.960844
12.024772
11.918229
11.911124
11.925334
11.861409
11.896919
11.967948
11.960844
12.017665
12.074488
11.953741
11.747766
11.868506
11.975045
11.804585
11.825892
11.811687
11.776176
11.47076
11.555992
11.3003
11.342915
11.215982
11.596064
11.302037
11.230324
11.122755
10.89327
11.008012
10.929127
11.122755
11.115582
11.172953
11.180125
11.352237
11.352237
11.165784
11.330724
11.244669
11.115582
11.280524
11.230324
11.294865
11.266181
11.194468
11.072553
11.015182
11.187295
11.215982
11.194468
11.172953
11.280524
11.172953
11.144268
11.15861
11.194468
11.15144
11.323551
11.302037
11.266181
11.144268
11.237495
11.244669
11.294865
11.251835
11.201635
11.259011
11.194468
11.337893
11.596064
11.811203
11.875743
11.904431
11.940289
11.854232
11.940289
11.761004
11.474151
11.667775
11.596064
11.495663
11.40961
11.510006
11.223153
11.306448
11.277476
11.241261
11.205048
11.009484
10.86462
10.574899
10.422792
10.842891
10.654572
10.741489
10.632842
10.538682
10.719761
10.618357
10.611114
10.350361
10.408308
10.285174
10.256201
10.169287
10.241715
10.118585
10.024423
10.125824
10.082367
10.096852
10.140315
10.241715
10.176526
10.314145
10.270689
10.198257
10.277932
10.560412
10.560412
10.531441
10.618357
10.285174
10.227228
10.04615
10.147556
9.980965
9.799889
9.778158
9.792646
9.676757
9.720214
10.002693
9.937508
10.053395
10.219986
10.219986
10.2055
10.24896
9.87232
9.980965
10.198257
9.87232
10.089612
10.176526
10.270689
10.285174
10.222927
10.135053
10.135053
10.17899
10.069144
10.01056
10.017885
9.937331
10.017885
10.069144
9.812839
9.702993
9.681026
9.783546
9.871423
9.834808
9.615118
9.695671
9.622443
9.402749
9.358814
9.278258
9.366137
9.248966
9.300229
9.322198
9.314875
9.432043
9.483305
9.563859
9.637087
9.593152
9.710319
9.600471
9.622443
9.541888
9.490627
9.593152
9.51992
9.410072
9.366137
9.637087
9.446688
9.556536
9.549211
9.585827
9.549211
9.600471
9.732286
9.834808
9.805516
9.754256
9.724964
9.76158
9.717641
9.659057
9.629762
9.637087
9.651734
9.659057
9.556536
9.234323
9.270936
9.205029
9.190382
9.068042
9.119946
9.201507
9.245995
9.23858
9.33497
9.409115
9.283067
9.312725
9.394283
9.349794
9.268237
9.386871
9.260821
9.297894
9.305311
9.297894
9.245995
9.112532
9.164434
9.164434
9.164434
9.186676
9.312725
9.572235
9.609309
9.661208
9.683455
9.987454
9.972621
10.083841
9.957794
9.928135
9.972621
10.002281
10.091256
10.128328
10.135743
10.343349
10.321109
10.38784
10.424914
10.410085
10.454573
10.38784
10.447157
10.4175
10.491646
10.499058
10.558374
10.402669
10.410085
10.484232
10.536131
10.691838
10.558374
10.343349
10.150573
9.787257
9.787257
9.905891
9.876231
9.883646
9.72236
9.684851
9.902401
9.887399
9.909904
9.894903
9.864894
10.022431
9.962416
9.827383
9.849891
9.984922
10.059941
10.142461
10.022431
10.044938
9.932409
9.827383
9.684851
9.834885
9.887399
9.64734
9.542316
9.602331
9.504807
9.32476
9.527311
9.519811
9.422288
9.414785
9.32476
9.22724
9.167226
9.264748
9.347269
9.27225
9.32476
9.15222
9.279751
9.482302
9.422288
9.452293
9.429787
9.437288
9.519811
9.504807
9.639838
9.827383
9.819882
9.662344
9.812383
9.639838
9.64734
9.609834
9.714857
9.617334
9.557318
9.632339
9.902401
9.977419
10.112453
10.239978
10.353841
10.399385
10.293115
10.391795
10.467703
10.247571
10.255161
10.232388
10.293115
10.194433
10.065392
9.989483
10.095756
10.171663
10.14889
10.247571
10.179253
10.103345
10.088162
10.088162
9.913575
10.027434
10.133706
9.86044
9.890803
9.738987
9.693444
9.701034
9.625123
9.632715
9.670669
9.799712
9.746579
9.693444
9.784534
9.921165
9.95153
9.95153
9.883211
9.830075
9.761758
9.761758
9.989483
10.065392
10.202024
10.308293
10.369023
10.406977
10.452523
10.369023
10.217206
10.331066
10.460112
10.285525
10.293115
10.171663
10.224799
10.247571
10.323478
10.080572
10.004664
9.95912
9.875622
9.751136
9.743455
9.597455
9.51293
9.566718
9.174831
9.059567
8.268106
8.744521
8.252738
8.652311
8.490945
8.852098
8.736836
8.644627
8.245052
8.114423
8.122106
8.367999
8.537049
8.367999
8.437156
8.798307
8.859781
9.028831
8.913569
8.759887
8.629259
9.074938
9.028831
8.95199
9.220934
9.382298
9.551352
9.543667
9.520616
9.366932
9.351566
8.898202
8.744521
8.882835
8.998096
9.059567
8.844412
9.021148
8.759887
8.5601
8.859781
8.882835
9.128725
8.913569
9.228617
9.297776
9.413036
9.366932
9.236304
9.074938
9.451461
9.343879
9.482196
9.405353
9.497561
9.320828
9.51293
9.920188
10.128676
9.918632
9.428536
9.623018
9.747487
9.646355
9.763046
9.996428
9.716371
9.833059
9.94975
9.73193
9.856398
9.739711
9.584122
9.475213
9.327405
9.311844
9.008451
9.195155
9.272948
9.171817
9.685254
9.73193
9.716371
9.833059
9.809723
9.84862
9.49855
9.72415
9.794165
9.599683
9.560784
9.584122
9.661916
9.475213
9.693033
9.708591
9.957528
9.910854
9.988647
9.887516
10.0431
9.996428
10.074218
10.237584
10.276483
10.439847
10.432069
10.455405
10.432069
10.525422
10.62655
10.556537
10.424288
10.416511
10.035322
10.035322
9.934194
9.910854
9.825281
9.895294
9.830703
9.712543
9.649529
9.673158
9.917351
9.846457
9.838577
9.877966
9.862212
9.846457
9.89372
9.909473
9.933106
10.003999
10.067017
10.051263
9.759809
9.87009
9.814948
9.925229
9.940981
9.917351
10.019754
10.019754
9.877966
9.720422
9.814948
9.807071
9.877966
9.89372
10.122158
10.208807
10.460874
10.476629
10.602666
10.563277
10.437244
10.39786
10.468753
10.547523
10.492384
10.516016
10.36635
10.421489
10.476629
10.618418
10.405736
10.326963
10.11428
9.846457
9.917351
10.035508
9.838577
10.02763
10.130035
10.074894
9.791315
9.77556
9.688914
9.767685
9.807071
9.862212
9.862211
9.838272
9.862211
9.886148
9.814335
9.726564
9.766461
9.726564
9.582943
9.630814
9.598898
9.51113
9.479213
9.423359
9.335587
9.295693
9.39942
9.495172
9.543042
9.519107
9.519107
9.535065
9.263773
9.279733
9.088233
9.064297
9.056317
9.096212
9.2159
9.343567
9.104192
9.160047
9.176004
9.255795
9.359524
9.335587
9.431337
9.383462
9.255795
9.359524
9.104192
9.04834
9.152069
9.14409
9.263773
9.431337
9.463253
9.439315
9.487193
9.375484
9.287712
9.447293
9.391443
9.614856
9.646773
9.742523
9.606877
9.559004
9.183984
9.072276
9.183984
9.152069
9.176004
9.271754
9.279847
9.271754
9.198938
9.182757
9.34457
9.425474
9.595376
9.660099
9.676281
9.660099
9.668189
9.635831
9.741003
9.821913
9.838092
9.838092
9.749098
9.765279
9.708643
9.765279
9.684374
9.660099
9.749098
9.692461
9.684374
9.684374
9.684374
9.838092
9.862365
9.741003
9.741003
9.821913
10.064628
10.072716
9.846182
9.773368
9.813823
9.781459
9.708643
9.838092
9.79764
9.757189
9.838092
9.821913
9.741003
9.805733
9.902818
10.064628
10.096992
10.024173
9.93518
9.854272
9.886636
9.741003
9.773368
9.668189
9.692461
9.741003
9.94327
10.048447
9.894725
9.821913
9.902818
9.830001
9.862796
9.977576
9.854598
9.789008
9.936581
9.756216
9.608643
9.510262
9.534856
9.420076
9.338095
9.534856
9.56765
9.666033
9.63324
9.584046
9.756216
9.862796
9.928384
9.887392
9.903789
9.993974
9.920186
9.920186
9.993974
9.952979
9.887392
9.969378
10.067759
10.051362
9.977576
9.969378
10.092355
10.166142
10.100553
10.11695
9.952979
9.944783
9.89559
9.89559
9.813604
