Adjusted
29.843672
29.940266
29.912676
30.409494
30.22319
30.464685
30.513012
31.016726
30.588898
30.029978
30.216272
29.671171
29.422756
28.560221
29.229561
28.235918
27.704596
28.084103
28.042698
28.166916
28.291109
28.705126
28.912144
27.9944
27.987507
27.525185
27.428576
27.649384
27.683887
27.676981
27.373381
27.497581
27.400976
27.442383
27.028362
27.118073
27.076666
27.469978
27.159464
26.911049
25.986429
26.158932
26.593651
26.207224
25.738014
26.117523
25.813923
26.54534
25.889822
25.758717
25.627605
25.586206
25.87602
25.2826
25.531002
25.5448
25.37919
25.613806
25.634727
25.425526
25.676573
26.562208
26.917856
26.917856
27.001537
27.350225
27.20377
27.433899
27.23167
27.154959
27.147982
27.266533
27.775606
27.810471
27.949942
27.677977
27.594294
27.768627
27.691919
27.573372
27.726801
27.629168
27.894156
27.991783
28.521772
28.389277
28.340464
28.145195
28.103363
28.033627
28.347429
28.145195
28.431116
28.319546
28.221916
28.486902
28.382303
28.152176
27.789551
27.447847
27.545471
27.468775
27.517586
27.608238
27.189823
26.882986
27.385088
27.559429
27.092192
27.378113
27.58732
27.287453
27.496664
27.733763
27.768627
27.643101
27.531527
27.894156
27.545471
27.824421
28.054543
28.207962
27.306652
27.025003
27.947428
28.046009
27.771393
27.250326
27.348909
27.792519
27.89814
27.91927
27.370033
27.172874
27.243288
26.841927
26.630686
26.567314
26.715181
27.025003
26.285656
25.933578
25.9195
26.067379
26.27157
26.94755
27.130627
26.158918
26.243406
27.109499
26.616602
26.461691
27.553106
28.440331
27.848845
27.968557
27.60944
27.813652
28.341743
28.165718
28.517778
28.165718
28.651575
28.426241
28.806482
29.271214
29.588078
29.102228
29.109262
29.031805
28.672693
29.052935
30.024649
29.158548
29.186722
29.355715
29.306431
28.996601
29.419086
27.8559
28.383999
27.743233
26.87714
26.602516
26.834888
27.679861
27.281586
26.570387
26.634396
27.87899
27.651409
26.783739
25.439577
25.297338
24.842176
23.298874
21.122604
23.739819
23.434
21.656002
22.573448
21.904922
24.301661
23.910507
22.86504
24.344332
24.500797
24.507914
26.90465
25.318676
27.402489
26.079668
26.115219
26.314358
25.816507
24.436792
25.681389
25.510698
25.930302
25.105316
27.068233
26.463707
26.229015
26.342802
26.022766
24.365669
26.8193
26.413918
25.987206
27.025558
27.053999
26.150778
26.186338
25.88052
24.564802
25.638714
26.008537
25.468029
26.150778
25.894739
26.271677
26.079668
27.388258
27.025558
27.224686
27.459385
27.743872
27.061119
27.423819
27.459385
27.286959
27.344444
27.81143
27.88327
27.804245
27.387535
27.236664
27.272581
27.473761
27.81143
26.597239
26.331415
26.374519
27.013947
26.76967
27.092964
27.136082
27.186375
27.840168
27.947937
27.962305
27.96949
27.782696
27.912012
28.113176
28.256878
28.120365
28.077255
27.452198
26.733749
26.884623
26.906179
27.16482
26.496656
25.548296
25.670425
25.210615
25.145956
26.410442
26.963648
27.272581
27.459385
27.315691
27.301329
26.956469
26.331415
26.360147
25.526737
25.749458
25.533913
25.806936
26.022474
26.467916
26.985209
27.610256
27.56715
27.753952
28.97533
28.946589
28.968142
29.032801
28.168856
27.609835
27.747784
27.696962
27.210541
26.992743
26.709595
27.464632
27.958324
27.907505
27.428337
27.130676
27.479151
27.580797
27.152462
27.341223
27.559019
27.087116
27.210541
26.825754
26.956434
27.399302
27.225061
26.949184
27.442865
27.486416
27.435598
27.050823
27.043558
26.833017
26.687813
27.079861
26.375641
26.339331
25.831137
25.838398
25.874695
25.373751
25.279367
25.446356
26.513584
25.976332
26.767668
26.651514
27.392038
26.920139
27.036301
27.239578
27.2904
27.210541
26.876579
26.840273
27.41382
27.617104
27.159719
27.007256
26.999996
27.871202
27.377525
27.667913
27.203276
27.355738
27.863939
27.863937
28.128193
28.21627
28.517231
27.966702
28.238298
27.900646
27.717134
27.445534
27.254692
27.952024
27.768517
27.834578
27.69511
27.673096
27.775854
28.260319
28.223616
28.884241
29.031055
29.243923
28.920944
29.265942
29.919231
29.632959
29.845833
29.765091
29.464136
29.684341
29.500828
29.625626
29.346697
29.500828
29.207214
29.412748
29.346697
29.258596
29.36137
29.427433
29.845833
29.779764
29.809135
29.955944
29.845833
30.022001
29.794449
29.647644
29.324667
29.464136
29.376049
29.508179
29.354033
29.251257
29.339346
29.603605
29.669672
30.080727
30.117426
30.139442
30.124763
29.699022
30.139442
30.726669
30.352318
30.374559
30.352318
30.026026
29.803555
29.662657
30.107595
30.011196
30.292988
30.330072
30.619278
31.034557
30.819498
30.990067
31.338596
31.479492
31.9541
31.501745
31.55365
31.47208
30.915903
30.952972
30.863989
30.812082
30.700855
30.322651
30.582203
30.159502
30.322651
30.634119
30.671179
31.02714
31.442417
31.15321
30.849161
31.093878
31.590721
31.316345
31.041983
30.797251
31.219942
31.55365
31.590721
31.842857
31.249617
31.397924
31.805779
32.117252
32.280388
32.21365
32.354546
32.310047
32.61409
32.851395
33.325981
33.600372
33.474304
33.377911
33.355656
33.452057
33.429821
33.229595
33.185089
33.748684
33.81543
34.032482
33.980099
33.418747
33.306469
32.932243
33.313961
32.745136
32.775074
33.269058
33.306469
33.508556
33.298988
33.68819
34.122284
33.703156
33.358871
32.64035
33.209183
32.984646
32.460709
31.989185
31.614958
31.6
31.562563
31.592506
30.956316
31.37545
30.933857
30.978764
30.724285
30.903921
30.701824
31.270674
31.338022
31.817034
31.89189
31.420359
31.450298
31.442806
31.061092
31.37545
31.46526
31.914339
31.667349
31.742195
31.914339
31.876909
32.064037
32.161339
32.116432
32.026604
32.161339
32.348454
32.348454
32.311024
32.408325
32.183792
32.42329
32.086483
32.168819
32.161339
32.384491
32.165123
32.089462
32.331532
32.497959
32.649254
32.308842
32.127293
32.475266
32.626568
32.263462
32.225632
32.376919
32.172684
32.339096
32.60387
32.634125
32.724899
33.254425
33.027493
32.687084
32.883766
32.92915
33.133389
33.594849
33.337646
33.647789
32.732475
32.656815
33.458679
33.594849
33.504074
33.095577
33.004807
33.224167
32.951839
32.429882
31.431341
31.590195
31.287605
31.204388
31.174133
31.287605
31.393517
30.803467
31.454033
31.506983
30.584091
30.652174
30.939632
30.25881
31.151442
31.332993
31.378386
32.059208
32.301281
32.709774
32.664387
32.535778
31.983562
31.506983
31.408649
31.779318
32.066093
31.721956
31.431353
31.232523
31.148392
31.653131
32.318462
32.540237
32.601425
32.876751
32.731434
32.815552
33.282051
32.547886
33.15205
33.473244
33.037338
33.595596
33.825031
34.09269
34.628017
34.268585
34.016228
33.95504
34.712154
34.482719
34.643314
34.589783
34.903332
34.979813
35.339245
34.612724
34.865086
34.956871
35.010391
35.17099
34.666264
34.49036
35.071575
35.331593
35.736908
35.989285
35.828682
36.425198
35.767502
35.759853
36.539906
36.478714
36.463428
36.669914
36.478714
36.891693
33.809723
33.847965
34.306816
34.780972
34.681538
34.612724
34.696846
34.413887
34.5439
34.582138
35.040989
35.10981
35.183189
34.905136
35.082779
35.314499
35.322235
36.071465
35.793396
35.909256
36.133255
35.986496
35.963333
35.886093
36.063732
36.225941
36.465393
36.233669
36.689388
36.573536
36.812977
36.82069
36.751186
36.650768
36.867046
36.936554
36.704834
37.145103
36.98291
37.469513
37.52359
36.975182
36.735733
36.673943
36.728004
36.666222
36.952015
36.51173
36.442219
36.666222
36.689388
36.697113
36.287743
36.3727
36.264565
36.094639
36.249115
36.843864
36.944294
37.176003
36.789806
36.504017
36.148708
36.179604
36.326351
36.480835
36.82069
36.442219
36.98291
37.152832
37.400002
37.121941
37.121941
37.338211
37.260971
37.338211
37.349907
37.186157
37.303127
36.95224
37.115978
36.538971
36.811882
36.663734
36.273857
36.383026
36.429806
36.60136
36.905457
36.928833
36.913246
36.64814
36.60136
37.006821
36.64814
36.429806
36.632538
36.055542
36.086716
36.336231
36.016533
36.149094
36.06332
36.312847
36.289448
36.429806
36.422009
36.281654
36.032135
36.032135
35.868382
35.525303
35.384945
35.25238
35.462917
35.486301
35.743629
35.915169
36.195881
35.993145
36.071125
35.462917
35.611065
36.078918
36.476582
35.860584
35.67345
34.628597
33.529144
33.115871
33.303024
33.599327
34.113953
34.121754
33.996986
34.051571
34.230919
34.215321
34.32169
34.660511
34.8102
35.062332
35.054455
35.046574
35.511452
35.322342
35.251446
34.715652
34.463516
34.558067
34.715652
35.345982
35.180519
35.251446
35.558723
35.598125
35.747826
36.236332
36.401791
36.449074
36.307247
36.291481
36.322998
35.889645
36.173306
36.055107
35.984196
36.417557
36.267857
36.653927
36.259968
35.921154
36.086628
35.747826
35.527195
35.282955
34.014408
33.856823
33.65984
33.793785
33.959248
34.179863
33.975002
33.699234
33.368309
33.273769
33.13982
33.029507
33.061028
32.737976
32.864037
33.053154
32.667065
33.005863
33.234364
33.368309
33.250114
33.037384
32.690712
32.942841
32.816769
32.972107
33.075672
33.481941
33.983818
33.569572
33.943993
33.88026
33.800591
33.593472
33.888222
33.800591
33.450089
33.601437
33.171276
33.386356
33.776703
34.485687
34.06348
34.222801
33.856365
33.553638
33.48991
33.003971
33.067699
32.048035
32.247189
32.38261
33.426182
31.578022
31.801075
31.235481
31.864807
31.753273
32.478203
32.342777
32.860588
32.900414
32.812778
32.66143
33.123474
33.720936
33.027882
32.733124
33.577541
33.402287
33.736862
33.529747
32.932274
32.358711
32.972107
33.187199
32.390579
32.318886
32.326855
32.565838
33.083633
33.896191
33.625343
34.222801
33.784664
33.856365
34.294506
34.38213
34.50959
33.824501
34.44051
34.062046
33.345379
33.345379
33.329262
34.617664
34.601555
34.818985
34.029823
33.67551
34.03788
34.223099
34.053986
34.633762
34.094257
34.319721
34.625717
34.279453
33.997623
34.070095
34.754555
34.5774
34.545193
33.643311
34.102306
32.902477
32.902477
32.4757
32.636749
32.218021
32.282444
32.483761
32.22607
32.137489
31.3242
31.187304
31.404726
30.79274
30.212952
29.681498
29.963322
30.639734
30.607519
31.275879
31.018206
30.623621
31.082619
31.090668
30.889355
30.518946
30.79274
30.679996
31.034302
31.090668
31.855659
32.193855
31.759026
32.507912
33.063534
32.974949
33.087692
33.586941
33.257221
33.745701
33.558456
33.232792
33.257221
33.420036
33.428192
33.420036
33.485176
33.908531
34.120193
33.6073
33.981804
33.737564
33.542175
32.858303
33.086246
32.695477
33.452602
33.591019
33.240944
32.890873
33.102528
33.509598
33.436333
33.713139
33.501465
33.599152
33.973656
33.599152
33.574738
33.648014
33.818974
33.745701
34.43771
34.470276
34.43771
34.120193
33.916676
33.989937
33.867817
33.924816
33.932949
34.152767
34.258602
34.152767
34.071362
34.19347
34.413288
34.877342
35.21928
35.422806
35.080875
35.211136
35.243702
35.129723
35.569347
35.512363
35.276268
35.325123
35.496082
35.593773
35.260586
35.367535
35.71307
35.778889
35.532074
35.606117
35.277046
35.005547
34.585983
34.709381
35.087826
34.766975
35.383987
35.441582
35.293499
35.203003
35.540306
35.449806
35.770657
35.820023
35.910511
36.099731
36.346542
36.354774
36.288952
36.502857
36.552212
36.453491
36.552212
36.288952
36.420578
36.346542
36.264267
36.001015
36.058605
35.828247
35.737743
35.902287
36.305405
36.239586
36.083286
35.984562
36.07505
35.704834
35.951653
35.877602
36.033916
35.688393
36.552212
36.700298
37.095192
37.070515
36.947109
37.021156
37.218601
37.251499
37.17746
37.119869
36.741421
36.231373
36.066826
36.107967
36.568665
37.17746
37.331211
37.622078
37.829845
37.597149
37.430943
37.405998
37.472488
37.339508
37.746723
37.68856
37.705181
37.239788
37.389381
37.605453
37.647015
37.796608
37.314587
36.932293
37.314587
37.954498
38.320168
38.644287
38.36171
38.178886
38.012669
38.644287
38.652592
38.045914
37.505722
37.721806
37.597149
37.555592
37.63039
37.322891
36.815941
37.040333
37.306267
36.840881
36.799324
36.392097
36.624802
36.550011
36.583248
36.466915
36.200966
36.076309
36.101231
35.718952
35.893467
36.126167
36.109547
36.001507
35.810364
36.009823
35.943344
35.344971
35.3699
35.353287
35.444702
35.394836
35.577675
35.444702
35.735565
35.622173
35.840565
35.479389
35.504593
35.706169
36.000153
35.840565
36.520924
36.159748
36.22694
36.176544
35.697769
35.806961
35.806961
36.478928
36.294132
35.932957
35.672573
35.428993
35.210602
35.311394
35.277794
35.714565
35.353397
35.277794
34.866215
35.202202
34.555443
34.370651
34.345455
34.043083
34.311859
33.925484
33.740688
33.967476
34.034672
33.782692
33.673496
33.740688
34.227859
34.051472
33.93388
34.043083
34.395851
34.068272
33.89188
34.177467
34.152264
34.244663
34.337063
34.328655
34.227859
34.076675
34.026276
34.421059
34.84103
34.866215
35.210602
34.849422
34.353859
33.816292
33.998947
33.735577
