Adjusted
59.571342
60.03936
58.685448
56.729832
55.167007
55.668461
54.891224
53.879986
56.245102
55.242229
55.050018
51.071903
51.615124
52.091492
52.19178
52.166725
53.51226
53.487183
54.214268
54.874504
56.5042
57.573936
56.813408
55.283993
54.90794
54.389778
54.289482
53.930119
54.456635
56.855209
55.292374
55.050018
55.469208
55.871655
54.211601
54.421192
55.217682
55.410507
56.299236
55.913567
54.186436
54.278667
53.976833
54.345745
52.652153
52.308399
50.88311
53.297722
53.146816
54.077438
52.719219
52.308399
55.050018
54.136131
54.605648
56.38308
57.716152
57.112499
55.838116
56.642986
58.076664
61.31295
60.851807
59.837345
61.799194
60.600281
60.63382
60.248146
61.522541
60.130764
60.365532
61.103336
62.905907
62.302265
63.987473
64.532417
67.961525
66.628426
66.410461
66.611671
66.4356
66.12542
66.947037
68.129204
68.73288
68.657394
68.129204
67.441719
69.646721
70.082687
71.030106
72.021896
71.828583
71.525993
71.441948
71.81179
70.761124
69.727325
68.676727
67.718567
68.617882
69.626465
70.147591
71.164581
69.836571
69.357513
68.870033
67.054581
65.70137
65.297928
64.675957
62.877354
64.297737
66.121597
65.381989
64.667564
64.129639
66.020775
63.869083
63.297565
62.373013
61.011414
58.876572
59.624622
59.944
60.734055
59.036266
59.28001
59.254803
60.792892
58.859768
58.036091
57.960434
57.91
56.111336
57.330051
56.901398
56.212208
57.506561
57.876366
57.783913
55.153194
56.472763
55.993668
55.859203
57.187168
51.841644
50.900291
51.950905
52.648518
51.54747
51.614697
52.976318
53.791573
53.766369
54.917843
54.884232
54.833786
53.623474
52.161034
52.21146
51.941399
53.181919
52.287407
52.287407
53.181919
54.861267
54.06802
54.430885
53.173481
50.506794
50.945618
51.90765
48.245182
50.506794
51.44352
51.688248
48.641792
49.61227
46.481445
47.789467
50.05954
46.861191
45.426586
45.013077
45.460327
44.928692
42.211369
44.726154
43.11433
41.013039
39.94973
37.975033
35.899078
35.266148
32.194386
33.90749
38.540443
37.17334
33.080475
36.101597
35.05518
35.637463
33.519295
32.017162
32.388485
31.156403
29.181704
31.426458
30.641644
31.915905
32.717594
33.046711
34.607906
32.396927
30.574116
31.181726
31.215487
30.8948
29.249216
32.118446
30.337831
29.426426
30.242422
28.729448
27.046476
29.273438
32.129387
33.803841
34.526329
34.917316
31.738384
31.925386
31.644892
31.874399
32.443867
33.140854
31.780891
32.418365
31.389893
31.474892
31.1604
32.605362
32.537376
31.644892
32.061382
32.01038
33.038868
33.26836
33.829357
33.778347
35.571804
36.158298
38.385262
38.53825
38.980244
36.574795
36.719296
35.928802
34.721832
34.526329
33.123867
33.803841
33.803841
34.245838
33.548855
32.775364
33.217361
33.02187
33.880348
35.520824
33.676353
32.477875
32.392868
33.42136
34.016335
34.602829
35.588806
35.206322
33.506355
34.237331
33.999344
34.585827
32.977985
33.07206
32.233921
32.04578
30.378057
31.455656
30.266874
29.35178
28.539295
26.871584
26.461069
26.786057
24.733484
24.485468
23.826941
25.631485
25.862398
26.503832
26.31568
26.059107
26.888687
27.658409
27.991949
26.863028
28.992575
29.052444
29.214937
31.02803
30.258327
28.85573
29.060989
29.796495
32.302345
32.969437
32.439178
31.310268
31.28462
33.465469
32.242489
31.618158
31.045137
33.277309
34.269402
32.627338
33.978619
35.885788
37.639038
37.544971
37.040363
36.971951
38.425846
38.785049
39.4949
40.726433
39.845547
40.538288
39.024513
40.333031
38.930435
38.263359
36.920628
37.108784
37.339699
38.973206
38.741009
37.442482
36.599724
36.573921
37.726265
37.322086
36.694321
36.341732
40.134148
40.40073
39.678371
40.271744
41.097298
40.873711
40.64151
40.383533
39.738564
39.721363
38.242237
37.330688
37.081295
36.763111
36.548134
34.862621
35.112007
35.301186
36.255745
36.754528
36.978107
36.943707
36.857708
35.774166
35.421585
34.381042
34.62183
34.570236
34.983013
35.791355
36.186947
37.726265
38.405628
38.242237
39.471981
40.185745
40.47813
41.277893
41.217697
41.398277
40.890896
40.40073
39.299984
38.078842
40.254528
41.080101
40.108349
40.306126
41.922852
41.518677
40.942509
42.533424
42.877403
42.026054
40.607117
41.596073
41.604671
42.019588
42.780289
42.996387
43.506397
43.030972
42.94453
42.667912
42.062824
41.431789
40.947716
41.198395
41.768906
41.570087
41.794857
42.10603
43.394024
45.503204
46.687481
47.500038
47.422237
47.698853
46.782562
46.40221
45.866272
45.15744
45.12286
45.65881
45.736614
44.811691
43.394024
42.788925
44.241154
44.526417
44.08556
44.906761
45.702034
45.624233
45.148796
46.376278
46.255272
46.047798
47.768005
50.110596
48.632416
49.911781
49.151081
48.174286
46.808498
45.874916
46.938148
45.779827
46.324417
47.759357
47.13699
48.952259
48.528687
49.669731
49.401756
48.502766
47.793926
47.543255
49.237511
48.699219
48.456116
47.153767
46.867252
47.179806
47.648659
47.77021
46.511265
46.849873
47.535782
47.666019
47.084301
48.021999
48.213005
46.962753
46.815147
46.676235
46.884609
48.377975
48.334568
48.351929
47.058266
46.875935
47.318726
47.301365
47.579193
47.718113
47.587875
47.283997
47.188488
46.780407
47.33609
47.110344
46.910656
47.466324
48.812084
50.20126
50.305447
50.574604
51.043449
50.843761
53.3269
52.623638
51.677261
50.027618
49.810555
49.142017
49.836609
48.898911
48.542934
49.610863
50.479088
49.749786
47.692066
47.726784
47.353451
48.404022
48.230373
49.280937
48.69054
49.92894
50.748734
51.24585
51.455158
51.385387
50.853394
51.341782
51.367947
52.597637
53.818604
54.132572
54.429096
54.132572
54.882591
54.961098
55.231445
55.658779
55.545406
55.475632
55.676235
56.199505
57.010567
57.21117
56.783829
57.167561
58.057125
56.984406
56.504742
56.347752
56.897209
57.141384
56.461147
56.923351
57.926285
57.839081
57.996071
58.946671
59.722874
60.594986
60.839195
61.519436
61.231647
60.237411
60.516502
59.129829
61.920609
61.43224
61.911884
62.060169
59.958344
60.228683
62.121193
60.33334
61.76363
59.286812
58.641441
56.251831
54.289543
59.033901
58.475735
60.228683
59.461231
57.96117
57.795479
56.867393
55.711666
52.270718
53.032448
52.148155
52.402046
52.769787
54.92366
53.811707
52.095615
54.004314
54.266998
51.237568
49.976768
50.887348
51.150005
53.277615
53.461479
53.31263
55.571556
54.05685
53.846718
53.286366
53.435207
51.246315
51.342628
49.591515
50.966148
50.773518
49.171246
48.558357
48.356987
48.173115
47.980495
49.792896
50.14312
50.186897
49.416405
51.018673
50.25695
50.852318
49.258808
49.801655
50.756004
51.03619
53.05872
54.450851
54.599701
53.487759
54.118149
53.899254
54.389557
55.90427
56.193214
56.420872
57.252632
57.331444
57.182594
56.946194
54.59095
55.011211
55.615349
55.510281
57.357712
57.672894
56.09042
55.589302
54.490337
53.013351
52.450695
52.617737
53.356232
52.186947
52.011112
54.683765
56.002491
57.119038
56.398113
57.18058
57.110237
57.189358
59.563095
58.886169
59.088345
59.097149
60.24884
61.400536
61.066479
60.996132
59.571877
61.435688
61.031288
61.637917
61.936836
61.593948
61.901676
60.029057
62.43795
61.708248
62.165405
62.578609
62.36763
62.007164
63.114914
62.56982
62.446735
63.668785
66.007355
66.367813
66.772217
67.088699
67.862366
67.255714
66.798592
66.701904
67.299706
67.959084
69.022865
68.451408
70.666893
71.809807
71.30687
70.433434
70.989273
71.73922
70.045219
70.936317
69.224678
68.862953
70.433434
71.624512
71.792168
70.521652
72.603867
71.871567
71.024567
70.786369
73.397919
74.103767
74.306679
74.730179
74.986038
75.074295
75.030174
76.000694
76.221275
75.965393
75.277199
75.303673
74.83606
74.968422
75.86834
75.524254
75.25959
75.709541
75.762474
76.009514
75.859543
76.141853
77.227097
77.174133
77.288864
75.797791
75.921295
76.980034
77.456474
78.224068
78.726982
79.097534
81.091545
80.359238
75.444855
75.87719
76.821205
76.309502
77.809402
78.215248
76.927116
78.885796
79.803352
79.344559
79.485748
80.297455
80.91507
81.809311
80.897346
81.295792
82.836334
81.809311
80.923927
80.755707
81.145279
81.348907
78.88755
77.23188
77.594887
78.400597
78.958359
76.833458
76.70063
79.285957
77.320412
75.443405
76.134003
75.523087
74.566864
75.602776
76.151688
75.886108
76.072006
77.975586
78.542244
79.888008
80.109367
81.587959
82.287407
82.305107
82.668137
83.509232
83.801422
83.827965
84.916985
85.173759
85.173759
84.978966
85.820091
84.385765
84.323776
82.668137
82.85405
83.146233
82.862907
81.472847
83.110794
84.90815
85.492493
84.3946
87.201286
82.765518
83.323296
83.509232
82.623863
81.738487
79.666679
78.905235
79.038605
79.171974
80.256638
77.971741
78.709656
77.793907
77.971741
75.79348
77.393829
78.060623
76.851509
75.500076
76.282494
77.998398
78.24733
79.465363
78.994148
76.131332
77.260468
76.71814
77.491615
77.216011
76.975952
78.060623
76.309143
76.93148
78.923012
76.842598
76.593651
75.855713
75.829063
76.575882
76.940392
76.513626
75.606789
76.220261
77.251549
77.278252
79.785431
81.421318
80.603378
80.238853
80.123299
79.367577
77.340462
76.629227
76.958199
75.580109
77.758339
76.371407
77.811691
77.562759
78.674095
77.749451
78.096214
75.313393
71.063629
69.845589
70.254578
68.867607
63.017498
64.182198
60.323624
60.101357
55.273678
59.479008
56.029385
59.310081
61.861729
63.20422
62.208462
61.434971
58.358768
56.927361
56.545055
58.385437
60.323624
58.812843
60.520279
63.282589
63.836834
65.642616
64.623505
62.048939
60.851048
62.844551
62.29924
59.340275
59.072094
60.511345
61.995308
63.103794
62.638947
62.093624
60.234219
57.75798
55.34433
55.710846
56.765701
58.347984
57.47192
58.437378
56.43494
54.360989
56.309795
58.097683
59.188301
59.009514
62.755142
63.818962
65.124115
64.614571
65.803505
64.998955
68.968102
68.181404
68.887634
69.59388
71.399628
69.325684
70.112358
75.216789
74.993301
72.901482
70.174942
72.329346
75.476021
75.583328
74.161942
75.194565
72.015823
73.973351
75.62561
75.607643
76.622337
74.691727
72.608482
72.815002
70.85746
70.067268
68.127701
67.328514
71.261551
70.273781
74.332527
74.54808
73.730942
74.377457
75.31131
73.542351
71.405212
72.752144
71.548897
70.336647
68.199516
67.957077
67.364433
66.331779
68.648491
68.262375
68.37912
69.519524
69.977486
68.271362
68.953804
68.46891
70.785614
70.489296
70.884415
69.717087
70.776665
72.931725
73.38073
74.601936
74.027229
74.952133
76.379883
76.299057
73.201118
73.362747
72.976631
73.964386
73.183167
73.183167
73.14724
72.446846
74.179893
74.090118
76.972511
77.834549
78.79538
79.516953
79.534966
78.930649
81.402031
80.256554
79.011841
80.509087
79.886734
81.176552
81.176552
81.555374
80.842827
81.393005
81.393005
81.005157
80.581253
79.859688
79.507912
77.153809
77.740082
79.23732
79.571045
80.391838
80.905952
80.491051
81.853012
81.311836
80.797722
79.282425
78.777321
76.567535
77.23497
78.443604
77.559662
76.152641
76.296936
76.260857
77.595749
76.928322
75.28672
74.953018
74.502014
73.455772
73.969894
75.485153
73.987915
73.924767
75.097351
74.592224
73.582031
74.673401
73.004768
79.336533
78.542801
78.759293
80.265572
79.093025
78.993813
79.52594
78.254181
76.793015
76.405159
77.393082
77.529037
78.136292
78.716362
77.13932
76.341743
75.390053
73.595497
73.060738
75.009392
75.779793
76.858337
76.550194
76.459549
78.381012
76.57737
74.084908
70.577347
70.5411
71.021469
72.734451
73.223892
73.658928
72.779785
74.130234
71.538086
71.112091
71.356819
71.701218
73.785828
72.154411
69.870392
69.498787
67.423256
66.825066
67.867355
66.254051
69.680069
68.601479
69.951958
70.241997
68.64682
67.613571
65.809959
65.112061
65.483673
66.979156
66.145325
66.961006
69.326584
70.5411
69.752563
69.571297
68.891533
69.435364
71.093971
73.776756
73.178574
72.79792
73.921768
71.465576
72.480682
73.015427
74.592484
74.166504
74.429321
75.652893
75.172546
74.592484
74.19368
75.353828
75.979187
75.063782
74.565277
74.483704
74.103043
74.312553
74.148598
73.574722
73.028168
72.22654
72.855087
72.882416
72.354073
74.959312
76.234596
76.252815
76.890465
76.671829
77.992661
78.684937
77.355019
77.591858
78.27504
77.928894
77.883347
77.965332
75.770012
74.931976
76.225487
76.134407
75.997765
76.152626
76.079735
75.85199
76.890465
75.833771
74.221466
72.181015
72.126358
72.326752
73.483627
74.667793
76.617172
77.491638
71.50692
71.142548
69.903725
69.357185
70.668884
70.668884
71.652687
73.66581
72.354073
72.836876
73.255875
70.911987
71.891655
72.413544
72.459328
71.626129
70.985245
71.955757
73.255875
74.208099
72.981209
73.338303
74.556015
74.537704
74.22641
75.663887
76.350571
75.215225
73.521431
74.327133
75.901932
75.380051
76.735107
76.844971
76.359718
76.103355
76.213226
76.442123
76.533684
79.335365
78.93251
79.24382
77.961998
77.70565
77.522514
77.357704
76.780884
