Adjusted
39.684013
37.215633
35.886509
36.083412
35.570042
35.218418
36.118568
36.20295
36.533493
35.766953
36.723366
35.274689
34.690994
34.75428
38.080631
37.264851
36.927296
38.84013
37.391441
34.690994
35.563015
36.849945
36.568649
34.676933
34.894932
35.963863
35.211399
34.557377
35.914635
35.865421
35.098877
35.563015
34.873837
34.719116
34.290138
34.676933
35.893528
36.709312
36.54755
36.013084
35.288746
35.366104
34.52924
34.648792
32.883659
33.523602
33.50251
35.176231
35.288746
35.119972
34.831635
35.035576
36.484261
36.920265
39.100327
39.691044
39.12846
38.326744
38.20018
38.20018
38.270496
40.239582
39.167942
40.118919
39.466007
39.146652
38.415665
38.039543
38.642773
38.075016
37.56403
37.968571
40.729275
40.800236
40.587322
40.750561
40.729275
41.687359
42.269306
42.226723
41.864773
41.5667
40.984756
41.304115
41.481541
41.871872
42.184143
41.261539
41.119598
40.43829
41.311222
41.495739
42.311886
42.404137
42.098976
42.361565
41.531219
40.402809
40.459583
40.055046
41.176369
41.42477
42.013817
41.829296
41.495739
41.864773
41.226055
41.623486
39.920212
38.912457
39.125351
38.458244
38.706642
39.182137
40.381519
38.394382
37.890503
39.139557
37.755657
36.648533
36.712402
37.166615
36.258202
35.683353
35.754318
36.414051
35.453144
35.302559
35.022881
37.468178
34.155201
34.850784
34.922489
33.638889
33.330544
35.388607
36.284973
35.689785
36.277794
36.779766
38.092049
34.291451
35.410118
33.782303
36.019634
36.25629
35.108932
35.402946
34.513741
35.438793
35.05875
33.567184
35.338406
36.894501
35.998138
34.779072
34.829277
34.764729
33.588688
32.936138
32.613438
31.501951
32.147339
30.870899
31.659721
31.709909
33.093903
32.54892
33.316196
34.64283
33.889874
33.803825
35.847549
33.638889
33.889874
34.148033
34.018955
31.724255
34.355984
34.148033
36.177402
33.710598
30.325922
31.372885
29.171396
29.68771
31.695555
30.297239
32.484371
31.13623
28.625011
27.260538
25.910578
22.898556
22.753401
21.192961
24.858181
27.158922
23.7187
20.263954
20.053478
18.855928
18.73255
16.939854
14.595566
14.595566
12.998831
11.119047
13.390758
14.036709
15.096354
17.440645
17.520475
18.725288
17.019691
15.060063
16.351965
13.332695
13.753654
9.616672
12.149662
10.705347
10.865022
10.349714
8.172356
7.373988
8.150581
10.168268
11.20614
12.911738
12.498043
9.544089
11.416619
13.44882
12.534332
13.848007
16.293901
13.985901
15.466505
11.78677
13.456079
13.049637
16.315678
16.380999
14.602826
16.112457
15.945522
16.068911
15.916493
16.351965
15.270546
16.257616
16.997911
16.743891
16.526152
18.790607
17.658384
17.186617
16.555191
14.929428
15.212482
13.55043
13.434304
14.210896
11.481938
13.296403
13.027865
13.789941
13.100443
13.361727
15.176195
12.672228
11.699675
11.445651
11.307751
11.14808
11.300492
12.679487
12.926257
11.554518
11.4892
11.569035
10.603742
9.507803
9.906981
9.27555
9.805372
8.941689
9.798116
9.449737
9.036041
8.644115
7.707853
7.548177
7.896554
7.51189
7.054644
7.468343
8.956203
9.094102
10.233585
9.703765
8.876365
9.805372
10.523904
10.139233
8.745728
10.683577
8.93443
10.269876
10.72712
10.39326
9.602155
10.451327
10.632771
11.66867
13.21512
12.933943
11.587279
11.690868
13.725673
13.821863
12.327207
13.858857
13.999447
13.733069
11.861053
13.170725
12.748966
12.933943
13.762671
12.993143
13.32611
13.829263
14.125233
13.259517
14.591386
13.984645
14.598786
13.104131
14.480399
13.733069
13.577684
12.208816
12.948745
12.075629
13.53329
13.28911
13.111528
13.074533
12.512189
12.978345
12.460391
13.000545
13.207719
14.191826
14.295414
14.16963
14.916957
14.953951
15.057541
14.820766
14.147429
13.955049
14.502596
13.496296
13.296512
13.14113
13.53329
13.807059
12.593582
12.660175
12.919151
13.207719
13.62208
13.799663
13.918053
14.053252
13.174457
13.640141
12.994187
12.806408
12.603611
12.475923
13.2045
13.166943
13.317166
13.550011
13.061786
13.655164
13.317166
13.384765
13.963119
14.316135
14.661654
14.173428
13.940582
14.579025
14.879475
15.360185
16.186405
17.020132
17.222933
17.861376
17.305565
16.118805
16.344139
16.607018
16.682138
15.578003
16.111288
15.840892
16.47183
17.072708
17.00511
17.192888
17.267996
17.485821
17.590971
17.147823
15.953555
15.495381
15.540452
15.653113
16.23147
16.809822
17.117777
16.7272
17.335604
17.726173
18.792753
18.402176
18.665066
18.259464
18.852839
18.071686
17.012625
16.945021
17.726173
17.388176
17.237959
16.135393
16.127789
16.477568
16.355906
16.393925
16.796932
16.872969
17.283581
17.078276
17.709396
17.390038
17.184729
17.534504
17.040253
16.834949
18.059174
17.640965
17.785431
17.526899
16.317888
17.032646
16.713287
16.629646
17.047859
16.454754
16.918589
16.644852
17.899488
18.01355
18.713108
18.294891
18.652277
19.169336
18.933613
19.245373
18.348118
18.279682
18.348118
17.899488
17.869076
17.268362
17.907093
17.983135
18.424162
18.49259
19.040068
18.78154
18.591444
18.39374
18.287291
18.872782
19.351824
19.275785
19.678791
19.306208
19.298601
19.513887
19.759922
19.990585
20.590302
20.690252
20.167423
20.013649
19.64459
19.506193
19.790678
19.613838
19.775301
19.721476
19.744541
19.306288
19.829121
19.752235
19.659967
20.044401
19.575392
18.645061
18.206806
18.222185
18.645061
18.95261
18.468224
18.452847
18.906481
18.983364
18.345203
17.530201
17.799307
17.314924
17.291855
17.238031
17.022753
17.399494
17.91464
18.037657
18.383652
18.268314
18.429779
18.206806
18.391336
18.668131
18.714266
18.806524
18.94492
18.79884
18.875721
19.536951
19.844494
19.998266
20.451908
20.697945
20.967045
21.043934
21.512938
21.974264
21.989637
21.574453
21.597515
21.889688
22.128036
22.212614
22.189543
21.912756
21.351479
21.157299
21.157299
21.553425
22.244682
21.382549
21.382549
21.669926
21.576723
21.965073
22.027212
21.297115
20.86216
21.102938
21.537888
21.514585
21.654388
21.988373
22.027212
21.390312
21.631094
22.438858
21.638863
22.431093
21.770899
21.700991
20.644682
19.782545
21.413612
21.46022
22.431093
21.988373
20.66798
20.613619
20.349541
20.365068
19.308756
19.860212
19.052448
19.021379
19.153418
20.302935
20.13983
19.502932
19.922352
19.867981
18.757301
18.687399
19.20002
19.549536
20.543711
20.831091
21.056332
21.506823
21.056332
20.924297
20.737892
20.605846
19.650509
19.728178
19.215549
19.751478
19.47963
18.796139
18.415554
18.399837
17.881084
17.480232
18.643484
19.154377
19.303713
19.405895
19.885338
19.547377
19.146515
18.077583
18.706366
18.895004
17.684591
18.038279
18.391975
19.272278
19.405895
19.319433
19.036484
19.618105
20.482689
20.215454
20.404081
20.294046
20.144714
20.529848
20.121134
19.232979
18.824266
19.012903
19.036484
19.405895
19.468769
18.73781
18.800684
18.49415
18.368399
18.87928
18.478436
18.769249
18.572754
18.698513
19.256559
19.767441
20.246893
19.696705
19.853901
19.688843
19.963936
20.404081
20.451248
20.687038
20.521984
20.199732
20.844238
20.254757
20.011097
19.649549
20.325491
20.011097
20.498404
20.624165
20.804939
21.130638
21.456339
21.527826
21.130638
21.305397
21.186243
21.408674
21.249796
21.607269
21.368954
21.392786
21.456339
21.035309
22.099789
22.091841
22.139509
22.187168
21.821749
21.877357
22.004463
22.393711
22.655859
22.695578
22.830622
23.712387
23.950706
24.212849
23.243702
23.76005
23.736217
23.172211
23.013327
22.060064
22.528751
22.775013
23.243702
23.156319
22.989496
23.640898
23.640898
23.41847
23.188095
23.545567
24.220797
24.435274
24.880135
25.031065
24.800695
24.943682
25.229662
25.277327
24.610046
24.15724
24.204905
24.347895
24.896023
25.288778
25.296793
24.952131
25.296793
25.168541
25.232674
25.352898
25.417027
25.897951
25.849861
26.290714
26.258648
26.050249
26.202539
25.994143
26.018187
25.889936
26.050249
26.627363
26.18651
26.555223
26.699501
26.691483
26.595303
26.338806
27.260578
26.394917
26.891876
26.627363
26.410944
26.523163
26.531176
26.851795
27.012098
27.00408
27.343561
27.723446
27.844679
28.030584
28.491295
28.968168
28.61253
28.321558
28.289232
28.143738
28.830759
29.404631
28.418545
27.990164
29.024748
28.798437
28.410469
29.048996
28.806511
28.022501
28.248821
27.553709
27.004084
26.963675
27.036415
26.987925
27.771935
27.594118
27.432465
27.917425
28.111412
28.014423
28.143738
28.814598
29.073244
29.12982
29.242973
29.137905
29.22682
28.652948
28.337725
28.483217
28.426638
28.24073
28.927759
29.428885
28.952005
29.194481
28.846928
29.048996
29.339966
29.517788
29.299545
29.857256
29.420795
29.388464
29.154066
28.830759
29.040907
28.717606
28.652948
29.574373
28.790342
28.822941
28.391165
28.325983
28.391165
28.749624
29.116215
28.765913
28.448185
28.570393
28.855524
29.458385
29.727213
30.134548
29.034758
27.755718
27.698696
26.810711
27.788311
27.4543
26.615185
26.142681
26.745539
27.242485
26.827003
27.022522
27.4543
27.755718
27.910505
27.918663
27.560207
27.829046
28.000122
28.048998
28.839233
29.197683
29.490967
29.490967
29.328033
30.354515
29.963472
29.099928
29.059191
28.383017
28.187494
28.342283
28.024563
28.586681
28.611118
28.896259
29.205828
28.879967
29.181395
27.902365
28.749624
29.026608
28.008276
26.598898
26.273026
24.268948
23.429836
20.602947
22.476679
21.507221
22.574436
22.61517
23.951225
23.706823
23.910494
22.558147
21.686457
21.33614
21.213947
20.936958
20.366686
20.480738
21.531666
21.784212
22.183399
22.338186
21.303558
20.855492
22.093784
21.849384
20.896219
20.831047
21.09989
21.637569
22.551483
23.317198
22.979628
23.276033
21.975142
20.690718
21.003592
21.448198
21.637569
20.624853
20.937725
19.966171
18.632351
19.381601
19.109896
20.15554
19.365131
20.237879
20.139078
20.484882
20.353148
21.225895
20.871857
22.222145
21.588171
21.686968
22.724388
23.564203
22.600891
22.814957
24.395781
24.64279
24.502819
22.856127
23.276033
24.082916
24.099379
24.214645
24.469879
22.765554
22.427982
23.448938
23.029028
23.160759
22.987858
22.600891
22.674984
21.579935
21.143559
20.517818
20.756592
21.538767
21.456429
22.905523
22.642054
22.889055
23.465405
23.358364
23.745344
23.00433
23.630068
22.691456
22.312712
22.205679
22.663273
22.887903
22.338797
23.503576
23.511896
23.952847
24.061003
24.127565
23.694933
23.76981
23.786449
24.327242
23.711575
24.327242
23.952847
23.736532
24.385485
24.643394
24.726597
24.601793
25.408823
25.566898
26.041132
26.440481
26.465435
26.773281
26.931353
27.081108
27.056156
26.290726
26.382242
27.072794
27.297428
27.588621
27.438866
27.696785
28.437246
28.387327
27.513746
28.079493
27.779976
27.671822
28.171019
28.287487
28.004618
27.380627
28.004618
28.187651
28.195974
27.946375
28.004618
28.12109
28.071169
28.678524
28.029575
28.462208
28.185383
28.638365
28.512537
29.292667
29.217176
29.359779
29.577871
29.762423
29.594652
29.712091
29.384941
29.527546
29.955362
29.737261
29.401716
29.619822
30.215408
30.408339
30.324453
29.963751
29.762423
29.284277
27.79113
28.000839
28.420259
28.084724
28.52931
29.091351
28.671915
28.822914
29.175226
28.101498
28.428642
29.091351
29.376554
29.695314
29.997301
30.148294
30.114746
30.072796
29.393326
29.720476
29.384941
29.015848
29.024235
29.049402
28.319603
28.084724
27.765961
26.876774
25.945652
27.01099
26.675451
26.809668
26.65868
26.4238
27.111652
26.667068
26.826447
25.635281
25.517839
26.13859
26.843222
26.843222
26.970161
26.437017
27.097101
26.868608
26.877077
26.868608
26.953238
27.317125
27.469452
26.750135
26.690899
26.149294
26.377783
26.36932
26.707823
28.121073
28.22262
28.358017
28.011055
27.994133
27.672558
27.376364
27.604849
27.486374
27.748718
27.664091
27.968744
27.968744
27.65563
27.173265
26.597813
26.530109
26.809374
27.29174
27.520231
27.300203
27.359446
27.410215
27.376364
28.484962
28.713455
28.569582
28.29878
28.137995
28.095682
27.892576
28.087215
28.188768
28.552664
28.603434
28.552664
28.493422
28.121073
27.850269
28.290325
28.552664
28.696524
28.984255
28.83193
28.916546
29.161963
29.263517
29.923595
30.236708
30.236708
30.617517
30.762512
31.478905
31.461857
31.274223
30.89044
30.489594
30.114342
29.841429
29.722031
29.227367
28.954454
29.645267
29.875534
29.491753
29.713501
29.69644
29.815838
29.764668
29.713501
29.508814
29.704975
29.704975
29.713501
30.225208
30.677225
30.822206
31.026901
30.336077
29.986412
29.653797
29.466169
29.235897
28.920338
29.244425
29.218842
29.312654
29.150614
29.338236
29.125027
28.647427
28.476851
28.434208
28.459801
28.016314
27.803095
27.871328
28.434208
28.485384
28.911814
29.073858
29.252953
28.954454
28.877697
29.014158
28.945923
28.962984
29.218842
29.252953
29.773195
30.054634
30.003468
30.046106
30.080223
30.10602
30.174789
30.295147
30.802357
30.639019
31.447113
31.343952
31.395535
31.008671
31.189211
30.75078
