Adjusted
54.61882
53.534393
51.572124
51.579498
49.263145
51.247547
52.914726
53.010624
53.888504
52.944225
53.254074
53.136021
53.128662
54.913864
59.347412
58.115471
56.743362
58.941662
58.004803
56.83186
57.658089
59.804787
59.332657
56.861385
56.204842
56.905651
54.397491
53.586029
55.024529
55.504028
54.272076
54.596664
53.829479
55.968773
55.363861
56.772846
59.081844
59.384319
59.369556
60.335938
60.018723
60.955574
59.94495
59.885937
57.392521
58.218739
58.425285
62.65963
62.221588
63.988728
63.134827
62.785877
66.327606
66.45385
68.302673
70.166328
66.981003
66.141983
65.674187
65.488594
65.80043
70.181183
68.228409
68.904076
67.389381
68.488304
67.211189
66.46125
68.124443
66.669167
66.97361
68.985764
71.309799
70.648972
70.13665
69.423828
69.869324
70.121819
72.111679
71.866669
70.908813
68.904076
67.344826
69.33474
68.384346
69.290176
69.587189
67.834915
68.169014
64.048126
64.605019
66.476097
65.228699
66.46125
66.468681
65.822716
64.746094
63.409599
63.877354
63.550644
64.590157
63.936749
65.102478
65.436592
63.424431
64.55304
65.228699
66.869637
63.654598
63.476418
63.446705
62.721806
61.90723
64.156654
63.910027
61.144989
60.053898
61.944599
61.384109
60.016548
60.943195
62.153862
60.502304
59.478481
60.37524
60.778793
60.038971
59.829731
57.849346
61.645672
57.087078
58.290257
58.581696
56.676075
57.311272
61.017948
62.676975
63.06559
61.42897
63.297234
63.88763
59.627945
61.257076
59.56068
63.170204
62.549923
61.197296
60.771336
60.958164
64.081924
62.998325
59.867088
65.016045
65.965149
64.605034
63.730701
65.643791
66.092186
65.763367
63.431767
64.358429
63.162731
65.905365
63.775524
64.694717
65.202888
67.063698
66.002525
68.05014
68.461151
66.510689
66.15197
69.574654
66.069763
64.448097
66.809723
67.321167
61.447212
68.667435
65.313026
75.203262
75.789894
69.795578
68.960762
68.419228
70.194206
73.458344
69.569946
74.466187
74.315765
69.750458
66.200508
63.15451
58.393639
59.002834
53.02359
63.778748
66.125298
62.274506
56.047062
57.934837
57.964939
59.499237
56.754028
53.474861
55.407764
52.745312
50.007648
59.942963
57.348213
59.634609
61.296783
59.882809
63.034145
57.28051
53.865955
57.160164
54.369862
53.016071
49.45108
53.647839
48.480854
48.097282
48.578632
43.223629
40.478428
45.126469
51.933037
53.189056
54.836178
52.564816
42.749794
48.721539
50.398731
49.05246
52.279018
57.904762
53.301868
56.851833
49.298561
52.529125
51.505733
58.41745
58.799309
55.011242
57.51627
56.660885
56.332489
56.240833
57.08857
54.843227
57.332973
60.716267
57.722473
55.057045
56.576881
52.895721
51.666119
50.108116
48.679951
49.504768
48.061329
49.329105
51.429356
45.762508
50.856552
47.190666
48.779217
48.962521
49.932453
53.453236
48.62648
47.251781
48.557743
47.694721
47.801647
47.144852
49.649879
50.215038
46.12146
47.373959
47.289963
43.929562
41.241241
42.111881
39.377747
42.058437
39.232639
42.638863
41.264156
40.042194
42.371552
38.415443
38.232155
38.148163
36.697067
37.292782
38.415443
43.85318
41.936226
44.798321
43.795441
40.748192
44.050011
45.2612
42.962269
39.760735
45.66235
41.982525
42.460819
44.281452
41.766518
39.915028
42.622826
42.237095
45.037468
47.915005
48.038437
43.911152
45.353775
50.167645
49.720196
45.477207
49.23418
49.828213
50.013355
45.739502
50.352798
46.665245
49.303623
51.733696
49.766499
48.678745
51.224529
51.579411
49.882214
53.037453
49.373055
50.275654
48.447311
51.162834
48.547585
49.604488
47.529285
48.933323
47.367268
50.931381
49.905354
49.65078
49.65078
49.411621
51.957417
50.005634
50.56881
51.386547
51.741409
50.530231
51.031681
52.551449
51.286251
51.124245
51.355682
51.178249
51.038227
52.632927
50.509254
50.268097
49.466854
50.01918
50.33812
48.10553
48.393353
49.723579
50.322567
50.299225
50.221443
50.937107
51.738342
49.404625
51.326065
49.303505
49.334621
48.821205
48.556728
50.369225
50.540367
51.777245
52.041737
51.388279
52.438461
52.352894
52.516251
54.577694
54.235416
54.655479
54.69437
54.562134
55.892345
56.452446
57.245911
58.459419
60.590874
58.443871
60.194157
58.801701
56.537994
56.623569
56.452446
55.612293
52.57848
52.702946
52.391777
53.659763
54.709953
54.881073
55.223343
55.075554
55.814556
55.588951
54.881073
52.531807
52.664063
53.620861
54.180969
54.795502
55.021091
55.410046
54.790714
57.134762
58.467484
60.537109
60.395996
60.921261
60.192188
62.214783
60.184353
58.483147
58.153885
61.179966
59.909943
58.984898
57.079868
56.194004
56.633007
56.687897
56.813332
56.585972
56.821163
56.719257
56.099915
57.707039
58.287163
57.409145
58.25581
58.240124
57.072029
58.545876
58.600765
58.302849
58.004932
55.966644
58.538052
57.699211
57.997108
58.961357
58.553715
60.121632
59.565022
62.050159
61.697357
62.36375
61.767941
62.669479
63.633736
62.645973
63.257473
61.909065
61.618999
62.434292
61.775764
61.783588
59.925652
62.38726
62.645973
62.700848
61.156464
62.56757
61.20348
60.60767
60.341122
60.215698
61.352753
62.426609
61.818623
62.608231
62.663494
62.663494
63.563663
64.692787
65.419228
66.429939
66.216751
65.237625
65.419228
64.313766
63.271496
63.792645
63.405746
63.318874
62.166035
62.592438
61.573849
62.789829
62.473988
62.35556
63.674198
62.971436
62.173916
61.329041
62.189739
61.850182
63.13726
62.023903
62.52137
63.539967
64.069016
63.018818
60.547344
61.297466
60.026184
59.860371
60.049881
60.594707
60.444687
61.652782
62.18182
63.129368
64.511162
64.226921
63.429424
64.376953
64.67701
64.898102
66.816864
67.227448
66.951096
67.780159
69.027756
69.154099
69.240944
69.335724
70.123253
70.791466
70.719872
72.191551
72.97908
73.042725
72.318817
73.018845
73.28933
73.925751
73.265457
73.297302
73.69503
74.108696
73.177986
73.504128
74.601921
75.333778
74.124603
74.021172
75.278099
74.721222
75.715614
75.707642
74.196213
73.074554
73.551834
74.562141
75.079201
76.296341
76.479301
77.330482
75.46106
75.667885
78.92942
77.091805
79.637421
78.173698
77.147514
74.975815
73.949615
78.285057
77.847549
78.436195
77.569107
74.649628
74.840546
72.533607
72.231316
69.2323
71.968803
70.719872
71.531273
72.374519
74.872368
73.73481
72.541557
73.878029
73.098427
69.781174
68.890236
70.170967
69.88459
72.390419
73.249153
73.441772
75.143204
75.199356
75.311737
75.295662
74.501144
73.706612
74.782028
73.168915
74.862289
73.60228
71.804543
70.552589
70.705055
69.565437
68.84314
72.229919
73.257187
74.140007
74.557312
76.619881
76.643967
76.009941
73.337433
74.051704
75.809296
74.581398
77.109459
77.574913
79.196083
79.276367
79.188065
79.196083
78.746651
81.635849
81.354965
81.84449
81.114189
79.725769
81.226547
80.68882
79.011482
78.513924
78.778755
79.019508
82.125412
81.435211
79.107796
78.449715
77.871857
77.117477
78.61824
77.863846
78.59417
78.128685
78.666389
80.761063
82.253838
83.160698
82.406296
82.181595
81.28273
81.988976
83.808968
83.720009
84.229584
83.517769
83.080978
83.986946
81.730133
81.802933
79.068886
81.6735
80.096176
79.562309
78.478386
78.494583
79.254944
78.8424
79.254944
77.936432
78.567383
79.004173
79.505699
80.589592
81.93235
82.636086
81.665436
82.441971
81.536018
83.008194
83.202293
83.380264
82.741241
82.175011
80.913132
80.791817
80.257957
83.056694
83.574402
82.587532
84.852448
84.723015
84.237679
81.891884
83.307457
82.886833
81.827194
80.557243
76.925323
77.273125
77.798943
78.510742
79.279198
78.300438
79.618927
79.279198
78.834312
78.138664
79.440956
80.314575
80.225601
80.031471
80.694725
79.74836
80.063812
81.212425
80.992287
80.902603
80.095375
79.426743
80.0709
81.734268
81.913673
82.26429
81.750587
82.688301
82.941071
82.965523
82.720909
82.696404
84.416916
82.34584
83.161209
82.981827
82.957359
82.45182
82.150131
82.598587
83.462914
84.571838
85.485069
84.490311
84.767517
86.039528
85.713371
87.034302
87.246307
88.48568
86.81414
88.860779
88.787361
88.983055
89.529366
88.966766
89.920731
89.863678
90.181671
90.532288
90.801392
90.507843
89.855537
90.40184
90.010468
91.037842
90.393669
88.868912
88.844452
90.157219
91.527069
89.545692
88.934143
90.100143
88.966766
89.072754
91.796158
91.575981
90.051208
90.987556
90.067635
89.517349
87.694
88.630318
88.392128
89.706268
88.778152
88.006104
88.203224
88.745308
88.589233
89.574844
90.593307
91.09433
91.168236
91.767815
91.324318
90.979324
90.346916
89.114914
89.303818
88.852074
88.515327
90.059441
91.554283
90.82328
91.817108
92.277016
92.23597
93.533676
94.823174
95.751297
97.459686
96.350876
96.01413
95.529533
95.562401
95.242058
95.299561
96.621902
98.445251
97.862122
96.531563
95.545967
96.03875
96.129105
96.662979
96.350876
95.340622
93.410492
93.49263
93.936157
94.938164
95.25029
97.196846
94.63427
94.502853
95.209221
93.985428
95.012115
95.463837
94.445351
92.170258
91.838928
92.700417
90.878036
91.69812
92.584442
92.93235
93.056587
92.518181
90.099396
91.722954
92.021187
92.650696
94.050629
94.439941
95.930969
97.306046
97.836182
98.498848
98.904724
98.068092
99.178093
97.968689
97.612511
98.730789
97.819588
99.517723
100.263252
101.837097
102.077309
101.497467
101.588577
98.730789
98.871605
99.095253
98.407745
96.419701
96.982986
91.797516
91.375053
84.549469
93.412788
90.803497
97.339165
96.891853
99.252663
99.625412
99.699944
95.939247
94.390228
95.508514
98.979279
99.434883
97.554527
99.492867
101.43119
102.168442
102.491486
100.428902
98.233788
98.482292
102.408661
102.590897
99.948463
100.716591
100.232338
101.785294
102.628555
102.645241
100.633087
100.733284
97.568947
95.765511
94.93058
95.773857
96.199646
94.362823
94.872116
92.968521
88.317993
91.76622
91.807983
93.30249
90.363579
95.673668
93.578011
95.481621
94.763603
95.940834
95.064156
97.927948
96.299843
96.867592
99.906708
102.803886
102.23616
104.106369
109.216095
109.808899
107.746628
105.42556
106.343971
106.252113
104.21489
104.782654
105.817963
101.760246
103.597069
104.916252
102.712036
104.423622
103.638802
103.071053
104.457031
102.845642
103.463493
101.776932
102.110916
105.108269
105.709419
110.12616
108.122337
108.164108
107.279076
107.805061
108.639992
106.469215
108.681755
106.982803
105.502518
106.81459
106.873466
107.983665
107.512672
110.061073
110.624588
112.029152
113.130943
114.140228
112.651535
113.711281
113.088905
113.702873
110.481613
111.8862
111.255402
111.120796
112.390839
112.887047
112.500153
113.492607
113.433739
114.005653
114.098152
114.241119
114.367302
114.047714
114.308411
114.930801
115.662529
115.359779
116.789558
116.503616
117.117569
118.875374
116.831604
117.226929
117.353065
116.226051
115.822342
117.824059
116.503616
115.115852
117.361473
116.688637
115.216789
114.569176
116.394264
115.326103
114.072945
113.568283
112.760887
112.828163
112.197357
112.281464
110.464783
110.212479
108.782669
109.943336
110.40136
112.411583
112.352219
113.50576
115.795891
116.13517
116.321762
116.143623
114.930725
116.262398
116.957916
116.440521
116.236946
116.686508
117.195419
117.746735
117.356598
115.880707
115.660202
115.007057
113.938339
116.050339
117.025787
116.016418
116.983368
117.57708
116.720444
116.864616
118.510109
117.57708
120.155617
120.859627
121.012253
122.064064
121.512733
123.022514
123.412666
122.963142
119.163223
119.349861
119.298958
118.136887
117.975746
118.255638
116.169098
115.159737
113.616035
110.783051
110.698219
112.962898
112.114693
112.055321
112.733925
113.056198
114.33699
112.369164
113.208908
111.962059
112.521843
113.378502
115.804352
115.829811
117.653442
116.037529
116.755722
116.011887
117.362732
117.798798
119.03849
119.397606
119.098366
118.123695
117.978333
117.773155
119.739586
119.876381
120.526154
123.467293
124.091408
124.065788
123.262115
123.63826
123.843513
123.24501
123.168037
123.809258
125.399544
126.015099
127.374542
126.434052
124.954948
124.621529
124.373566
124.082886
123.954613
125.724434
127.707985
128.169693
127.348862
127.066742
127.229179
126.451157
125.091743
124.424843
124.048676
122.894478
123.595505
122.928658
122.35582
122.97139
123.937569
124.30513
121.902687
121.808609
121.808609
120.808327
121.98819
121.817169
122.783318
122.82608
123.63826
124.450531
125.373894
125.211426
126.092064
125.527756
124.227036
124.07193
125.450279
127.130051
128.155167
127.224831
125.476128
124.063332
122.366341
121.901161
121.401527
120.393631
120.040474
119.738953
119.885422
119.704498
119.937073
120.333366
119.756195
119.902626
119.902626
119.471916
119.394432
118.472672
117.619835
118.240089
118.713867
118.188393
118.636322
118.894798
117.912758
118.110878
118.825844
118.162537
117.6371
119.42025
120.497025
120.858818
120.63485
121.487679
123.477577
122.254341
125.510559
125.148743
126.50119
124.907555
124.261475
123.925514
124.855881
124.502693
124.295944
125.140152
125.16597
122.943497
122.607529
121.703041
121.151703
122.771202
122.753967
121.935646
122.030365
122.598938
122.416611
122.720482
122.303741
121.13176
121.626587
123.623322
124.82135
124.93425
126.870171
126.080147
126.635757
125.342262
125.333565
124.543571
