Adjusted
31.246105
30.847288
30.13917
29.667112
29.292723
30.757761
30.920536
31.441442
32.556499
32.02747
32.523941
31.791443
31.21356
30.057791
29.81362
32.890213
32.556499
32.963463
32.800678
32.784389
34.526169
34.347115
34.062237
33.142532
32.271633
33.321571
34.119221
34.070385
33.321571
34.192467
33.26461
34.347115
34.143642
35.299397
34.526169
35.380779
35.584263
35.519146
35.755943
35.372173
34.612797
33.57579
33.6493
33.886074
33.01239
32.857262
31.983566
32.187695
32.457153
32.865425
32.032551
31.436487
32.767426
30.905731
31.248671
32.571465
33.314499
33.06139
32.432663
32.775604
33.477818
34.473988
34.253525
34.204529
34.335163
34.024887
34.359676
33.894241
34.767937
33.804428
33.771767
33.632957
34.506638
34.351513
34.743435
34.800594
33.926907
34.204529
35.241516
35.306843
35.347668
35.731438
35.266018
36.221355
36.196865
35.870255
36.376503
35.551811
36.009056
35.698792
36.441818
36.392826
36.033562
36.743942
38.295349
38.662796
37.609474
37.707447
37.454323
38.997562
39.887592
39.584488
40.321781
39.764709
39.076576
38.49493
39.690979
40.461037
38.617809
38.593227
38.847191
37.937866
40.125168
40.952572
40.583927
39.838425
40.223465
41.255688
39.756504
39.166683
37.90509
38.634193
36.954803
37.397171
36.348579
37.536438
36.905651
36.905651
37.159603
38.953693
38.15905
39.461605
39.592682
39.191261
38.421192
38.486732
37.323452
37.020336
37.094074
36.127399
36.717232
42.951454
44.60627
43.762486
44.991302
45.581154
45.335369
45.441872
43.311916
45.654865
45.515598
45.368137
45.761375
44.581692
44.409657
45.376335
46.162777
46.179161
45.335369
44.8848
45.015873
44.819267
45.392715
44.139324
43.828014
44.436066
44.34568
43.26107
42.044983
40.47559
39.883995
39.169132
38.027012
37.476486
38.396759
40.335911
39.374542
38.470711
39.374542
36.925961
38.372112
40.048325
37.764069
37.722992
37.213539
38.240643
37.665478
32.768307
35.307266
34.115849
33.335266
33.58176
33.055889
32.193142
33.74609
32.603981
32.02879
34.756763
33.129837
29.83494
31.954845
32.661495
33.105183
30.09787
29.28441
28.9804
28.750324
27.920441
31.971281
31.157833
32.636833
31.437199
30.566217
31.190695
28.898228
27.156277
29.300848
29.013269
28.816059
26.761881
28.610641
27.065897
26.005941
26.137403
24.658398
24.001059
24.789864
26.967295
26.860477
27.484953
27.583551
24.61731
25.093874
24.896677
24.715914
26.211357
27.55068
27.641499
28.45886
26.90671
28.004768
27.913963
29.771589
28.978989
28.169888
28.921196
28.739567
28.219431
28.202917
28.425833
28.15337
28.846897
29.58169
30.588932
30.093571
30.671499
29.350508
29.1276
28.896433
28.780846
29.012016
27.872673
28.731308
29.738556
28.186403
29.614712
29.771589
30.19264
30.200899
29.416555
30.399038
29.003765
28.524899
29.135859
28.252457
27.930462
28.929453
29.986233
30.25869
28.912945
28.574442
29.342264
29.457844
28.66526
28.335022
27.938719
28.128611
27.063566
28.475368
28.143578
27.919632
27.728855
27.198006
27.745438
28.815443
28.724211
27.894747
27.372187
29.329718
29.321407
30.515839
30.482668
29.727858
30.94717
31.478025
31.220881
30.739788
32.199646
31.544365
31.934227
32.796871
32.299187
31.411655
32.2743
32.912983
34.264999
34.165462
33.725845
32.647568
33.360897
34.547024
33.908337
33.841972
33.924923
34.538715
33.99128
32.871506
33.402359
33.277946
33.783916
34.306465
35.807793
35.0364
35.733154
35.102753
35.384773
35.957096
36.073223
36.272297
35.119358
34.663139
34.770973
33.949806
33.112045
33.618015
33.775616
34.829048
35.119358
35.310112
34.580189
34.264999
35.90733
35.332748
35.76577
36.298717
36.973228
36.565189
36.290382
37.714355
37.80595
37.780968
38.33057
38.363884
38.28894
38.347229
36.898285
36.182125
37.547798
37.706024
38.305595
36.973228
37.04818
37.697697
38.588726
38.463825
38.380543
37.639408
37.606106
37.206394
37.639408
36.373665
36.265408
35.857361
36.173805
36.898285
37.181412
38.355564
38.905163
39.47142
39.163303
39.954403
40.345787
39.47142
39.429775
38.705296
38.605377
38.513779
38.738617
38.480465
39.113354
38.563747
38.147373
37.9725
38.280613
38.089092
37.80595
38.613697
38.788586
38.413845
37.431229
37.597782
38.07243
39.213284
39.379814
39.479748
39.130001
39.723377
39.489372
39.464294
38.795696
37.901436
37.959949
37.625648
38.210678
38.461395
38.628544
38.987915
38.954498
38.636909
38.235744
38.202301
37.625648
37.157619
37.500282
37.26627
36.965393
37.324776
37.358204
38.419605
38.026791
37.592213
35.686699
34.633644
35.051517
35.619831
35.252094
34.641994
34.850933
34.717216
34.508282
35.293888
35.477753
35.06823
35.151806
34.524998
34.608578
34.332775
34.015182
33.998466
34.265923
34.792431
35.32732
34.54171
34.94286
35.285534
34.767361
36.6478
36.689594
37.399986
37.065693
37.324776
37.483559
38.252457
38.035164
38.436321
38.01844
37.684132
37.692497
38.212627
38.221008
38.120338
37.742832
37.751225
37.801563
37.801563
37.440819
37.885448
37.658951
37.407265
37.558277
38.221008
37.667343
37.474384
37.650547
37.491154
37.172371
37.39048
38.095177
38.455921
38.548191
38.674042
38.80825
39.135437
39.311607
38.80825
39.378723
40.326706
39.9324
41.090107
41.501179
41.350174
40.679047
40.855217
40.578373
40.712605
41.375343
40.561592
40.343483
39.244499
39.353554
39.336769
39.596844
33.95932
32.877121
33.363689
32.935844
33.246243
32.021423
31.912374
31.467745
31.803307
31.400633
31.887201
32.583511
32.734516
33.078472
33.397255
33.212685
32.726124
32.331825
31.910509
31.32909
30.907774
29.964033
31.961071
32.601471
33.073341
32.660454
32.685741
32.59304
32.76157
32.946945
32.820553
32.753139
32.871117
32.778419
34.06765
33.747452
33.94125
34.143482
33.865421
35.550678
35.247334
35.188339
35.500126
35.356884
35.618084
35.837189
35.752911
36.039398
35.727646
35.533833
35.584389
35.643375
35.896164
35.980431
36.014141
36.022552
36.477581
35.92144
33.140743
32.230713
32.11274
31.952639
32.711006
32.845833
32.59304
32.55933
31.682997
31.708277
30.899351
30.756098
31.489201
31.581881
32.154881
31.986345
31.430208
31.489201
30.933046
30.713964
29.989307
30.242098
30.056715
30.006159
29.5487
30.12476
30.12476
29.709646
30.514454
30.895664
29.904501
29.658829
29.879091
29.413147
29.675766
29.955341
29.47245
30.141701
29.718126
30.251839
30.234888
30.192533
30.133228
30.006155
29.47245
29.286077
28.837091
28.07465
27.820499
27.075014
27.422338
27.659548
28.27796
28.74391
28.726959
29.735069
30.455149
31.259951
31.242998
30.463615
31.149824
31.132875
30.633049
33.132156
33.106743
33.242279
33.225334
32.835651
32.852596
32.259586
32.835651
32.581512
32.556091
32.615387
32.742474
33.674332
33.699745
33.343948
32.39513
32.14946
32.733994
33.15757
33.072849
32.285004
32.962715
32.649281
32.2257
32.745056
32.591808
32.898312
32.600327
32.608837
33.715652
34.07325
34.379761
34.541519
34.83952
34.822479
34.413811
34.907635
35.001289
35.742012
35.73349
36.210274
36.618946
37.044655
36.86586
37.163849
37.930107
37.964172
37.521446
37.725777
38.423939
37.683208
37.368191
37.683208
38.015251
37.930107
38.108917
37.615101
38.13446
38.585697
38.347309
38.13446
37.879028
37.649151
37.785381
37.444809
37.615101
37.742805
37.410751
37.870525
37.819435
38.449478
38.594208
38.636787
38.900719
41.15694
41.14843
40.697174
40.799351
40.595016
40.799351
40.416218
39.90538
39.488194
40.850445
40.62907
40.833416
40.705193
40.260696
41.089851
40.773579
40.414566
40.021358
40.935978
41.448856
41.730938
41.303543
41.431763
41.782234
41.953182
42.295109
41.987381
42.03867
41.961727
42.440434
42.278011
42.260918
42.731052
42.731052
42.260918
42.406231
42.619926
42.731052
42.508808
42.30365
42.893459
43.568745
44.474815
45.021881
44.218384
44.184196
44.509022
44.739815
44.338055
44.483372
45.32962
44.568851
43.876457
43.799541
44.013229
44.038879
44.329514
46.928074
45.936516
46.26989
47.08194
46.150219
46.996452
47.210148
47.073391
47.953823
48.047859
48.723133
49.236019
49.72324
50.124992
50.039516
50.432724
50.595131
49.783089
48.891186
49.568676
50.614941
51.095196
49.774506
48.968365
50.460575
49.868839
49.380016
49.011242
47.167423
46.344147
45.97538
45.863899
45.452255
43.308277
44.869091
44.345959
45.992535
45.014889
44.980579
46.069717
45.237858
44.749027
46.232658
46.747204
47.021633
46.712914
45.546593
45.09206
45.915344
45.649506
45.992535
45.795296
44.809055
45.177822
45.109211
45.572315
45.700951
45.812447
47.398979
48.831158
48.728252
49.071281
49.894569
49.380016
48.959789
49.088428
48.445244
48.093636
48.136517
48.513847
48.591034
48.805435
48.531002
49.174194
48.985519
48.625336
48.325176
48.410946
49.139885
49.208488
48.35091
48.290874
49.061363
49.216309
49.371277
50.438763
49.199104
49.758671
49.104401
48.622303
48.64814
48.467354
48.097172
47.003864
46.83168
47.847523
46.573418
45.617863
45.359589
46.039677
46.857506
46.478733
47.313766
46.65089
47.132996
47.735607
47.718388
48.889175
49.827541
50.051361
50.533463
51.015537
51.101627
50.137459
48.656742
48.28656
47.279339
47.313766
47.589252
49.052742
49.328232
49.018307
49.465973
48.906395
48.673962
46.995258
47.339607
47.15881
46.590641
45.635063
46.254902
44.119923
43.921925
40.710857
42.949131
40.685028
42.656437
43.474266
44.128532
43.96497
43.913319
41.279037
40.047974
39.944672
41.373722
41.447227
40.599781
42.320621
44.032822
44.30954
44.499786
44.153889
42.960545
42.761646
44.698673
44.577599
43.583157
44.439247
45.243462
45.892021
46.376278
46.58382
46.41087
45.926617
44.672729
43.263195
43.488037
43.738815
44.776505
44.153889
43.34967
42.052555
41.205105
42.744343
43.903111
43.989586
43.43615
45.044567
44.664085
45.001335
46.099567
47.543686
46.384933
47.180492
45.485584
44.975388
44.984035
46.358994
45.243462
44.62085
46.281158
46.030376
44.62085
43.358322
45.122398
48.520844
48.858097
49.221283
49.31641
47.915531
47.742584
48.961872
49.376945
49.636372
49.186707
48.75433
48.140358
47.111656
47.293961
45.167118
45.019547
46.825184
46.104668
47.571758
47.510986
47.172432
47.302643
47.597794
47.267914
46.938046
47.90163
47.554386
47.04221
46.095985
45.618542
45.670624
45.071632
46.972771
46.434551
47.207157
47.424179
47.632526
47.172432
47.615162
47.484947
47.979763
48.465893
48.665565
48.752369
48.535351
48.396442
48.283592
48.89994
49.082245
49.603104
49.993748
50.349663
50.11528
50.479881
50.939968
51.20908
50.184731
50.16737
50.896568
51.061512
51.703903
52.71957
53.006046
53.014721
53.431408
53.361969
53.769974
53.587666
53.596359
53.570305
53.457466
54.056435
54.273472
54.49918
54.299507
55.132881
55.072121
54.959263
54.412365
54.164104
54.538677
54.381878
54.103119
53.624043
54.634502
55.157139
55.688511
55.61882
56.48991
56.716389
56.80349
56.977715
58.144951
58.144951
57.866219
57.744267
58.083992
59.747768
59.66066
59.33836
59.172852
59.286083
59.512562
59.347073
58.702469
58.52824
57.927181
57.683311
57.683311
59.521297
58.075294
57.709415
58.563107
58.354023
54.495117
54.225082
53.624043
53.885368
55.104874
55.671093
55.906269
55.601395
55.435894
55.958538
55.357491
53.928909
53.937622
54.590942
54.016014
54.425419
53.885368
53.536922
53.519497
51.489868
49.791256
48.763374
49.843521
50.462002
50.644932
49.782543
49.93063
50.862686
50.259056
50.136585
48.220695
48.859325
50.022861
51.090149
50.740215
51.405087
50.556503
51.964981
51.56255
49.681675
49.427971
49.664173
49.882889
49.865387
48.22945
48.675617
46.855968
47.170906
48.036983
47.503342
48.710613
48.701859
49.21801
49.209259
48.386917
48.395668
48.264439
47.564575
47.004688
48.098225
47.555836
47.643307
49.034294
51.125137
50.460274
50.145332
49.681675
50.11034
50.923931
51.912491
51.746269
52.209938
52.069965
51.510071
52.699841
52.603611
53.662155
53.758377
54.23954
54.222042
54.327023
54.580723
54.694458
54.738194
55.36808
54.939407
54.309525
54.38826
54.274529
54.615711
54.563232
54.248287
54.335773
53.539673
53.767139
53.198498
53.303913
55.008083
54.401958
53.83976
54.331676
54.849957
56.08857
56.993362
56.93187
57.169052
57.169052
56.52779
56.457512
55.930447
55.104713
54.744549
55.772339
54.87632
54.384384
54.278976
54.524948
55.034431
55.025654
53.936382
53.049152
52.513302
52.0126
51.731491
52.082874
53.0228
53.56744
52.671425
51.608517
51.54702
51.222
50.624653
50.448967
51.863262
51.485523
52.469391
52.091656
53.084301
53.031593
51.055088
53.295116
54.129635
54.129635
54.577644
54.226261
53.830967
54.401958
54.542503
54.58643
54.58643
55.456089
54.893887
54.691845
55.034431
55.649342
55.886524
55.66692
55.754757
56.116344
56.61903
56.319183
56.38092
56.751324
55.992893
55.349072
52.765072
54.714104
55.878227
55.163868
55.437275
54.334869
54.59063
54.317245
54.246689
53.479416
