Adjusted
80.073532
81.664932
82.696091
83.67041
82.801636
85.286179
84.466125
83.613579
83.889633
82.143967
81.5756
79.894897
77.134293
77.085594
78.059891
78.547058
76.679604
80.788025
78.969284
78.928665
82.566177
84.084503
82.923424
80.869232
80.276512
81.064095
80.4795
78.660744
80.633759
80.877342
80.073532
82.420021
80.747429
81.461952
81.153412
82.160194
79.618835
80.714958
80.77179
79.898804
79.042114
77.704109
77.695953
77.345116
76.415016
76.57
75.990746
77.532761
76.268143
76.178391
73.290184
70.997566
71.144455
72.139816
73.241234
72.588585
74.448738
73.175964
72.457985
72.294815
73.045441
76.455811
76.292633
76.863731
75.688873
76.749527
75.737823
75.639908
77.353271
78.103889
78.128372
77.867249
78.193596
78.601547
78.887108
77.092171
75.142242
74.358986
74.815903
74.856697
74.285568
73.828651
73.714439
75.607307
75.411484
74.407959
74.538506
72.090866
72.955704
73.665497
74.758781
74.057129
74.709824
74.832199
74.391647
73.975555
74.13871
73.630173
73.679405
72.957596
73.466118
71.653465
72.342461
71.94873
71.481209
71.743706
71.407417
72.449089
70.907089
71.046539
71.062927
69.93103
70.579018
70.242714
69.96386
69.602936
69.045212
68.897591
68.618706
68.126602
69.356888
69.406128
67.027496
65.731544
65.378868
65.526505
65.247635
64.7145
62.951069
65.969437
64.739105
64.755516
62.811649
62.286682
61.26144
63.722073
64.386436
64.616058
63.976326
65.920235
65.182037
63.81226
63.22171
66.199081
67.913307
67.773888
67.093132
67.437607
67.240761
68.07737
68.307022
67.749275
68.430054
68.708939
67.618042
67.216141
67.486801
68.134781
67.273567
66.683006
66.838829
66.937859
67.754669
67.234879
67.309151
67.795921
68.513748
67.762917
68.22496
68.604507
66.706825
65.551743
67.036858
65.782784
66.022041
65.205208
64.759659
64.454407
67.911446
66.409821
68.332222
78.381569
70.757942
68.010468
66.624313
69.553337
66.418083
66.005531
71.393234
67.721687
60.040276
62.74651
66.830589
59.900017
59.817513
54.330795
50.122952
61.104622
60.997349
54.454567
51.789585
53.456234
53.398468
54.867104
56.93803
59.644245
61.591419
58.588161
61.566639
60.650845
56.228455
61.632687
60.708588
61.2449
57.136036
56.01395
58.29113
55.023865
54.545307
53.530479
58.464405
57.317566
55.593159
55.213623
51.467815
51.135227
58.202682
61.353981
61.395531
64.463654
65.236938
58.526962
61.403831
63.931511
61.703152
66.060074
66.583893
63.856678
64.654861
62.027447
63.440933
62.426552
66.251305
63.565659
64.796234
64.355553
63.391045
63.083397
63.149925
62.975315
62.717567
64.047928
63.307907
63.640511
62.7425
63.598927
61.877785
62.443176
61.595085
60.505856
61.087894
58.984283
60.098423
61.395531
56.839085
58.019772
54.369629
54.544231
54.278175
55.167854
56.714378
53.870758
52.38242
52.374115
52.964451
52.956139
53.937283
53.746033
54.535923
51.825352
53.696144
59.208778
59.657776
58.368977
60.189896
59.325188
56.839085
55.758179
57.57077
56.423355
55.084698
54.15345
52.687584
51.456245
52.042603
49.161118
51.799683
51.548382
53.240425
52.712719
54.061314
54.731419
54.890579
56.574234
58.22438
55.987877
56.247551
60.561394
58.190865
58.67672
59.832638
59.790768
58.308163
59.304939
60.620045
60.000179
61.080753
62.890049
62.052418
62.848152
62.622002
63.275349
60.486031
62.965439
62.144539
60.837818
58.299763
61.717354
59.170929
59.631622
59.866158
60.058815
61.256638
61.482803
62.521473
62.50473
63.124569
59.841038
59.614853
58.165752
61.105869
58.417038
60.134197
59.480835
59.355209
57.596146
58.726974
56.289433
55.962757
56.632862
56.168865
57.645237
55.983269
56.810024
58.404491
60.268913
61.998356
61.601856
61.897114
62.681679
61.686214
61.644028
61.188461
60.614807
59.931469
59.172203
58.514172
58.733513
58.876915
58.97818
58.902233
58.758804
59.08783
59.138447
59.037216
60.201431
60.378582
61.104092
59.054085
60.741348
60.462952
61.188461
61.255951
61.213799
63.019142
63.618126
64.866669
65.026985
64.95105
64.267731
65.263199
66.697365
67.79409
68.089371
68.021889
68.43528
67.836273
67.574738
67.675987
69.059525
70.4431
70.367157
69.025795
70.097214
70.375603
69.751312
70.493668
71.109535
70.70462
69.506645
69.498245
69.481369
69.354813
69.574142
69.177658
70.763664
70.291206
70.611801
71.227676
71.533104
71.320992
70.514969
71.592499
71.957329
71.94886
71.346436
71.52462
71.906441
72.245819
72.670044
72.771843
72.593666
73.04335
73.476051
72.703987
71.957329
72.008247
72.593666
74.969345
75.503883
74.409386
74.171791
74.171791
74.528137
76.471115
77.675896
77.616524
77.641983
78.108635
77.811684
78.201942
78.040756
77.345024
78.473457
77.803185
76.233551
76.454163
75.605675
74.774216
75.308716
73.569405
74.553619
74.231186
73.306358
73.679688
73.213066
73.976646
74.706322
75.52932
76.10627
76.216576
74.808144
75.385094
75.130562
74.93541
74.876007
73.696655
73.705147
73.671219
74.010597
73.58638
71.991257
72.622711
72.434975
72.912796
71.539055
71.590218
71.564636
70.899071
71.206245
71.513443
71.803551
72.153381
72.178993
72.708023
72.434975
73.467438
73.510117
73.117607
72.597092
72.699493
72.221649
72.96402
73.211472
73.10907
72.912796
71.854736
71.829163
71.974213
71.846199
72.324059
72.409393
73.24559
73.407715
72.366707
73.62957
73.894081
73.168785
72.085152
72.161911
72.110733
73.288277
72.45208
73.160294
73.015228
73.399178
72.750694
71.283043
71.061172
70.651619
71.453697
71.991257
68.270966
69.090134
70.276161
70.395638
71.214798
71.556107
72.042473
71.846199
72.716553
73.219986
72.887222
72.938408
72.059532
70.830818
70.566284
69.764206
71.463676
70.845703
70.931541
71.343491
70.837112
70.485199
70.176193
70.708359
70.613922
69.377975
68.751419
68.262146
68.279305
68.639809
68.468147
69.403709
69.420868
69.463814
69.360802
69.103279
69.14621
70.262039
69.961609
70.184799
70.34787
70.416527
71.583847
70.957283
69.695549
70.184799
70.399368
70.656868
70.545265
71.128922
70.940125
68.794289
69.403709
67.112007
65.790192
66.073441
64.846031
65.996201
63.66156
63.816063
66.176437
66.064857
66.725769
66.794426
65.970444
65.927521
65.197945
65.421112
63.215229
63.258144
62.348331
62.082245
61.610172
63.498501
62.790054
61.304119
62.340809
62.193966
60.483379
60.10326
60.828949
60.483379
61.563297
61.770645
62.384014
63.930431
63.783573
64.975777
65.554619
64.872116
63.947723
62.271702
61.57193
61.995243
62.409927
60.733932
61.09676
60.345142
60.025513
59.818161
61.390514
62.358089
63.256573
63.040592
64.284653
64.388321
63.73172
61.917492
61.977982
62.582737
61.580566
63.429382
63.844036
64.638863
64.137794
62.89373
66.435822
67.057846
67.749001
67.014648
67.558929
67.818108
68.759773
69.338615
69.07943
67.800797
68.198227
68.345093
68.517899
69.606445
69.718735
68.915283
69.623718
69.243584
69.373161
69.926079
68.206879
69.977928
69.421715
68.778603
69.960541
69.960541
71.768211
70.25602
71.377121
71.707382
71.368416
72.341774
72.472145
73.019684
73.593277
73.914833
73.706238
73.33255
73.0979
72.576469
73.575897
74.010414
74.853409
74.749161
75.148918
74.036507
74.027802
75.305367
74.149475
74.740433
74.740433
70.925194
71.889893
72.976219
73.662819
73.193481
73.619354
72.115852
73.375999
73.210884
73.054451
73.462906
73.706238
73.132652
72.619911
73.245644
73.488983
74.279839
74.853409
76.765388
77.191254
76.461212
76.20919
76.80883
76.43515
75.227119
75.009872
74.392838
73.880081
74.584038
73.706238
73.436836
73.176102
74.375412
73.601959
73.523308
72.972649
73.444633
73.584488
73.689362
73.724312
74.161354
74.108925
74.318649
75.000412
75.341286
75.19268
74.187569
74.292435
74.012749
73.73307
73.759285
74.528419
74.379837
74.76442
74.510948
74.336136
74.475983
74.135124
74.467239
73.444633
72.762886
72.797859
72.203529
72.15107
72.867767
73.671883
72.815338
72.893997
73.226135
72.710442
72.963921
72.780365
74.0215
74.94796
74.982925
75.437416
74.187569
73.663132
74.493462
74.213783
74.274963
74.633308
75.271355
75.673424
74.921768
75.524849
77.438957
76.731003
77.071869
77.307831
77.875954
79.169518
76.800911
76.005531
75.498611
77.115547
77.482658
76.547447
76.390114
77.159256
76.215309
76.09227
77.340248
77.067825
75.468277
73.402924
72.330734
72.137375
71.724304
71.917641
71.838539
72.928352
71.785835
72.093414
72.585579
72.901993
72.603149
72.945923
73.323853
77.498444
79.502258
81.251213
80.978767
82.402534
82.279488
81.365479
81.057869
80.099892
80.583305
80.161423
80.099892
79.027687
78.465202
78.684921
78.895859
79.238617
79.563797
80.609642
80.899673
80.082314
79.027687
80.706322
79.818672
78.90464
78.983734
79.326492
80.038399
78.887054
79.774727
79.212242
79.300125
78.974953
79.757126
79.018906
78.913429
77.753326
76.883255
77.331459
78.702522
78.861549
78.61412
77.218056
78.384407
77.368256
76.369797
75.981003
75.035553
74.337486
73.427399
73.701309
74.125458
72.755836
72.605637
72.305229
72.570274
72.040146
71.722031
71.289078
71.174202
72.314056
71.907593
72.86187
72.23452
72.278717
71.324425
72.384743
73.754349
73.321358
72.296387
73.091606
73.179993
72.747017
71.898773
71.032837
71.430428
71.174202
72.199173
72.013634
71.845749
72.605637
71.783882
73.621788
72.561478
72.623299
73.038612
73.683632
70.635223
69.009377
64.944801
69.725113
67.551445
71.403938
70.290627
72.941429
72.305229
72.773521
70.281761
69.486519
68.258316
68.841492
69.345146
67.118477
68.620605
72.025833
71.421257
71.750221
71.750221
69.687508
69.340759
72.514832
70.941139
69.571915
69.669731
70.309853
70.114273
70.932228
70.034256
69.456337
70.61216
69.474144
67.811501
68.424988
69.03846
70.300987
68.993996
70.46991
70.576607
69.127388
70.914459
70.870003
71.501274
69.723076
71.599068
71.216743
71.234528
69.483009
69.900887
68.131577
70.300987
71.821358
73.483971
75.644478
77.422676
76.453537
76.409111
80.756775
80.765663
79.947701
78.782974
80.330025
81.308014
81.361366
82.330475
82.321602
80.525604
79.618744
80.667885
78.720741
78.782974
77.315994
76.444679
77.965004
77.058113
75.760056
72.639313
74.621986
75.900726
75.847069
78.449219
76.347824
75.265839
75.274788
75.954376
75.802376
74.291153
74.434219
73.477394
72.368599
72.091408
71.393898
71.411789
70.186699
71.608513
73.244926
73.370102
76.821762
76.60714
75.963333
76.303131
75.194313
76.151115
74.53257
75.024384
75.149582
75.936493
77.322525
77.116844
76.750237
75.829193
75.399971
76.106407
76.222633
77.233093
76.490921
76.437271
76.419373
77.250984
76.142166
75.784485
76.36573
78.78904
78.341919
78.932098
78.467125
78.806908
78.744316
79.379219
77.95742
79.558044
79.298729
80.148232
80.16613
80.479095
81.024551
79.736893
79.906799
79.53125
78.878456
78.064728
78.556534
79.736893
80.175041
81.181976
79.599693
80.543648
81.226929
82.080994
81.982094
83.49247
83.555389
83.888046
83.231766
83.762192
84.094795
83.411522
82.935051
83.384575
84.391502
83.861076
84.382492
83.906021
83.177795
84.022896
84.544342
84.445442
84.454422
83.50145
83.114868
83.995926
84.769081
83.53743
83.762192
83.834099
83.582367
84.661194
85.766998
85.173645
85.056778
85.793991
89.668762
89.399078
89.093376
89.992432
89.372086
90.387993
90.531822
90.990334
91.961273
91.961273
92.087158
92.770409
92.033203
91.080223
90.118279
88.625908
88.446098
88.347214
89.255226
89.695732
91.421875
91.078621
91.403801
91.430908
92.243843
91.467033
91.177994
91.990906
93.508453
93.345879
92.270966
92.198685
93.156197
92.198685
93.499435
92.13546
93.264572
94.375633
94.375633
92.821968
93.354912
92.560005
93.472336
94.140755
94.962761
93.481354
94.827255
95.911209
94.782097
94.474976
94.240135
93.869789
93.020676
93.923981
94.240135
94.619514
95.206642
94.330452
93.156197
91.999969
91.719948
90.599869
92.207741
91.963829
93.345879
94.375633
91.864479
91.747047
92.849052
92.569054
92.207741
92.767776
93.942039
93.499435
93.580734
93.481354
93.923981
94.140755
94.754997
94.60144
94.610481
95.333099
93.598793
92.885201
93.40007
93.454521
94.244049
93.881058
93.717682
94.071625
96.630783
96.857635
98.63636
98.654503
98.482079
98.690804
99.035667
99.925003
100.632858
99.961311
99.707199
100.115585
99.407745
98.57283
98.854172
97.47477
97.184349
97.220642
97.066376
98.282433
98.200752
98.191681
98.981209
99.053802
99.462181
99.507545
99.380501
99.543861
99.135475
100.433212
101.930573
101.549423
102.348045
101.050316
101.113815
100.787132
101.113815
103.99968
103.037735
100.778053
99.55294
97.057297
97.102669
97.910355
96.685219
96.331306
95.723259
94.770401
93.8992
94.026253
92.311066
93.372841
94.225906
94.843002
95.033585
95.387505
95.569824
95.980087
98.104279
97.848999
98.888283
97.365814
97.885483
99.417046
99.435303
99.097961
99.973175
99.116226
98.96122
97.356697
96.481499
97.630196
97.365814
98.788017
99.079735
98.633034
99.170906
99.180038
99.581169
99.353256
