Adjusted
43.940174
42.451138
40.101475
39.739456
38.147968
38.72855
38.61927
38.783192
38.564617
37.567383
38.257244
37.847427
37.362469
38.223103
40.682053
40.941608
40.251736
41.802246
41.597347
41.044075
41.959354
43.209312
42.416981
41.153362
40.402004
41.945686
40.688877
39.104229
40.210762
40.565937
39.336456
39.644295
39.125481
39.76189
39.353756
40.598919
41.747215
42.079262
41.816395
41.159222
41.055462
41.442833
40.578156
40.799515
39.45752
39.561279
39.215401
41.51894
40.99321
41.262989
40.744183
40.917114
43.365913
43.760204
45.095299
45.939236
45.870056
45.205971
44.85318
44.320526
44.797844
47.274311
48.540218
49.826878
49.71619
48.969093
48.477962
46.624073
47.391903
46.720921
46.333538
46.997612
48.318851
48.782337
48.803101
47.70319
47.710114
48.318851
49.67469
49.999813
49.70927
49.667782
49.508675
49.771526
49.05904
49.045185
49.370319
47.765446
47.184399
46.803925
47.744694
47.903809
48.353447
48.602486
48.457211
48.202087
47.440189
46.510525
46.188992
45.860481
46.23793
46.28685
46.846043
46.475578
45.601849
46.251911
46.566448
47.656868
45.580879
44.714142
44.951794
43.959236
43.840401
44.658215
45.224396
43.672634
43.120449
44.329693
42.86182
41.67355
42.449421
43.057541
41.939156
41.212208
41.324051
41.638592
40.303535
39.073322
38.549076
41.449871
38.584034
39.947063
39.45776
37.682339
36.955379
39.115265
40.680981
40.163746
40.77187
42.092937
43.441963
40.044922
40.694981
39.981998
41.372986
41.554729
41.589664
41.079411
40.401398
42.463398
41.932171
40.289555
41.778404
42.666103
41.939156
41.841305
43.106472
43.274227
42.33709
41.375202
41.64397
41.382275
43.199959
41.417641
41.955166
42.096622
44.225498
43.829437
43.801136
44.366955
42.902901
43.617249
45.880512
44.664005
44.890331
45.307613
46.311939
43.659695
46.361454
44.451824
50.074596
50.180687
45.088371
45.781498
45.07423
45.661251
46.64436
43.815281
47.167744
46.021961
42.33709
39.430222
37.336704
35.320992
35.009789
31.876598
35.738274
36.82748
33.955959
29.196047
29.443588
29.443588
29.655779
28.85656
26.232592
25.405085
23.254986
21.663633
25.412159
24.301746
25.26363
27.908808
26.840847
29.196047
26.183081
24.775616
26.649883
23.806654
24.938282
23.806654
25.822371
23.134756
22.494635
22.429535
19.811195
18.328424
19.550804
23.868908
23.680845
25.966469
25.756714
20.049881
23.427692
24.953848
24.04973
26.291956
29.980791
25.857983
28.599287
23.789335
26.783802
26.559584
30.37137
32.237492
29.033266
31.586514
32.570202
33.199482
32.114525
31.955393
30.255646
31.564817
33.778118
31.868605
30.711319
33.662392
31.789036
30.769186
29.156233
27.485401
28.946468
26.819971
26.819971
27.832584
24.773026
27.20332
26.35705
26.892294
26.64637
27.564972
28.874146
26.776566
25.532492
25.583122
25.337196
24.22332
23.594049
24.635601
25.076807
22.559732
23.37706
23.022638
21.664448
20.32476
20.805868
19.984287
21.486814
19.599407
21.73107
21.28697
20.006495
19.969488
17.734201
17.586174
18.052471
16.675776
16.298304
16.683184
19.932474
19.984287
21.797676
20.776262
19.229326
20.902086
21.827284
21.323975
18.452162
21.64225
19.584604
19.976889
20.561613
19.70303
18.185703
19.666021
19.651217
21.457209
23.455635
24.114382
22.959724
23.122562
27.156425
26.934381
24.351227
26.542097
27.371073
28.592339
25.254223
26.986195
26.697531
27.097216
28.10383
25.757526
26.349657
27.22304
27.718948
25.772339
28.00021
26.312645
27.526512
25.069181
27.726353
26.431076
25.809334
23.189177
23.72949
22.833904
24.917635
24.384111
24.827465
25.135551
24.744802
26.285248
25.593927
25.871962
26.773682
27.77309
27.525124
27.141888
28.081182
27.960953
27.878286
28.021069
27.232063
26.675991
27.51009
25.924559
25.458673
25.278324
25.38352
26.044794
24.729776
24.489315
24.992781
25.451157
26.089882
25.984678
26.232647
26.57831
24.75983
25.669073
24.218796
23.940771
23.256956
23.196844
24.14366
24.151171
25.263294
25.6315
22.114779
22.159861
21.415943
21.603796
22.129808
22.836155
23.114189
23.159275
22.836155
24.128628
24.106085
24.233829
25.24827
26.322815
25.150581
26.412991
25.781786
25.030346
24.887581
25.210691
24.774866
23.992149
24.121704
23.984526
24.655205
24.998169
24.639959
25.089624
25.066759
25.310644
25.661228
25.569771
24.594233
23.717779
24.106466
24.441807
25.554529
26.751089
27.924789
28.305857
28.808863
29.281389
30.439842
30.836166
31.285816
30.218826
30.889496
29.289021
27.810455
27.650412
28.473526
28.275368
28.237259
27.078812
26.187109
26.522449
26.522449
26.453856
27.002592
27.101677
26.598661
26.065161
27.223616
27.284586
26.552933
27.155024
26.979731
26.888273
27.61993
27.475119
27.284586
26.827305
25.249676
26.469091
25.569771
24.807634
25.783176
25.562155
25.264919
24.868605
26.255707
25.950842
26.499582
25.859385
26.057541
26.191206
26.044409
26.098488
25.364519
25.341343
25.804901
25.140465
25.148188
24.429672
25.858984
26.253012
25.913073
25.48041
25.889885
25.032301
24.947315
25.565395
25.843531
26.299376
26.438437
26.028955
26.222103
25.866709
25.998056
26.137119
26.677942
27.381008
27.550987
27.674601
27.071968
27.203314
27.087427
26.863369
27.056517
27.095152
27.303749
27.257391
27.666876
27.15696
27.945005
27.813663
28.145893
29.073009
28.362209
27.651417
26.87882
26.500242
26.399803
26.45389
26.067589
25.874443
26.484791
26.507973
26.013502
25.225449
26.152569
25.627205
25.155918
25.140465
25.233175
25.549013
26.364077
26.395422
26.787275
26.873487
26.583513
26.277868
26.826466
26.959696
27.171289
27.680708
27.719889
27.67288
27.782593
28.519283
28.824932
29.02869
28.848446
28.911142
29.444059
29.318661
30.306141
30.854738
30.556929
30.031837
30.478561
30.384514
30.392345
30.603945
30.251284
30.016176
29.68701
29.365683
29.357855
29.95348
30.603945
29.875105
29.734037
30.016176
29.655663
30.972301
30.948784
30.619631
30.078867
29.867264
30.212097
30.91745
31.238768
31.654131
31.834389
30.886091
30.980137
32.876728
32.171379
32.884563
31.528736
31.089855
31.074179
30.517746
32.719978
32.430008
32.61026
31.458199
30.071037
30.121008
29.407051
29.224598
28.050535
29.058006
28.447176
28.415455
27.979137
29.438787
29.153202
28.804165
29.105604
28.732752
27.003393
26.979605
27.828417
27.749086
29.081808
29.748159
29.795765
30.652508
30.41453
30.335197
30.192411
30.263807
29.089741
29.184929
28.359921
29.216665
28.693104
27.606297
27.288988
27.130327
26.376709
25.583427
26.813009
27.011333
27.455572
27.519037
28.161594
28.010866
27.606297
26.654358
27.122396
27.368311
26.813009
28.217127
28.724821
29.779902
29.938551
29.565704
29.668833
29.938551
31.350603
30.898428
31.247473
31.358526
31.382334
31.818638
31.509258
30.335197
29.645039
29.31979
29.418602
30.077343
30.342457
29.322201
29.225798
29.08119
28.912491
29.418602
29.032995
29.47484
29.137426
29.290068
30.414753
31.185963
31.603703
31.338606
31.523373
31.579618
31.780449
32.326725
31.997356
31.892914
31.651913
31.555519
32.085712
31.571579
31.51535
30.639696
31.579618
30.832483
31.49124
31.177933
31.708153
31.812584
32.615925
33.105972
33.105972
33.122032
33.11401
33.18631
33.306801
33.88522
33.676346
33.68438
33.88522
33.692413
34.335091
34.351158
34.487736
34.375263
34.118176
33.941452
34.037842
33.88522
34.359196
35.025978
34.945641
35.098274
35.989983
35.724884
34.214588
34.760864
34.608238
33.796848
33.766804
32.64584
33.141323
33.376896
33.596222
33.328152
33.060108
33.839901
33.644947
33.636833
33.076344
33.344406
33.913006
33.750549
34.075466
34.53035
34.05109
33.579967
33.669323
33.433762
32.938267
32.629589
32.662083
33.084473
33.376896
33.523109
33.831776
33.441875
33.807407
33.977989
34.075466
34.237923
34.311028
34.960854
34.059219
34.237923
34.075466
33.734303
33.734303
33.774918
33.896763
33.588089
33.636833
34.099823
33.677448
33.807407
33.612453
33.945503
34.39225
34.197315
35.001476
34.709045
35.017715
35.383247
35.155811
34.684673
34.116074
34.35165
34.359764
34.35165
35.066456
35.001476
35.151733
35.471962
35.816837
35.874306
36.046741
36.046741
35.948212
35.562286
36.416245
37.155235
35.956421
35.496609
36.022114
35.710087
35.627979
36.375191
36.276657
35.857887
36.210968
35.627979
35.209213
34.462002
34.89719
35.061417
35.192791
34.847927
33.944698
34.125347
34.576954
34.642647
34.642647
35.46376
35.70187
35.800411
35.931786
35.783993
35.981056
35.217419
34.938244
34.888988
34.404522
34.486637
35.168163
35.480179
35.283115
35.849674
36.621517
36.662575
36.94997
37.360516
37.81213
38.469021
38.641457
38.657879
38.510075
38.403332
37.656116
37.303043
37.22094
37.738235
37.245564
37.344101
37.163452
37.389938
37.4646
38.194645
38.211239
37.398228
37.116165
37.273804
37.630516
37.970654
38.161461
38.418636
36.867283
36.585224
36.576931
36.037693
36.38612
36.087475
35.515045
34.527817
34.585896
34.843067
34.378487
34.660557
35.249573
35.614597
35.888363
36.012798
35.407196
35.382309
35.531635
35.838581
36.50227
36.477375
37.32357
37.754951
38.236122
38.783649
38.974457
38.567963
38.899796
38.609447
38.343967
38.617737
38.426933
39.231636
39.256531
38.966171
39.156975
38.684101
38.791958
37.439716
37.331863
37.265491
36.8424
35.042179
34.57761
31.815042
31.217735
28.297556
30.711679
30.197317
32.246437
32.287907
33.398682
33.499435
34.028362
32.71022
32.399578
32.483536
33.348312
33.986393
33.306324
33.616974
35.044266
35.052666
34.64127
33.810078
32.82777
32.407974
33.524616
32.911724
31.518015
31.643951
31.803474
32.013371
32.50872
33.163593
32.282043
31.971392
30.216658
29.276318
29.561783
30.149483
30.812765
30.040339
30.753986
29.662537
28.016943
29.30991
28.881725
29.964781
28.932089
30.250244
29.360279
30.199871
29.662537
30.124308
29.242735
30.62805
30.082321
30.661638
31.67754
32.651455
32.592678
32.567497
34.246651
34.67485
34.389393
32.49194
33.188793
33.591778
33.306324
33.012482
33.281139
31.476032
31.442446
32.072136
31.488262
32.006706
31.743235
31.199305
31.462778
30.451414
30.357925
29.287058
29.406046
30.323929
30.315428
31.581758
31.182308
31.445774
31.717739
31.649748
32.406147
30.825359
31.131315
30.349428
30.170946
29.992466
30.298431
30.748863
30.578884
31.488262
31.403282
32.074688
32.015198
32.083179
31.709236
32.091686
31.9727
31.921707
31.182308
31.343794
31.488262
31.607254
32.176682
32.856583
33.358013
33.247528
33.417503
34.012432
34.216393
34.275894
34.071926
34.420372
34.734833
35.202274
35.32975
35.278759
35.117271
35.015297
35.848186
36.851044
36.961525
36.536591
36.706562
36.392101
36.128643
36.81002
36.526474
36.638176
37.024841
37.162315
36.655361
36.268692
36.904545
36.930313
36.758469
36.569443
36.767063
37.059208
36.818619
37.007648
36.46632
36.620991
36.148403
36.019524
36.019524
36.999058
37.162315
37.497421
38.021557
38.348072
38.339474
38.244957
38.004383
38.021557
38.270744
38.176228
38.150452
38.133266
38.219189
38.244957
38.107479
37.927044
37.531788
37.274014
36.199963
36.681133
37.059208
36.689724
37.377125
38.004383
37.334164
37.076393
37.600536
37.265427
37.746597
38.373848
38.296513
38.605846
38.631618
39.198723
39.104206
40.229816
40.410267
40.478996
40.779736
40.719582
40.650852
41.097664
40.562321
40.041729
39.295559
38.046146
37.26527
38.237034
38.427917
38.271748
38.341148
38.020126
38.479965
37.603653
38.011452
36.562485
36.640572
37.473511
38.358505
38.08086
38.818359
37.90733
38.584099
38.410564
39.017921
39.720707
40.206585
40.059082
40.223946
39.911583
40.284679
39.746727
39.772758
39.564522
40.362762
41.273777
41.482018
41.429962
41.386581
41.213047
41.36055
40.926727
41.065556
41.074238
41.429962
41.638195
41.959221
41.742313
41.36055
41.082909
40.631725
40.041729
40.076439
40.440845
41.048195
41.438633
41.516724
42.202164
42.210846
42.419075
42.158787
41.993931
41.811729
41.846432
42.072018
42.039604
41.881924
42.004562
42.416279
42.889328
42.582733
43.038254
43.073292
42.749176
43.292297
43.318573
43.187172
43.064529
43.020729
42.924377
43.397411
43.257256
43.546326
43.423702
43.230972
43.230972
43.721546
44.142021
44.255901
43.870464
43.721546
43.467499
42.792973
42.757923
42.801735
42.591484
42.337452
42.652809
42.687847
42.433807
42.582733
42.48637
42.495132
42.495132
42.503891
42.284893
42.679085
42.933128
42.836773
42.801735
43.292297
43.406174
43.817898
43.432461
43.047009
42.451336
42.241093
41.873169
41.347553
42.065884
42.337452
42.994453
42.968166
42.976933
42.573967
41.706718
41.231686
40.948608
41.010529
40.20554
40.063995
40.187847
40.400154
40.762848
40.736305
41.187458
41.328999
41.293606
41.178612
41.284763
41.443993
41.55899
41.399757
41.505913
41.302448
41.550152
41.293606
41.4263
41.028225
40.736305
40.789379
40.727451
41.35553
41.063606
41.682831
41.443993
41.267075
40.922077
41.4263
41.098988
