Adjusted
18.975218
18.975218
16.953806
16.994562
15.894194
15.959397
16.350639
16.684824
16.635923
16.578869
17.24724
15.951244
15.641512
16.407698
17.801495
18.314999
18.57583
19.390919
20.320114
19.839211
20.515738
20.972181
20.458683
19.757698
19.309408
19.725098
18.918161
18.755148
19.325708
19.227896
18.600275
18.689941
18.347603
18.934464
18.323154
18.836658
18.836658
18.901861
18.92631
17.883001
17.279842
16.782639
16.961952
17.067913
16.277281
16.595171
16.269131
17.866701
17.418404
17.532516
16.802343
16.180031
16.603193
16.926802
18.022064
18.370562
18.337368
17.573999
17.067854
16.304493
16.387472
17.798029
18.013769
18.096739
17.349977
17.549112
17.026371
16.744257
16.561712
16.404055
15.400075
16.694479
16.843828
17.997173
17.922491
17.416348
17.275295
16.951693
18.138233
18.436937
18.486723
18.544809
18.188011
19.117327
19.474125
18.992868
18.967976
18.179712
17.80633
17.565706
18.038664
17.781439
17.565706
17.690165
16.735966
16.354277
16.370876
15.682181
15.881323
15.483046
15.798354
15.001787
15.40837
14.786058
14.346292
13.840151
13.632711
13.723988
12.819562
11.898545
11.948331
11.35921
11.193263
11.338407
11.739692
10.868821
9.733274
9.54544
9.579592
9.280759
9.699118
9.886957
9.511287
9.203918
9.314909
9.895492
9.041697
8.802633
8.230593
9.349065
8.196439
8.093984
7.291417
6.087564
5.874115
6.838905
8.35866
8.631877
8.879473
9.733274
10.074788
8.674566
7.752468
7.410947
8.128138
8.315972
8.093984
8.136674
8.017144
8.478194
8.657488
8.085446
8.230593
8.520883
7.735391
7.137732
7.581709
7.769541
7.214574
7.077968
7.299955
6.958436
7.240188
6.98405
7.137732
7.23165
7.61586
7.914688
9.434444
9.391754
8.964853
9.468596
10.450459
9.861341
9.596664
9.494207
9.980873
9.576127
10.110047
9.360836
12.572974
17.051018
13.434134
11.815146
11.212335
11.927103
12.056275
7.104589
8.267157
8.999148
10.204777
11.642915
10.4459
9.16277
8.396331
6.544835
7.871027
7.612676
9.791417
10.049765
9.868918
9.274718
9.16277
9.722524
9.240273
8.43078
7.698792
8.568567
9.989485
9.782804
9.343612
9.550293
10.135882
10.773141
9.894759
9.154157
9.438342
9.197216
8.887197
8.301603
9.024983
8.327442
7.802132
8.258549
7.509336
6.596505
6.846242
8.077704
8.103539
8.611627
8.775247
7.294046
7.965752
8.559955
8.361885
8.232713
8.594399
7.845191
7.724629
7.14765
7.629896
7.194401
7.57764
7.638608
7.281502
7.028913
7.142144
7.072464
7.185694
7.176982
6.915685
6.872136
6.933105
7.499249
7.595061
7.690868
6.889555
6.785036
6.245019
6.114372
6.27986
5.966302
5.313058
5.286928
4.006567
4.311416
3.701721
4.058826
3.571072
3.553652
3.971728
3.605912
3.013636
2.5433
2.273292
2.177483
2.46491
3.65817
4.041407
2.822018
3.205255
3.109446
2.943956
2.691368
2.604269
2.299421
2.47362
2.342973
2.865567
3.274935
3.431713
2.978797
3.109446
2.987506
3.065896
2.700079
2.56072
2.848147
3.257514
3.074605
3.274935
3.388163
3.441803
3.656355
4.425173
3.87985
3.593777
4.022885
4.013944
4.192741
4.067585
3.86197
3.4865
3.808331
3.942428
3.978187
4.076522
3.781511
3.566958
3.423922
3.85303
4.496691
4.2285
4.469871
5.989629
6.463436
5.185051
5.489003
5.185051
5.202932
4.970498
4.389414
4.21062
4.16592
4.013944
3.924547
4.943679
4.907919
5.211871
4.675486
5.837654
5.292329
4.782764
4.201679
4.451992
4.335776
4.854281
4.684425
4.371535
3.665295
3.611656
3.423922
3.540138
3.593777
3.745754
3.566958
3.575898
3.611656
3.647416
3.575898
3.638476
3.629536
3.575898
3.906668
3.987126
3.879608
3.80793
3.574974
3.610813
3.700411
3.440576
3.368898
3.413697
3.548095
3.539135
3.646652
3.619773
3.557055
3.359937
3.440576
3.431617
3.368898
3.440576
3.494336
3.646652
3.664572
3.772089
3.78105
3.628733
3.619773
3.064263
3.135942
3.279299
3.306179
3.601853
3.503295
3.485376
3.790011
3.960246
3.978166
4.103604
4.238002
4.121523
4.417198
4.453037
4.264882
4.318641
4.659115
5.053345
4.703911
4.87415
4.936868
4.91895
5.250463
5.107104
5.223582
5.232543
5.304222
5.349021
5.250463
4.963747
4.650154
4.685992
4.954788
5.017508
5.071267
5.017508
4.936868
4.945827
5.439514
5.735724
5.628011
5.502347
5.86139
6.112721
5.897295
5.717772
5.708797
5.906272
5.789581
5.574155
5.358729
5.19716
5.349753
5.295896
5.385658
5.3318
5.340776
5.385658
5.349753
5.466443
5.466443
5.233063
5.116374
5.215112
5.125349
5.215112
4.96378
4.577807
4.550881
4.326477
4.649617
4.34443
4.290573
4.34443
4.191836
4.317502
4.263646
4.452143
4.335455
4.326477
4.281597
4.335455
4.425215
4.649617
4.838116
4.802211
4.891973
5.107398
5.152278
5.206135
5.008661
5.259992
5.188183
5.251015
4.936853
5.125349
5.062518
5.107398
4.990707
4.96378
5.008661
5.017654
4.801841
4.792848
4.792848
4.900753
4.927732
4.981686
4.83781
4.88277
4.810832
4.819823
4.783855
4.756879
4.873777
5.035638
5.098583
5.548195
5.557185
5.683076
5.620131
5.719046
5.889898
5.862922
5.85393
6.051757
6.168658
5.934859
5.889898
5.467265
5.548195
5.781991
5.710054
5.970827
5.916874
5.746021
5.503232
5.557185
5.602147
5.656099
5.719046
5.73703
5.710054
5.952842
5.808968
5.772999
5.907883
6.123696
5.871913
5.970827
5.880905
6.069742
5.979821
5.943851
5.952842
5.997804
6.150672
6.276563
6.213617
6.555321
6.636251
6.600282
6.501368
6.762503
6.933593
6.753499
6.645442
6.861555
6.960607
7.068662
6.924588
6.870558
6.879564
6.861555
7.068662
6.996625
7.374821
7.69899
7.536904
7.744011
7.735004
7.870076
7.50989
7.942115
7.68098
7.473872
7.500884
7.924105
7.9151
8.005151
8.059175
7.825055
7.590934
7.64496
7.789033
7.960121
7.960121
7.726004
7.807045
7.392828
7.194726
7.66297
7.807045
7.933111
7.870076
7.437852
7.446859
7.131694
7.041647
6.528381
6.726483
6.483358
6.708475
6.663452
7.095677
6.870558
6.645442
6.924588
6.879564
6.420326
6.222223
6.393312
6.114167
6.44734
6.357292
6.44734
6.618669
6.456358
6.44734
6.44734
6.465374
6.312082
6.375202
6.140753
6.303063
6.384219
6.095667
5.933356
5.762026
5.626769
5.780063
5.969426
6.158788
6.44734
6.528495
6.654737
6.44734
6.330117
5.906305
6.023529
5.915321
5.590699
5.951392
5.996478
6.393237
6.501443
6.564564
6.663754
6.609651
6.94329
6.835082
6.853117
6.735892
6.672771
6.844099
6.916238
6.465374
6.438322
6.44734
6.474392
6.44734
6.501443
6.257977
6.149771
6.167805
5.915321
5.843184
5.725959
5.951392
5.771047
5.798098
6.176821
6.24896
6.212891
5.924339
6.203875
6.230927
6.212891
6.564564
6.438322
6.311903
6.275785
6.167426
6.375113
6.402203
6.239664
6.104216
6.275785
6.293844
6.411233
6.510561
6.564741
6.483472
6.537652
6.808548
6.77243
6.646011
6.700191
6.609891
6.745339
6.591832
6.474443
6.375113
6.636981
6.627953
6.573771
6.573771
6.447351
6.348024
5.851379
5.752048
5.679811
5.688841
5.625632
5.526303
5.688841
5.905559
5.824289
5.724961
5.59854
5.643692
5.788169
5.553392
5.59854
5.345704
5.002567
4.794881
4.966447
4.830999
4.704581
4.731672
4.7407
4.84906
4.858089
5.119956
5.472124
5.490183
5.481153
5.426974
5.71593
5.869438
5.833321
5.914588
5.607572
5.707061
5.54426
5.643749
5.707061
5.833683
6.249728
6.105017
6.114062
6.141195
6.213551
6.258774
6.331129
6.394442
6.358263
6.521063
6.457751
6.349218
6.376352
6.530107
6.575329
6.548195
6.756218
6.828575
6.448707
6.539152
6.692909
6.602464
6.349218
6.303996
6.466796
6.222596
6.421574
6.620552
6.55724
6.810486
7.090865
7.045642
7.054688
6.882841
6.991375
7.253665
7.154176
7.090865
7.01851
6.964241
7.045642
6.674818
6.674818
6.701953
6.837619
6.909975
6.720041
6.756218
6.928063
6.765264
6.701953
6.909975
6.991375
6.638642
6.765264
6.674818
6.629596
6.520916
6.656767
6.430346
6.566198
6.611483
6.493745
6.457517
6.502801
6.466573
6.475631
6.548085
6.575255
6.602426
6.611483
6.511859
6.720164
6.638652
6.584311
6.575255
6.584311
6.529971
6.557141
6.493745
6.321664
6.493745
6.394118
6.493745
6.475631
6.647711
6.683936
6.738279
6.647711
6.656767
6.674881
6.674881
6.439403
6.42129
6.448459
6.457517
6.457517
6.493745
6.385062
6.457517
6.566198
6.457517
6.430346
6.294494
6.185811
6.131472
6.158642
6.285436
6.321664
6.394118
5.923163
5.923163
5.760141
5.479379
5.497493
5.551835
5.542778
5.56089
5.479379
5.669572
5.578859
5.587931
5.687716
5.615146
5.714929
5.633288
5.597001
5.388362
5.388362
5.388362
5.569788
5.624216
5.714929
5.597001
5.460933
5.597001
5.578859
5.352077
5.44279
5.397433
5.343005
5.433719
5.297649
5.352077
5.451862
5.651429
5.624216
5.633288
5.823785
5.560717
5.597001
5.524433
5.361148
5.170651
5.23415
4.844084
4.626371
4.000451
4.33609
3.837167
4.082093
3.900667
4.12745
3.982308
4.118377
3.800883
3.501528
3.519671
3.655741
3.773667
3.673883
3.737382
4.036736
4.06395
4.118377
3.909737
3.746454
3.528742
3.964165
3.79181
3.601313
3.619456
3.537814
3.483246
3.574192
3.637854
3.465055
3.437772
3.292258
3.110366
3.119461
3.274069
3.283163
3.119461
3.228595
3.028514
2.74658
2.901188
3.028514
3.328636
3.092176
3.274069
3.301353
3.474151
3.346826
3.365016
3.146744
3.483246
3.383205
3.355921
3.437772
3.546908
3.37411
3.49234
3.856125
3.88341
3.574192
3.365016
3.528719
3.62876
3.656044
3.783368
3.983453
3.710611
3.765179
3.792463
3.656044
3.674232
3.674232
3.583287
3.7288
3.61057
3.546908
3.346826
3.355921
3.437772
3.264974
3.737896
3.746989
3.837937
3.919788
3.783368
3.774275
3.637854
3.746989
3.637854
3.665138
3.628669
3.619552
3.637787
3.482793
3.738076
3.847484
4.011595
4.011595
3.975126
3.865717
3.975126
3.920422
3.966008
3.956891
4.121002
4.020711
4.130117
4.285112
4.376285
4.275995
4.367168
4.376285
4.476574
4.503925
4.476574
4.485692
4.768327
4.850382
4.713623
4.841266
4.713623
4.759209
4.850382
4.959788
5.142135
5.096549
5.096549
5.032727
5.178604
5.169486
5.242424
5.151252
5.269776
5.388301
5.470356
5.452122
5.288011
5.388301
5.288011
5.315361
5.315361
5.251542
5.333597
5.433887
5.406534
5.242424
5.315361
5.278892
5.288011
5.133017
5.269776
5.635098
5.881691
5.854291
5.799493
5.899957
6.018687
5.881691
5.872558
6.036952
6.009553
5.982155
5.954756
6.018687
6.009553
6.073485
5.90909
5.872558
5.680764
5.552899
5.653365
5.753829
5.5803
5.671631
5.744695
5.671631
5.589433
5.543768
5.562034
5.890824
6.073485
6.164816
6.283545
6.155682
6.247015
6.219615
6.374876
6.119151
6.128284
6.119151
5.991287
6.091751
6.082619
5.899957
5.781228
5.72643
5.653365
5.598566
5.662497
5.744695
5.762961
5.781228
5.772094
5.890824
5.662497
5.744695
5.370241
5.068849
5.16018
5.434171
5.562034
5.616833
5.479837
5.653365
5.662512
5.790582
5.900356
6.065017
6.156496
6.165643
5.955244
6.101609
5.854617
5.818026
5.863764
5.982686
6.174791
6.26627
6.275418
6.165643
6.110758
6.065017
5.882061
6.000982
5.918651
6.129052
6.092461
6.26627
6.147347
6.083313
5.863764
5.845468
6.083313
6.321157
6.467522
6.494966
6.449226
6.366896
6.275418
6.147347
6.339454
6.403488
6.366896
6.330305
6.376044
6.403488
6.394341
6.449226
6.449226
6.531557
6.549852
6.522409
6.43093
6.485818
6.412635
6.568148
6.494966
6.504114
6.449226
6.43093
6.366896
6.412635
6.394341
6.604739
6.741957
6.787696
6.705367
6.677885
6.952695
6.980176
6.769488
6.668725
7.007657
6.943534
6.888572
6.815291
6.604602
6.54964
6.668725
6.595441
6.53132
6.567961
6.705367
6.879412
6.934374
6.870251
6.80613
6.916054
6.980176
6.668725
6.769488
6.513
6.577122
6.613762
6.53132
6.485518
5.990859
5.917576
6.054982
6.027501
5.972539
6.119104
6.100784
6.027501
6.229028
5.981699
5.844295
5.908416
5.981699
5.908416
5.725211
5.771011
5.789334
5.926737
6.054982
6.027501
6.128265
6.091623
6.036661
6.064142
6.109945
6.109945
6.027501
5.908416
6.018341
5.990859
6.082463
6.146586
6.192388
6.219909
6.174039
6.146516
6.33917
6.467604
6.467604
6.586864
6.522648
6.412561
6.440083
6.412561
6.357517
