Adjusted
57.474869
57.088631
54.356674
51.24789
49.043476
49.480255
49.536858
47.810478
49.470806
47.989708
48.734989
47.216145
47.970848
48.404804
49.52742
51.574547
51.442471
51.631153
51.706631
51.319843
52.753769
54.008465
53.744316
52.310394
51.980213
50.848145
51.517944
51.451908
52.027378
53.470741
53.027367
52.093422
51.489651
52.876408
53.461311
56.102776
55.263172
55.866928
55.951839
55.272606
53.2066
53.97073
53.083954
53.470741
53.027367
51.574547
50.06514
51.885864
52.857544
53.470741
52.253777
51.706631
53.668861
52.999054
53.470741
55.112225
56.225414
56.253704
55.829185
55.423546
56.074471
58.451794
58.329159
58.2631
58.366882
58.451794
58.480095
58.341255
58.737938
56.565598
56.093349
56.093349
58.26569
57.689548
58.549042
59.512421
59.021278
58.756821
58.747379
58.624599
58.549042
57.651772
58.671818
59.295185
60.022449
59.276299
59.314072
58.61515
59.502979
58.813488
59.531315
59.625755
59.436867
59.417984
59.975227
58.66238
58.369587
56.952847
57.453426
57.264523
57.963448
59.663532
60.400249
61.429722
60.711918
60.315243
61.269176
62.922035
61.96809
62.223114
61.420296
61.240837
61.023617
62.657551
63.942085
63.413162
63.205399
63.365932
61.467522
61.637527
61.363617
62.704784
60.456917
62.506451
62.223114
61.854759
58.23735
57.95401
57.746223
58.284569
56.944653
57.890255
56.859562
55.422211
54.315857
55.61134
59.05336
58.277958
58.949345
60.197548
60.500149
59.185738
56.887905
57.710598
59.129005
58.958797
57.852436
58.712955
57.020294
57.464741
57.54039
57.606575
58.155025
58.627842
58.041561
58.627842
58.684574
59.384327
58.656197
58.117214
57.890255
56.736614
56.736614
55.753178
55.885571
56.320545
56.736614
55.866657
55.98959
55.025059
53.200035
53.162209
54.883224
54.230751
54.032162
54.883224
54.968334
54.04163
55.384396
53.824135
57.54039
59.885494
56.150333
54.996704
54.202374
55.176365
53.880871
51.772163
53.861961
51.687054
47.7817
46.06068
44.074894
40.916553
40.701542
37.90728
37.765202
47.407772
44.784016
40.426857
39.564888
40.445789
42.823296
41.099361
38.731346
39.820629
35.150898
35.937077
39.252308
40.578396
42.150772
42.95591
42.719097
43.865219
41.137257
38.390362
39.564888
39.024979
38.428246
36.524342
40.748905
37.613647
37.547333
39.299683
36.334911
33.332268
35.236145
36.969536
39.119698
43.173748
43.353722
38.551376
40.673119
41.506668
38.788193
40.985703
43.249535
39.991131
39.081802
37.054771
37.499966
36.495937
39.072342
39.896412
39.413345
39.403873
37.623119
37.414738
37.632584
38.276688
38.106205
40.01955
41.118313
42.434937
42.52018
43.315842
40.794529
41.335407
40.633213
40.196705
39.655819
38.260887
39.627338
39.931
38.052128
39.921516
38.830231
39.114929
39.560925
40.528828
41.4398
39.883556
39.039009
38.526577
38.621487
38.194462
37.482754
41.477753
41.563164
40.414948
39.693771
39.80764
41.515713
40.85146
40.661678
40.633213
41.050735
38.574036
40.035389
39.959473
39.712757
39.238293
36.049885
37.017792
38.004669
36.590771
36.163754
35.072468
37.691532
38.156509
39.674805
39.456539
39.304714
40.557301
41.914268
40.87994
39.541943
42.123032
41.221542
40.443417
41.933243
41.335407
39.646317
40.282112
40.908398
43.470512
43.574902
42.901157
41.668125
41.82975
44.092358
43.645542
41.715664
41.278366
43.845184
43.921238
39.006248
40.261131
41.259338
39.44355
44.187416
43.094143
42.381145
43.217728
43.34132
43.303295
45.100075
44.596207
44.491642
43.417366
44.691261
43.702579
42.970554
41.11673
41.278366
40.86005
42.666336
42.704372
41.487499
40.299164
40.546329
41.592083
40.679428
40.166058
40.86005
42.143471
42.086426
42.656826
44.453606
44.871914
45.071548
45.052532
45.261677
45.622948
44.748329
43.683563
42.932529
43.388847
43.721592
43.883205
41.9058
41.325874
40.879063
41.630104
42.029385
43.189213
43.075123
43.816666
43.350819
41.477989
40.698441
40.263134
40.367912
40.748924
41.349003
41.282345
42.806377
44.025589
43.358833
43.958935
44.130383
44.644733
45.825867
44.930504
44.406616
44.492336
44.644733
45.663948
45.549633
46.00684
46.073521
45.168629
44.501865
44.739998
44.339931
44.006554
44.46376
44.492336
43.568394
42.387264
43.063553
43.320728
43.330257
44.006554
43.920822
44.797138
45.349609
45.987801
46.425957
45.130524
44.244682
44.473286
44.559013
45.178162
45.568684
46.37833
47.759483
48.226234
48.721542
49.769306
50.53133
49.84552
49.321632
49.359726
49.445454
48.302441
47.826164
48.245274
48.559616
49.00729
48.559616
46.52121
45.244835
45.768707
46.330708
46.161827
47.659836
48.337292
48.575832
48.776188
49.68264
49.768509
49.243729
50.035671
49.20557
49.005192
49.6731
49.816212
49.6731
48.470867
48.470867
49.091057
48.232334
47.917458
48.346817
48.146458
49.739887
49.949806
50.732208
50.684494
50.598625
49.768509
50.360077
51.524151
51.505062
51.171112
50.083382
50.455505
51.132946
50.684494
50.474583
49.844849
49.654018
50.90395
50.684494
50.331455
51.266537
51.113873
50.321926
50.569992
51.323776
51.858105
51.552776
50.837162
52.516476
51.638653
51.705433
52.163437
50.808548
50.569992
50.770374
51.104317
51.323776
50.751286
49.968884
50.131096
49.49181
49.964985
49.773804
50.127483
50.337784
50.299541
50.11792
50.18483
49.42968
51.465744
50.949547
49.955421
48.856133
48.999519
48.750984
48.435539
48.129642
47.871567
48.263477
49.123791
51.236343
50.739265
50.20396
49.515701
49.93631
49.467907
50.624554
50.567196
51.465744
51.53265
52.421658
53.071671
52.76577
52.077522
52.631947
52.402519
52.995197
53.243732
53.234177
53.301075
53.243732
53.912861
54.266544
54.180508
54.429039
55.117298
55.490093
54.725384
55.356266
55.767311
55.251114
54.734921
54.954792
55.365822
54.773167
54.34301
54.362129
54.448162
55.203323
55.28936
56.015835
56.369522
56.847462
56.986305
57.49374
57.809692
58.278835
58.374573
58.795845
59.054356
58.211823
58.068211
58.680946
58.872437
59.801147
61.189419
58.432026
58.422455
57.982029
59.753277
58.422455
59.695835
57.953304
57.426723
55.511848
55.033146
58.4799
58.068211
59.30328
58.958622
57.733105
58.163933
57.599056
56.603333
54.429962
55.569302
54.851231
54.32465
54.477829
56.363964
55.550156
54.209747
55.933113
56.670345
54.114014
53.108696
53.568268
53.711891
55.626747
55.799084
56.354404
57.867126
57.618217
57.847992
58.039482
57.733105
56.536324
56.689499
55.473564
55.502293
55.38739
53.462952
53.577831
52.725727
52.448078
52.457668
53.814774
54.438179
54.572468
54.265549
55.512379
55.915188
56.097412
54.601231
54.869781
55.771336
55.934376
57.660744
59.473423
60.892891
60.25988
59.578922
59.540565
59.943371
60.44212
60.902477
60.97921
60.835346
60.547607
61.123074
60.288662
58.025204
57.68951
56.989365
57.353828
58.475964
58.341698
57.114048
57.027733
56.855099
56.068645
55.464413
55.502777
56.826336
55.646645
55.704189
57.545639
58.36087
59.425472
58.504734
59.722782
59.86665
59.741985
61.391628
61.103893
61.266926
61.35326
61.439571
62.283581
62.628857
61.382019
60.960033
62.667217
61.928703
62.906982
62.600079
62.513752
63.309807
62.321941
64.038712
64.302849
63.889843
63.697754
63.813026
63.582504
64.667816
64.158791
64.398895
65.378548
63.563286
64.802277
66.444656
66.752029
67.597237
67.645256
66.617569
66.82888
66.684792
67.00174
67.645256
67.481956
69.297241
68.865028
68.567276
68.557686
69.297241
68.634537
68.067841
68.596092
67.03054
67.318687
68.403999
69.191582
69.297241
68.624924
70.55545
69.892723
69.364471
69.546951
70.833977
71.852066
72.313095
72.927765
73.561691
73.446411
73.811394
74.637398
74.27243
74.31086
74.137978
75.328941
75.011978
74.080315
74.781479
74.896721
73.753792
74.618172
74.31086
74.27243
73.811394
73.408005
74.0131
72.937393
73.341354
72.745018
72.014
72.206375
72.696899
72.523773
72.379494
72.494934
72.783493
71.225304
70.753975
71.100243
71.908234
72.071732
73.091293
73.735725
72.802742
74.726418
75.899887
76.073021
76.09227
76.9291
77.62162
78.977821
79.025909
79.920448
80.545654
81.545967
81.24781
81.776817
81.363228
82.036507
80.305191
79.776176
79.093239
80.035858
80.920746
80.055115
81.478661
84.152596
82.671326
81.632545
82.584778
83.036842
81.142006
81.24781
80.430222
79.79541
78.756577
79.352951
80.940025
82.527069
82.074997
81.507515
81.824913
82.584778
81.921082
82.498215
82.459747
83.16188
84.960564
85.075996
84.258392
83.776878
83.054581
82.284119
82.052994
81.475143
81.638885
81.407738
81.715912
80.261696
80.704697
82.630829
83.179771
82.958275
83.979126
83.208672
83.30497
83.295334
82.99678
82.36116
80.723961
80.878052
80.656532
80.762482
81.72554
80.454308
80.897308
79.61644
79.914993
79.115646
79.924629
80.300224
80.300224
79.038605
77.950356
79.057861
79.327522
79.924629
80.386902
77.208771
78.22963
76.73687
75.985695
76.939117
76.6502
76.525002
75.696777
75.407867
76.910233
75.581215
75.966415
77.064316
77.449539
79.163795
78.894127
78.518539
78.046638
77.89254
79.269737
79.674225
80.22316
80.656532
80.492821
81.100357
81.775383
80.685699
79.200623
78.641304
79.1717
78.168777
79.239204
78.130211
79.1717
79.75029
80.926781
81.44751
84.022278
83.125435
80.261398
79.383827
78.71846
77.416603
74.976822
76.307632
71.958473
70.618073
65.323868
68.660461
65.198524
69.026924
70.039459
70.926666
68.525452
68.110817
65.121361
63.616997
63.55917
66.201416
68.139748
68.130096
69.682655
72.189941
72.836021
74.205391
72.836021
70.839859
69.759811
72.189941
70.791664
68.371162
68.477249
70.290192
70.328766
73.366417
73.26033
71.92955
70.753075
68.400093
65.159958
67.455055
67.927582
69.229439
68.814766
69.547653
66.452156
64.031685
67.512909
69.560501
70.989975
70.622955
73.221077
73.549461
74.843704
72.950661
75.297653
72.544983
74.582939
73.955132
73.713661
75.03688
76.157249
75.819214
76.823715
79.615013
80.059311
78.330429
76.224869
78.243507
81.363197
80.455315
81.29557
81.913727
78.803688
79.730927
82.493248
82.609138
83.739204
82.000656
79.904755
80.435974
78.678131
78.774727
76.78508
76.717484
79.779205
80.001358
82.280754
81.778503
81.643303
82.261429
81.778503
81.343903
80.320091
81.681908
80.117264
79.885452
78.639496
79.190056
80.242805
80.136604
83.980644
83.159668
84.50222
85.187965
85.400444
83.526703
84.019287
83.903412
85.197617
85.147324
86.549988
86.907921
87.449631
88.658859
89.055473
89.597206
89.790665
89.906761
90.564568
91.686699
91.009552
91.077271
91.899506
92.189735
91.173988
91.290077
91.261055
90.342056
93.331215
90.38076
90.796715
91.23204
91.512566
91.348122
91.338448
90.167953
91.212692
91.135292
90.303368
91.435173
91.570625
92.180054
91.899506
91.251396
91.493217
91.415848
90.148598
88.533096
90.351753
90.477516
90.496849
88.658859
89.96479
91.16433
91.947899
92.431587
94.675835
95.914085
95.846382
96.155914
96.194603
96.523506
96.571877
96.059181
96.446121
97.210335
97.423157
95.914085
95.556152
95.923744
96.020477
95.875366
95.053123
94.869324
93.776199
92.131683
93.350388
95.520416
94.638855
94.890732
96.779823
95.752945
93.921951
95.074814
95.762619
95.714195
98.077965
98.930496
99.482697
98.717354
99.579575
99.773323
99.027374
97.583893
97.806732
97.97142
97.680779
98.484871
98.678612
97.845459
97.79705
97.302963
93.83477
92.594772
95.675446
96.256714
97.07045
97.225464
97.206093
99.376129
98.513931
98.058609
94.454796
92.914452
93.815422
96.27607
95.956375
97.031731
95.442932
97.554848
96.208244
96.857361
97.632355
98.262039
99.676422
98.610817
96.014496
96.111412
93.137268
92.614136
93.214775
92.401009
95.501053
94.474152
95.665756
95.975739
94.086647
94.018837
93.292252
91.990334
91.621674
93.319427
91.854507
91.757477
93.406746
93.726913
94.134384
92.950775
90.932861
91.020172
93.00898
95.647804
96.666466
96.482132
98.412766
99.014259
100.450081
100.188156
100.256058
101.032188
100.779922
101.633675
101.84713
101.643379
101.866531
102.642654
102.914284
102.012032
101.080704
100.857567
101.391144
101.070992
100.731453
100.129959
100.09111
99.460518
99.722458
99.431435
98.975449
101.779213
101.720993
101.526978
101.342651
100.964279
101.915024
102.060555
101.720993
103.118004
105.747154
105.543419
105.950874
107.765091
106.853142
106.203117
106.833717
106.610588
105.970268
106.212822
105.999405
106.853142
107.900894
107.71656
105.494919
105.415253
106.561478
106.415779
106.940353
107.659149
107.678589
106.911209
104.725563
104.521576
103.6959
103.268478
105.726082
105.687233
106.046654
106.687782
107.270607
107.222046
108.280861
106.104942
105.152992
105.492943
105.735794
104.910141
103.938751
104.609001
104.793579
107.892296
109.747643
108.659698
109.903069
108.581985
107.892296
108.183701
108.047745
108.339142
106.998627
105.988388
107.37748
108.271133
108.572281
109.019135
109.533943
108.951134
108.115707
106.852928
106.979195
108.047745
106.476601
107.741302
108.01368
107.751022
106.739265
107.079781
105.990189
