Adjusted
23.473896
23.351315
22.746088
23.182775
23.090839
23.129147
23.244064
23.152128
23.106169
23.366644
23.397285
22.569878
22.646498
21.911013
22.156176
22.179159
22.194479
22.723106
22.792051
22.922293
22.983585
23.152128
23.267046
22.439636
23.803337
23.244064
23.190435
23.037214
23.535189
24.010181
24.063816
23.887608
23.535189
23.757368
23.657766
23.780352
24.362602
24.347277
24.446875
24.048491
23.389629
23.458582
23.435593
23.58882
22.883984
22.929962
22.424318
22.792051
22.975924
23.05253
22.46262
22.500929
22.853342
22.416656
22.615849
22.56222
22.83036
22.654154
22.386017
22.285831
22.532421
22.83296
22.956263
23.133493
23.279911
23.21056
23.380087
23.118082
23.341562
22.948555
23.002489
23.172026
23.603567
23.911804
24.273985
24.027395
23.81163
24.096752
24.081343
24.636173
24.705524
24.674698
24.497469
24.736351
24.751757
24.674698
24.697823
24.705524
24.813406
24.651581
24.928999
25.167892
25.32971
25.5686
25.406775
25.252651
25.04459
24.905886
25.160183
24.998356
25.237246
25.275776
25.322006
25.375952
25.268068
25.291183
25.468426
26.393147
26.2082
26.254435
26.0772
25.28348
25.938494
26.084908
24.266285
24.851942
24.297106
24.281696
24.035099
23.873278
23.680624
24.451227
23.472557
23.007603
23.015352
22.550392
22.418661
22.58914
22.170683
22.596897
21.961451
22.03895
21.620481
24.611708
23.534555
24.355978
25.18515
25.146404
25.479622
25.099913
25.316893
25.557121
25.347879
24.836433
24.85968
25.068914
25.18515
25.192902
25.022417
26.130566
26.750505
26.572273
27.013981
27.161224
26.77375
26.487026
26.301052
25.68885
25.619116
25.262644
25.316893
25.409887
25.73535
25.510618
25.278147
25.394384
25.758595
25.471874
25.87483
25.681101
25.371134
25.642357
26.122816
25.549364
25.40213
25.960081
26.735004
25.386627
24.394728
22.372162
25.363384
24.673697
24.410219
23.860031
24.193245
24.417976
24.200993
23.327763
23.374542
22.930126
21.893169
22.103678
21.074512
19.686701
18.907028
17.916836
17.542597
19.10195
18.571766
16.856491
17.137173
17.339888
18.59516
17.792101
16.716145
16.108009
15.484266
14.369338
15.250368
15.819527
18.454817
18.478205
18.657534
19.10195
18.797869
18.16634
18.680922
18.82906
19.094147
19.094147
20.076534
19.257874
18.220915
18.431429
17.363274
16.022243
16.474453
17.807692
18.205324
17.597178
18.712109
17.059204
17.137173
17.176157
16.856491
17.620571
18.322269
18.509396
18.579565
17.604977
18.579565
18.213121
18.267693
17.667351
17.73752
18.33007
18.259899
17.714132
17.909052
18.018204
18.103968
18.693541
19.487509
19.707613
20.132113
20.312918
19.872694
20.124252
19.833387
19.078733
18.787876
17.962463
19.338148
20.077085
19.762638
20.367943
20.305056
20.014196
20.399389
20.666662
20.910347
20.619495
20.328638
19.864838
19.739063
19.511091
19.251677
19.212366
19.290983
18.536327
18.701406
19.330288
18.945095
18.575628
18.677818
18.740709
18.717129
17.89958
17.868137
17.852411
17.168503
15.643461
14.731581
14.928101
14.652968
13.607456
12.947127
12.656266
12.538352
12.459742
13.14365
13.513116
13.481672
13.481672
13.772534
13.796117
13.340174
13.81184
13.623177
13.71751
13.835421
13.788259
13.36706
13.629313
13.414738
14.312769
14.447865
14.869064
14.821383
14.869064
15.449204
15.743248
15.711459
15.576357
15.719412
16.235971
15.48894
15.822722
15.568406
15.496888
15.504838
15.639931
15.520726
16.458496
16.688955
18.024073
18.087645
18.31811
18.405533
18.17506
18.890308
18.61216
18.270433
17.579033
17.952539
17.618774
18.016125
17.698244
17.539293
17.110149
17.118103
17.737974
17.086309
17.674397
18.11149
18.763153
18.437321
18.103544
18.039967
18.278379
17.865131
18.008179
17.992283
18.508846
18.667788
18.135326
17.841288
18.310169
18.628054
18.667788
18.127382
17.936659
18.429379
19.184347
19.017464
19.458054
19.554184
19.442032
18.977413
19.177679
18.753113
19.105583
18.98542
19.217731
19.690363
20.042835
20.571539
20.779821
20.9881
21.14831
21.140305
21.068211
21.236437
21.220413
21.236437
21.30052
21.132294
21.044176
21.308529
20.299177
19.89864
20.018805
19.594225
20.034822
20.106918
19.962727
20.395302
20.467402
20.21907
20.154985
20.13896
20.171003
20.171003
20.843908
20.747776
20.595577
20.699715
20.811859
20.611599
20.515469
20.435362
20.371277
20.579556
20.795843
21.092239
21.260468
21.276485
21.140305
21.380629
21.404659
21.709068
21.66901
21.869282
21.492771
21.556862
21.460737
21.284491
21.076212
21.580891
21.580891
21.435682
20.822533
20.790268
20.814468
21.121044
21.225916
21.605097
21.758375
21.476011
21.524422
21.782583
22.250507
22.298912
22.524809
22.508673
22.403795
22.355385
21.621227
21.540554
21.677708
21.209782
21.258188
20.90321
21.080706
21.032297
21.306595
21.709974
21.508287
22.169828
22.161758
22.250507
21.822922
22.202103
22.565144
22.863649
22.661957
22.202103
22.105289
22.476402
22.774908
22.895918
22.61355
22.7507
23.0492
23.113741
22.968525
23.218613
23.484859
23.33157
23.258959
23.630072
23.855961
23.80756
23.484859
23.234756
22.565144
22.452196
22.661957
22.653889
22.944324
22.992727
23.025002
23.113741
23.17872
22.991924
23.292414
23.3249
23.503576
23.462967
23.495457
23.487333
23.454845
23.779703
23.730978
23.048771
23.219326
22.991924
22.902586
22.399054
22.277231
21.887398
21.960497
21.846794
21.757454
21.928005
21.94425
21.724976
21.050884
20.855968
20.807243
21.010281
21.026518
21.294535
21.140221
21.94425
22.26911
22.439659
22.805132
22.740152
22.464029
22.788885
22.853851
22.853851
23.462967
23.804068
23.739101
23.609156
23.966503
23.747219
23.552301
23.3249
23.389874
23.31678
23.584795
23.422361
23.422361
23.430483
23.186836
23.186836
23.454845
23.422361
23.357397
23.527939
23.730978
23.812719
23.722797
23.853596
24.025261
24.31955
24.262329
24.352255
24.483042
24.515739
24.474861
24.622019
25.087973
24.834551
24.760981
24.924473
24.8836
24.75281
24.744633
25.006226
24.213284
24.36042
24.66288
25.365904
25.815514
24.638359
24.483042
23.771851
23.665581
24.523911
24.515739
24.818203
24.605663
24.180588
24.352255
24.31955
24.041613
23.093357
23.420338
23.109703
23.265018
23.150579
23.910818
23.804552
23.747326
24.262329
24.491219
23.305899
22.946211
23.657406
24.196928
25.055262
25.071613
25.210585
25.578451
25.586618
25.78281
25.766466
25.578451
25.014399
25.038916
24.801853
25.316854
25.251457
24.31378
24.453609
24.28911
24.067028
24.215082
24.774397
25.111629
25.169209
25.160986
25.407732
25.037605
25.284365
24.659239
24.774397
25.045828
25.580469
26.11511
26.370092
26.855379
26.526373
26.419443
26.304291
26.205591
26.707321
26.57572
26.641523
26.189138
26.024632
26.131559
25.728521
24.626339
24.206858
24.182173
24.396032
24.807291
24.675695
24.766171
25.095182
24.72504
24.634565
24.486511
24.379581
24.881323
24.527636
24.206858
24.897776
25.317261
25.613365
25.012926
24.749718
25.029375
25.169209
25.259686
25.325483
25.366615
25.45709
25.670946
25.99173
26.041077
25.679173
24.971796
25.111629
24.585213
24.807291
25.196465
25.246145
25.304104
24.997738
25.709827
25.834036
25.751234
25.850594
25.867153
25.792637
26.388805
25.709827
25.453142
25.088821
24.906658
25.105385
25.502827
25.428308
25.519388
25.378626
24.906658
25.204744
24.683092
24.385006
24.749334
24.707935
24.799011
24.045525
23.556995
23.672913
23.730877
23.325148
23.407955
23.457634
23.08503
23.217514
23.432795
23.325148
23.31687
23.184387
23.672913
23.407955
23.465918
23.300303
23.706036
24.285645
23.838518
23.838518
23.556995
23.85508
24.53405
24.782457
25.179903
24.865257
24.823858
24.782457
25.179903
25.121937
24.823858
24.856979
24.972902
24.898375
24.972902
24.931498
24.956505
24.889822
25.048195
24.931498
24.673098
24.83147
24.698105
24.38969
24.373013
24.531391
24.423033
24.881489
25.239912
25.323265
25.323265
25.20656
25.439962
25.598339
25.840065
26.081802
25.581667
25.706699
25.389952
25.423286
25.298258
25.089869
25.464968
25.398281
25.448305
25.348274
25.048195
24.989845
24.873146
25.048195
24.998184
24.998184
24.656425
24.056274
24.222982
24.381355
24.681435
24.164631
24.431368
24.85648
24.823141
24.673098
24.939833
24.939833
24.673098
24.748121
24.664762
24.323009
23.8062
24.13129
24.398027
24.656425
24.172968
24.306332
24.639755
24.898157
24.881489
25.16489
25.290756
25.206848
25.257193
25.282368
25.114544
25.416628
25.273973
25.097761
25.047419
25.232016
25.190065
25.064198
24.997068
24.804075
24.678211
25.08098
24.887981
24.929937
25.399839
25.70192
25.978832
26.532637
26.767593
26.792768
26.692076
26.507465
26.759195
26.775982
26.859892
26.968979
27.254278
27.153582
27.103239
27.111626
27.615086
27.640261
26.977369
26.767593
26.549419
26.356428
26.373215
26.465511
26.448729
26.171825
26.121475
25.685139
25.517319
25.307541
25.315928
25.332712
25.064198
25.257193
25.450191
25.089367
25.416628
25.559275
25.878134
26.037567
26.113083
26.096304
25.584446
25.71031
25.878134
26.0555
26.0555
26.275087
26.283537
26.460901
26.731171
26.418667
25.971039
25.447399
25.413616
25.058884
25.04199
24.754833
25.312262
25.396719
25.911922
25.565638
25.447399
25.17713
24.940643
24.281868
24.518354
24.290312
23.690653
23.487957
22.651812
22.660263
20.911966
22.161959
21.418716
22.237963
22.727831
23.70755
23.572407
23.792007
23.167011
23.226133
23.715994
24.425447
25.058884
24.797068
25.067327
25.759893
25.683886
25.641655
25.337605
24.493011
24.366325
24.763281
24.518354
23.842682
23.876467
24.079166
24.366325
24.509903
24.357882
23.775116
24.003151
22.981207
22.761614
23.471066
23.910252
24.256529
23.749779
23.920021
23.885979
22.94109
23.28159
23.588039
23.928537
23.903
24.55846
24.132841
24.464821
24.132841
24.694662
24.328627
24.345648
24.14135
24.158375
24.669121
25.10326
25.060696
24.915985
25.128798
24.669121
24.226471
23.4944
23.656139
24.124323
23.988123
23.57102
23.783831
23.145391
23.111343
23.596556
23.204981
23.179443
22.94109
22.668694
22.779354
22.260094
22.336706
22.030258
21.979185
22.651669
22.821917
23.366718
23.28159
22.796381
23.009193
23.111343
23.28159
22.804895
23.324152
23.187952
22.924068
22.872995
22.787874
22.523977
22.489937
22.898529
22.94109
23.3582
23.724239
23.937046
23.622086
23.682152
23.63925
23.63925
23.510544
23.682152
23.888084
23.802282
23.836605
23.424738
24.171238
23.793697
23.604931
23.733635
23.991051
24.111181
24.351429
24.325691
24.505884
24.617428
24.840519
24.943481
25.123672
25.75005
25.441154
25.775795
25.72431
25.501213
25.707146
25.818693
25.870176
26.12759
25.878759
25.569862
25.475479
25.398249
25.509798
25.544119
25.604179
25.604179
25.569862
25.415415
25.595602
25.681408
25.587021
25.612762
25.389675
25.329611
25.758631
26.213396
26.221979
26.342106
26.282042
26.204821
26.170492
26.247721
26.033211
25.998884
26.050367
25.947403
26.187658
26.264881
26.161919
26.179203
26.412558
26.689125
26.533558
26.317484
26.576775
26.490341
26.014988
26.352057
26.697771
26.602703
26.559484
26.758272
26.77556
26.637272
26.801485
26.594061
26.594061
26.827417
26.913839
23.344347
23.655487
23.785133
23.620916
23.473988
23.231991
23.249271
23.180138
22.894918
23.361629
23.093704
22.238062
22.186205
22.445482
22.384987
22.462772
22.825773
23.015917
23.257917
23.041845
23.171488
23.136913
22.696131
22.78256
22.514635
22.32449
22.246704
22.609703
22.523277
22.722061
22.410921
22.168915
22.263992
22.341778
22.281275
22.359062
22.652916
22.601061
22.263992
22.108421
21.944202
22.030632
22.117065
22.16065
23.067305
22.78833
22.753458
22.683718
22.535521
22.640125
23.006275
23.084736
23.145765
23.424732
23.35499
23.538063
23.703703
23.991386
23.729855
23.642683
23.625244
23.642683
23.729855
24.558048
24.898039
25.2206
24.959063
24.671371
25.04624
25.2206
25.142138
25.089832
25.098547
25.142138
25.037525
24.993933
25.04624
25.194443
25.11598
24.627787
24.488306
24.497021
24.270359
24.270359
24.157024
24.157024
24.061131
24.087282
24.104721
23.965235
23.973951
24.427273
24.741121
24.592916
24.601635
24.619072
25.142138
24.941631
24.828299
24.98522
24.863169
24.601635
24.418562
24.401123
24.14831
23.860615
24.032089
24.190372
23.99692
24.093643
24.163986
24.287098
24.498138
24.542103
24.304682
24.234337
24.322269
24.445377
24.647625
24.568481
25.008142
25.16643
24.920214
24.937805
24.867451
24.682793
25.052114
24.814693
24.929007
24.893831
23.284658
23.610014
23.777086
23.653976
23.601219
23.522076
23.522076
23.504492
23.337421
23.407768
23.750706
24.023296
24.163986
24.313477
24.55969
24.709173
24.682793
24.841076
24.832279
25.034525
24.98177
25.140047
25.614882
25.5973
25.588505
25.526951
25.377468
25.421434
25.614882
25.614882
25.746788
26.151274
26.344728
26.309555
26.195244
26.151274
25.992994
25.949034
25.714136
