Adjusted
8.669919
8.396038
8.131133
8.252362
8.916862
8.737266
9.118906
8.885433
8.777674
8.458895
8.665428
8.553182
8.378079
8.382566
8.966249
9.181762
8.827062
8.827062
8.966249
8.629512
8.490324
8.629512
8.616041
8.310732
8.149095
8.319709
8.198483
8.315219
8.400527
8.463385
8.162565
8.211954
8.126644
8.198483
8.005421
8.193994
8.306239
8.557671
8.548694
8.337669
8.072766
8.0144
8.036847
8.144605
7.902154
7.677657
7.542963
7.965009
7.906641
7.915622
7.807864
7.749497
8.189502
7.857253
7.870723
8.032362
8.077257
7.929092
7.911131
7.65521
7.857253
8.306239
8.351138
8.234399
8.306239
8.22093
8.072766
7.843786
7.879702
7.749497
7.61929
7.776435
7.938069
7.929092
8.207464
8.104196
7.947052
8.0144
7.179285
7.120916
7.031119
7.273572
7.287042
7.475617
7.390308
7.33643
7.345411
7.161325
7.116427
7.120916
7.201735
7.161325
7.147856
7.215203
7.65521
7.664189
7.560926
7.489085
7.673168
7.610311
7.861742
8.005421
8.229912
8.167054
8.050316
7.9695
8.135626
8.315219
7.933579
7.866233
8.009909
7.888684
8.00093
8.158074
8.238893
8.135626
7.97848
8.077257
7.736025
7.318471
7.439696
7.68215
7.309492
7.340919
7.067038
7.01316
7.0401
6.986221
6.712339
6.887445
6.609074
6.451928
6.312742
6.285804
6.097229
6.438457
6.460908
6.438457
6.32621
6.793156
6.923363
6.528257
6.474377
6.389068
6.730299
6.586623
6.595604
6.474377
6.312742
6.519275
6.70785
6.519275
6.788667
7.318471
7.345411
7.318471
7.596843
7.493576
7.412758
7.161325
7.080508
7.0401
7.201735
6.968263
6.963771
6.99969
7.174795
6.986221
7.067038
7.152347
6.770708
6.815605
6.977241
6.752748
6.761728
7.017651
6.882954
6.770708
7.197245
6.9952
7.197245
7.246634
6.851526
6.761728
6.6854
6.703361
6.71683
6.36213
6.676421
6.644993
6.36213
6.133147
5.823349
5.513547
5.176809
4.943335
4.974765
5.271095
5.07354
4.543737
4.741292
4.691903
4.997215
4.718843
4.485371
4.606595
4.346182
4.305775
4.875987
5.087011
5.666203
5.895186
5.625794
5.585385
5.239666
4.979255
4.736802
4.579658
4.485371
4.18904
4.18006
3.865769
3.879239
3.762501
3.578418
3.219229
3.515559
3.793932
3.686175
3.942097
4.009445
3.569438
3.829851
3.879239
3.865769
4.094751
4.310265
4.162099
4.278835
4.027402
4.193529
4.040874
4.364143
4.413531
4.305775
4.435981
4.202508
4.126181
4.193529
4.198019
4.054342
4.202508
4.247408
4.418021
4.453942
4.588637
4.485371
4.552717
4.386591
4.305775
4.206998
4.058833
4.16659
4.247408
3.991485
4.063322
4.094751
4.076792
4.040874
4.108222
4.332714
4.332714
4.238426
4.238426
4.413531
4.386591
4.548228
4.732311
4.813128
4.44496
4.485371
4.570677
4.548228
4.332714
4.332714
4.274347
4.301285
4.11271
4.278835
4.229447
4.049852
4.108222
3.937607
3.852301
3.964546
3.84332
3.753523
3.713114
4.099242
4.139649
4.521289
4.741292
4.840068
5.001704
5.163338
5.203748
5.010683
5.414771
5.08252
5.010683
5.562936
5.284565
5.055583
4.988233
5.015173
5.307013
5.248646
5.12742
5.024153
5.15885
5.387832
5.392322
5.329463
5.235176
5.212727
5.414771
5.10497
5.302524
5.643753
5.998451
6.065799
5.926615
6.061311
6.146617
6.492337
6.196007
6.393559
6.38458
6.294783
6.290292
6.133147
6.038861
5.917634
5.72457
5.71559
5.809877
6.01192
6.02539
6.083759
6.02988
5.836818
6.061311
6.016412
6.155597
6.460908
6.69887
6.653971
6.869485
6.811117
6.775197
6.72132
6.824587
6.68989
6.402539
6.532745
6.339682
6.285804
6.420499
6.335191
6.393559
6.155597
6.35764
6.38009
6.662951
6.523765
6.573154
6.236415
6.285804
6.01192
6.016412
5.823349
5.854775
6.124167
6.038861
6.308253
6.335191
6.474377
6.469888
6.483356
6.69887
6.595604
7.807864
7.749497
7.731539
7.767457
7.794396
7.704602
7.915622
7.947052
8.202974
8.396038
8.306239
8.216443
8.544201
8.62053
8.467875
8.633998
8.818082
8.584613
8.360121
8.535219
8.584613
8.629512
8.849513
8.638487
8.755224
8.687879
8.728286
8.678894
8.526242
8.333179
8.333179
8.391547
8.539714
8.62053
9.020127
8.966249
8.93033
9.015636
8.885433
8.912374
9.015636
9.320947
9.280539
9.19074
8.840532
8.607059
8.903393
9.258091
9.150332
9.271559
8.966249
8.862981
9.006658
9.217682
9.159315
9.19074
9.087475
9.141355
9.065024
9.222173
9.302988
9.26707
9.401769
9.217682
9.132375
9.27605
9.100945
9.002166
8.57114
8.413997
8.764204
8.521753
8.701345
8.719307
8.625016
8.845024
9.482583
9.473604
9.612788
9.747485
9.734013
9.778914
9.90463
9.873202
9.751974
9.666667
9.612788
9.702587
9.576871
9.796872
9.621771
9.83279
9.756464
9.734013
9.482583
9.698099
9.608296
9.527483
9.563401
10.016876
10.057283
10.25484
10.205448
10.075246
9.989937
10.631986
10.389533
10.649947
10.658927
10.623007
10.690355
10.55566
10.465863
10.353618
10.349127
10.591578
10.515251
10.488312
10.452394
10.420962
10.245862
10.497292
10.573619
10.447904
10.58709
10.456882
10.631986
10.286267
10.057283
10.120143
10.061773
9.91361
9.783403
9.980955
10.079733
10.070752
9.792384
9.742995
9.837282
9.962996
10.043814
10.129123
10.147079
10.272799
10.394024
10.443414
10.488312
10.281775
10.183002
10.362595
10.281775
10.286267
10.456882
10.474841
10.353618
10.290759
10.492802
10.470351
10.605047
10.878926
10.896891
10.901381
10.964235
11.354855
11.476078
11.233625
11.21118
11.332406
11.408732
11.354855
10.869949
11.040564
11.049543
11.027094
10.896891
10.883418
11.095318
11.090808
11.230572
11.194504
11.144907
11.041213
11.149418
11.199011
11.329755
11.253114
11.226062
11.388366
11.44698
12.285552
12.290059
12.348667
11.960943
11.82118
11.9925
11.712976
12.253992
11.735517
11.82118
11.546163
11.47403
12.190873
12.037584
12.556056
12.371208
11.951922
12.132263
11.983484
11.807652
11.316233
11.401896
11.302706
11.23508
11.140399
11.731011
11.6724
11.586738
11.983484
12.109723
11.78962
11.514604
11.654365
11.861753
12.163821
12.240463
12.380225
12.592124
12.619177
12.614668
12.66426
12.632701
12.276534
12.317107
12.024058
12.087178
11.897821
11.275657
10.955554
11.117858
10.978098
10.644471
11.000638
11.199011
11.406399
11.392877
11.694941
11.721991
11.780603
11.428943
11.492061
11.618298
11.347793
11.338773
11.442466
11.44698
11.352297
11.26664
11.189995
11.203522
11.185391
11.203521
11.412001
11.412001
11.47998
11.629542
11.511708
11.176328
11.085684
10.87267
10.795625
11.013165
11.103811
10.895333
10.899864
10.732172
10.342408
10.587148
10.546353
10.636997
10.618871
10.414924
10.732172
11.176328
11.362146
11.271502
11.230712
11.253375
11.511708
11.670331
11.68393
11.670331
11.661267
11.570625
11.910538
11.85615
11.751912
11.534366
11.842555
11.851618
11.847088
11.692991
11.57969
11.756444
11.643137
11.896941
11.828958
11.815364
11.815364
11.779105
12.300303
12.35469
12.431737
12.48159
12.395476
12.27311
12.440804
12.368284
12.912149
12.866822
12.930276
12.807905
12.794312
12.943871
13.057174
13.0889
13.188609
13.483201
13.990804
13.88203
13.673551
13.809516
13.931884
13.682614
13.954545
13.581332
13.649603
13.918134
14.000061
14.050124
13.836209
14.327759
14.173011
14.013715
13.927237
14.427889
14.910332
14.892137
14.892137
14.919438
14.828412
14.746489
14.832958
14.559879
14.614497
14.505263
14.832958
14.92399
14.987705
14.955852
14.987705
14.851168
14.778344
14.741935
14.796552
14.751039
14.623598
15.133352
14.782897
14.723732
14.546227
14.919438
14.914887
14.682766
14.655459
14.751039
14.883025
15.019568
15.024119
15.101497
15.110599
15.242585
15.315411
15.05143
15.033223
14.441544
14.350514
14.678214
14.655459
14.72828
14.828412
14.782715
15.134576
15.075172
15.152852
15.239675
15.34478
15.161992
15.340209
15.308226
15.536708
14.97464
14.581655
14.581655
14.851257
15.070598
14.800995
14.723309
15.084311
15.134576
15.353916
15.541273
15.783462
17.350838
16.706528
16.327248
16.32268
15.993667
16.03479
15.975384
16.135315
15.970818
16.765928
17.172625
16.861891
16.852755
16.843618
16.779642
16.884741
17.021828
16.78421
16.633411
16.628839
16.404928
16.345524
16.217575
16.345524
16.363802
16.436914
16.624271
16.363802
16.523739
16.857317
16.907587
16.848185
16.7248
16.99441
16.852755
16.542015
16.76136
16.587713
16.711098
16.6791
16.692816
16.564407
16.614857
16.413078
16.715744
16.578171
16.124159
16.18836
16.78912
17.032179
16.78912
16.711161
16.64237
16.564407
16.711161
16.720329
16.871664
16.500206
16.472689
16.124159
16.390144
16.477276
16.390144
16.29384
16.105816
16.004923
16.174608
15.986577
16.114985
16.252562
16.431421
16.844158
17.096376
17.302742
17.128481
17.42198
17.999807
18.082355
18.109869
18.430887
18.779421
18.536366
18.490507
18.504265
18.224522
18.146557
18.151144
17.944775
18.252035
18.068594
18.490507
18.265789
18.518021
18.504265
18.527187
18.426302
17.871399
18.334578
18.385027
18.252035
17.70631
18.013567
16.922117
16.839571
15.670598
16.586437
15.997354
17.078884
17.193937
17.681776
17.898075
17.810637
15.992755
16.153833
16.057188
16.903996
17.198544
16.761328
17.207739
17.511488
17.71859
17.773815
17.575926
17.253769
17.373426
18.031548
17.911886
17.170927
17.327398
17.575926
17.7416
17.980919
18.040749
18.942785
18.905972
18.362904
17.769213
17.815241
18.174215
18.339886
18.146599
17.566717
17.161722
16.66008
17.143314
17.511488
17.71859
18.068363
18.832327
19.021021
19.103859
18.91057
19.430622
18.942785
19.536478
18.832327
18.86455
19.37079
19.577896
18.998013
19.053238
19.821806
19.559484
19.495052
18.975
18.951982
19.053238
20.337261
20.355667
20.415497
19.766586
20.028913
20.406292
20.084139
20.342865
19.876225
19.418829
19.414206
19.257114
19.534334
19.058445
18.869022
19.335659
19.501989
20.088758
20.13958
20.287426
20.421417
20.204266
20.273565
19.802305
20.310532
20.329008
20.148825
19.908564
20.051794
20.088758
20.153444
20.818756
20.90192
20.791029
20.998943
21.225332
21.151409
21.460966
21.257683
20.92502
21.3316
21.419384
21.585712
21.525646
21.631916
21.770519
21.992292
21.881405
22.043119
22.195585
22.186342
22.246399
21.872168
22.015392
22.070839
22.334188
22.107798
22.398874
22.140141
22.287989
22.020014
22.324953
22.38986
22.445501
22.589231
22.811789
22.635599
22.834972
22.774691
22.477953
22.496502
22.464045
22.375952
22.408407
22.468681
22.394499
22.362043
22.677334
22.515045
22.584595
22.668053
22.737602
22.408407
22.946245
23.354261
24.035833
23.697367
24.267658
24.425304
24.606127
24.671041
24.828684
24.912142
24.949232
25.598347
25.663256
25.922905
26.085188
25.978546
25.839445
25.913631
26.27528
26.386562
26.409739
26.975395
26.62302
26.326281
27.490059
28.111353
28.593552
27.656969
27.197952
27.972258
27.267504
27.429787
27.15159
26.915125
27.587421
28.125257
26.627661
26.599836
26.734303
26.854851
26.266012
25.760628
25.802483
25.202536
25.160675
25.509485
25.583897
24.960688
24.80722
24.658394
24.030539
23.965425
24.974644
24.821171
25.714123
25.467628
25.374609
25.848989
25.45368
25.528086
24.253782
25.067667
24.374697
24.867682
24.853725
24.923491
24.570032
24.667696
23.844509
24.337492
24.43516
25.197878
25.635052
25.876896
25.146721
25.411818
24.783972
25.090916
24.532824
24.225868
24.797915
24.551426
24.156109
24.370045
24.170063
24.365398
24.342142
24.258427
24.500271
24.932791
24.602589
24.988596
24.788614
25.20719
24.165411
23.532907
23.477102
23.44454
24.370045
22.077217
21.802822
21.058695
20.36108
20.072733
20.421541
20.300154
21.154549
21.14521
21.061172
21.27594
21.528057
21.677462
22.457155
22.597225
22.513186
22.433813
22.452488
22.466496
22.363783
22.737291
22.94272
23.045433
22.95672
23.208841
23.162157
23.115467
23.250862
23.736422
23.890493
23.731756
23.685062
23.890493
24.147284
23.559008
23.185495
22.994078
23.395597
23.899832
23.843805
23.885822
23.591688
23.390924
23.829803
23.675724
23.414272
23.01742
23.106127
22.924042
22.755964
22.765305
22.106993
21.92024
22.018288
22.027626
22.256399
22.858673
22.592554
22.135006
21.33197
21.149883
20.995811
21.131205
21.593424
21.416
21.43001
21.766171
23.736422
23.81579
24.142612
24.189297
23.745758
23.79245
23.66172
23.58671
22.897533
22.705313
22.860025
23.319479
23.469505
23.680471
23.999277
23.858627
23.539829
24.083668
24.285265
24.318079
24.280571
23.966459
23.811747
25.176035
25.147905
24.829102
24.936935
25.12915
24.932243
25.01663
25.588604
25.476084
25.443266
25.415138
25.12915
25.171341
24.908802
24.960377
24.679075
