Adjusted
25.501766
23.610668
22.243834
21.906809
22.094046
20.671036
20.876995
22.187662
21.981701
21.120415
22.580862
23.966423
23.760462
26.681362
26.30689
26.21327
23.910248
23.779181
24.528137
24.415787
25.932415
26.962221
25.370708
23.311089
23.460875
22.97407
22.992783
23.760462
23.236191
23.985146
23.928965
23.498322
24.266005
24.640471
25.089848
24.565582
25.520494
24.621756
24.902611
24.32217
22.786825
22.131491
22.01915
22.037876
21.532333
20.783381
20.745935
21.607231
21.551056
21.064234
20.876995
18.911003
19.922089
19.978262
20.053154
20.820831
22.374903
23.048962
23.629395
22.842995
23.086403
23.872803
23.910248
23.985146
23.966423
23.741734
22.805553
24.640471
24.041325
23.030237
22.50597
22.000425
22.637035
22.861721
24.359619
23.629395
23.591949
23.760462
23.816629
24.958778
24.921333
24.696638
25.932415
24.996227
26.363062
26.381786
26.044758
26.082209
28.235443
27.243082
28.460125
27.860962
26.643919
26.456686
25.857523
25.445595
24.865164
23.404203
24.061092
24.230011
24.023561
23.629421
23.103905
23.329123
22.953762
22.784843
22.559626
23.760798
22.109177
21.189524
20.814161
20.38249
19.894514
20.570173
20.38249
20.194801
19.500372
19.387762
19.049929
18.91855
18.280428
19.049929
18.787176
19.143772
18.693331
18.561951
17.848757
18.073973
17.829988
17.342005
17.323236
17.060476
16.685112
16.816494
16.610044
16.910337
18.805943
19.425297
18.862246
19.012394
19.669292
19.425297
20.157265
19.049929
18.862246
19.256386
19.200081
18.355497
18.468109
20.363724
19.650517
20.269876
21.658741
23.516809
22.747307
22.390707
23.010069
22.09041
21.527355
20.795397
21.264605
21.283375
21.302135
21.001844
20.457558
20.664015
21.527355
21.621204
21.733814
22.165489
21.039385
20.664015
20.889236
18.881014
21.114458
21.696274
21.405365
21.386597
21.658741
20.645248
21.7995
23.976641
23.225903
22.991299
23.872814
22.652689
22.066269
19.957069
22.113562
19.474689
18.992319
17.516821
17.024988
15.889984
15.360323
14.613114
13.903738
14.29153
13.99832
13.38353
13.307865
12.295824
12.948448
12.172864
11.520242
11.567532
10.754117
9.704243
10.460906
10.177159
10.328492
9.628575
9.751534
11.558074
11.028407
10.754117
12.002614
11.13245
10.820323
9.638035
9.874495
9.061073
8.625991
9.032701
8.134163
7.509911
8.673284
8.578699
8.030119
7.396411
7.405869
6.72487
7.95445
7.765285
7.613953
8.049036
8.389533
7.831492
7.963912
8.058495
8.030119
8.209826
8.53141
8.455744
8.1247
7.803117
7.850409
7.869328
7.963912
7.926076
7.982827
7.859869
8.20037
7.95445
8.285494
8.824616
8.427368
8.616535
8.474659
8.673284
8.777325
8.673284
9.070532
8.909744
7.869328
7.822035
7.282911
6.895118
6.895118
7.122118
7.358577
6.970785
6.65866
5.731745
5.901994
5.807412
5.93037
6.743786
7.197786
6.696495
7.576119
7.557201
7.576119
7.141037
7.292368
7.547744
7.008619
6.668118
6.989702
6.819453
6.847828
6.99916
7.05591
6.866745
7.103202
6.989702
6.847828
6.649201
6.961327
6.980243
6.980243
7.263994
8.692199
8.966491
9.363742
9.770452
10.574408
10.981115
10.66899
11.822906
12.276908
11.766157
11.01895
10.829782
11.974238
12.570109
12.967364
13.128155
12.693072
12.607947
12.986282
13.355153
13.676737
13.960485
14.225323
14.537448
14.206405
15.171154
14.395573
15.360323
15.606235
15.24682
14.991446
15.30357
15.010361
15.142778
15.445447
15.435987
16.552069
16.589903
17.497902
16.797985
16.712864
14.73607
15.313027
15.587318
16.769609
15.804859
16.485863
16.60882
16.315611
16.873655
16.788525
16.930405
17.015532
18.793692
18.538311
18.339689
18.708563
18.557238
18.500486
19.039608
20.042194
19.947609
19.521984
18.320778
18.547775
17.545193
17.488443
18.708563
18.074865
17.677607
18.008654
18.670734
19.559816
19.692234
19.692234
19.871944
19.342276
19.35173
18.453192
18.840986
18.973402
18.897734
19.153107
19.361191
20.269194
20.146235
20.098938
20.38269
20.562395
21.035315
20.959646
20.675903
20.675903
20.789404
20.467813
20.713734
20.88398
20.723192
19.815193
19.23823
19.399025
19.957069
19.881399
20.666441
20.846148
21.39473
21.39473
20.855606
21.39473
21.328524
21.442022
22.066269
22.104105
22.728355
23.163437
22.93644
23.135063
22.917521
21.385273
21.517683
22.236525
22.614857
23.201271
25.698271
24.960526
24.894316
25.196981
25.102396
25.253725
25.045645
24.932146
24.714602
25.395605
25.159143
23.939022
23.447189
23.844437
24.563272
24.903772
25.215895
23.816063
24.780815
24.52544
25.442894
25.54693
25.537479
25.215895
25.490185
25.95364
26.795441
27.031898
26.748146
26.473848
26.26577
26.691393
26.284685
25.395605
24.582186
23.910648
24.402477
23.844437
24.241684
24.62948
24.676771
25.253725
25.244267
25.528021
25.509104
25.518566
25.282103
26.246849
27.400766
27.041342
26.81435
26.048233
25.528021
25.423977
24.894316
24.941607
24.686226
24.44977
24.72406
25.395605
24.733521
25.244267
24.005228
22.435144
22.510811
23.437729
24.033607
24.307892
24.430853
24.667315
23.882273
24.17548
24.534891
24.260605
24.553816
24.86594
25.386145
25.887432
25.669893
25.272646
25.650978
25.338854
25.301022
25.528021
26.663017
27.268351
26.899479
27.3251
26.937305
26.937305
27.003515
26.322517
25.944187
25.291559
25.386145
25.622604
26.067142
25.840143
25.877983
26.398182
26.407646
26.454939
25.877983
25.537479
25.509104
25.528021
25.149683
25.887432
26.691393
27.239979
27.183228
27.400766
27.45752
27.334557
27.126474
27.344017
27.362942
27.24943
27.353474
27.372396
27.3251
27.646688
28.51685
28.450645
28.14798
28.204727
27.939896
28.214184
27.996639
27.892597
27.608849
27.741268
26.681936
26.918392
26.842726
26.558977
27.003515
29.084351
30.332851
30.276096
30.588223
30.351767
31.439476
31.37327
31.827267
31.098978
31.231396
31.288139
31.742144
32.21505
32.252892
32.139385
31.742144
32.01643
32.158306
32.186687
32.21505
31.950218
30.749016
30.408518
30.711189
30.285557
30.871975
30.134226
29.651852
28.658728
27.665604
29.037058
29.027597
31.013857
31.004381
30.701721
30.994932
29.907223
29.642393
28.715477
28.866808
28.857351
28.866808
28.989761
29.86939
29.368099
29.661306
29.765348
29.831558
28.441185
27.173767
27.391312
27.438599
29.131643
29.557264
29.888308
30.540936
30.370684
29.718056
30.370684
29.282974
28.346598
28.781683
28.214184
27.315638
27.268351
25.830683
26.010393
26.076603
26.029308
26.000935
26.606266
26.871103
27.041342
26.946774
27.911522
27.902061
27.883141
26.558977
26.492773
27.164309
27.126474
28.204727
28.781683
28.791145
28.601974
28.242561
28.025017
28.157431
29.812645
28.545225
28.583059
28.668184
28.091225
28.535767
27.902061
26.85219
26.540062
26.010393
26.029308
26.029308
26.464396
26.303602
26.436018
26.104982
25.461813
25.934729
27.164309
27.069731
25.54693
25.007814
26.104982
26.577894
27.012972
25.934729
26.417101
26.691393
26.975145
27.372396
27.608849
27.06027
27.400766
27.400766
28.138519
28.091225
28.0061
28.14798
29.320808
29.377558
29.888308
30.474726
30.020721
30.6166
30.46526
30.853048
31.042229
30.881432
31.458387
31.354349
31.411095
31.174637
30.663883
31.05168
31.354349
30.862514
32.120476
32.356937
32.773094
32.820396
33.264927
32.981174
33.39735
33.274387
33.5676
33.548679
33.690548
34.560722
35.043095
35.13768
34.920135
34.522873
34.286434
33.832432
34.031063
33.359516
33.879719
34.730961
35.27956
35.459263
37.483345
37.984638
37.852219
37.700882
37.672508
37.833309
38.32513
39.148006
38.977764
39.261513
39.242592
39.043968
39.677673
40.377579
40.547836
40.368141
40.87888
41.900383
41.512585
41.247757
41.11533
40.708637
41.162628
40.803207
40.841042
40.803207
41.049145
41.162628
40.056007
40.57621
39.829014
39.043968
39.592541
38.902096
39.951969
40.093834
40.245178
40.992378
40.283005
40.197876
39.829014
39.876301
39.55471
39.876301
40.292469
39.308792
40.178959
40.926178
40.226254
40.718094
41.143711
41.503132
41.59771
42.089554
41.673382
41.654465
41.46529
41.105892
42.278717
42.401669
42.761082
41.578808
41.446384
40.841042
41.40855
41.493675
41.049145
42.146301
42.657047
42.193584
41.191002
41.172089
41.276131
41.484211
41.635548
40.87888
40.292469
38.949379
39.261513
39.980343
41.749046
42.042255
42.666504
43.281292
42.316551
41.569347
42.373295
42.657047
43.527206
43.65963
43.650166
43.981205
43.338039
43.574505
43.281292
43.129967
41.985504
41.805794
41.76796
41.512585
41.06805
40.396511
41.947674
42.070629
41.332882
41.455837
41.484211
41.219376
41.380169
40.651882
39.904675
39.072342
38.258923
38.779125
39.980343
40.699158
40.31139
41.030212
40.91671
40.935627
40.046551
40.926178
40.51947
40.027641
39.961426
40.273548
41.191002
43.271824
43.527206
43.51775
42.798931
42.742168
41.824715
40.888344
40.973465
40.557297
41.711212
40.443794
39.904675
40.91671
39.904675
39.299339
39.015591
40.424881
41.436924
41.313969
41.815266
41.474758
42.004425
43.025925
43.801506
44.274418
45.031086
45.021622
44.860844
45.409405
44.785164
43.829884
43.565044
43.810963
43.650166
43.347507
42.609756
43.158348
42.742168
43.025925
43.196171
42.505711
42.62867
41.276131
40.859966
40.51947
40.40596
37.927879
37.80492
33.860809
33.501385
29.566719
32.035347
30.351767
32.186687
32.281273
33.189266
33.000099
32.782555
30.644974
30.153141
30.578773
32.01643
33.255474
34.428303
35.430893
36.546967
37.105011
36.830711
36.584797
36.007843
34.995804
36.518593
35.449799
33.80405
33.747311
34.9296
35.402515
35.34576
35.270107
34.768795
34.503963
33.227093
31.193554
31.49622
32.621758
33.368973
32.290726
32.385307
31.969139
31.657019
34.68367
35.449799
37.180668
36.263218
37.80492
37.625225
37.672508
37.199589
37.502254
36.424023
37.237431
36.925301
37.861679
38.987213
40.330296
38.987213
40.513702
42.277245
42.049671
40.874001
39.764683
40.371487
40.836075
40.210308
40.47578
43.547726
42.172939
42.921974
42.665974
42.561672
43.007298
41.869541
41.082596
42.533245
41.2817
41.167915
39.707809
39.338032
41.196369
40.968811
41.983318
41.916943
42.343601
43.140041
42.893528
43.121075
41.850567
42.741821
42.021252
40.162899
39.774166
40.542152
42.05917
39.774166
40.86451
41.727329
40.94038
41.386002
41.698875
41.092064
41.604065
41.679909
43.708923
43.633064
44.344162
44.268322
44.581207
41.76524
42.722866
42.552193
42.400501
42.665974
42.770275
44.562244
44.287277
44.486393
44.713951
45.017982
44.628429
44.143856
43.735275
43.307724
44.105843
43.830307
44.229362
43.792297
43.041676
42.766136
42.414581
42.329071
43.222214
44.295868
43.801788
44.523922
44.799446
44.485905
45.151009
45.578571
45.569077
45.417046
45.322037
44.561913
45.293537
45.607071
45.635586
44.723438
44.865963
45.996632
46.443207
46.433712
47.041801
47.47887
47.060795
46.832767
47.098812
47.963455
48.704556
46.756744
47.022793
47.83992
47.032307
46.519218
46.17717
44.922955
44.951477
45.7211
45.569077
45.692585
44.82795
42.918171
44.153351
44.723438
44.276871
44.761448
45.626087
45.103497
44.4669
45.274521
44.903969
43.896816
44.801796
45.544846
45.592487
46.45937
46.754673
46.95472
46.145
45.297165
45.592487
44.277866
44.05875
44.201656
43.753925
43.048981
43.430031
43.51577
41.772469
41.953465
43.382401
43.582443
45.48769
41.924889
42.153511
42.124928
41.867737
41.591465
40.572163
40.591213
40.953213
41.715313
41.258041
41.772469
40.772213
41.753414
40.505478
41.219948
41.153259
41.362835
41.982052
41.553364
39.95295
40.057739
39.314697
39.486172
39.333759
40.086327
41.924889
42.86797
43.839649
43.706284
42.382156
41.858189
41.47715
40.476902
40.210167
40.876995
40.724567
41.801048
42.801308
43.048981
42.801308
41.982052
41.181843
41.525734
41.745449
42.891781
42.958649
41.955608
40.990784
40.694645
41.630821
42.17532
43.111496
44.210056
44.79277
44.487091
44.515743
44.859638
44.39156
44.955173
45.375488
46.502716
46.235237
45.375488
44.783215
44.458431
43.847057
43.665562
43.847057
43.187912
43.808838
44.114521
44.057217
45.060246
45.42326
45.451923
45.786259
46.139709
47.735016
48.575653
48.432365
47.801891
48.193546
48.317734
47.763668
47.505753
46.684212
46.225685
46.397636
46.579121
46.330761
47.028107
46.913483
47.419773
47.763668
47.496208
46.999458
46.999458
46.655548
46.617344
47.219177
48.298626
48.738052
48.871788
47.687248
47.352917
47.114075
48.01424
49.517666
49.278275
49.565548
51.71059
50.427387
50.800865
51.068989
50.810417
50.082657
50.887032
50.140114
50.12096
49.488949
49.067593
49.393181
50.743408
49.335728
49.383602
50.044353
49.948582
51.58609
52.026588
51.911674
51.47118
51.672283
51.614819
51.538223
51.701
51.768036
51.768036
52.754372
52.802246
52.735218
52.170231
53.079956
54.09502
53.405544
52.993771
52.629894
52.323452
50.829594
50.839165
50.685951
