Adjusted
84.541176
85.995323
82.372604
81.372353
81.2883
82.88533
81.607704
79.018845
80.296463
74.748917
72.20208
69.352676
66.83947
64.796989
67.528702
67.511925
65.309708
66.595734
66.141838
63.67065
63.376476
65.797203
66.478058
64.662491
62.922577
63.67907
65.032326
67.654816
68.495323
71.353165
70.697533
70.849197
73.073776
72.517647
70.705963
72.003624
73.76474
75.079262
74.363029
75.576416
72.846275
73.292877
71.245255
74.02597
73.86586
72.138443
69.77063
72.981094
71.068298
71.759262
70.697533
68.447701
71.093575
67.554497
67.950523
68.4814
69.635803
72.905258
71.944641
72.180588
73.309746
75.197227
76.511749
76.933075
76.992073
76.326385
75.517441
75.989334
78.028511
76.351685
76.840416
76.789841
79.882324
80.30365
85.822937
90.086723
89.244041
88.367722
85.898796
86.572884
86.252678
83.640518
84.727516
82.873703
83.952293
85.578568
87.280716
85.957764
88.94912
88.485687
87.171165
88.392998
86.842522
87.171165
88.738464
89.850754
89.252495
87.853699
86.345367
84.289322
85.131973
86.699272
85.098267
85.216225
84.658936
83.578133
83.721664
88.652924
86.077515
88.500923
86.415268
85.537102
83.442993
84.17762
85.174011
87.369423
88.593834
88.517807
87.901421
91.549187
90.147499
88.847153
88.669792
89.421318
90.713226
92.765129
87.276543
86.02684
84.025635
81.22226
82.100418
83.789192
83.73011
85.950867
82.167984
80.943588
81.720421
84.903809
89.573318
87.892952
84.89537
83.82296
83.561203
82.446609
81.256042
86.474388
85.790428
84.608276
79.719223
80.985825
82.286179
80.867607
77.920692
78.266884
78.233109
80.985825
79.415253
77.236717
75.46347
78.427307
80.740952
83.561203
82.125778
81.213821
82.750603
83.189697
81.636002
79.731987
76.550148
75.018456
73.402145
72.598236
72.784409
68.460175
71.599686
73.647568
75.043854
70.194931
73.495232
69.407967
69.93261
76.761719
76.110123
72.962151
72.970573
74.485344
72.801361
62.409622
66.082253
65.049843
60.979462
61.377216
58.813126
55.419743
55.969788
51.239346
51.197029
55.470493
56.418285
46.03503
45.01955
42.303143
47.168983
45.510368
42.091583
44.037918
40.212948
36.62492
40.619141
43.05629
44.638733
43.70789
42.083118
44.071766
42.51469
40.746075
43.479401
43.276306
41.160721
38.071972
43.750198
41.262272
40.57682
42.506222
40.026775
33.510788
38.080437
39.256695
39.519032
42.430073
42.937809
35.757435
37.320984
36.13982
33.989956
33.208199
35.103127
35.697952
37.074539
35.986862
34.924679
36.377754
36.437237
36.148312
33.505604
34.363838
33.063728
32.069523
32.477406
33.539593
34.763233
35.791428
35.969875
38.765545
39.785236
40.448055
38.75705
38.943993
36.539196
35.137123
36.386253
34.35535
34.142914
33.904984
31.296249
33.131721
31.670124
34.916187
35.689453
35.663967
37.524921
35.629974
34.678249
34.661259
34.831223
35.927387
37.856297
38.485123
39.190426
36.8451
36.156818
35.663967
35.459
32.623642
32.623642
32.914013
31.496338
30.053038
32.495548
31.795242
32.598026
32.504082
30.608152
30.45443
33.16169
30.881445
31.368227
31.316986
33.750946
33.136066
34.126717
33.563057
35.390678
35.962868
36.646088
37.841713
35.459
39.925533
39.421654
38.721355
38.892166
37.167049
35.117397
34.690372
35.1003
37.397625
38.490776
37.534267
36.714417
37.184124
37.713615
37.790489
37.670918
38.883629
39.285011
39.771797
37.662373
39.823048
39.481441
39.805965
42.47052
41.317589
41.027225
42.726723
41.838543
43.273293
46.185505
46.287991
47.867939
46.202587
48.277866
46.774784
47.611732
45.72435
46.057407
44.451855
46.245304
46.125732
47.005375
44.357914
44.195641
46.048862
45.613331
48.124153
48.875679
50.718597
50.727169
48.76424
49.981441
49.089977
49.141399
50.444294
50.804306
53.298672
51.66148
50.221443
48.832821
47.984219
47.787083
47.444214
44.847004
45.687012
45.824162
47.444214
46.698471
47.118484
46.38134
46.527046
45.044144
44.101254
42.172646
42.721214
43.046947
43.295532
43.70697
44.426994
46.767048
47.555641
48.009941
48.755684
48.858532
47.401356
49.518559
49.149975
48.421379
46.801338
44.992714
45.798454
45.858452
47.958523
47.315639
46.372757
46.029881
45.644165
45.867027
45.327011
46.184185
47.255638
45.755589
43.972687
44.598427
45.318439
46.115597
48.48138
49.149975
48.112797
48.498531
48.772827
49.167118
48.349823
47.240009
46.508743
46.818462
48.065914
49.984428
49.347786
50.268318
51.954544
51.455566
51.472778
53.692375
53.158997
53.210606
52.298672
52.969723
51.842709
50.896358
51.171654
52.074989
51.980354
51.274902
49.149902
48.891823
49.863972
50.965176
52.496544
53.898869
54.105339
55.249565
55.189331
56.81535
59.181202
59.430714
60.876045
59.499554
58.51017
59.017746
56.092667
55.318394
55.860397
53.571941
55.748554
53.511723
53.950485
55.464634
55.318394
56.006634
55.404419
56.032436
56.247524
56.901367
55.576469
56.367973
58.406925
57.718651
57.391754
55.524864
54.492481
55.602295
56.402382
55.946415
54.320423
55.149086
55.805119
55.235394
53.690281
52.973846
52.965218
51.791283
51.808548
53.06879
52.982475
53.491768
53.724823
54.838322
54.009674
54.337677
55.045502
55.226772
56.305756
56.409336
56.728725
56.279854
56.590603
56.184906
57.928555
58.092548
59.387344
60.000202
60.984257
60.984257
60.069248
61.156876
61.536667
61.139603
61.225918
59.637657
58.964378
56.314377
56.8064
56.754597
56.711452
55.787838
54.777908
55.925964
57.073986
56.961773
53.949249
53.569447
53.621239
55.036869
54.941906
55.900047
55.683552
56.852646
56.662144
56.991199
55.337154
53.319389
52.721844
52.747833
52.661224
52.912357
53.189472
54.39323
54.756943
54.453835
55.259205
55.839428
55.510345
55.596958
55.337154
55.891399
55.692215
56.740055
57.675331
56.506248
55.700863
54.982094
54.583736
53.873619
52.617931
53.405987
54.618366
54.601059
54.95612
55.917374
56.956558
57.83989
57.190384
57.692669
57.614716
57.424198
56.731407
58.108337
58.203602
56.982544
56.497585
58.757847
58.90506
59.043625
62.940613
62.949242
60.888191
61.4944
63.34761
61.849445
61.754177
59.710434
58.281536
56.592842
54.436523
57.874527
57.883175
57.718628
57.969784
56.185841
55.553661
55.198593
54.202698
51.28429
52.392769
49.881378
50.626133
50.877274
51.977093
48.796421
44.972656
48.935467
49.213551
48.440117
47.127876
48.283684
48.205475
51.420906
51.690296
50.977699
52.898266
52.846119
53.324089
52.602806
52.429001
50.630081
50.690922
49.656761
50.595329
49.830555
47.866547
48.092499
48.022987
47.762257
48.266296
50.004383
50.873421
50.890797
50.621399
50.942932
51.177574
50.986382
49.257
51.403522
53.046013
51.7859
53.271961
51.577339
51.142811
51.212334
51.90757
51.977093
51.846737
54.523369
54.627651
54.67979
54.975258
54.175758
54.532055
54.010632
52.194347
51.533886
51.064602
51.594711
52.411621
51.429596
50.247707
49.065826
48.509632
47.597153
47.527622
46.45871
48.4575
47.253677
46.520939
48.134735
49.216404
50.045116
49.835758
50.891266
51.057011
51.737434
52.470169
51.336151
50.760429
50.751694
50.681915
51.327431
51.719978
51.449551
50.690636
52.897602
52.217209
52.5923
53.665264
53.743767
54.459072
53.386112
54.921398
55.069698
54.947563
55.444786
55.392448
54.659698
56.369457
56.055416
56.264778
56.273499
55.078426
56.081589
56.099037
59.117268
59.780228
60.28619
60.39957
60.870651
60.966579
61.210835
62.344852
62.990383
66.122025
65.999886
65.284592
64.482048
65.118851
65.441612
64.647781
64.81353
63.836529
64.900764
65.860336
66.67157
66.645416
65.807976
67.299644
66.279037
67.354958
67.652374
70.722694
70.626472
72.375954
72.480942
70.853905
70.766418
71.063828
71.326271
72.10482
71.142586
70.609001
70.967651
71.151344
71.886124
72.113548
72.43718
72.183533
72.096069
71.912361
73.154495
72.918312
73.040764
73.171967
71.405014
72.244766
70.442772
71.343773
70.574013
71.9561
73.87175
74.00296
76.023636
75.892426
75.455055
74.597801
73.02327
73.696823
72.822075
76.495995
75.210136
75.813683
77.843086
78.411674
77.921822
78.227989
78.140488
78.577866
77.904327
77.405731
79.277657
79.050224
80.909813
80.997536
82.46241
82.778191
83.365891
81.497513
81.488762
78.637947
81.444893
81.944878
80.260727
79.813362
81.444893
80.173027
79.164253
78.813377
77.67308
74.217033
75.646828
74.874924
74.383713
72.892517
76.357346
75.374908
78.708145
77.866066
77.629219
77.278358
76.216988
79.322166
82.769424
82.146622
81.804535
82.190475
81.37471
81.462456
80.646667
80.365974
79.690559
77.892365
75.646828
75.252098
75.453857
76.015228
74.339851
75.550346
77.094147
78.751999
77.234505
78.48008
78.401123
78.164284
78.725685
77.006439
75.304718
74.374939
72.664452
72.506569
73.322334
74.111794
72.146942
73.260933
72.550415
72.094322
71.980247
73.462685
73.313576
73.243401
71.997803
73.050415
73.760925
74.725807
74.52346
75.411972
73.186234
74.153961
74.813789
73.071869
72.913513
73.661301
75.51757
73.599731
72.755157
74.338722
72.719986
72.359268
71.954613
72.253708
73.458954
73.529343
73.080696
71.189217
70.942879
74.206749
74.963333
76.010239
77.065926
77.725731
78.394348
79.529213
79.142136
77.479416
76.397308
76.538078
75.587959
77.409042
76.722824
78.033646
77.778542
80.021896
82.529167
83.312149
82.63472
80.655312
80.408981
79.502853
79.362083
77.083527
76.705246
71.074852
71.154022
64.811043
68.294853
64.934196
68.206879
68.611557
70.441429
69.174591
69.957558
65.462059
64.327187
63.77293
66.975212
67.063202
64.31839
65.84034
67.960533
68.251816
68.949051
67.519241
65.683403
65.595146
67.775192
66.610146
63.371021
63.882927
63.662251
64.36834
65.506897
64.288895
62.453094
61.155655
57.501675
54.033047
54.015392
55.842381
55.974758
53.247524
54.130135
52.717964
50.943924
52.170746
54.350773
56.389595
55.286343
58.066559
58.975624
59.408096
59.311016
62.611954
59.59346
61.702881
59.928852
60.008263
59.469879
61.676388
60.043571
61.64109
66.874924
67.042633
64.844933
62.779648
64.200661
67.016159
66.168854
66.486588
67.810501
64.509567
65.356857
67.55455
66.742554
67.051476
65.99231
63.29155
62.947353
61.941162
60.855579
58.693188
58.578465
61.093876
62.38715
66.727577
66.320122
66.444153
68.339745
67.896858
66.514999
63.733593
65.68235
63.706997
62.369431
59.348831
58.755356
59.269131
57.639244
60.385227
59.97776
60.172661
61.244453
60.766109
59.384277
59.712021
60.509243
62.085968
61.61647
60.296665
60.039768
60.961006
62.670605
62.147991
61.74052
60.225792
59.915752
62.56432
64.539635
65.372307
65.691216
66.07209
67.489388
67.303368
67.905708
67.560257
66.585861
67.427353
68.481483
69.677315
70.545403
70.421364
69.455872
69.659584
68.357452
69.119247
68.915512
68.525757
69.145828
69.10582
69.852539
71.11483
70.750343
70.981476
70.323654
70.030312
68.990273
69.665878
68.616928
67.283508
65.594536
66.403458
67.399078
67.416862
65.798988
66.465691
65.798988
66.599037
68.23468
68.536911
67.3013
65.7901
63.985573
65.052284
64.358917
62.189896
62.029915
61.460976
62.16325
62.083244
61.985466
61.060974
60.820938
60.083138
59.789795
60.554272
62.527695
60.785397
59.949783
61.647671
62.16325
62.047684
63.736652
63.283314
64.634483
66.190125
66.003433
65.736748
65.90567
66.785713
65.93232
64.545593
62.189896
62.758827
62.572166
61.905453
61.727669
61.158749
59.780899
58.243046
57.611897
57.558552
56.945194
59.345318
59.025299
59.718689
58.536385
58.145267
59.772011
57.286163
56.456059
55.402805
55.527756
55.554543
57.652115
57.509308
57.607487
57.187973
57.955605
57.080856
58.357254
59.321247
59.392666
59.937134
58.500072
55.840176
54.947578
53.608719
53.260601
54.867249
55.982979
57.937752
57.964531
60.106735
58.99992
58.169815
58.749996
57.991295
58.607189
58.366192
59.553318
59.178459
60.508389
61.374203
61.267086
61.882973
62.07935
60.642281
60.918972
63.650291
65.123062
64.748154
63.605652
63.980537
63.221859
64.614288
64.623238
65.703247
65.747871
66.345901
67.25634
67.122459
66.470886
65.935326
66.926086
66.747551
66.354828
66.363762
66.783279
66.220955
66.577972
66.810036
66.390549
65.364716
64.389
65.090446
64.227127
64.074249
65.162399
65.800888
65.369225
66.241547
66.835068
68.049095
69.784729
69.371071
68.552719
67.185768
67.653427
67.464561
66.781113
65.369225
64.793701
65.863838
65.045494
65.270302
64.982544
64.020287
64.451942
64.290085
64.398003
64.505928
63.921375
65.126427
64.919579
65.432182
66.115631
67.041901
67.266716
66.547295
65.791885
64.08326
63.031059
63.615604
63.040073
62.52747
63.08503
61.844017
62.90517
63.984325
63.067051
60.944729
61.484287
61.583229
62.113796
60.99868
62.194733
61.349403
63.570641
62.968132
63.138988
64.011299
63.336823
62.833237
63.606636
63.737522
64.658386
64.116699
64.297272
64.387543
64.550034
64.847969
65.001419
65.543129
65.714661
65.507019
62.211807
62.906952
64.414627
63.791698
64.188904
62.915985
62.545834
62.383335
62.446529
61.354134
