Adjusted
38.562267
38.662079
38.344513
39.015953
38.743744
37.591423
37.355507
37.645859
36.892765
36.938118
36.11245
35.150642
34.796799
36.067078
37.881756
37.509758
36.47538
37.019775
36.293911
36.83831
36.457237
37.210327
36.656849
36.484459
37.854549
36.420933
34.760483
35.468231
36.239464
36.974426
36.874607
36.3302
36.92905
36.947208
36.783878
36.384636
37.037922
38.698387
38.498756
37.101456
37.455318
37.718445
38.253788
38.380806
38.925209
38.789108
37.854549
37.627708
37.918072
37.981571
38.126755
37.210327
37.890839
37.640869
37.886295
37.759037
37.731758
37.7136
36.595535
36.577366
36.704632
35.886539
36.086517
37.259094
37.13184
36.159225
37.640869
35.595657
38.195347
37.813591
36.286499
36.268307
35.904732
36.622807
35.55022
32.968708
33.005066
33.423203
32.823277
32.568752
31.396181
30.223597
29.287342
26.08773
24.597006
27.333035
27.605734
25.987749
25.778683
26.04228
26.85128
26.614944
24.23341
22.224566
21.270138
19.461271
23.778919
24.996952
24.315218
25.815033
25.91502
26.015013
24.551559
22.497259
22.779041
22.533621
22.179115
21.270138
23.151722
23.633486
21.670086
21.706444
22.179115
20.361153
22.424545
23.142635
23.46627
23.675964
25.335194
22.57284
22.60931
22.089661
21.907335
21.77058
22.755182
22.025843
21.66118
20.284561
19.546114
18.889717
19.263491
18.816782
18.734732
19.208796
18.780315
18.917061
19.053814
19.427599
19.072048
20.111345
20.056644
21.65206
21.907335
22.217299
21.579134
21.360329
21.196226
21.570009
21.369442
20.403082
20.330141
20.54895
19.555227
20.51248
19.628164
20.38485
20.466894
20.831564
21.697647
21.260044
19.573465
19.491411
20.093111
18.917061
19.536995
20.29368
20.065763
19.691984
19.600813
19.865196
19.582581
18.835012
19.217913
18.670916
18.661795
18.260666
19.236149
19.048586
18.801559
18.216013
17.520676
17.319397
17.795156
16.935131
17.392586
17.035769
18.170269
18.206861
18.746668
19.021143
18.902203
19.615839
19.780525
19.551794
19.204124
20.420967
20.018404
20.292875
21.226095
21.180347
19.981812
20.594805
21.59206
23.879362
23.193171
22.836344
22.012926
22.808897
23.714668
24.391708
23.989143
23.51339
24.949814
24.94067
23.833609
24.236174
24.044043
23.787859
24.08979
23.696371
23.806162
24.711931
25.10535
25.114494
27.03582
27.356039
27.71287
27.227955
27.840956
27.292
26.496012
25.617701
25.855581
25.132793
26.011116
26.30389
26.340483
25.416418
25.114494
25.690891
25.071663
25.09919
25.447788
26.640371
27.062359
26.594501
26.355982
26.144989
26.282591
26.337637
26.640371
26.952274
27.007318
26.576157
25.68631
25.53953
25.68631
25.557875
25.328529
25.218447
25.255142
25.438616
25.53953
25.567051
25.530354
25.585394
24.383642
25.200102
24.833153
24.970762
24.989105
24.805632
24.805632
25.704655
26.796326
27.374269
27.365091
28.383366
28.447586
28.548496
28.887922
28.91544
28.869576
29.108088
29.236528
29.906199
29.61264
29.924545
30.328196
30.034634
30.328196
31.190521
31.282249
31.364811
31.245564
31.254728
30.667608
29.823637
30.08049
30.282309
30.319012
30.878601
30.777704
30.676786
30.741001
30.377834
30.065229
29.853767
29.844561
30.102009
30.120392
30.690437
31.223696
31.674221
31.931656
32.658005
32.961426
32.667194
33.46711
33.540649
34.276207
34.027935
34.395729
34.1199
33.715343
33.347572
33.752125
34.202641
33.972775
34.018749
33.430321
33.807278
34.4417
34.671551
34.717525
34.340553
34.506039
34.717525
35.361122
35.296757
36.455235
36.777035
36.409271
35.774872
36.40007
36.096672
35.747276
35.784058
35.31514
34.993343
34.717525
34.965763
35.094482
35.499043
36.069077
36.418457
36.40007
36.896561
36.933334
36.896561
37.37466
37.70565
37.494175
37.245953
36.859776
36.997704
37.18158
36.905766
37.380146
36.790611
36.431366
36.33004
36.385311
35.961582
36.551113
36.532703
36.78141
37.168293
37.840721
38.015743
37.223553
37.278812
37.72097
37.555164
38.255234
38.522362
38.642124
38.623699
38.476311
38.282875
38.881622
38.697388
38.227608
38.605267
40.208076
40.769966
40.447563
40.290977
42.041153
41.995094
42.409611
42.041153
41.61742
42.5662
42.114849
40.926567
40.530472
40.668644
40.539684
39.904091
39.673794
39.332973
40.18964
40.751553
40.981819
39.27771
38.817135
38.761868
40.309399
37.380146
35.795769
35.574699
36.155025
36.320827
36.33004
36.569542
36.385311
36.993263
36.582592
36.481075
36.527225
37.108624
36.637962
36.333412
36.388779
37.671574
37.782318
37.403934
37.929974
38.169926
38.751339
38.363728
38.529842
38.271439
38.0961
38.068409
38.502159
39.185089
39.923382
40.135643
40.467865
40.670906
41.141571
40.929302
40.84626
41.132332
41.132332
40.080276
40.043354
40.587849
40.394043
40.237156
40.717045
40.504787
40.034122
40.19101
40.763191
40.901615
41.455341
41.778347
41.529167
40.781651
40.698593
41.233868
41.842957
42.904255
42.498184
42.036758
41.344601
40.689365
42.63662
43.328781
44.2701
43.264172
42.756599
42.756599
42.664307
41.85218
39.868
40.163326
40.347897
40.670906
41.673927
42.459705
41.766373
40.971344
42.755539
43.042095
41.350368
39.880508
39.603188
40.333488
41.581486
41.794106
41.609211
42.311798
41.766373
42.089928
41.89579
41.52602
40.583073
40.462906
39.168678
40.028416
39.834297
38.151787
37.292057
37.375275
37.865215
37.754292
38.715706
38.872864
38.466099
38.299709
38.946819
38.734188
38.364414
37.35677
37.680332
38.20726
37.35677
37.985397
37.902195
39.714111
39.048504
38.882107
39.307346
39.409039
40.453655
40.592304
41.082283
41.424328
41.433571
41.082283
40.758732
39.991436
39.168678
38.771168
38.826641
39.307346
39.325836
38.466099
38.20726
37.661846
37.042465
37.060959
37.023975
37.751022
37.399082
37.213844
38.723515
39.205132
39.992374
39.269958
39.418148
39.871979
40.492512
40.937077
41.678017
42.187416
42.011456
42.280041
43.067287
42.372662
42.354134
42.002178
43.196949
43.437767
43.567425
44.086082
44.06757
43.660042
43.132118
44.049034
43.548904
43.447021
43.789722
43.993458
44.123135
44.97522
44.715881
44.688095
44.780708
43.984203
44.752926
44.706627
44.715881
45.040047
45.651329
45.901405
46.355221
47.133205
47.207306
46.901661
46.771996
48.596573
48.781799
48.503952
48.096428
48.420597
48.522476
47.957508
47.735222
47.225822
47.883411
48.661407
49.393093
49.013355
47.994549
48.874424
48.684292
47.803162
47.255939
47.617664
47.970116
48.359665
48.285469
48.823414
48.721386
48.563713
48.443127
47.960842
48.192719
47.664043
47.534187
48.30402
48.285469
48.749214
48.971809
48.851238
48.693565
48.229813
48.387486
48.201992
47.99794
48.07214
47.988678
46.569588
45.002136
44.900093
44.111725
44.260136
44.362156
44.223026
44.287956
44.612576
44.130287
44.343605
43.675797
43.685081
43.026566
43.06366
42.998734
42.655575
43.12859
43.453205
43.666534
44.974293
45.029953
45.428772
45.883251
46.717987
46.254242
48.025768
48.64719
48.78632
49.491211
49.31498
49.491211
49.05529
47.831001
47.779907
48.25362
48.244328
47.241177
48.012119
49.145306
47.965672
47.148285
47.491962
47.166862
46.451653
46.395927
45.36491
45.309181
45.281303
45.838615
45.299881
46.721027
47.073971
46.925365
47.055412
46.860344
45.49493
45.411343
46.340195
46.525951
46.906776
47.250458
47.296898
47.389786
46.897503
46.953236
46.581688
45.875771
46.247299
46.135841
46.386631
45.922203
45.615696
46.015095
45.968655
45.755016
46.098686
46.256599
46.460945
47.761314
48.262897
47.705601
47.389786
46.479527
47.073971
47.408363
48.077145
47.52911
47.770622
47.157585
46.739597
46.730305
48.077145
48.290775
46.423794
45.281303
46.247299
46.061535
46.62928
46.703732
46.936424
45.065662
44.684063
43.76265
43.101845
42.869156
42.543388
43.23214
42.794701
42.617859
43.120449
42.673702
41.435841
43.87434
43.343822
44.38623
44.805073
44.237312
44.079102
44.339695
45.177357
45.670639
45.493793
45.931229
46.201145
45.735783
45.689251
44.107021
43.948792
43.585819
43.771957
44.395538
44.451389
42.506172
43.24144
43.1856
44.572376
44.944668
44.656139
44.73991
44.069786
43.771957
43.129757
43.064606
40.598183
39.844299
37.601254
37.712952
35.013855
39.155567
37.238274
39.230026
39.723316
40.021133
39.713997
39.416168
37.080048
36.14933
36.16795
37.228977
37.517494
36.465778
36.856674
38.788155
39.27335
39.982491
39.497292
37.976379
37.257912
38.302948
38.293617
37.817753
36.931332
37.58448
38.778828
40.038475
39.870529
39.609257
40.486362
39.170708
37.565819
38.004368
38.526882
37.668453
36.39946
35.876942
34.682602
33.730854
33.926811
35.139809
36.278168
35.382408
35.960918
36.427464
36.250175
37.799088
39.02142
37.98571
38.76017
37.827072
38.051025
40.019825
40.393055
39.319996
39.375988
41.176842
40.719627
39.637264
38.256294
39.040081
38.872131
39.02142
39.301353
40.029148
37.659134
36.847351
38.302948
37.593815
37.659134
37.117943
36.931332
37.155251
36.343475
36.05423
34.841221
35.345089
36.383553
36.271278
37.253613
37.244259
37.702675
38.245296
38.703712
39.227615
38.703712
39.489582
39.657974
39.442802
38.638214
38.759846
39.096642
38.535305
39.854439
40.153809
40.284794
40.593521
40.144455
39.742172
40.078968
39.686031
40.397057
40.256718
40.546738
40.808701
40.920959
41.987492
41.482296
41.688118
40.677723
40.986458
42.23074
42.296219
42.137188
42.146538
42.324295
42.745296
42.352364
41.706821
41.13615
40.56546
40.518681
39.788944
40.584171
40.911606
41.304539
41.547791
40.995808
40.219299
40.471897
40.453197
40.397057
40.780632
41.154854
41.416809
41.192265
41.501011
42.090408
41.930923
41.949699
42.399963
43.009701
43.065975
42.718895
41.264919
41.180492
41.968452
42.437473
42.193584
44.726334
44.125977
44.247921
44.604382
44.970219
44.679436
45.289158
45.40173
45.78632
46.152164
46.180309
45.814468
45.617485
45.673759
46.358536
45.964565
45.40173
45.880138
44.726334
43.225437
43.928986
44.557484
44.623138
44.960838
45.814468
45.589325
45.664379
45.927036
45.429859
45.157825
46.358536
48.084557
47.615536
47.108982
47.878185
47.596767
51.151989
50.85181
50.589165
51.283314
51.377121
50.889332
50.814289
50.14827
50.073227
49.707382
47.953228
47.653049
49.200836
49.482258
49.341541
50.326508
51.048798
51.60347
51.302631
51.490662
50.212093
50.682148
50.559929
51.54707
51.866707
53.041866
52.976059
53.40852
52.553005
52.797432
53.229893
53.624752
53.323906
53.417912
52.195751
52.797432
51.998333
52.317974
52.647011
52.731621
53.455532
54.085407
53.73756
53.258095
52.628208
51.772697
50.89838
50.155674
49.713829
51.669285
50.353111
51.246223
51.048798
51.048798
50.616337
50.193283
49.742023
49.845436
50.38131
51.50946
51.68808
50.62574
50.512932
52.806828
54.019596
54.621277
55.08194
55.260559
55.871651
56.351105
57.225418
55.758835
55.589607
55.091339
55.13834
54.875114
54.903316
55.119545
55.279366
56.05027
55.392181
55.918652
55.805611
55.165024
55.673725
56.841831
56.634594
57.143284
56.606331
56.530964
57.821541
57.953426
57.991112
58.716469
58.443283
57.6143
58.085316
58.254879
58.047626
57.925163
57.680237
56.700539
57.699074
57.680237
58.914295
58.707047
59.168636
59.686756
59.828049
59.630226
59.601978
59.451252
59.441826
58.895447
59.413563
59.347626
58.93314
59.121536
59.526611
60.025883
58.735306
58.999069
58.594002
57.604877
57.199802
58.895447
56.973721
56.945461
56.58749
56.248356
56.370827
56.615753
56.483868
56.483868
55.862133
55.532425
55.626617
56.662849
56.455601
56.135311
56.898365
56.304882
56.20126
56.371166
55.8992
55.729298
55.729298
55.8992
54.464443
53.33173
53.643223
54.539951
55.682102
55.040237
54.596588
54.785381
55.266773
55.880329
55.663219
55.559387
54.502193
54.294537
53.416679
53.813129
53.445004
