Adjusted
24.334881
24.328497
24.711533
25.209457
25.343519
25.854216
25.669088
25.381813
25.286064
25.094555
25.017948
24.475323
24.092302
23.619898
23.958237
23.33264
23.038988
23.06452
23.32625
23.230494
23.477728
24.078062
24.265268
23.600384
23.406713
23.187241
23.077503
23.03232
23.374443
23.329256
23.116238
23.096865
23.077503
23.090414
22.690187
22.929037
23.109781
23.361542
23.045227
22.716009
22.289967
22.367426
22.580448
22.573996
22.206043
22.135038
22.025297
22.677286
22.373878
22.354519
22.238329
22.890303
23.20015
22.774107
23.3228
23.090414
23.05168
23.019413
23.019413
22.832201
22.987127
23.497093
23.652018
23.581007
23.568096
23.400263
23.413172
23.716568
23.439001
23.432545
23.355083
23.555191
23.852137
23.755308
23.852137
23.716568
23.593924
23.619747
23.729479
23.948969
23.81986
23.74885
24.032883
24.104698
24.228748
24.032883
23.934946
23.719494
23.758667
23.693377
24.072056
23.961067
24.143867
23.974125
23.987183
24.183041
24.058996
23.823965
24.032883
23.50404
23.628092
23.588921
23.686846
23.634619
23.249414
23.086193
23.295116
23.471394
22.79892
23.014374
22.942551
22.825031
22.877272
22.909906
23.03396
22.949087
22.864202
22.844625
22.518181
22.76627
22.792385
23.125366
22.655289
22.479004
22.79892
22.95561
22.988256
23.060076
22.95561
23.379992
23.908825
23.830488
23.497511
23.269001
23.197184
23.079659
22.772808
22.746689
23.203716
23.275536
23.001312
23.190657
22.936026
23.086193
23.327761
23.419163
23.379532
22.851021
23.32007
23.709837
23.531477
23.339893
24.159063
24.806477
24.753624
24.707386
24.443132
24.733812
24.846123
24.747021
24.786665
24.813084
24.965027
24.621508
24.826302
24.87915
25.103762
24.780054
24.628105
24.85273
24.641319
24.509193
25.103762
25.004662
24.912176
25.097155
25.196247
25.169823
25.784199
25.183031
26.094698
25.368011
24.905569
24.713987
25.083944
25.513353
25.513353
24.608288
24.898968
24.95842
24.760233
24.542223
23.86178
23.57111
23.39274
22.144154
21.311771
23.670198
22.75193
21.529783
22.289497
22.12434
23.630562
23.161522
22.183798
23.934456
22.864243
21.760994
23.729662
22.983152
23.578285
22.963091
23.270689
23.524805
23.150328
22.581934
23.290751
23.143642
23.230574
22.869476
23.524805
23.544859
23.725407
23.404428
23.050018
22.615362
23.798965
23.738783
23.919331
24.14669
24.287113
23.518108
23.752157
24.360674
23.691975
24.668276
24.735144
24.447601
24.547907
24.313864
24.300482
23.97282
24.875565
24.273735
24.153374
23.966139
24.153374
23.87921
23.87921
24.05307
24.206873
24.427542
24.741829
25.05612
24.521158
23.932713
23.892582
23.798965
23.758844
23.932713
23.310812
22.963091
23.19713
23.424498
23.223888
23.364311
23.370996
23.170391
23.364311
23.364311
22.983152
22.922228
22.644669
22.53635
22.658213
22.712364
22.5702
22.739443
22.38065
21.744297
21.764606
21.405813
21.250109
20.586674
20.796539
20.898085
20.424204
20.112799
20.965776
21.128252
20.749147
20.518976
20.160185
19.273357
19.462904
18.826553
18.989023
18.156349
18.447447
18.372978
18.149584
18.372978
19.063486
19.510294
20.126341
20.512213
20.701767
21.541204
20.796539
20.613762
20.78977
20.694986
20.539289
20.72884
20.857464
21.03348
21.040247
20.972553
20.945475
21.243338
20.911619
20.667913
20.207575
20.342968
20.214344
20.065409
20.207575
20.336199
19.957092
19.977404
19.943552
20.139874
20.32943
20.32943
19.840286
19.79907
19.922731
19.860901
20.039518
20.108219
19.757858
19.915859
19.83342
19.675415
19.565495
19.318178
19.318178
19.222006
18.857897
18.796064
19.029646
19.448708
19.297571
19.434967
19.517401
19.87464
19.943344
19.737247
19.737247
19.860901
19.79907
19.668539
19.957079
20.547894
20.987564
20.705896
20.692162
20.863909
21.358541
21.028784
21.344801
21.36541
21.502806
21.832563
21.915009
21.887526
21.40663
21.653946
21.303583
21.756998
21.351673
21.241751
21.138699
21.090614
21.104357
21.18679
21.660814
21.846306
21.626471
21.839428
21.935612
21.832563
22.189796
22.416506
22.409632
21.983704
21.853176
22.186136
21.872681
21.775156
21.837856
21.761227
21.809986
21.949306
21.830885
21.754257
21.879641
21.85178
21.92144
21.649776
21.517424
21.663702
21.837856
21.949306
21.998062
21.963234
22.032892
21.984129
21.998062
21.73336
21.677635
21.642803
21.684595
21.88661
21.900539
21.698532
21.740326
21.614946
21.95627
22.26276
22.402084
22.339396
22.311522
22.318491
22.144348
22.158272
22.241865
22.220974
22.269732
22.269732
22.060757
22.060757
22.102551
22.102551
22.214005
22.172213
22.165243
22.179173
22.234901
22.116482
22.186136
22.36725
22.638922
23.175291
23.133497
23.321568
23.182255
22.757339
22.694647
22.743406
22.659819
22.390089
22.022924
21.917009
21.881706
22.022924
22.241816
22.305359
22.658403
22.736074
22.573675
22.305359
22.298298
22.524248
22.432453
22.39715
22.234755
22.1712
22.488947
22.580734
22.616039
22.319477
22.658403
22.884356
23.046753
23.39274
23.180912
23.308008
23.42098
23.710478
23.851698
24.162376
24.127071
24.077642
23.922306
23.653992
23.858753
23.823452
23.583384
23.505714
23.618692
23.611626
23.66811
23.781088
23.526897
23.477472
23.004391
23.329189
23.230337
23.180912
23.484524
23.33625
23.66811
23.611626
23.541018
23.759905
23.604563
23.406858
22.976149
23.159727
23.279764
23.237398
22.86385
22.899626
22.899626
23.006971
22.899626
22.599073
22.684944
22.277044
22.391544
22.38439
22.41301
22.305674
22.813753
22.642006
22.763662
23.107153
23.142937
22.913942
22.992655
22.906784
22.735037
22.942562
23.064217
23.02844
23.107153
23.057062
23.150091
23.121469
23.157249
23.257437
23.243118
23.515055
23.765524
23.937263
23.887177
23.744053
23.693962
23.865702
23.636709
23.622396
23.686804
23.858547
23.765524
23.729742
23.915798
23.965895
24.244984
24.015984
23.980202
24.280758
24.295073
24.266449
24.323696
24.295073
24.237825
24.39526
24.617102
24.652878
24.724438
24.853252
24.953436
24.688663
25.232529
25.112909
25.054916
25.09116
24.880917
24.663431
24.271944
24.590935
25.279642
25.286898
25.417395
25.105661
24.989664
25.105661
24.844671
24.598181
24.221199
24.37344
24.003706
23.91671
23.684717
23.865963
23.70647
23.394735
23.699215
23.800716
23.293242
23.401983
23.807959
23.612221
23.938461
23.945707
24.047203
24.438688
24.547434
24.663431
24.728682
24.590935
24.315443
24.17045
24.141451
24.126951
24.51119
24.387938
24.126951
24.1922
24.199444
24.286449
25.033161
25.025909
25.163658
25.214403
25.294151
25.308643
25.388393
25.214403
25.678387
25.982864
25.642139
25.845129
26.019115
26.15686
26.628088
26.526602
26.053102
25.935652
26.310043
26.141197
26.258646
26.368763
26.339401
26.537613
26.691771
26.32472
26.265991
26.310043
26.33206
26.471548
26.390789
26.053102
26.265991
26.339401
26.735819
26.633043
26.530272
27.139565
26.809225
26.934021
27.088184
27.044138
27.154253
27.088184
27.132219
27.257023
27.242348
27.345114
27.323093
27.279049
27.16893
27.205641
27.506622
27.301067
27.506622
27.161591
27.521297
27.543327
27.543327
27.469917
27.337774
27.26437
27.462568
27.741531
27.704826
27.741531
27.682804
27.558008
27.521297
27.535975
27.565346
27.660774
27.858986
27.800249
27.903028
27.991125
28.130602
28.027832
28.101233
28.115913
28.089912
28.134497
27.919044
28.216213
28.164202
28.565386
28.58025
28.468801
28.416796
28.20878
28.424232
28.297932
28.476238
28.327658
28.164202
28.253353
28.283077
28.401939
28.201353
28.238499
28.104778
27.896753
28.023056
28.401939
28.290506
28.320221
28.290506
28.149353
27.919044
28.179068
28.097347
28.156788
28.127056
28.0082
28.07506
28.156788
28.439093
28.483667
28.409372
28.424232
28.439093
28.543095
28.543095
28.453951
28.401939
28.543095
28.602537
28.305363
28.149353
28.290506
28.052769
28.1122
28.290506
28.439093
28.602537
28.528246
28.565386
28.528246
28.416796
28.528246
28.572815
28.349943
28.349943
28.060194
27.948759
28.186487
27.948759
28.268368
28.080359
28.178123
28.095394
28.268368
28.102921
28.599251
28.554132
28.681976
28.486448
28.441328
28.478933
28.493967
28.426285
28.388691
28.62182
28.659409
28.358614
28.448854
28.734613
28.554132
28.629335
28.869982
28.960218
28.885017
28.787262
28.313484
27.832197
27.674274
27.726913
27.824673
28.140522
28.117966
28.193165
28.230768
28.260851
28.238281
28.351088
28.666939
28.659409
28.80982
28.80982
28.772217
29.080547
29.11063
28.877508
28.411253
28.18564
28.260851
28.456367
28.824862
28.787262
28.719572
28.945187
28.997822
28.97526
29.042946
29.261024
29.575434
29.720083
29.727694
29.910389
30.085489
29.910389
30.070261
30.237747
30.382381
30.443289
30.770626
30.823925
30.648838
30.90766
30.823925
31.075148
30.808702
30.542252
30.534639
30.405233
30.367165
30.298651
30.511803
30.207294
30.199684
29.971298
29.948465
29.948465
30.131159
30.093103
29.940849
30.18446
30.19207
29.940849
30.19207
30.306259
30.450899
30.344316
30.115936
29.948465
30.01697
30.291029
30.610764
30.63361
30.740194
30.99902
30.900057
30.938118
30.816303
30.686895
30.55747
30.694504
30.694504
30.527031
30.618385
30.443289
30.648838
30.694504
31.059919
30.892437
30.686895
30.648838
30.603163
30.628571
30.459108
30.551544
30.405178
30.482212
30.258818
30.71331
29.526997
29.511589
29.295889
30.358959
30.204901
31.129293
31.006046
31.283365
30.975229
30.790356
30.828865
31.291065
31.760967
31.499056
31.452829
31.660822
31.722452
31.861111
31.676228
31.707047
31.768673
31.830303
31.861111
31.383501
31.86882
32.007477
32.153843
32.408051
32.808624
32.631451
32.978104
32.754707
32.438866
32.677677
32.677677
32.585224
32.562122
33.024315
32.639153
32.361828
32.207775
31.838013
32.392647
32.639153
33.085945
32.877956
32.901066
32.731609
32.870251
33.055141
33.039734
33.109058
33.332455
33.848587
33.417187
33.216908
33.216908
33.617477
33.363277
33.27853
32.870251
33.301643
33.740139
33.64669
33.997162
34.238613
33.638893
33.958218
34.223026
33.919277
33.841385
33.592152
33.52206
33.64669
33.498699
33.194939
32.867817
33.078114
33.272827
33.693401
34.199665
34.316494
34.08284
34.48785
34.830551
34.565735
34.269764
34.705929
34.433323
34.518997
34.378807
34.830551
34.698132
34.705929
35.375748
35.718449
35.632774
35.749596
36.24807
36.100079
36.287014
36.053352
35.071987
35.048618
35.001896
34.643616
35.009682
34.885059
35.095348
35.134293
35.258919
35.196606
35.399109
35.033047
35.28228
35.336811
34.970741
35.142082
35.297863
35.064194
35.079784
35.484783
35.344593
34.851101
34.86684
34.788128
35.016384
35.110828
35.165924
35.110828
34.961285
35.055733
34.788128
34.961285
34.929806
34.677948
34.772396
34.819622
35.055733
34.969162
34.898335
34.780262
34.921936
34.843231
34.788128
35.142307
35.126575
35.236771
35.50436
35.724739
35.740475
35.299725
35.315468
34.898335
34.654335
34.646461
34.599247
34.685825
34.72517
35.03212
35.228886
35.126575
35.291851
35.36269
35.465008
35.606689
35.543716
35.394176
35.197414
34.914074
35.024258
35.228886
35.21315
35.55946
35.724739
35.85067
35.811314
36.071053
35.874283
36.102539
35.795574
36.118271
36.196972
36.157627
36.315041
36.126144
35.951118
36.086353
36.150009
36.356857
36.094322
36.31707
36.229561
36.157963
36.118187
36.102272
35.959076
36.181828
36.205692
36.237522
36.094322
36.277294
36.348896
36.4921
36.476185
36.523914
36.555744
36.643253
36.690987
37.414936
37.629745
37.693378
37.653603
37.637699
37.749069
37.884308
38.186634
38.417339
37.94796
37.200146
36.961475
37.033073
36.794407
36.866009
37.072845
37.120586
36.834194
37.160358
36.985344
36.953518
37.025116
37.255836
37.343334
37.542236
37.550194
37.876369
37.852489
37.94796
38.035477
37.94796
38.003651
37.892281
37.478588
37.709297
38.250282
38.52076
38.449158
38.305962
38.099117
37.849949
38.058929
38.091084
37.890129
37.72134
37.624889
37.713299
37.600773
37.456093
37.2873
37.03009
37.038132
36.949715
36.829147
37.046177
36.636234
36.877369
36.99794
36.788956
36.58802
36.475487
36.435303
36.547821
36.467442
37.03009
36.901485
36.724648
36.507629
36.427258
36.909523
36.210232
36.113785
36.137894
36.306694
36.362957
36.379028
36.829147
36.764847
37.062244
36.909523
37.046177
36.708576
36.628201
36.853252
36.949715
36.949715
37.03009
36.933643
36.941673
36.748772
36.660358
36.692505
36.88541
37.407867
37.616852
37.488243
37.415913
37.134583
37.005974
37.158695
37.239082
37.648998
37.380951
37.177883
36.243755
35.853867
34.765419
35.139061
34.952244
34.58672
34.887268
34.830406
34.554234
34.676071
34.741051
34.464878
34.343033
34.139957
34.627335
34.757301
34.732918
35.163437
35.374634
35.065968
34.846649
35.301521
35.520836
35.520836
35.480217
35.415237
35.236538
35.049717
34.887268
35.528965
35.642677
35.187809
35.342136
35.187809
35.017227
34.781662
34.66795
34.383656
