Adjusted
59.147945
57.804913
54.795185
55.938454
53.293751
54.926044
56.296593
56.496323
56.262157
54.526566
55.325481
54.781403
53.858513
57.570759
62.116352
60.470287
59.636944
61.007519
60.415192
59.81601
61.558468
65.773514
64.850594
61.227898
59.292561
60.305012
57.756706
57.577621
59.278805
59.285763
58.868137
58.819412
58.02597
59.13961
58.27655
59.772968
62.05587
61.499046
61.074497
59.71032
58.325287
59.104794
59.612881
60.274063
57.323013
58.547974
57.169918
62.215927
60.218388
61.46423
60.016563
61.116272
64.999969
63.621872
66.134445
64.610184
66.32933
65.438431
65.32708
64.269157
64.665886
69.39872
70.178238
71.820786
69.788475
70.004257
68.946304
67.491661
68.389511
67.498634
66.823471
67.867493
70.581924
70.609756
71.32666
70.10865
69.510063
70.985611
72.6073
72.802208
72.38456
70.637611
69.503113
71.68161
72.238426
72.161842
73.017937
70.032074
69.865036
69.273438
70.512329
70.157364
71.533798
72.804939
72.685577
72.601288
71.590012
69.862389
68.507019
68.485954
69.651718
68.865173
70.276764
69.778145
68.83007
69.525314
70.192474
71.842819
68.626404
67.362305
67.790695
66.077141
67.376343
68.886253
69.939644
67.404442
66.23867
68.724724
66.779411
65.529373
65.908592
66.919846
64.089706
63.780708
63.127575
62.685135
61.919682
61.603638
59.644318
63.373398
59.644318
61.350826
60.634476
58.380203
57.130127
61.638748
63.317196
63.562992
63.780708
64.827072
65.690895
61.617691
63.619171
62.193554
66.210587
66.940926
65.051826
64.131851
63.422535
66.645973
66.765381
64.658554
67.987335
70.747231
68.731728
67.236176
68.710487
69.178299
67.583511
66.066673
66.6408
65.478378
67.71109
65.705185
66.031265
66.265137
68.434059
67.250359
67.930801
69.426361
66.775482
66.456528
70.269829
66.95266
67.349579
68.164719
69.497261
58.83696
68.625412
63.791443
66.62661
71.581085
65.917816
66.27932
66.406921
67.760689
70.66674
64.117485
68.753021
66.406921
62.324249
59.524517
57.646206
51.749039
52.627941
47.74435
55.647419
55.845863
51.082787
43.023788
47.070984
47.595505
47.219849
44.576042
42.059834
40.677681
38.352829
36.72261
45.320271
41.974773
43.817631
47.510448
46.971775
51.182003
45.858971
44.654015
48.162544
43.243515
41.492802
36.936062
41.579174
37.576744
35.172405
33.999039
29.564697
27.82263
27.628265
34.632534
34.553322
36.676922
34.193401
27.354721
32.156204
34.186211
33.178402
37.583946
40.578575
37.331989
40.067478
33.84787
37.432781
35.741104
40.758545
40.715343
36.720119
39.347607
37.432781
37.432781
36.936062
37.403996
35.244408
36.892883
38.246227
37.065647
36.468163
38.462181
36.835285
36.245014
33.783089
31.479527
32.724888
30.658886
32.105808
32.840054
29.607889
33.401558
31.076405
32.206593
31.666698
31.529913
35.251595
31.990633
30.939631
31.544315
30.93243
30.946829
31.119589
33.012825
33.732693
30.752832
31.5455
30.268406
27.927084
25.798615
26.378445
25.30686
26.583944
24.037115
25.938059
25.380259
24.528858
24.294001
21.989363
21.937998
21.548988
20.374664
19.222355
21.064585
24.624281
23.780224
26.16559
25.490351
23.119669
24.829784
25.967422
25.233467
24.073811
28.697742
25.835312
25.651827
26.994963
24.69768
22.649927
25.424299
24.404087
27.134409
30.312452
29.593172
26.349083
27.105055
31.55283
31.303293
28.308744
32.294136
34.679497
36.21347
31.868425
35.963921
33.659286
35.530891
37.174953
33.571213
34.620781
36.470348
37.872211
34.833626
38.077728
36.785957
40.250233
38.202488
39.582317
38.151123
38.173397
35.700771
37.163551
34.839439
38.232792
37.49028
37.096733
36.829414
35.975498
38.106567
37.104153
38.455551
39.702995
41.871189
40.27475
40.089123
40.534645
39.732708
40.000015
39.628746
39.057003
38.715446
40.193081
38.552078
38.128841
37.378895
38.03231
39.294605
36.472996
37.089306
37.557095
38.262497
38.552078
38.180813
38.188248
38.128841
35.878986
37.163551
35.314663
35.322098
34.460751
34.334526
36.153717
36.918518
37.646202
38.29961
37.096733
38.566929
38.470402
38.76741
40.081684
39.851513
40.876194
40.519779
40.163368
41.678127
41.373699
42.324135
45.227409
46.771873
46.705036
49.504368
47.893097
46.363487
46.85355
47.038795
46.637066
43.237305
44.115147
43.438164
45.409576
46.279976
45.610451
46.257664
47.128067
47.514923
48.184464
47.328934
44.762356
43.802689
44.479675
45.498848
47.998466
49.129238
50.163303
50.088905
51.420563
52.261196
54.574821
54.195412
55.028637
53.406841
54.612026
52.060345
50.059151
50.609669
53.302689
51.56934
51.65118
49.151558
49.121803
50.297215
50.780773
50.639427
51.242004
51.628838
51.383347
50.103798
52.365337
52.119854
50.185623
51.465191
50.974194
50.736126
52.067772
51.21225
51.182487
50.103798
47.909191
50.713818
50.505527
50.862602
51.413116
50.26001
51.59166
50.751011
53.354771
52.543888
54.054073
53.435593
53.867775
54.896099
53.785809
56.319366
55.07494
54.068985
55.343201
53.778358
53.815609
51.960171
54.143505
55.015331
55.976597
55.276134
56.483307
55.067493
55.64872
55.946789
56.28957
57.191208
58.010887
57.243378
57.243378
57.161404
57.958725
59.165871
59.501217
60.477367
61.654709
61.878265
61.133121
60.708378
59.463936
58.808197
58.405815
57.750065
58.502682
57.101788
57.15395
56.028759
56.595081
56.848427
55.805214
57.124134
55.797752
54.031715
52.601017
53.726196
53.510098
53.949753
53.711296
53.651676
54.821583
55.492245
54.247818
51.751522
54.6651
52.697865
52.601017
52.362564
53.565083
54.113724
56.233185
57.007317
58.036968
58.412788
59.104229
58.555573
58.269966
59.006523
58.841171
58.923824
58.630718
58.217354
58.330097
59.697975
59.968544
60.742661
60.705078
60.832863
61.689651
61.539341
63.267963
64.372818
63.553562
62.786964
63.861721
63.455868
63.515999
64.282608
63.891804
63.99699
64.004517
63.057545
63.485947
64.741089
65.921059
63.53104
63.681332
64.703476
63.906807
66.274315
66.101433
63.906807
61.832462
62.305943
63.628716
65.379906
66.432137
67.311478
68.085587
65.748177
65.860924
69.460991
66.905624
69.731575
67.709816
66.499756
63.794071
64.395348
67.890182
68.108147
69.084137
67.858452
65.596268
65.588699
63.682091
63.016308
61.351803
63.583733
61.851158
62.539665
62.025158
65.392014
64.332771
64.166328
65.513046
65.165031
61.661999
61.261028
62.168926
62.184067
64.930473
65.883759
66.890045
68.441025
67.676895
67.32885
67.646622
67.230499
64.756447
65.172592
63.530762
65.460068
64.287361
61.904133
61.094559
61.321548
59.831074
58.4692
61.465275
61.820896
62.539665
62.766613
64.363014
63.984753
64.226852
62.214336
63.069286
63.840973
62.312668
65.316338
66.057808
67.389404
67.548248
67.434769
66.526901
67.502869
70.763763
70.483833
71.459839
70.461136
70.24173
70.86969
70.037468
68.577232
67.81308
67.988281
68.094917
69.854401
69.968651
68.087303
67.767387
67.051384
67.219002
68.11776
67.714066
68.947983
68.37674
68.894669
71.263512
72.634544
73.487663
72.00235
72.291809
71.766243
72.246101
72.345123
71.857628
72.68026
72.04808
72.604088
74.066528
73.335327
72.588867
70.669403
72.543167
71.476799
71.499641
70.867447
70.638924
71.286385
71.842392
72.832603
72.710732
72.878296
72.786911
72.916374
73.457191
73.990364
73.685699
74.249344
74.812973
73.213463
74.797775
74.622574
74.409309
74.569252
74.013199
73.716148
73.42672
73.137276
75.117653
76.602966
76.839081
79.093674
80.563721
80.929329
77.067596
78.560493
77.280853
77.081261
76.566864
73.810646
74.424881
75.200279
75.369179
75.683968
74.908546
76.981453
75.883591
75.799133
75.622528
76.651329
78.25589
78.371056
78.232849
77.925774
76.643631
75.568794
75.968018
75.952675
74.985321
73.150421
72.712799
73.265579
74.38649
75.714676
75.730034
75.069763
76.382607
75.9757
76.97377
76.51313
76.382607
77.488152
75.192612
75.430611
73.204163
74.432556
74.885521
74.908546
75.016029
75.353844
75.96035
76.612923
75.799133
75.837509
76.413307
76.582214
77.204094
77.31926
77.810593
76.751129
77.887375
78.670464
78.977577
80.382538
79.438225
80.635902
81.587883
81.5802
82.315117
82.895279
82.794708
82.655472
83.398102
83.645645
83.49865
83.452248
82.756035
81.719467
82.756035
85.123138
82.802452
81.557007
83.065468
82.500771
81.959267
82.949417
82.400192
81.52607
82.6632
81.711731
81.131577
79.607613
79.862915
80.357971
81.456444
81.154755
79.584419
80.203262
80.945877
81.332672
81.943771
82.523972
82.895279
82.856613
82.732834
82.887527
83.019051
82.284157
81.727173
81.804565
81.038719
81.263039
83.119621
84.109764
83.583748
83.831284
84.798256
85.45578
86.430458
86.654808
87.768753
88.921364
88.604195
89.470581
89.787766
89.416435
89.145683
88.890427
89.540215
90.816574
90.275101
90.468491
89.783066
90.227028
90.008942
90.857948
90.538589
89.097649
88.014977
88.778297
89.159958
90.110191
90.546379
91.956161
89.736343
89.128799
89.829788
88.715996
89.564964
89.471504
88.474525
86.371513
86.947891
88.318718
86.753189
87.656693
88.793854
89.619492
89.541618
88.965225
87.220512
87.578789
88.606949
88.825012
90.149139
90.530815
92.353409
92.875282
93.646385
94.697876
94.378532
92.812973
92.883049
92.049637
91.535583
92.52478
91.8004
93.646385
93.856682
94.456413
94.90818
93.833321
95.328812
92.851906
93.965706
93.864487
93.264725
90.18808
89.892105
86.379311
84.774788
77.686852
86.519501
84.034836
89.206688
88.996384
91.012238
91.9692
92.228058
88.408081
86.486359
86.65107
89.153259
90.55732
88.902245
90.329834
91.945686
91.247574
92.165298
92.133926
89.882736
91.098526
93.639946
93.114403
90.863213
91.035782
91.26326
91.380898
93.404625
94.675346
93.208542
93.796814
88.243378
86.925598
88.408081
89.027756
89.106209
87.278587
88.306122
86.266724
83.537056
86.902084
85.811752
88.290443
85.890221
89.890587
88.510056
90.384743
88.784615
90.902428
88.588501
91.937828
90.643585
91.569145
94.675346
96.377457
94.996925
96.9422
101.26416
101.523018
100.746475
98.322739
100.150322
101.499489
101.060234
101.805397
102.597633
98.197227
98.707077
100.377808
98.734741
99.753777
97.834206
96.459709
97.328629
94.397964
94.08197
91.459381
91.893852
93.647514
94.145164
98.221268
97.16275
97.004768
97.139038
97.036362
98.189674
95.977844
98.189674
96.175323
95.219513
95.354012
96.730789
97.593262
97.529961
100.710793
100.995667
102.119225
103.068726
103.654251
102.095497
102.7285
102.024284
102.372444
100.600029
101.130173
100.346817
100.267685
100.869034
101.312157
100.497154
100.425941
101.438751
101.660316
103.828354
104.176491
104.152748
105.822311
107.452309
108.029915
108.156487
107.222824
107.499763
108.006165
108.757874
109.770676
108.813232
108.781593
108.908188
109.113907
108.211891
109.064445
108.187981
108.41906
109.9011
109.765617
108.211884
107.486824
108.180016
108.889168
109.016647
108.602318
107.948944
108.682014
109.359261
110.283546
108.952904
110.132141
110.148079
108.72184
110.873154
112.307404
112.442841
112.506584
113.064339
114.402908
114.339195
114.912865
113.757538
114.434799
115.167877
115.231613
114.960701
115.319252
116.076187
117.080147
116.80925
116.06028
116.163857
115.255486
112.928848
114.227654
116.116066
115.327225
118.434708
119.135857
118.737473
117.972534
119.60598
118.418732
120.211533
121.653687
121.263275
123.765198
123.980331
125.557976
125.087852
123.908623
122.856873
123.55806
123.828941
123.279175
123.446465
124.362816
123.071983
122.919624
120.569832
117.329819
115.757942
118.268112
118.516747
118.62101
119.519211
118.789406
120.425468
117.233589
118.30825
115.092262
114.947922
117.217552
119.591415
119.326759
120.786362
118.46862
119.519211
118.147827
118.893677
119.615471
119.74379
121.299583
122.125671
119.904175
120.441513
120.232986
120.674065
121.091125
121.660522
124.836349
126.777122
127.122017
125.782722
126.231834
127.162094
125.702499
125.991188
125.84684
127.162094
127.130028
128.18866
127.723488
126.817245
125.886948
125.060875
126.392227
125.381691
127.514984
128.70192
129.191132
128.7099
129.263306
129.447769
130.746994
129.744476
127.827728
127.097954
125.951126
126.472404
126.047318
126.352074
127.337051
128.943726
129.056747
128.427002
127.974907
128.128296
126.319794
126.852692
128.152542
128.03949
127.409721
127.086815
128.128296
128.16864
127.522774
128.249405
128.410858
126.117928
127.353249
128.03949
130.518097
131.357712
132.027847
130.5504
129.718796
125.859627
126.101822
125.399429
123.033867
122.024643
122.67057
122.56559
122.06501
122.92083
123.461761
123.195305
123.292213
123.421356
122.912743
123.558624
123.566681
123.033867
123.623245
124.317558
123.40522
124.979591
123.962296
123.477882
121.927773
122.048882
122.282982
121.346474
122.888527
123.163025
125.746597
124.923058
125.536659
125.706192
124.462852
122.718979
122.823936
122.56559
120.483643
119.32885
119.48336
121.134232
122.297195
122.158936
123.305634
123.736664
122.817688
122.18335
123.004715
123.720413
124.289658
124.061958
123.834274
125.574615
126.583046
126.900208
127.453209
127.192986
125.233055
125.281883
126.436676
127.542702
127.184853
128.551163
128.331573
128.445404
127.648422
128.437271
126.883957
