Adjusted
34.839718
34.228062
33.282055
34.56245
33.04554
34.546143
34.652153
34.831577
35.027298
34.113895
32.841671
32.327873
31.463408
31.740677
32.384968
34.823414
34.252544
34.08128
33.975269
34.521675
34.872349
35.932556
35.541092
35.019154
33.828461
35.076229
33.159733
33.551182
33.926331
34.260689
34.130215
33.388084
33.428852
34.252544
33.999733
33.526722
34.264641
35.830704
35.633907
34.469624
33.559513
33.379131
33.174156
33.11676
31.772087
31.886862
31.148928
30.583187
30.402802
30.255211
29.189316
28.861341
30.238813
29.459894
30.656981
31.788471
31.731071
31.460505
30.952158
30.624178
30.296209
31.706467
32.165642
31.542492
31.788471
31.96887
31.591688
30.83736
30.640579
29.894445
30.206013
30.255211
31.198126
31.24732
31.755682
31.780281
31.296511
32.313229
32.264027
32.829781
33.11676
33.871078
33.608707
34.23185
34.035053
33.354523
33.461117
33.108562
33.452919
33.493908
34.018673
35.855297
35.691322
36.486637
36.486637
36.757221
35.740513
33.764492
33.567719
32.908237
32.850517
32.718628
34.120033
34.20245
33.65015
33.963402
36.172672
37.178383
36.568356
36.016048
35.991318
35.603867
35.513176
36.049015
36.304569
36.139694
35.488453
35.974819
35.587379
34.952618
33.963402
35.323586
34.111782
33.567719
33.073093
33.394596
32.158062
32.11684
31.300737
31.762386
30.435163
30.187859
29.767433
29.734461
29.470671
30.435163
31.36669
31.778851
31.465607
32.191032
32.669159
31.943731
31.531548
30.682474
32.792824
33.196762
33.526493
34.350845
34.342606
36.016048
36.246868
34.581669
36.345791
36.098476
36.255104
35.669815
36.47768
37.087708
35.892391
34.870197
34.639374
34.507477
35.849987
34.714661
34.830669
35.145584
36.645546
35.501926
36.637253
37.399677
35.833416
35.949432
38.004631
36.861008
36.256065
36.604111
36.14003
34.515778
34.250576
31.615274
33.338997
31.615274
30.828005
29.543505
30.770004
28.540771
28.200993
24.861298
26.195513
25.797739
24.861298
23.717676
21.587891
20.170799
20.34483
18.430504
18.074163
22.383453
22.922112
19.880758
21.190109
20.129358
21.745348
20.286812
18.828285
18.969162
17.295176
16.756512
18.886295
19.400097
21.447008
22.259146
21.679045
22.938692
21.778492
19.971909
20.717747
20.038204
19.607267
18.314489
20.717747
19.358656
18.778566
18.12388
16.118406
15.405715
17.376509
19.884022
19.716301
20.538157
20.96586
18.575752
19.330526
20.923935
19.456314
20.320118
20.974247
20.856838
20.756203
19.389231
19.406004
19.338911
20.840067
20.56332
20.387203
20.387203
20.034981
19.037003
18.961525
19.296974
19.070547
19.162796
19.447931
20.638792
20.622026
21.376793
20.731047
19.833704
19.724686
19.162796
19.137644
18.634453
18.265455
17.980324
16.88171
17.435209
17.334576
17.032661
16.823011
17.410059
19.062159
18.81896
18.441572
19.162796
19.548571
19.657591
20.152391
20.96586
21.250998
20.52977
20.67234
20.714272
20.018204
19.020227
18.91959
18.726704
17.745506
16.893625
17.478491
16.927525
16.944477
16.724087
15.21528
15.393286
15.961208
15.164421
14.952504
14.740592
15.995113
16.563038
16.952951
16.698664
16.444363
16.961433
16.995337
16.647804
16.029016
18.012518
19.402655
19.53828
21.233572
20.945379
19.216179
19.385702
19.487417
20.479174
20.69108
20.419834
19.411133
19.851904
20.852137
21.216625
20.886036
21.665874
23.522226
24.980181
23.420502
23.946049
23.700233
23.564606
24.641119
24.607216
23.85281
25.404001
25.55658
25.946501
25.929548
27.039961
28.116482
27.896088
28.574207
27.955427
27.319689
25.336191
25.853256
25.531153
27.234928
27.47226
27.489212
26.039736
26.334337
27.452948
26.0867
25.74515
25.693907
27.435871
27.393175
26.505114
26.257483
26.257483
26.428263
27.094311
27.07723
27.248013
27.316322
26.078163
25.275496
25.710985
25.702448
25.352345
24.199579
24.933935
25.113253
25.377966
25.275496
25.693907
25.710985
26.155012
25.087637
25.352345
24.652149
25.471889
25.61706
25.685379
26.026928
26.359953
27.393175
27.649343
27.632265
28.20438
27.79451
28.426401
27.939671
27.777431
28.315382
28.264153
27.521257
26.897911
26.769827
26.932066
26.547808
25.9757
25.497513
25.651215
25.67683
25.05348
25.488972
24.763159
24.421595
23.823864
24.054419
24.626534
24.805853
25.335276
26.423708
26.699047
27.662725
28.376879
28.918953
28.918953
28.617798
27.800394
24.960987
25.038425
23.231522
23.28315
23.739176
23.833824
23.704762
23.39501
24.26404
23.257341
23.068047
22.379702
22.637831
22.259245
20.80512
20.366306
20.934187
22.465748
21.631128
21.837635
21.18371
21.742987
22.353895
22.491558
23.49826
23.472446
24.461935
24.36729
25.150276
25.451427
25.451427
26.277443
26.268831
25.675148
26.346279
26.234417
25.356781
25.064234
25.141672
25.890242
24.763088
24.539371
24.720064
24.659832
25.348177
25.227715
26.122562
25.632118
26.070934
26.432312
26.724861
27.421806
27.404596
27.456223
27.301344
26.664625
26.816305
26.729635
27.067652
26.391607
25.966919
26.278944
26.29627
26.053589
27.674362
28.220388
28.367735
28.53241
29.113115
30.179174
29.962498
29.945158
29.875828
29.806486
29.676489
29.459805
29.156456
29.563812
29.745817
29.329788
29.095778
29.555136
29.043777
29.130447
29.156456
28.896433
29.537807
29.425129
29.260456
28.818426
28.931105
28.896433
28.801092
28.99177
29.191113
28.896433
28.827091
28.948431
29.667807
30.950558
30.820559
30.725208
30.716543
30.81188
30.81188
29.789152
29.659143
29.165104
29.477135
29.095778
29.529137
29.615807
29.901827
30.118507
30.343851
30.621206
30.363806
29.927544
30.18931
29.814121
29.840296
29.945
29.945
29.918833
30.09333
30.782619
30.94841
30.800076
30.573223
30.625557
30.581949
30.791353
30.826248
31.21888
31.498093
31.210161
31.349771
31.44574
31.297415
31.157801
31.079283
31.088009
31.271231
31.105461
31.061829
31.070566
30.983305
30.878595
30.878595
31.245052
31.437017
31.707489
32.126316
31.890732
30.328909
30.171862
30.302738
30.040976
28.993946
29.011402
29.561087
29.360413
28.985218
29.770491
29.421488
29.482557
28.505331
27.842215
26.515978
26.42001
25.434052
26.22805
26.140797
25.503859
25.285725
25.652187
25.259552
25.538755
24.49173
24.788387
24.880766
24.625628
24.625628
25.074318
24.458458
23.772221
24.669619
24.643223
24.053751
24.15053
24.819176
24.564037
25.39105
25.399849
25.232689
26.675558
27.071472
26.394022
26.482002
26.36763
26.147678
26.789932
26.613977
26.165274
26.262049
25.857346
24.757591
24.748789
24.458458
24.370483
24.388079
25.989315
25.945324
26.20047
26.98349
26.745939
26.895506
25.804554
26.08609
26.20047
25.707775
27.018679
26.094894
26.957092
26.992279
26.569983
26.499598
27.001083
27.45858
26.851519
27.053875
27.089066
26.904306
27.379402
27.353004
26.429218
25.822149
25.540619
25.21509
25.55821
25.725376
25.311869
24.792786
24.616827
24.78097
24.727736
24.718863
25.153612
24.523661
24.532537
25.286701
26.040865
26.33366
25.756941
25.836798
26.067484
26.830521
27.016848
27.025715
26.874882
26.999092
27.105568
27.815376
28.223507
28.409836
28.46307
29.439043
29.137377
29.288208
29.376934
29.332575
29.270473
29.252724
29.847179
29.838301
29.980274
30.459391
30.654581
30.814289
31.355516
31.382128
31.532963
31.515224
31.04497
31.96771
32.233894
32.295994
32.437958
33.112263
33.138878
33.298592
33.405056
33.351822
33.706726
33.56477
34.460896
34.877899
34.283436
33.688992
33.369572
32.988052
32.473446
32.375843
31.595066
31.346638
31.213545
31.169184
31.062721
30.495497
30.959995
30.647356
30.718809
30.808142
31.290495
31.844311
31.880037
31.969366
32.076557
32.148014
32.201607
32.139084
32.299862
32.344528
32.514244
32.657166
32.424919
32.37133
32.210541
32.415985
32.389194
32.362392
32.407063
32.746483
32.487446
32.52317
32.666092
32.907269
33.496811
33.809464
33.711193
33.675476
33.452148
33.577209
33.344963
33.496811
33.916645
33.505741
33.604012
33.621868
34.41687
34.309677
34.7831
34.827755
34.184616
34.818832
32.978722
32.826874
33.014465
32.67503
32.889412
33.166309
33.228844
33.264568
33.452148
33.88092
33.720131
34.005962
34.148899
34.702694
34.199242
33.803673
33.857605
34.226219
34.774624
33.83963
34.244202
35.026363
34.280151
33.749733
34.055393
34.280151
33.776711
33.749733
33.327183
33.282234
32.814732
33.480019
34.118328
34.97242
34.657753
34.738663
34.657753
34.639767
34.675732
36.006298
36.060242
35.421932
35.233131
35.188183
35.224148
35.583755
35.457901
35.035343
35.152218
35.053326
35.206169
34.729675
35.341015
34.945442
35.170208
35.37698
35.781551
35.592739
35.197178
35.14323
36.150143
36.383904
36.30299
36.320969
36.644619
36.671589
36.941299
37.399807
37.750443
37.390812
37.930229
37.831348
37.993176
38.19994
38.856236
38.8922
38.478645
38.06509
38.06509
38.209797
38.074135
38.164574
38.408756
37.233055
37.368713
37.242107
37.115501
37.576725
36.943661
37.422989
36.934624
36.853222
37.793781
37.169758
37.15168
35.822239
36.32869
36.771839
36.446255
36.238258
35.731804
36.28347
36.681396
37.350628
37.902309
38.345451
38.26405
38.634842
38.924244
38.327358
37.802818
37.757603
38.481087
38.21883
38.291183
38.119354
38.9785
38.924244
40.018536
39.720097
39.702011
39.756264
38.95137
38.571537
37.621948
37.450119
40.181324
40.380287
39.068947
37.730476
34.47472
33.968281
31.969608
33.389465
34.158199
35.27058
35.098747
36.220165
33.597485
33.461826
33.498005
34.990211
37.59354
36.683281
36.947269
38.522003
38.412777
38.330856
37.82111
36.974571
36.501244
37.420601
36.810722
35.24509
36.646873
37.7756
39.550598
40.560974
41.22546
41.362003
41.18906
39.459568
38.813301
39.077271
39.323036
39.723553
39.232002
38.512913
37.320465
36.355598
37.411495
37.211239
38.157906
38.075981
39.44138
39.787258
40.260593
40.251492
40.934189
39.88739
40.269699
39.2047
39.059052
40.615593
40.688423
39.35033
39.423157
40.33342
39.468678
38.685852
37.939445
38.221619
38.276241
38.676754
38.740471
39.359451
38.066879
38.503803
39.341244
38.76778
39.85099
39.514194
39.01355
39.286625
39.550598
39.769062
37.260609
37.114128
37.718353
37.617653
39.091599
39.183136
39.567657
39.796532
39.137367
38.578911
38.350044
39.558495
39.759911
38.94511
38.707085
38.881031
39.137367
38.697929
39.778214
39.970474
40.611309
41.334564
41.719059
40.766949
41.517654
41.169765
41.810619
41.343712
42.057793
42.121876
42.35075
43.71484
42.43314
42.131042
42.195122
41.554268
42.149342
42.469769
42.35075
42.442299
42.597939
43.385262
42.890888
42.936668
42.396526
42.11272
41.938793
42.121876
42.469769
42.066952
42.066952
42.066952
41.86554
41.673283
42.012016
41.65498
41.719059
42.240898
42.085262
41.819763
41.86554
42.321255
42.376488
42.993305
43.094578
42.846012
42.864414
42.560612
42.707916
42.118713
42.17395
42.652683
42.901237
43.094578
43.453625
43.112995
43.28791
43.766636
43.499645
43.527279
43.407593
42.726334
43.4352
43.55489
43.739017
43.416801
43.803471
44.622826
44.816151
44.945038
44.8806
45.101551
44.825359
44.052025
44.457111
45.138374
44.714882
44.457111
45.129169
45.67234
45.359322
45.598682
45.20282
43.913937
44.153301
44.935837
45.31329
45.267258
45.479012
45.40535
45.340908
44.834557
44.751709
43.904724
43.472034
43.637753
43.536472
42.873631
42.735531
42.247608
41.069191
40.977123
41.142845
41.409824
41.317768
41.442764
41.239067
41.146461
40.572426
40.165043
39.590984
39.692825
39.794685
40.387253
40.544647
40.294655
39.683578
40.211327
39.470631
39.350254
39.350254
39.840973
40.424278
40.294655
39.600239
39.95208
39.257668
39.87801
40.637241
40.359467
41.66497
41.831635
42.303837
42.572342
41.859409
41.461273
41.387203
41.35017
41.239067
42.785297
43.044556
43.720444
44.137093
43.96117
43.507492
42.646416
42.137177
41.655712
42.72049
43.544525
43.461201
43.47971
43.220467
43.368614
44.831509
44.859287
45.748146
45.442596
45.100025
45.544445
45.812954
45.887028
45.442596
45.47963
45.470375
45.266682
45.229645
45.849987
45.840721
46.133896
46.292114
46.478245
47.269325
47.511311
47.650906
47.911495
48.200008
49.195839
49.242378
49.093464
49.27029
49.64257
50.098606
49.800781
50.173054
49.884544
49.884544
50.638397
50.722157
50.871063
50.31266
50.424335
51.010677
50.80592
50.936214
51.010677
51.122356
51.401546
51.959965
51.755211
51.327103
51.308495
51.624924
51.522545
51.950661
52.201946
52.006496
51.932049
52.201946
51.811058
50.917599
50.898983
51.103737
52.146103
51.448093
52.583519
50.657013
48.618824
49.186523
48.302387
47.567142
47.250725
47.706749
47.716053
46.757442
46.673691
47.213482
47.436855
47.762585
47.79052
48.339611
48.531342
48.419121
48.082413
48.362991
49.672371
49.981014
49.765903
50.046494
50.75729
52.871017
52.899078
52.983242
52.422085
51.383926
50.486065
51.056587
50.991116
51.03788
51.346523
50.542175
50.411243
50.308361
50.140026
49.784615
