Adjusted
57.84
59.049999
57.330002
58.060001
57.580002
56.439999
57.169998
58.130001
58.939999
59.77
62.130001
58.43
60.349998
56.150002
55.470001
56.150002
55.990002
56.790001
57.450001
57.709999
59.259998
58.900002
58.740002
56.279999
54.889999
56.150002
55.84
54.560001
55.169998
55.869999
54.32
53.150002
54.029999
54.650002
54.07
54.419998
55.450001
56.48
56.59
55.880001
53.889999
54.619999
54.919998
55.939999
54.09
54
52.650002
53.77
53.990002
53.400002
51.419998
50.889999
51.540001
51.18
50.990002
50.380001
50.57
51.380001
50.529999
51.48
51.5
51.509998
52.110001
52.84
53.990002
52.790001
53.200001
53.860001
54.259998
53.830002
53.810001
53
53.720001
53.529999
56.549999
55.529999
54.150002
54.810001
56
55.669998
54.09
53.43
53.380001
54.119999
53.470001
52.580002
52.959999
51.630001
52.330002
51.810001
52.599998
52.16
52.419998
52.68
56.68
56.619999
56.610001
57.759998
58.369999
57.470001
58.700001
58.66
58.82
58.299999
57.66
56.889999
57.889999
58.91
57.060001
57.82
56.860001
55.490002
55.259998
56.709999
56.580002
56.380001
54.59
54.209999
53.700001
53.75
51.59
51.040001
51.400002
50.82
51.700001
51.169998
50.02
50.029999
49.720001
51.029999
50.419998
52.610001
53.650002
54.240002
54.709999
55.709999
56.48
57.57
57.779999
60.150002
59.700001
58.849998
60.939999
60.349998
60.689999
60.279999
59.75
59.330002
59.310001
59.400002
59.330002
58.259998
59.049999
59.299999
59.209999
59.529999
60.23
60.77
60.279999
60
60.529999
59.880001
61.119999
59.419998
59.16
60.209999
60.810001
59.299999
58.93
58.630001
56.849998
57.369999
57.32
56.080002
57.439999
58.849998
60.150002
59.919998
62.529999
61.040001
64.769997
63.860001
63.009998
62.889999
62.200001
62.34
63.240002
59.610001
58.91
58.07
57.419998
56.52
54.419998
52.950001
51.490002
48.830002
49.220001
54.41
54.259998
50.709999
54.52
55.27
56.439999
53.380001
52.099998
51.98
50.400002
49.380001
52.080002
53.279999
56.82
58.43
57.91
57.950001
56.200001
54.599998
55.950001
56.060001
56.610001
54.990002
58.720001
58.009998
58.869999
61.130001
59.240002
54.990002
55.189999
56.150002
57.299999
55.509998
57.299999
51.169998
53.220001
53.189999
51.220001
53.23
54.139999
52.610001
53.279999
52.130001
52.799999
52.200001
54.790001
54.490002
54.349998
52.869999
51.419998
50.990002
51.59
51.16
51.009998
51.580002
52.080002
52.66
52.459999
51.240002
51.099998
51.59
50.299999
48.75
48.23
45.82
48.450001
50.689999
48.580002
49.09
48.669998
48.650002
49.060001
49.459999
49.990002
49.639999
48.919998
48.619999
49.669998
49.73
50.900002
47.98
48.380001
46.830002
46.060001
46.82
46.869999
46.189999
46.880001
47.130001
48.349998
46.560001
47.360001
48.040001
47.57
47.98
47.240002
47.639999
49.18
47.68
47.740002
46.57
47.740002
48.380001
50.580002
48.419998
47.549999
48.560001
48.27
48.110001
47.16
48.040001
47.299999
47
49.009998
47.91
47.139999
47.73
48.959999
50.41
51.150002
52.049999
51.27
51.799999
49.700001
49.580002
50.59
51.32
51.029999
50.889999
50.189999
50.889999
49.490002
48.029999
48.400002
48.84
49.509998
46.740002
47.080002
47.779999
47.849998
47.419998
47.099998
46.110001
46.759998
49.34
48.43
48.130001
50.060001
52.09
52.540001
51.939999
51.450001
50.279999
50.169998
51.130001
49.889999
49.759998
49.98
51.040001
50.59
50.650002
50.439999
50.080002
49.470001
49.869999
48.959999
50.119999
49.689999
49.279999
49.650002
50.200001
50.73
51.200001
49.669998
49.48
49.970001
51.189999
50.709999
51.799999
51.529999
50.75
50.220001
50.380001
49.619999
49.32
49.07
48.98
49.57
49.950001
50.849998
50.77
51.119999
50.490002
50.040001
50.02
51.59
51.580002
53.02
53.18
51.970001
51.41
51.200001
51.75
51.860001
51.27
49.91
51.09
50.43
50.299999
51.27
50.029999
49.84
49.27
49.369999
49.599998
50.150002
51.5
51.290001
50.82
49.970001
50.310001
49.830002
49.52
48.970001
49.139999
49.490002
49.619999
49.48
49
49.080002
48.43
49.189999
48.57
48.040001
47.939999
48.029999
48.459999
47.91
47.610001
47.48
47.459999
48.560001
48.509998
48.439999
47.580002
47.73
47.84
48.389999
48.029999
48.279999
48.349998
48.549999
48.599998
49.630001
52.119999
52.240002
52.669998
52.48
52.889999
53.209999
53.169998
52.27
53.349998
53.16
52.959999
52.369999
52.639999
52.970001
53.040001
53.869999
54.299999
55.34
54.560001
54.490002
54.049999
54.389999
55.200001
55.290001
54.939999
54.150002
54.099998
55
54.790001
55.150002
54.130001
54.73
55.860001
56.02
55.91
56.91
58.099998
57.619999
57.849998
57.639999
57.240002
57.689999
56.84
56.060001
55.25
55.16
55.509998
55.560001
55.720001
55.720001
55.599998
55.369999
55.330002
55.169998
55.16
54.669998
54.630001
54.720001
55.34
55.349998
54.869999
55.779999
55.52
54.810001
56.119999
55.189999
55.009998
54.799999
54.27
53.810001
53.77
53.419998
52.91
53.48
53.59
54.48
52.990002
52
51.16
51.549999
51.200001
51.650002
51.360001
52.450001
53.02
53.5
54.299999
54.599998
53.98
54.830002
55.93
55.18
55.57
56.139999
55.779999
55.299999
55.349998
54.68
54.650002
54.380001
54.560001
54.490002
54.93
55.27
55.490002
55.490002
55.610001
56.099998
56.380001
54.709999
54.5
54.5
55.040001
54.900002
54.5
54.77
55.080002
55.139999
54.57
54.349998
54.580002
55.57
55.810001
55.900002
55.75
55.66
55.860001
56.119999
55.75
56.560001
57
57.16
56
57.07
58.099998
58.900002
58.610001
57.439999
57.439999
56.029999
55.529999
57.639999
57.57
57.77
57.189999
56.700001
57.439999
58.060001
58.360001
56.91
57.540001
56.759998
56.700001
56.439999
57.939999
58.619999
58.43
59.52
59.939999
58.25
57.299999
58.790001
61.459999
63.189999
63.57
63.720001
64.510002
64.68
65.080002
65.440002
65.269997
64.800003
64.459999
64.589996
66
66.57
65.940002
65.580002
65.239998
64.519997
63.970001
65.25
65.309998
65.540001
65.949997
66.230003
66.209999
65.870003
64.57
64.959999
65.82
63.91
63.450001
64.769997
65.410004
64.510002
63.889999
62.57
63
63.57
63.669998
64.379997
64.160004
64.260002
64.93
64.57
63.619999
64.519997
64.760002
65.760002
67
67.059998
66.120003
65.919998
65.82
65.199997
64.879997
64.580002
66.040001
66.25
65.5
66.559998
66.5
66.529999
66.309998
67.489998
68.129997
69
69.330002
69.860001
70.089996
69.660004
69.970001
69.779999
70.360001
70.190002
68.610001
69.860001
68.57
68.949997
69.75
69.480003
70.730003
69.75
71.769997
71.910004
71.459999
71.650002
71.160004
70.82
72.190002
71.900002
71.900002
72.620003
71.18
72.269997
72.209999
72.209999
72.599998
72.779999
71.940002
71.07
71.739998
71.480003
72.43
72.199997
72.68
72.389999
71.489998
71.610001
71.830002
72.080002
71.239998
71.339996
70.550003
70.260002
71.510002
72.5
72.779999
72.120003
73.800003
72.690002
73.400002
73.900002
75.540001
77.25
77.120003
77.379997
77.360001
77.220001
77.779999
78.589996
79.5
80.400002
79.639999
78.690002
78.910004
79.5
79.610001
79.940002
79.449997
80.089996
80.459999
81.779999
81.419998
80.919998
81.650002
79.260002
79.25
78.57
77.739998
77
77.300003
78.040001
77.32
78.129997
78.779999
79.019997
78.639999
79.199997
80.269997
79.900002
79.339996
79.25
78.440002
78.489998
79.699997
78.400002
79.07
83.629997
84.910004
85
84.309998
84.459999
84.279999
84.830002
84.900002
85.510002
86.279999
87.379997
86.309998
84.660004
84.459999
85.860001
86.419998
83.879997
85.540001
86.970001
85.900002
84.709999
87.550003
87.690002
86.349998
86.870003
87.919998
86.540001
84.809998
85.480003
85.230003
86.019997
85.699997
86.510002
87.900002
88.82
87.690002
88.300003
88.18
88.669998
91.029999
92.220001
92.559998
92.279999
90.5
89.699997
90.349998
90.43
90.690002
90.660004
91.93
90.440002
90.660004
92.910004
93.160004
94.239998
93.43
94.290001
91.120003
91.279999
90.669998
89.75
89.760002
89.349998
90.300003
90.970001
91.889999
91.669998
93.739998
93.019997
91.349998
91.790001
92.660004
92.720001
91.610001
88.769997
87.800003
87.769997
89.150002
88.339996
89.089996
87.32
87.610001
85.690002
85.550003
85.699997
85.279999
86.080002
84.900002
85.050003
85.739998
84.389999
85.68
86.410004
86.849998
87.309998
87.970001
86.980003
85.610001
86.830002
87.769997
88.150002
89.120003
91.220001
91.720001
92.5
93
92.910004
91.400002
91.330002
91.489998
89.900002
90.910004
89.800003
92.089996
91.349998
92.599998
92.190002
92.110001
91.519997
89.459999
84.360001
82.120003
81.489998
80.440002
82.639999
78.040001
78.809998
74.089996
78.720001
74.449997
79.220001
79.910004
80.839996
80.440002
80.800003
79.220001
79.959999
81.120003
83.650002
84.410004
83.150002
84.339996
87.360001
87.400002
87.709999
85.5
82.830002
82.68
84.300003
83.699997
80.18
80.870003
81.610001
83.300003
83.82
83.919998
83.089996
83.959999
81.339996
78.730003
80.349998
83.419998
83.93
81.57
81.209999
80.720001
78.699997
80.230003
80.32
81.220001
80.559998
83.739998
83.260002
83.440002
83.57
84.82
83.43
84.949997
83.019997
82.449997
84.040001
85.860001
84.199997
85.459999
88.410004
84.339996
83.580002
80.709999
81.07
82.139999
81.089996
81.480003
81.400002
78.220001
77.849998
79.739998
78.480003
79.32
77.529999
77.150002
77.870003
76.75
77.330002
76.489998
77.07
77.949997
77.440002
81.019997
80.529999
79.669998
80.769997
80.239998
78.940002
77.230003
79.18
78.989998
77.769997
76.410004
76.220001
76.510002
76.379997
78.370003
78.389999
78.199997
78.209999
78.559998
78.279999
78.510002
77.919998
77.489998
76.720001
76.93
77.449997
77.360001
79.809998
80.769997
83.660004
84.059998
84.169998
84.059998
83.559998
84.300003
84.110001
84.290001
84.169998
83.720001
83.5
82.889999
84.019997
85.019997
85.300003
86.900002
86.139999
84.760002
84.790001
85.269997
84.529999
86.239998
87.940002
86.910004
87.589996
88.050003
88.089996
87.910004
89.269997
89.230003
87.959999
86.870003
86.769997
86.589996
85.940002
86.239998
85.410004
85.449997
86.669998
87.75
87.800003
87.860001
87
86.440002
86.879997
86.809998
85.389999
85.43
85.43
84.660004
85.900002
85.470001
84.940002
84.18
83.639999
84.199997
84.43
84.650002
85.57
84.769997
84.440002
85.57
86.669998
86.099998
86.120003
87.019997
87.75
87.279999
87.910004
87.110001
87.220001
87.099998
85.970001
87.639999
86.599998
87.540001
87.379997
86.529999
84.620003
85.220001
84.870003
83.190002
83.32
83.239998
81.449997
81.779999
83.07
82.400002
81.370003
82.82
83.949997
85.760002
86.800003
86.309998
87.010002
86.93
87.260002
85.760002
85.839996
85.830002
86.720001
86.040001
87.540001
87.709999
88.040001
87.559998
88.019997
87.769997
89.18
90.75
90.360001
88.68
88.470001
88.400002
88.760002
89.779999
89.550003
91.669998
92.559998
92.93
92.82
92.470001
92.510002
93.419998
92.379997
92.529999
92.82
93.019997
93.32
93.160004
94.169998
93.339996
92.629997
91.379997
91.720001
92.220001
94.519997
93.989998
92.849998
91.849998
90.400002
91.839996
91.419998
90.349998
89.669998
89.059998
89.82
89.769997
90
90.129997
91.510002
91.470001
90.559998
90.230003
90.290001
90.239998
91.260002
91.099998
91.300003
92.419998
91.550003
91.519997
91.510002
91.970001
93.400002
93.599998
93.029999
93.190002
93.279999
93.32
93.169998
93.900002
94.43
93.660004
91.43
91.599998
92
91.440002
90.050003
90
90.480003
90.639999
91.029999
91.059998
92.029999
91.760002
91.169998
89.650002
89.959999
90.239998
89.989998
91.279999
92.07
93.139999
93.610001
91.870003
92.160004
92.199997
89.059998
95.209999
94.57
94.760002
95.760002
94.769997
94.519997
94.809998
93.699997
91.970001
92.410004
92.379997
92.330002
90.489998
90.370003
90.07
89.900002
90.540001
91.690002
92.160004
92.449997
93.410004
92.93
93.790001
93.470001
93.230003
93.419998
93.959999
94.360001
94.260002
94.900002
94.589996
93.870003
93.300003
93.260002
93.650002
94.029999
92.470001
92.690002
91.660004
91.919998
91.470001
92.190002
91.900002
