Adjusted
50.39185
49.991982
48.983978
49.408852
47.901001
49.775391
51.066624
51.699768
51.183254
49.867027
51.674767
49.475487
48.550777
50.82505
54.757095
53.54916
52.116299
54.823734
55.007015
55.123657
57.356236
56.923046
55.556835
53.565823
53.832401
54.923698
53.507519
52.891029
53.79908
53.699108
52.707764
52.674438
52.5495
53.299232
50.641773
51.741409
52.216267
52.42453
52.888382
50.788364
49.025711
48.232914
47.566658
47.591969
45.736519
46.444954
46.014847
49.649799
48.77269
48.890766
47.085926
46.023262
48.781116
48.747395
52.492004
51.479931
49.995586
47.507618
46.360615
46.335316
46.50399
49.464272
50.037758
49.835339
47.642559
48.013649
46.799179
45.71965
46.0317
45.491947
42.472633
43.349762
44.336498
44.943745
45.879902
44.108795
44.361809
43.248543
45.660606
46.613632
48.418468
47.423283
47.018456
49.506435
49.455826
48.848583
49.472691
46.950989
46.596764
46.647369
47.878712
47.001598
47.684719
48.283539
47.237736
47.861832
46.655781
45.559414
46.259411
45.365425
45.534107
43.695538
45.33926
44.697178
44.037968
43.258919
42.068935
42.077492
39.654716
38.721581
39.363655
37.257637
37.642876
37.80555
38.139431
34.766365
31.633032
30.246134
31.906992
30.768372
32.018291
31.701523
31.633032
31.710081
31.008081
30.862545
30.965277
29.895142
27.172737
30.143408
27.412443
26.958708
26.48785
24.210617
23.097679
27.249784
29.604071
29.706804
29.227377
33.953083
36.992241
33.627762
32.805897
31.222113
34.441051
35.04034
35.151623
35.96492
36.65836
38.781498
38.490417
36.512817
37.933949
39.603355
36.718288
34.175659
36.076221
36.778221
35.57967
33.59351
34.655083
34.526665
36.56419
34.37257
33.49934
34.252716
36.199287
36.56591
38.023663
39.280624
38.023663
39.647255
44.456955
41.532719
39.498848
40.109905
41.297031
40.066246
42.746059
41.576374
48.05331
51.675854
47.032013
44.666443
43.93322
43.426926
44.064137
33.824986
39.271912
42.815891
44.666443
47.677956
43.426926
40.066246
36.443707
30.33338
31.773661
32.140289
38.983845
38.407719
38.957657
36.557178
36.504795
36.338955
35.029591
31.599094
30.647619
30.848391
34.863739
33.659145
33.083023
35.03833
35.14307
37.604664
34.863739
32.279953
33.763889
32.760048
31.564165
29.696156
31.136452
29.25971
27.548813
27.164743
24.694422
21.482141
19.59667
24.711885
25.864117
26.904369
28.211355
22.378811
24.148138
25.464014
26.522057
28.584782
30.016247
26.708771
25.232847
24.174816
24.450434
23.908081
26.673201
26.113062
25.810768
25.953026
25.197279
24.192593
24.726055
24.610477
24.690491
25.659626
26.264215
26.602076
24.788296
25.161718
23.721363
24.148138
22.725571
21.045156
21.400797
20.556149
18.573437
17.728788
13.398837
13.523316
12.047397
13.309927
12.00294
11.602843
13.469967
11.869575
10.900449
10.624828
8.90885
8.864394
9.237817
10.749301
11.060488
8.055307
8.962193
8.224236
7.753012
6.321549
6.632736
5.957014
6.534935
7.00616
8.304255
9.780175
11.619564
10.794081
9.932706
9.735312
9.79812
8.802157
8.398386
9.053391
10.157027
10.0673
11.718264
10.95559
10.300585
10.901753
12.7232
11.359359
10.812026
12.660391
11.592648
11.646481
12.086143
11.287577
9.735312
10.533875
10.785107
11.502919
12.400182
11.395248
10.614631
9.717364
12.687309
14.410054
12.947515
14.069097
14.679235
16.186638
13.198751
14.410054
13.817861
13.360255
14.320328
13.10005
12.301487
13.297448
12.95649
12.391213
15.495745
15.208619
17.487669
16.617321
18.636168
16.608353
14.544648
13.548683
13.485873
13.503819
14.356219
13.710188
13.566628
13.082106
12.301487
12.561691
11.852853
11.898056
11.9071
12.476686
14.41148
14.194491
14.926819
15.342706
15.68627
15.424078
14.935859
15.170932
15.089562
14.75504
14.330108
13.841891
14.022711
14.709835
13.552575
13.968468
14.031753
14.10408
14.384357
14.782168
14.87258
14.764082
14.5923
14.095042
13.950383
13.597781
13.85093
13.74244
14.68271
14.447643
15.161888
15.243259
14.68271
14.501888
13.724357
14.637504
15.306543
15.415037
16.228733
15.677228
15.93038
17.114761
17.630106
17.973665
18.778322
19.429276
18.877769
19.691473
19.610096
18.380514
18.1364
19.230373
19.031471
18.145443
18.498045
18.633659
19.402153
20.469004
19.700512
19.872292
20.025986
20.80352
21.418577
21.138184
19.654802
18.243782
18.732212
18.777439
18.677946
19.112101
19.365364
19.799524
20.016602
20.577393
21.798471
21.499992
21.445719
20.948236
21.418577
21.192457
20.432674
20.143232
20.423628
20.396498
20.396498
19.202559
19.130194
19.781435
20.134192
20.188461
20.197504
20.351276
20.360317
19.90806
20.315086
20.125145
19.636719
19.066877
18.831713
18.777439
19.763342
18.98547
17.954346
17.35737
17.086021
17.773443
17.285011
17.981476
17.78249
17.583496
18.334232
18.026701
18.994516
18.352324
19.057833
18.316139
18.153332
18.913115
19.772388
19.844748
19.772388
19.935196
20.93919
20.658802
20.532169
20.441677
21.382776
20.99367
21.075108
20.224504
20.631706
20.468828
20.360237
20.088768
19.835396
20.188307
20.161167
19.002886
18.867155
18.622833
19.01194
19.211012
18.867155
18.351362
18.767622
18.595682
18.604731
18.260874
18.360409
18.496145
18.749517
19.274363
20.414534
20.821741
21.057014
20.314991
20.613617
21.446119
21.165602
21.129404
21.192747
22.197189
22.215284
21.717585
21.37373
22.351017
22.450556
22.016203
22.170042
21.961908
21.057014
19.907789
20.351191
20.269751
20.532169
20.803638
20.34214
20.242603
20.532169
20.450733
20.468828
20.839834
21.400873
20.595516
21.509464
21.292191
21.554722
21.400827
22.115999
21.871576
22.070736
22.686327
23.211386
23.383389
23.980877
24.51499
24.315834
24.433519
24.786575
25.429325
24.786575
24.605522
24.524044
24.32489
24.677942
24.053297
23.989929
23.845083
23.845083
24.25246
24.587414
25.112476
25.990597
25.82765
25.854801
25.936281
26.651463
26.271235
27.411888
26.950199
25.782391
26.225971
27.330414
26.904928
26.54282
26.651463
25.682802
25.157742
26.361763
26.886827
26.796301
27.556738
26.388924
26.615242
25.38406
24.858997
26.343662
27.565792
28.833176
28.308115
26.995461
27.04978
25.37501
24.931419
23.727398
24.433519
22.994123
23.81793
24.044245
25.004206
24.406498
23.700108
24.687243
24.361214
22.667707
22.124331
22.740152
22.396019
23.392202
23.446533
23.265411
23.881235
23.872177
23.763496
23.727276
23.410313
22.857882
22.885052
22.069992
23.102402
22.785437
21.227764
21.100975
20.648167
20.32214
20.485153
22.169613
22.341677
23.057121
22.803545
23.709166
23.057121
22.812601
21.110033
21.164373
20.892687
20.304028
22.260174
22.67676
23.890293
23.790672
23.537096
23.509926
23.500877
24.11669
23.881235
23.718222
23.854071
23.410313
23.437477
23.537096
22.151499
22.006601
22.088104
22.06094
21.861696
22.341677
21.934153
21.734911
21.753025
20.992304
20.720613
20.240633
20.530441
20.285809
20.394533
21.427397
21.699202
21.907583
21.20089
21.807926
22.442142
22.215633
22.931391
23.475004
23.792114
23.411589
23.520302
23.810234
23.411589
23.076359
22.523685
23.592793
23.402525
23.520302
23.37534
23.402525
23.647148
23.67433
24.698132
25.042425
24.371967
24.308544
24.399151
24.797794
24.199821
23.17602
22.088787
22.3606
22.414959
23.058233
24.091097
23.737749
23.112595
23.194138
22.994814
22.958572
22.659588
22.333418
22.115976
22.786438
23.92802
23.982376
23.855534
23.592793
23.592793
23.293804
22.750187
22.895153
22.50556
21.85323
21.807926
21.889469
21.599545
21.20089
21.735441
21.372881
21.526974
21.173477
21.753576
23.004402
23.330704
23.194742
23.122232
23.974251
24.490898
24.998482
24.699368
24.463705
23.575438
23.439472
24.509029
24.518093
25.252277
26.149605
26.004585
26.557487
26.883791
26.602812
26.639059
26.747828
27.409504
26.892857
26.965361
25.968328
26.104284
25.805176
26.1768
26.203993
25.696402
26.213055
26.512167
25.7236
25.261337
26.738768
26.339951
26.448721
26.566549
27.30073
26.811275
27.581715
28.379349
27.908016
28.560631
28.551563
28.877871
29.249493
28.97757
28.633139
29.485149
29.322002
29.539537
29.322002
28.687525
28.7691
27.708614
27.753933
27.146446
27.944334
27.354988
26.665894
26.629633
27.327789
26.656826
26.203485
27.137377
26.656826
25.913342
26.294153
25.976812
25.759209
25.36026
25.614132
26.829102
26.656826
26.448292
26.257883
26.393892
26.48456
26.384823
26.58429
26.48456
26.149084
26.475492
26.611494
26.48456
27.092045
27.092045
26.883509
26.756569
26.838171
26.294153
25.559727
25.514391
25.278658
25.197052
25.051983
24.571428
25.115452
24.934111
25.070118
25.450928
25.559727
25.677601
25.913342
25.804539
25.405594
25.541597
25.559727
25.904268
25.668531
25.478128
24.906912
25.088249
25.659466
25.922407
26.085613
25.28772
24.662107
24.580503
24.807173
25.006649
25.387604
25.514578
23.872869
23.845663
23.446562
23.029333
23.092827
22.793505
23.156319
22.83886
23.147247
23.53727
23.047474
23.029333
23.745886
23.519125
23.491915
23.029333
22.702803
22.675594
22.802578
22.684669
23.319584
23.401213
23.954498
23.464705
23.355862
23.818441
23.2833
22.539545
22.621174
22.775366
22.349068
22.349068
21.723219
22.231157
22.593964
23.337725
23.53727
23.410284
23.192598
22.358135
22.330929
22.213017
22.06789
20.95225
21.079233
19.809397
19.510084
16.807152
18.122335
16.045246
16.925066
16.607605
17.587191
17.242519
17.269732
16.063385
15.337768
15.58267
16.417131
16.897852
16.86157
17.04298
17.977213
17.931746
18.095425
17.586206
16.567766
16.667797
17.877188
17.322502
16.595051
16.976959
17.322502
17.804445
18.27729
18.113607
17.422533
17.25885
16.003988
15.403841
15.431121
16.667797
17.004238
16.395002
17.013338
16.32226
15.594799
16.185858
16.349531
17.395248
16.495022
17.149733
17.122452
17.640766
17.313414
17.313414
16.449556
17.622578
17.086081
17.467993
16.886034
17.840816
17.067898
17.63167
19.104767
18.759226
17.94084
17.049711
17.76807
18.022673
17.722603
17.813536
18.350029
17.113359
17.186106
17.531647
16.931498
16.795095
16.422277
16.24951
16.449556
16.040371
15.831223
14.949183
15.031022
15.321999
15.449692
16.534994
16.407312
16.936289
17.574703
16.44379
16.60796
15.778018
15.705052
15.35848
14.929834
14.993676
15.203438
15.030155
14.409982
15.385852
15.458804
16.097225
16.188427
16.006021
15.677694
16.161064
16.14283
16.890688
17.018372
17.930397
18.012476
18.304321
18.66913
19.207228
19.198103
18.970097
18.796814
19.134268
18.459373
19.416996
19.353149
19.416996
19.71796
18.696495
18.796814
18.723856
18.760334
19.188988
19.435234
20.319897
20.155727
20.237816
20.292536
20.611742
20.091885
20.319897
19.763563
19.945969
20.575262
20.693825
20.985672
20.201332
20.356377
20.338135
20.83975
21.251064
20.985992
21.049974
20.940294
20.291336
19.688078
19.998848
20.33704
20.501562
19.998848
20.638664
21.580111
22.384455
22.283907
22.430151
22.530693
22.384455
21.598391
21.689791
21.936575
21.845177
22.201647
22.073681
22.091963
22.192503
22.366167
21.954859
21.991417
21.278479
20.876316
21.24192
21.525267
20.638664
20.867167
21.305902
21.086536
20.784908
20.656948
21.232779
21.644093
22.174231
22.320471
22.667797
22.192503
22.320471
22.219929
22.210785
21.708071
21.927439
21.607531
21.095676
21.561829
21.662374
21.031694
20.812332
20.775764
20.263916
19.8526
20.391876
20.592968
20.88545
20.720926
20.556404
20.766626
20.308609
20.99564
20.024641
19.328447
19.383406
19.88723
19.942194
20.31777
19.79563
19.859747
20.152882
20.271969
20.54678
20.620064
21.316252
21.453659
20.711666
21.087242
20.271969
20.821587
21.233809
21.343729
22.19565
22.617029
22.598707
22.360538
22.186491
21.856714
21.719305
22.177332
21.746792
22.671991
22.781918
22.836882
22.66283
22.204811
21.545261
21.013962
20.839909
20.858234
21.444502
21.783434
21.572742
21.664347
21.682669
21.261286
22.067406
22.012442
22.259775
22.333059
22.62619
22.745272
22.800236
22.873522
22.919321
23.139175
23.349863
23.313223
23.157494
23.084213
22.818556
22.992607
23.075048
22.708632
23.039074
22.919748
23.103331
23.507202
23.360338
24.489342
25.24202
25.36134
25.315441
25.783575
26.499527
27.45413
26.747358
26.334309
26.646391
26.407734
26.095654
26.692284
25.884541
25.71014
25.939611
25.948793
26.141544
26.27923
26.875858
27.509207
27.821289
27.31645
27.784576
27.224661
27.711142
26.774895
26.710638
26.205799
26.949291
26.609673
26.27923
25.398054
25.003366
24.847322
25.003366
24.874859
24.966644
25.278727
24.911575
24.929932
25.453127
24.388372
24.223152
24.379196
24.360838
24.021217
23.351156
23.699955
23.883539
24.77389
25.150225
24.599487
25.223658
24.975824
24.599487
24.728237
24.847786
24.967333
24.48914
24.148886
24.461552
24.553513
24.994921
25.013317
25.37196
25.537491
25.013317
24.893768
25.601862
26.17202
26.263979
26.641014
25.997295
25.739803
25.749001
25.739803
25.55588
