Adjusted
22.953428
22.97298
22.269129
21.956301
21.995403
20.851646
21.369761
21.203573
21.017836
20.480169
20.988506
20.597477
19.795862
20.020708
20.2651
20.313982
20.040258
20.470394
20.773441
20.255323
20.431288
21.262224
20.529043
19.707884
19.864294
20.216223
19.776312
20.050035
20.53882
20.626802
20.030481
20.118464
20.138016
20.284653
19.991381
19.600349
20.343307
19.942505
19.75676
19.483046
18.779186
18.564121
18.681433
18.339279
18.143766
17.899374
18.280626
18.818295
18.270851
17.79184
17.860271
17.547445
18.368608
18.456589
18.66188
18.828068
18.779186
17.67453
17.625654
17.263954
17.273729
18.691208
18.300175
19.277752
19.443939
18.955153
18.593452
17.645203
17.997128
17.723413
18.143766
18.026459
18.202419
18.114437
17.899374
17.94825
17.694088
17.469244
17.547445
17.772287
18.212193
18.309952
17.94825
18.163317
18.104664
18.280626
18.427263
18.427263
18.182869
17.684309
18.397936
20.548595
20.167339
20.597477
20.450838
20.401962
20.36286
20.177118
20.529043
20.822317
21.017836
20.529043
20.65613
20.841871
20.392187
19.95228
19.913177
20.2651
20.098911
20.304207
20.665903
20.147793
19.932728
19.502596
19.551476
19.365734
19.160446
19.267975
19.355959
19.160446
19.18977
19.600349
19.336405
19.219097
19.41461
20.284653
20.636581
20.763664
20.411736
20.685459
20.968958
20.714785
20.343307
20.372637
20.753887
21.125364
21.389311
21.320879
21.037386
21.926977
22.464643
21.438187
21.477291
20.920074
21.056936
20.558372
21.037386
20.871197
20.724562
21.164467
21.506617
21.272001
22.05406
22.073612
21.780342
21.643476
21.379536
21.565275
20.988506
20.470394
20.617027
20.753887
21.027609
20.431288
19.95228
20.558372
21.096037
20.636581
20.841871
20.968958
20.499718
20.939629
21.858543
22.190924
22.122492
22.073612
22.220247
21.956301
22.318005
20.812546
21.496843
21.71191
20.675682
20.519268
21.017836
21.477291
21.614151
20.421511
20.978731
21.144917
19.287527
19.00403
18.182869
16.941351
16.657852
15.826917
15.054633
16.335253
15.670507
14.497416
14.243247
13.969526
14.301902
13.979302
13.021279
13.109261
12.434736
12.073035
12.903973
12.200117
12.444511
12.258773
12.454288
12.972401
12.415184
12.200117
12.366306
12.268547
11.750434
10.557794
11.290976
11.232322
11.056358
11.916621
11.613576
11.740659
11.848191
11.877518
11.427835
11.916621
12.473839
11.535368
11.897071
12.600924
12.698681
13.236347
13.68603
13.930423
14.6245
14.155265
14.204144
14.223697
15.142614
15.015531
15.211047
15.211047
14.868894
14.927549
15.250148
15.142614
14.9471
15.240373
15.416336
16.081089
16.129963
16.491669
15.132839
14.712482
14.556072
14.800465
14.722259
14.565847
14.614725
14.868894
14.272575
14.292127
14.125938
13.637152
14.116162
14.389885
14.907997
14.761362
14.194371
13.715357
14.428987
14.331229
14.917775
15.347905
15.259922
14.722259
15.162167
15.064409
14.67338
13.910872
13.764235
13.607823
13.52962
13.070161
13.422085
13.588272
13.099486
12.757336
12.688905
12.6107
12.767111
12.131688
12.180568
12.483614
12.786664
12.512942
12.815991
12.757336
12.991952
13.031056
13.050608
12.806215
12.405409
12.806215
12.962626
12.268547
12.092585
11.779763
11.564694
11.633125
11.535368
11.906849
11.926398
11.584248
11.378957
10.802189
10.929272
10.792412
10.899946
11.134564
11.290976
11.398508
11.124787
11.21277
10.880396
10.870619
10.802189
10.723981
10.704432
10.97815
11.330078
11.349628
11.564694
11.80909
11.965502
11.897071
12.219669
11.975278
11.848191
11.378957
11.476714
11.633125
11.740659
12.043707
11.554918
11.085685
11.007479
11.26165
11.21277
11.163891
11.300753
11.779763
11.887294
11.691782
12.141465
11.936173
12.15124
12.180568
12.620476
13.050608
13.128814
12.718234
12.708457
12.552045
12.728009
12.688905
12.395634
12.288099
12.10236
12.219669
12.004604
12.209893
12.395634
13.304776
12.95285
13.41231
12.835543
12.581371
12.395634
12.170793
12.297875
12.376081
12.757336
12.649802
12.317428
12.552045
12.532494
12.669354
13.099486
13.079934
13.099486
13.099486
13.128814
13.382981
13.353656
13.510067
13.793563
13.754459
13.725133
13.73491
13.852217
13.617601
13.82289
14.018406
14.233473
14.07706
13.637152
13.568722
13.901097
14.487639
14.614725
14.663604
14.69293
14.477865
14.771136
14.458314
14.14549
14.35078
14.663604
14.907997
14.99598
14.761362
14.67338
14.595174
14.820016
14.87867
15.416336
15.240373
15.201271
15.064409
15.377232
15.357681
15.123064
14.956876
15.142614
15.005757
14.81024
15.61185
15.416336
15.514093
15.836694
15.699832
15.836694
16.05176
16.208172
16.335253
16.305927
16.540545
16.081089
16.374357
16.36458
16.061537
16.159292
15.885572
15.836694
15.934447
15.387009
15.836694
15.465215
15.289252
15.299027
15.289252
15.719384
15.709608
16.012655
16.05176
16.29615
16.139744
16.540545
16.745832
16.863146
16.843594
16.608976
16.706734
16.980455
16.960901
17.029333
16.608976
16.726282
16.863146
16.393911
16.159292
16.36458
16.217947
15.807364
15.621626
15.455439
15.621626
15.719384
15.807364
14.771136
14.780913
15.005757
15.132839
15.387009
15.416336
15.562973
15.690056
15.61185
15.631403
15.572747
15.758486
15.562973
15.76826
15.61185
15.308803
15.338129
15.299027
15.553196
15.963776
16.041985
16.442787
16.452562
16.413464
16.237499
16.237499
16.05176
15.973555
15.807364
15.719384
15.866021
16.022432
15.944225
15.103513
14.986204
14.595174
14.859118
14.790689
15.142614
15.015531
15.259922
15.328353
15.240373
15.250148
15.181719
14.87867
14.683155
14.497416
14.702706
14.917775
15.123064
15.083961
15.220821
15.455439
15.426111
15.455439
15.269698
15.47499
15.74871
15.76826
15.807364
15.875796
15.826917
15.641177
15.74871
16.002882
15.856245
15.817141
15.650953
15.944225
16.05176
16.071314
16.129963
16.29615
16.618752
16.462336
16.472116
16.061537
16.765387
16.687181
16.872921
16.892473
16.638306
17.195518
17.801617
17.860271
17.899374
17.928703
17.997128
17.733189
17.782063
18.133991
17.860271
18.182869
17.899374
17.703861
17.29328
16.335253
17.019556
17.097763
17.703861
17.635429
17.40081
17.469244
17.351933
16.97068
16.061537
15.934447
15.963776
15.445662
15.719384
16.325478
16.286377
15.758486
16.05176
16.081089
15.504317
15.396784
15.641177
15.680282
16.05176
16.481892
16.560097
16.413464
16.266829
16.002882
15.934447
15.954
15.866021
15.856245
15.699832
15.650953
15.592298
15.083961
15.269698
15.201271
15.044857
15.250148
15.680282
15.690056
15.709608
15.709608
15.993105
16.002882
16.100636
15.973555
16.149519
16.354807
16.159292
16.491669
16.677404
16.824041
16.921799
16.696959
16.687181
16.677404
17.029333
16.931576
17.156414
16.921799
16.863146
16.980455
16.97068
16.520992
16.530769
16.325478
16.120188
16.491669
16.472116
16.305927
16.286377
16.305927
16.237499
16.374357
16.305927
16.462336
16.178844
16.286377
16.579647
16.863146
17.019556
16.775162
16.589422
16.667627
16.696959
16.843594
17.097763
17.303057
17.33238
17.557222
17.830944
17.742962
17.703861
17.430138
17.703861
17.566994
17.439913
17.371485
17.29328
17.371485
17.263954
17.36171
18.104664
18.241524
18.290401
18.681433
18.583675
18.652105
18.593452
18.593452
18.974701
18.642328
18.876944
18.896498
18.857395
19.062685
18.91605
18.534794
18.613003
19.287527
19.20932
19.082239
19.092016
19.502596
19.6199
19.590574
19.453716
19.443939
19.707884
19.404833
19.854519
19.20932
19.43416
20.313982
20.274878
20.294428
20.089136
20.53882
20.2651
20.2651
20.147793
20.607254
20.832092
21.311104
21.164467
21.017836
20.988506
21.076487
20.978731
20.871197
21.047161
21.447962
21.838993
21.653252
21.428413
21.487066
21.487066
21.809668
21.89765
21.69236
21.682585
21.447962
21.653252
21.125364
20.988506
21.096037
19.39506
19.05291
19.082239
18.79874
18.886723
18.91605
18.886723
18.935602
18.788963
18.710758
18.573898
18.710758
18.495691
18.818295
19.043131
18.710758
18.788963
18.994253
18.906273
19.248426
19.316856
19.522148
19.522148
19.512373
19.600349
19.668779
19.922951
19.922951
20.157568
20.5877
20.480169
19.688332
19.942505
19.659004
19.883848
19.864294
19.39506
19.18977
19.541697
19.424385
19.238649
19.531921
19.6199
19.013809
18.925827
18.603228
18.182869
17.733189
17.860271
17.958027
18.104664
18.192646
18.505466
18.642328
18.984478
18.808517
18.867168
19.346184
19.825191
20.040258
20.157568
20.138016
19.922951
21.301331
21.047161
21.037386
21.115587
21.135143
21.35021
21.535946
21.575048
22.093166
21.89765
21.731462
21.672806
22.05406
22.278902
21.926977
21.887871
22.102942
22.327782
22.102942
21.809668
21.838993
21.82922
22.259354
21.89765
22.454866
22.200697
22.024734
22.269129
22.200697
21.84877
21.359985
21.311104
21.232899
21.359985
21.017836
21.193796
21.467516
21.193796
20.763664
20.411736
20.401962
20.74411
20.695232
20.792994
20.529043
20.695232
21.096037
20.5877
20.636581
20.65613
20.724562
21.135143
21.047161
20.5877
20.353085
20.313982
20.333529
20.499718
20.353085
21.320879
21.320879
21.144917
21.272001
20.900524
20.36286
20.196671
20.245548
20.138016
20.284653
19.864294
20.470394
20.372637
20.998281
20.978731
20.724562
20.519268
20.050035
20.010931
19.932728
19.737211
19.111563
19.023584
17.742962
17.928703
16.25705
17.762514
17.234621
18.075335
18.446814
18.818295
18.896498
18.740088
18.573898
18.534794
18.700981
18.955153
18.867168
18.300175
18.632551
19.424385
19.287527
19.32663
18.91605
18.710758
18.358833
18.837843
18.221972
17.958027
18.114437
18.202419
18.613003
18.749865
18.710758
18.378382
18.290401
17.635429
17.391035
17.224846
17.762514
17.870047
17.459465
17.977579
17.596325
17.146641
17.850494
18.300175
19.942505
19.913177
20.343307
20.157568
19.786087
19.844744
19.844744
19.502596
19.786087
19.659004
19.649229
19.698107
19.492821
19.346184
19.600349
20.108688
20.108688
19.766537
19.277752
19.20932
19.551476
19.492821
19.737211
19.981606
19.248426
19.277752
20.010931
19.9034
19.883848
19.346184
19.062685
18.91605
18.368608
17.938477
17.615877
17.576771
17.997128
18.124212
19.033358
18.740088
18.642328
18.984478
18.945375
18.876944
18.876944
19.346184
19.111563
18.994253
18.925827
19.062685
19.092016
19.07246
19.092016
19.942505
20.128241
20.284653
20.519268
20.020708
20.216223
20.206446
20.2651
19.981606
19.287527
19.219097
19.561249
20.235773
20.509495
20.529043
20.235773
20.196671
20.304207
20.548595
20.558372
20.607254
20.470394
20.675682
20.450838
20.450838
20.313982
20.431288
20.900524
21.193796
21.379536
21.330656
21.399088
21.144917
21.223122
20.968958
21.105814
20.978731
20.988506
21.516394
21.721685
21.340433
21.359985
21.047161
21.08626
20.998281
21.174244
21.35021
22.005178
21.731462
21.71191
21.330656
21.340433
21.71191
21.838993
22.063839
22.318005
22.132271
22.181147
22.259354
22.21047
22.05406
22.308229
22.845896
23.002306
23.246702
23.236927
23.217375
23.090288
23.060963
23.412888
23.950556
24.136293
21.125364
21.066711
20.695232
20.734335
21.00806
21.105814
21.027609
21.115587
20.841871
20.626802
20.763664
20.753887
21.00806
21.272001
21.457739
21.281776
21.115587
21.223122
21.017836
21.105814
20.343307
20.2651
20.128241
19.825191
19.717661
19.502596
18.886723
18.632551
18.710758
18.427263
18.368608
18.583675
18.349058
18.573898
18.720537
18.906273
19.07246
18.925827
18.857395
18.339279
18.270851
18.691208
19.033358
18.681433
18.720537
18.290401
18.583675
18.681433
19.140894
19.219097
19.228872
19.443939
19.39506
19.062685
18.935602
21.369761
21.69236
21.262224
21.272001
26.45314
28.163895
27.616453
27.94883
27.821745
27.098341
27.049463
27.000584
28.095465
28.633131
28.466946
28.525599
28.691786
28.496269
27.802195
27.665333
27.81197
27.137444
28.066135
28.369188
28.007484
27.577349
28.408287
28.427839
29.249001
29.239227
29.004608
29.12192
29.180573
29.268553
29.082815
29.991961
30.940205
31.213924
31.771145
31.243252
31.477869
31.507196
31.556076
31.98621
31.722267
31.71249
32.113293
32.083969
32.201271
32.474998
32.416344
33.296154
32.895348
32.025311
32.064415
31.761366
32.025311
31.468096
32.201271
32.064415
32.416344
32.973557
32.514099
32.123074
31.448542
31.458319
31.868895
31.624506
31.93733
32.66074
33.530773
33.94136
35.388176
35.534801
34.000008
34.527908
34.410587
34.215076
34.762516
34.977585
36.092014
35.485924
34.850502
34.74297
34.479019
34.215076
35.006908
34.752739
34.547459
34.977585
35.006908
34.91893
35.544575
34.967812
34.078217
34.62566
34.136868
33.521004
33.071316
32.807377
33.374363
33.843597
33.892471
33.618755
34.322609
33.628532
34.039112
34.567005
34.958035
35.07534
35.124222
35.055794
34.830956
35.19265
35.19265
34.948261
34.958035
34.830956
34.410587
34.50835
34.752739
34.938488
34.64521
35.085121
34.410587
34.283504
34.009781
34.058666
33.599201
