Adjusted
12.41886
12.352427
12.073399
12.175268
11.776657
11.789945
12.600451
12.520726
12.684598
12.551732
12.675743
12.861758
12.790895
13.1585
14.062012
13.747556
13.38438
13.902571
14.084158
13.836134
14.000009
14.217027
13.924715
13.822552
13.715957
13.88918
13.476104
13.724836
13.622683
13.769255
13.28511
13.342854
13.205161
13.849208
13.840319
14.422183
14.582085
14.795285
14.599851
14.488809
14.213426
14.515462
14.764194
14.684245
13.97357
13.880297
13.822552
14.497693
14.444389
14.38665
14.328909
14.164567
14.670917
14.360001
15.070665
15.274985
15.301645
14.906326
14.777521
14.511018
14.688685
15.119532
15.297197
15.132854
14.728659
14.275607
14.342237
14.248954
13.715957
13.356176
13.693744
13.631564
13.875855
13.853646
14.231192
14.146797
13.986898
14.07129
14.195656
14.630942
14.613176
14.78196
14.311141
14.65759
14.271165
13.969131
14.281139
14.151879
13.817581
13.835412
14.325712
13.661578
13.995875
14.281139
14.187538
14.134051
13.98696
13.835412
13.96913
13.915645
14.120678
14.156337
14.343541
14.290054
14.076104
14.281139
14.365831
14.686753
14.089478
14.004789
14.392572
13.942386
14.419316
14.740243
14.891787
14.504005
14.370289
14.753608
14.472804
14.267769
14.151879
14.504005
14.227654
14.196453
14.027074
14.227654
13.9201
13.9201
13.875525
14.468349
14.098392
14.102848
13.973587
14.392572
14.539664
15.221629
15.720846
15.395462
15.208261
15.600497
15.154768
14.637726
14.472804
14.521833
15.168142
15.221629
15.025507
15.185966
14.927444
15.821837
15.414888
15.660851
16.488165
16.546299
16.175125
16.005196
16.121471
16.081215
15.915757
15.549052
15.593769
15.741345
16.094633
15.897861
15.933644
16.032026
16.340591
16.206429
16.246681
16.452394
15.236017
15.370169
15.665325
15.289675
15.441722
15.665325
15.204707
14.864837
15.303091
14.440004
14.72621
14.556271
14.041991
14.238763
13.943613
14.194043
14.292426
13.527719
13.64846
13.693183
13.165491
13.357785
13.147599
12.445501
12.347118
11.247015
11.470612
12.07433
12.127992
11.560052
12.338179
12.065382
12.320282
11.980414
11.23807
10.983166
10.567274
10.325788
11.34987
11.890975
11.940166
11.966999
11.62713
11.847187
11.672041
10.782828
10.863666
10.64361
10.531333
9.767865
10.154092
9.574759
9.260387
9.004401
8.272372
8.294828
8.955003
9.489428
9.54332
10.194512
10.248399
9.112184
9.121165
9.404101
8.66309
9.017876
9.493919
9.013385
9.197516
8.874164
8.892125
8.856198
9.161585
9.404101
9.27386
9.27386
8.905599
8.766383
8.892125
8.999912
8.865183
8.999912
9.237931
9.678049
9.60619
9.749903
9.749903
9.651101
9.341222
9.269368
9.130152
8.793329
9.071768
9.27386
8.770875
8.963984
9.076259
8.946019
9.085236
9.098711
9.372663
9.004401
8.721471
8.743924
8.89662
8.946019
9.90709
10.248399
10.104691
9.806828
9.851959
9.901605
9.766212
9.671436
9.644361
9.635337
9.61277
9.382605
9.721082
10.434142
10.145307
10.050534
9.928683
9.671436
9.788779
9.707543
9.698518
9.797803
10.461219
10.71846
11.09756
11.210384
10.822264
11.115609
11.399933
11.332237
11.133663
11.499217
11.70682
11.643636
12.171663
11.977599
11.616558
11.571429
11.562402
11.797081
12.040786
11.70682
11.621072
12.049808
12.446957
12.316079
12.149097
12.19874
12.474038
12.789948
12.325105
12.690661
12.541733
12.428905
12.695175
12.185199
12.613938
12.48306
12.622962
12.577835
13.096833
13.11489
12.871182
12.929851
12.663581
12.56881
12.795436
12.509885
12.169945
12.165412
12.663994
13.158045
12.831698
12.786372
12.818104
13.325748
13.239629
13.067392
13.375606
13.924046
13.89685
13.928579
13.801668
13.833396
13.960307
14.046426
13.824328
13.57504
13.928579
13.769939
13.475323
13.969374
13.89685
13.982971
13.951242
13.724614
13.701953
14.418095
14.205067
14.218667
14.259456
14.173337
13.507052
14.005632
13.724614
14.096284
14.549541
14.449823
14.957475
15.311014
15.564837
16.045286
15.954636
16.140478
16.031689
15.986364
16.262857
16.262857
16.271925
16.430557
16.484945
16.598259
16.421494
16.561998
16.20846
16.448689
15.791466
16.081549
15.941037
15.959234
16.318533
16.082033
15.959234
16.091125
15.613578
15.922845
16.204826
16.309441
16.091125
16.66419
16.645992
16.918879
16.614161
16.350367
16.072933
15.840982
16.259405
16.45952
16.418589
16.573219
16.491356
16.659637
16.814278
16.950712
17.237249
17.164469
17.300917
17.319115
17.469194
17.109901
17.064417
16.759693
16.982552
16.827911
16.896139
16.723312
16.500454
16.932522
17.487389
17.314562
17.096254
17.196312
17.219053
17.137188
17.241798
17.328209
17.423714
17.764822
17.62838
17.892172
18.2924
18.092281
18.265114
17.737535
17.209961
17.491936
16.987095
17.432812
17.491936
17.419165
17.40097
17.432812
17.8708
17.875364
17.857115
17.670057
17.784117
18.030483
17.752174
17.857115
17.838865
17.701994
17.651808
17.688303
17.825178
17.619869
17.510378
17.574245
17.514933
17.022196
16.620714
16.862513
16.794081
16.935518
17.277687
17.058699
17.400873
17.300503
16.976576
16.757578
16.780394
16.958324
16.857952
16.921829
16.789518
16.848831
16.789518
16.8169
16.675459
16.44278
16.88533
16.953764
17.820612
17.587933
17.560558
17.400873
17.460184
17.245756
17.013075
17.282253
17.067822
16.812334
16.762144
16.88533
17.373499
17.514933
17.441936
17.34157
17.565119
17.898172
17.683739
17.405439
17.478437
17.241199
17.35104
17.213728
17.172541
17.204575
17.607346
17.753809
17.891117
17.918573
18.019266
17.93231
18.541035
19.103992
19.053646
19.071949
18.801918
18.838528
18.783607
19.007875
19.012455
19.067377
19.163488
19.117722
19.282492
19.621178
19.785952
19.726448
19.753914
19.67153
19.964455
19.923256
19.785952
19.918678
19.831722
19.808834
19.772219
19.460989
19.547951
20.298565
20.458754
20.422132
20.513681
20.518253
20.875254
21.122408
21.209364
21.16818
20.90729
20.820335
21.049175
21.447367
21.827246
21.973705
21.918785
21.511442
21.37414
21.635017
21.209364
21.575518
20.902714
21.200214
20.426718
19.987337
20.943909
21.003601
21.352591
20.829109
20.778597
20.778597
20.057661
19.832653
19.947451
20.195415
20.181641
20.824512
20.434204
21.127588
20.875027
20.787775
21.178101
21.260752
20.429609
20.19083
20.558184
20.672981
21.224016
21.145948
21.159731
21.407701
21.260752
21.077072
21.104624
20.700533
20.425014
20.53063
20.26889
19.809694
19.846434
19.299984
19.26325
19.704079
19.456116
19.479076
19.979595
19.070385
19.157635
19.281616
19.639791
19.502035
19.690302
18.937227
19.010693
19.304581
19.153048
19.401016
19.690302
19.727037
19.405603
19.11631
18.79487
19.065798
19.281616
18.836197
18.891304
19.286205
19.139271
19.736221
19.667105
19.261593
19.23395
18.846867
19.063442
19.252378
19.395229
19.321495
19.252378
19.086493
18.773142
18.934425
18.690191
18.952858
18.616472
18.289303
18.842264
19.100311
19.303066
18.865307
19.01276
18.952858
18.943638
18.998934
19.455135
19.59798
19.717793
19.727005
19.87907
19.782301
20.049566
20.349092
20.759205
20.657831
20.837542
20.713127
20.56567
20.524199
20.528801
20.602533
20.533413
20.344481
20.584097
20.731564
20.653217
20.478115
20.519588
20.749994
20.828329
20.533413
20.717737
20.671656
20.671656
21.054117
21.24766
21.325994
21.399723
21.146282
21.127844
21.353642
21.574831
21.597872
21.699245
21.287817
21.024321
21.107534
21.149137
21.167627
21.12602
20.816303
20.987341
21.186121
21.306307
21.389523
21.190742
21.491226
21.426502
20.936495
21.084423
21.075172
20.585163
20.936495
20.797812
20.737713
20.668373
20.783934
20.834787
20.391005
20.552797
20.275438
20.247698
20.08128
20.289303
20.437233
20.506575
20.566668
20.488083
20.515818
20.631382
20.677616
20.520439
20.252319
20.146
19.877874
21.042814
21.102907
21.070547
21.116779
21.213856
21.042814
21.250839
21.347921
21.606792
21.736229
21.833303
21.981234
22.448135
22.462002
22.471249
22.055199
21.907267
22.161524
21.787077
22.887293
22.975126
23.016731
23.109467
22.891539
23.174383
23.554598
22.970369
22.859085
22.914726
22.812719
23.220747
23.053833
22.631886
23.294939
23.33667
23.123381
23.007458
23.401585
23.619509
23.452587
22.868357
22.956459
22.993544
22.937908
23.077013
22.896181
22.757078
22.529873
22.566969
22.562336
22.845175
22.655073
22.970369
23.332031
23.25321
22.817354
22.942543
23.225388
23.058464
22.95182
22.998188
23.633417
23.902355
23.702965
23.508223
23.689062
23.67515
23.767885
23.707609
23.842072
23.981174
24.008991
24.25474
24.366022
24.403116
24.6535
24.709139
24.908518
24.86215
24.718416
24.66741
24.695229
24.746233
24.444853
24.648865
24.909451
24.858265
25.444586
25.393402
25.272415
24.225409
24.504606
24.267288
24.485992
24.555794
24.630247
24.485992
24.9839
24.876873
24.672129
24.197485
23.885715
23.741457
23.411064
23.504137
23.364536
23.466911
23.02949
23.034142
23.076027
23.057409
23.071375
23.294729
23.443642
23.764729
23.736801
23.769375
23.136522
23.280775
23.983437
24.202139
24.444118
24.741934
25.00252
25.030439
25.58884
25.667946
25.798244
25.691217
25.719135
25.635378
25.714481
25.63072
26.06814
26.026257
26.212391
26.14724
25.747059
26.086752
25.523697
25.691217
25.733091
25.472506
24.723314
24.965292
24.318466
24.523226
23.62513
24.862894
23.685843
24.783493
25.171173
25.049732
25.661606
25.460766
24.699421
24.690081
24.783493
25.77371
26.007252
25.133812
25.535498
25.792395
25.731674
25.512148
24.750799
24.414501
24.330421
24.806845
24.760136
24.1903
24.517254
24.601328
24.989012
25.960548
26.740576
26.796623
27.20299
26.385592
25.946529
26.422958
27.034842
26.974121
26.890045
26.011927
25.909166
25.222551
25.899824
26.338882
25.969885
26.016594
26.997471
27.123581
26.950766
26.857346
26.955439
26.693865
26.852674
27.006813
27.361795
27.950323
28.001711
27.60935
27.343113
28.403399
28.197876
27.525276
27.730793
28.062424
28.538853
28.300636
28.295969
28.558357
27.574394
28.108545
28.741095
28.380304
28.520872
28.30534
27.729015
27.897699
27.696222
27.724333
27.550972
27.527538
28.061687
28.394358
28.909773
29.312731
29.16279
29.715683
29.762537
29.542318
29.219015
29.636032
29.467352
29.293989
29.129993
29.186214
29.115934
28.825432
29.570433
29.75317
30.099895
30.601248
30.634043
30.381033
30.634043
30.245152
29.851564
30.188931
31.069805
31.140093
30.783979
30.71839
30.709017
30.601248
30.526287
30.91519
31.322824
31.355625
31.196316
31.200996
31.514931
31.842918
31.838228
31.566473
31.603947
31.927258
31.997547
31.917892
32.35833
32.161541
32.513931
32.34478
32.485737
32.288395
32.335392
32.410564
31.987692
32.166233
32.767651
33.09655
33.011971
33.763737
33.801319
34.524902
34.731647
34.402737
34.853806
34.844406
35.145111
34.590675
34.919575
35.464615
35.821701
35.774715
35.75592
35.793507
35.887486
35.624367
35.802906
36.150597
36.564064
36.55468
36.300945
36.986942
37.146687
37.099701
36.855381
37.315838
37.466194
37.221874
36.986942
37.86087
37.597748
36.338543
37.193665
37.362831
37.419209
37.766903
38.856949
38.885159
38.612637
38.546856
38.001827
37.823284
38.734806
39.251637
39.900028
39.195255
39.514751
39.965813
39.890636
39.223457
38.988518
38.908421
38.889576
39.379581
38.870712
37.410145
40.001514
39.982658
38.578613
37.749374
38.003792
38.229954
38.324188
38.540916
38.512653
39.200539
38.946114
40.010941
38.540916
38.757641
38.738811
39.784779
39.162857
39.068611
38.870712
39.294777
39.021496
39.634014
40.010941
40.55748
40.972103
40.623444
39.963829
40.708252
39.992088
40.604599
39.813046
39.200539
40.453827
40.727108
40.048634
41.546921
41.86731
42.065201
41.462109
41.094601
41.528076
42.206551
42.150002
42.470402
42.376163
42.385586
41.75423
41.66
41.471531
41.725956
41.65057
42.121731
42.310204
41.725956
41.339603
42.413857
42.508087
42.640018
42.644733
42.606941
42.512478
42.002323
41.794483
42.540813
42.531372
42.691971
43.372177
43.306042
43.249359
43.542217
43.060417
43.334385
43.154884
43.258797
44.061817
43.079304
43.258797
43.608353
43.107643
43.72171
43.315487
43.306042
43.032059
43.069859
43.986233
43.891762
43.438305
42.833687
42.786438
42.673077
42.087349
41.860626
41.624435
42.134583
42.559708
42.314075
42.899811
42.673077
42.710869
42.984833
42.890358
42.76754
42.191273
42.285728
41.454384
40.462429
40.963139
40.717491
40.670258
40.840313
40.19791
39.536602
40.226257
39.668869
39.064243
38.478512
39.328758
39.96172
39.224842
39.668869
39.370468
38.85891
38.233673
38.584183
38.811539
39.844116
39.872532
39.787273
40.213566
41.757694
41.246143
41.170364
41.596649
41.217724
40.819851
41.719807
41.795582
42.003994
41.729275
41.066154
41.047207
41.246143
41.160892
40.810379
40.403042
40.327251
40.270401
40.365135
41.321926
41.378765
40.971424
40.118839
39.739914
39.986214
39.05785
39.342037
39.427299
