Adjusted
27.450001
26.549999
27.91
27.450001
27.5
27.120001
28.33
28.459999
28.969999
30.25
27.67
24.530001
26.02
25.940001
25.77
24.82
25.209999
26.629999
25.68
25.52
25.57
26.26
27.75
27.790001
28.459999
29.51
28.99
29.030001
30.33
30.4
30.379999
30.690001
31.49
31.049999
31.24
31.639999
32.91
35.060001
34.880001
35.380001
35.150002
34.84
34.34
29.34
30.040001
28.59
27.629999
29.280001
30.4
30.700001
30.67
30
30.59
31.799999
31.91
32.310001
32.23
32.619999
32.450001
31.969999
31.42
31.07
31.26
30.700001
30.700001
30.48
30.99
32.470001
34
34
34.09
33.77
33.25
33.27
34.299999
35.290001
34.57
35.16
35.669998
37.369999
36.59
36.25
36.23
35.5
34.580002
34.790001
35.099998
34.5
33.830002
35
35.439999
35.220001
35.02
33.939999
33.380001
33.689999
34.380001
36.869999
37.509998
36.529999
42.630001
40.900002
40.200001
40.970001
41.200001
40.68
40.790001
41.73
41.639999
42.650002
43.639999
41.029999
40.66
42.169998
42.630001
45.150002
44.400002
45
45.259998
43.16
42.880001
41.02
41.490002
41.09
42.990002
41.669998
43.02
42.939999
45.02
43.43
44.049999
44.380001
44.91
44.240002
43.290001
43.009998
45.529999
44.07
44.009998
44.419998
43.580002
44.689999
46
46.049999
46.27
46.360001
45.439999
44.759998
44.279999
43.880001
45.849998
46.150002
45.52
45.419998
45.099998
44.900002
45.610001
43.470001
36.18
35.040001
35.41
36.009998
37.41
36.57
36.209999
36.68
38.009998
38.66
36.77
36.18
35.099998
33.52
33.16
33.959999
33.849998
33.450001
33.84
34.049999
33.939999
33.540001
34.049999
33.970001
34.259998
34.209999
33.709999
33.439999
34.650002
35.400002
35.450001
35.610001
35.290001
35.380001
35.25
36.34
36.060001
35.810001
34.73
34.900002
34.48
34.529999
33.700001
33.740002
33.240002
33.419998
32.93
31.940001
32.389999
32.119999
33.400002
33.490002
33.57
32.52
32.220001
31.15
31.219999
31.49
31.18
31.09
30.57
29.93
30.700001
31.5
31.4
30.780001
30.27
30.290001
29.41
35.119999
34.450001
33.830002
34
34.169998
34.310001
34.98
35.540001
35.639999
36.599998
38.029999
38.16
37.279999
37.400002
38
37.91
37.77
37.900002
37.869999
38.189999
37.700001
37.529999
38.369999
39.290001
38.59
38.389999
40.91
42.650002
42.709999
41.669998
43.450001
42.98
43.41
42.970001
41.970001
42.25
41.799999
41.93
41.34
