Adjusted
41.187611
38.979443
37.564831
36.460739
36.659138
34.839115
34.666595
32.354923
33.959293
31.975391
31.069689
30.94894
33.562519
31.7425
32.579193
34.338829
33.890285
33.113983
35.408413
34.847736
33.55389
33.044983
32.406673
31.36297
30.681538
31.449232
32.717201
31.966772
31.561363
32.242779
32.553322
31.992643
33.605637
34.692478
33.424496
34.080059
34.24395
36.055336
35.166889
33.065701
32.114544
32.330704
30.938568
31.042332
29.148655
28.387735
28.759546
30.696455
27.704626
28.007263
26.05307
23.484947
25.560196
26.200068
25.871489
26.286537
25.836899
26.571884
24.963562
25.274847
25.940664
27.799746
28.344496
27.185812
27.021523
25.240265
25.231623
24.012407
24.029696
23.251474
22.819138
22.464613
24.202641
24.349638
24.211283
24.513922
23.190952
22.896961
22.940191
22.853724
21.989029
22.611605
21.738277
22.395441
22.032269
21.893921
21.617218
21.340517
20.086721
18.988564
20.882229
21.254051
21.617218
21.62587
21.608568
22.17927
22.196554
20.985992
21.055172
20.449888
20.320189
20.960056
20.195978
21.576527
23.929541
24.268167
23.139412
23.035221
21.489704
20.578016
19.935499
19.527409
19.154053
20.447773
19.796572
19.579504
18.442068
18.416018
17.669308
17.999254
18.468115
18.528894
17.400146
16.549238
17.16571
16.818409
16.740261
16.479778
16.861822
17.122297
15.064497
14.621679
13.927063
13.571072
13.987842
14.64773
15.498633
14.491439
15.333665
15.411805
14.474072
13.545024
13.432147
13.284543
13.70131
14.33515
13.4061
13.31059
12.954597
13.484243
15.099225
14.552217
15.559412
15.576776
15.229467
16.002228
15.411805
15.698339
14.821382
14.682454
15.4639
14.604314
14.343836
14.283053
14.387248
15.984865
15.845187
16.194387
15.085662
16.30788
15.880103
16.290419
17.067402
15.068201
14.361059
15.69677
16.639624
13.950745
14.308681
14.40471
15.094393
16.465017
15.181686
15.888836
16.395185
17.346766
16.482479
14.622967
14.39598
14.212651
12.588844
12.15234
10.668216
9.445999
9.149175
8.031715
7.298386
9.445999
9.672982
7.874576
8.642827
8.669017
9.358699
9.716632
8.459495
8.730127
7.839654
7.507911
8.389654
8.642827
8.686477
8.442036
8.538063
9.288858
8.057908
8.014257
8.459495
9.219013
8.817428
8.031715
8.90473
8.94838
8.319812
8.555524
7.411879
5.936487
6.861879
7.4468
7.246005
8.032462
8.120828
6.972071
7.440411
7.608305
6.919052
7.228333
7.687833
7.891078
8.27105
8.200357
8.032462
8.129667
8.827757
9.914657
9.693744
10.259282
9.313768
9.923493
10.52438
10.648097
11.187124
11.964746
11.637794
12.18566
12.698181
12.989792
12.362392
13.184196
13.007466
12.74237
13.016302
12.167988
12.751204
14.059019
13.272561
13.555334
13.033977
13.687881
14.509687
14.129712
14.978023
15.092902
15.22545
14.394808
15.207774
15.649609
15.137081
15.649609
16.330025
15.517056
15.623096
16.886732
16.374207
15.525896
14.810132
14.31528
12.486108
12.583307
13.157686
13.413948
13.671911
13.129301
11.87508
11.919556
12.266471
11.190151
10.878819
11.074513
11.448111
11.376948
11.465903
11.385844
11.821711
12.159726
12.729019
13.431739
12.408791
13.440633
12.92471
13.147092
14.552532
13.049245
11.768337
11.981821
12.070773
12.90692
13.093721
13.547376
12.898027
13.120407
13.823126
13.565166
13.431739
13.502901
13.832023
13.743071
12.746808
12.817969
12.720123
13.413948
13.956556
13.387262
13.894288
13.983239
13.565166
14.330152
15.388679
15.833438
16.411627
14.63259
14.872757
14.508054
14.374629
14.312364
15.30862
14.766017
14.854968
15.317517
15.379784
14.703752
14.436896
14.881654
15.041764
15.211782
15.158093
15.668136
15.659191
13.57428
14.370661
13.923255
14.030631
13.878513
13.735347
13.305834
13.243199
13.14477
12.679468
12.312595
12.419972
12.545245
11.659384
11.802554
11.095653
11.650434
11.426732
11.525163
11.390938
11.704123
11.059861
10.827211
10.20979
9.932401
10.147155
9.74449
10.039775
10.182945
10.522975
10.487181
10.612453
10.827211
10.943533
10.701936
11.408836
11.748865
12.115735
11.713074
11.695176
12.079943
11.713074
11.918876
11.686228
11.775707
11.417787
11.489369
11.516216
11.113549
11.373043
11.811502
11.811502
11.605696
11.757814
11.802554
11.784658
12.026254
12.205218
12.249958
12.563143
12.76895
12.786972
12.687848
12.579712
12.219262
12.507622
12.777961
13.129399
13.147422
13.372704
13.453803
13.552931
13.543918
13.561937
14.138659
13.913377
13.62502
13.940413
13.516886
12.940163
13.102365
13.41776
12.958185
13.49886
12.85005
12.56169
13.012251
13.075333
13.210499
13.309624
13.129399
13.453803
13.36369
13.138412
14.264816
13.868323
14.021511
14.949672
14.688345
14.661311
14.634279
14.174705
13.985467
12.976209
13.34567
12.741916
12.62477
12.976209
12.841039
13.255557
12.588725
12.56169
12.030025
12.174206
11.858811
12.300362
12.426521
12.174206
12.237286
11.912878
11.939915
11.813755
11.624517
11.876835
11.478828
11.560242
11.469785
11.288871
11.180326
11.478828
11.397419
11.279827
11.162234
11.596421
11.641649
11.813515
11.569284
11.469785
11.623557
11.768288
12.238656
12.075837
12.0487
12.11202
12.03061
12.066793
12.265792
12.256746
13.396491
13.387445
13.613585
13.505036
13.351262
13.02562
12.772347
12.274839
12.374341
12.455751
12.283885
12.510022
12.084881
11.732107
11.768288
11.723061
11.632603
11.478828
11.306962
11.605469
11.74115
11.089869
10.773274
10.854683
10.682817
10.854683
10.782318
10.664727
10.773274
10.990368
10.737091
10.872774
11.062731
10.827548
10.583316
10.86373
10.836594
10.782318
10.709955
11.252688
11.732107
11.90397
12.148202
12.283885
12.057745
12.573345
12.428616
12.455751
12.374341
12.591434
12.862802
12.799482
12.519071
12.455751
12.482887
12.92612
12.383386
12.338158
12.392432
12.311022
12.573345
13.016577
12.311022
12.482887
12.03061
12.003475
11.940153
11.876834
11.804472
11.940153
11.74115
11.352192
11.234599
11.560242
11.596421
11.668785
11.985382
12.084881
11.74115
11.831607
12.130112
11.894925
12.356248
11.867789
11.695924
11.668785
11.14414
11.569284
11.487874
11.958242
11.931109
11.704968
11.370281
11.234599
11.261735
10.854683
10.728048
10.31195
10.176265
10.167221
10.538088
10.583316
10.31195
10.565226
10.918005
10.456679
10.239586
10.411451
9.877765
10.194359
10.284815
10.37527
10.728048
10.84564
10.728048
11.126052
11.026549
10.918005
11.14414
11.044641
11.397419
11.397419
10.890867
10.556181
10.0044
9.72399
9.534033
9.787309
10.330044
10.357179
10.31195
10.773274
10.37527
10.492863
10.266721
10.29386
10.655683
10.700911
10.908957
11.135098
11.650695
11.560242
11.397419
11.560242
11.677833
11.505966
11.515012
11.867789
11.605469
11.551196
11.90397
11.786378
11.14414
10.872774
10.827548
10.782318
10.628546
10.547135
10.447636
10.239586
10.275766
10.031538
9.977263
9.868718
10.492863
10.302905
10.158177
10.637591
10.809456
10.999413
10.981324
10.990368
11.017505
11.225554
11.614514
11.596421
11.406465
11.288871
11.361238
11.750198
11.623557
11.207463
11.207463
11.659742
11.596421
11.686879
11.976336
12.084881
12.130112
11.922063
12.166291
11.867789
12.093928
12.401477
12.464793
12.519071
12.998486
12.88994
12.754257
12.871848
12.690936
12.591434
11.88588
11.940153
12.012516
11.994425
11.940153
11.9492
11.723061
11.695924
11.732107
12.084881
12.292933
12.817575
13.161305
12.908031
13.13417
13.387445
13.197489
13.215577
12.835663
13.061805
13.550263
13.731175
14.472913
14.147272
14.943282
14.834735
14.807599
14.762372
15.205603
15.630743
15.730246
15.7212
15.666927
15.458883
15.522198
15.757383
15.486017
15.142285
15.088016
15.549336
15.775475
16.625757
16.698122
16.797625
16.571486
16.625757
16.652899
16.897125
16.51721
16.770491
17.041857
16.788582
17.295134
17.593637
17.50318
17.141359
16.942358
16.978533
17.087082
17.050905
17.394634
16.90617
16.336298
16.309166
16.372488
16.263937
16.888079
17.114222
17.068991
17.412725
17.937365
17.774548
18.208735
18.805744
19.221838
19.393703
18.968561
19.457022
19.827894
21.401821
21.320415
22.125462
23.364706
21.845057
21.383722
21.989782
20.813856
21.863142
21.510372
20.795765
21.130451
22.704384
22.541561
21.971695
21.030956
21.474182
20.442984
22.170696
23.500397
22.469198
22.197832
22.532518
22.270195
23.183796
23.057159
23.057159
23.536575
24.034084
24.015989
24.540628
25.110502
24.269268
24.459223
25.20096
25.535646
24.775818
24.133587
23.328527
23.201887
22.812929
23.744621
23.636076
24.00695
23.590847
24.558725
24.983868
24.920549
25.001953
24.205946
24.323542
24.133587
24.531584
23.780807
22.622974
22.514427
21.953602
22.532518
23.328527
23.33757
22.234013
21.528458
21.193771
21.211866
21.17568
22.089283
21.77269
21.392776
21.365635
21.266134
21.555593
21.401821
21.83601
22.071192
21.383722
20.542488
20.515354
19.556528
19.791704
19.447981
19.420837
19.031883
18.914284
19.845985
19.267063
18.995697
18.878107
19.004744
19.800756
19.963573
20.253029
18.850971
19.149479
19.909304
20.008801
20.7234
20.859083
20.940498
21.799829
22.14356
22.107372
21.754595
21.148542
21.311365
20.768629
21.239
20.976679
21.528458
21.447046
22.016916
22.04406
22.758657
22.921474
22.089283
21.745548
21.971695
22.234013
21.139502
21.166632
19.719347
19.429884
16.634804
17.602682
16.879034
18.335373
18.3806
19.475117
18.805744
18.860014
17.539358
17.33131
16.815714
18.190643
19.267063
18.941425
20.063076
20.994766
21.284231
21.763641
21.754595
20.877176
21.121405
21.754595
22.025965
21.211866
21.510372
21.229954
21.17568
21.917418
21.456097
20.641989
20.189711
19.420837
17.295134
17.12327
18.398693
18.579603
17.99164
18.317278
17.611725
16.471981
17.448904
19.855022
20.886225
20.461082
22.053099
22.007875
22.062149
22.613924
24.151674
22.803881
23.771759
22.840069
23.355665
23.880306
23.464214
21.700321
22.704384
24.495403
24.513493
23.464214
23.138569
24.459223
25.074318
26.051241
26.132656
26.394978
25.526604
25.191916
25.517555
24.585865
24.287359
21.908373
21.528458
21.41991
21.456097
21.356592
20.470127
20.234943
20.922407
21.049044
21.609871
21.926462
22.161654
22.460154
21.085228
20.50631
19.610796
19.710302
19.827894
19.502249
19.746483
19.674116
19.990711
19.194702
20.162577
20.886225
21.20282
21.329454
21.790781
20.868132
21.112362
21.130451
21.77269
21.718416
20.442984
20.759586
20.334442
20.678175
21.166632
21.130451
20.840994
21.365635
22.053099
21.77269
21.872192
22.28828
22.52347
23.057159
22.722477
23.039068
23.102392
22.64106
22.469198
22.270195
22.984797
23.33757
24.459223
24.784864
25.34569
25.110502
25.001953
25.779881
25.264282
25.390917
25.164776
25.680374
25.861288
25.987923
25.056229
24.784864
24.341629
23.997902
24.56777
24.965775
24.549679
23.690351
24.667273
26.205017
26.648251
26.530657
27.037209
26.603022
26.765844
26.802023
27.055304
26.141701
25.906511
25.291412
25.797966
25.924604
25.906511
25.246191
24.585865
24.278311
24.24213
23.608944
23.518486
22.948614
22.840069
21.962648
21.627958
22.206877
21.383722
20.397768
20.732445
20.714357
20.895271
20.75054
20.868132
20.913359
21.058088
21.239
21.320415
21.030956
21.021906
20.714357
20.21685
19.891209
19.66507
19.493202
20.126398
20.741493
20.316355
20.225895
19.72839
19.990711
20.271124
20.026894
21.030956
20.732445
21.193771
20.985725
21.492277
21.627958
20.994766
20.008801
20.343489
20.054031
20.253029
20.433945
20.406805
20.28017
19.900251
20.732445
20.15353
19.864071
20.623899
20.15353
21.383722
21.637005
21.17568
21.989782
21.573694
21.826963
22.252104
22.668201
22.577742
23.048115
23.753668
23.437071
23.437071
22.975748
23.238071
23.862219
24.260223
24.712496
24.938641
24.793909
25.31855
24.531584
24.811996
24.766771
23.816988
23.925533
24.522545
25.237143
25.056229
25.011003
25.155735
28.755871
28.755871
29.633287
31.125809
31.559996
31.948959
32.111774
35.160145
34.906853
34.74403
35.006359
35.630501
35.775227
35.313908
35.205364
34.924942
35.68478
35.521965
35.784283
35.639107
35.738911
36.056473
35.666328
35.466713
35.893169
36.419395
36.383095
36.573639
36.600849
36.664375
37.063576
36.800465
36.963783
36.945629
37.753136
37.38113
37.843872
37.245041
36.918407
37.998108
38.016258
39.014301
39.086887
38.606003
40.057701
39.232059
38.016258
37.190605
35.112862
35.013062
34.740875
34.514046
35.003994
35.040279
34.994919
34.622921
34.586632
33.044197
33.760983
33.915218
34.795311
34.21463
32.82645
32.17318
33.506924
35.366917
34.468685
33.906143
34.105755
34.668282
34.105755
34.132969
34.822525
34.541267
36.228863
36.364956
37.33577
38.034401
37.617039
37.653328
37.917404
37.853668
38.500191
37.689766
37.152504
35.449684
35.385941
36.105316
37.225349
37.207142
36.414921
37.662441
39.756821
40.694736
40.731163
40.020897
40.394238
39.784138
39.51096
39.465431
39.620232
38.928181
