Adjusted
63.011726
63.954887
61.738472
59.295727
57.051022
58.475197
58.267696
55.721199
56.985035
55.598587
55.570286
51.910889
50.45842
50.062317
51.552486
48.345772
50.326393
50.713093
51.759983
51.920315
52.920036
54.004654
53.995239
51.759983
51.344986
53.042656
52.70314
53.231293
53.193554
54.212151
54.410217
53.976372
53.231293
52.901188
52.212677
53.551949
54.646
54.947811
54.042393
52.70314
51.090332
51.976894
52.137241
53.165264
51.986317
51.524189
50.147182
51.609074
51.495407
51.31546
50.065243
48.663494
51.997395
50.226254
50.728233
50.70929
51.609074
52.726685
51.381748
51.732201
52.489895
54.838776
53.891655
54.914555
54.961906
54.298912
54.545174
54.384159
54.365215
54.137901
55.160809
56.638332
58.883026
57.244488
57.746464
57.888546
56.789856
56.969814
57.528637
58.14426
57.850655
57.48127
57.784359
58.46629
58.722008
58.703072
58.740952
57.661217
58.229507
57.651764
58.276859
59.167171
59.602844
60.843582
59.129288
60.578377
59.612305
59.299751
58.26738
57.320251
57.140312
57.661217
58.428394
59.242931
58.95879
57.329735
57.055065
57.897995
55.833271
54.933498
54.014786
53.387142
54.60437
55.327106
51.751469
49.630821
49.630821
50.153858
49.126797
49.355057
48.48016
46.292946
45.38953
45.579731
45.579731
46.397549
44.647774
45.494137
45.617756
46.473633
44.828465
45.265896
43.772888
43.848988
41.157734
43.725334
41.129211
39.560127
38.190727
39.854908
40.796379
40.349411
40.710789
39.845417
41.309891
42.53664
41.338428
40.948521
39.864429
39.788353
40.606186
39.845417
41.566643
41.985077
40.796379
40.330402
40.444519
40.254322
39.455509
38.067093
36.697704
36.165173
36.612141
35.794312
36.20322
37.287319
39.084648
39.084648
39.693253
39.284336
37.268291
37.353878
37.15419
35.356857
36.036236
37.107952
37.241928
34.706173
34.007641
30.74468
30.658554
34.409546
33.299549
32.495773
31.14657
32.074749
31.089159
26.314304
28.017557
27.596539
25.692333
24.132607
22.926939
19.673531
19.147243
17.501404
18.209499
20.046715
20.639986
18.247772
19.319483
18.295618
17.998981
15.338849
12.468197
11.185969
11.693122
12.994479
14.66903
14.066192
15.243161
16.936842
16.496679
17.836319
16.200041
15.463242
15.501518
14.927388
14.190587
13.224133
14.640321
14.094898
12.984913
12.535178
11.673986
11.434761
12.592593
15.090058
14.295844
14.898681
14.573344
13.300685
14.114035
13.98964
13.252842
13.5112
14.793424
14.58291
14.524615
13.99998
14.893805
14.155429
15.16584
14.990956
14.81608
14.81608
14.903521
11.852864
12.416361
12.542663
12.387216
12.523232
13.475348
14.932666
14.650916
15.583603
15.418441
15.554454
15.408725
14.446891
13.465632
13.203311
13.271323
13.650223
12.09575
12.552378
12.027744
12.202621
11.911159
12.513516
12.921565
8.831357
8.773063
8.131841
7.743223
6.101311
5.916717
6.61623
7.121434
6.072163
6.567654
6.577368
6.693952
6.023586
6.305335
6.062449
6.072163
5.664115
5.965293
5.732123
5.634968
5.489237
4.303949
4.187364
4.575982
3.895901
3.643299
3.866755
4.410819
4.65478
4.937777
4.879226
5.425699
5.747727
6.450337
6.372268
5.79652
6.723572
6.225893
6.508886
6.704055
6.382026
5.396424
5.601351
6.294199
6.957776
7.24077
8.06048
8.802121
8.88995
13.232461
11.97362
11.124634
11.212461
11.817487
12.627435
10.626953
10.714777
11.007534
11.163668
12.051689
11.114876
10.929463
10.548886
10.470819
10.675746
10.948982
10.919707
11.378354
10.83188
11.671107
11.349078
11.163668
10.275647
10.714777
10.558642
11.134394
11.641834
11.358838
10.763572
10.939224
11.544247
11.153912
11.261253
11.222217
11.710142
11.514974
11.105116
11.97362
12.012654
11.719901
11.661348
11.172608
10.977111
11.221481
10.703418
10.283102
9.980081
9.530442
9.374043
8.914627
9.090574
9.334946
9.745485
9.393594
9.657508
9.442467
9.804136
9.119898
9.031921
8.582285
8.494312
8.768005
8.748456
9.031921
9.295845
9.804136
9.921432
9.960533
10.380848
10.576345
10.54702
11.025986
11.055311
10.898914
12.814775
12.501982
13.01027
13.137346
13.880231
14.114827
14.017077
13.86068
14.447169
14.241899
13.938882
14.349422
14.456945
14.085502
13.215544
13.714058
13.694511
13.81181
14.251675
14.417846
14.466722
15.287804
15.170506
15.317127
15.01411
15.150958
16.998392
16.480331
16.685606
17.59466
18.015444
18.612371
18.612371
18.85701
20.109573
19.718155
18.984226
19.023375
18.837442
18.95487
18.788511
17.946943
17.496805
18.191582
18.309013
18.573223
17.761015
17.134735
18.054583
18.318804
18.299225
18.964655
19.072296
19.179941
18.73958
19.639872
19.904079
19.49308
19.649651
18.905939
18.553654
19.219078
18.720009
17.966515
19.24844
18.035019
18.602587
17.398941
17.731653
18.113297
18.348154
18.720009
18.91573
19.49308
20.14872
20.050859
19.532219
19.385437
19.992151
19.962801
19.796436
19.747507
19.219078
19.659431
19.933434
20.285719
19.649651
19.620295
20.011723
20.178085
19.67901
19.796436
19.307152
19.179941
19.21912
19.052597
19.47381
19.640341
19.317081
19.170143
18.592199
18.288528
18.876272
18.993818
19.150547
19.003616
18.856688
18.621582
18.631382
18.425669
18.65098
18.298325
18.935051
19.777477
19.963598
21.031317
20.894186
20.492561
22.324352
21.432943
22.510469
21.854156
20.992142
20.88439
20.698267
20.14971
20.570929
19.179941
19.130964
20.218279
20.257462
20.041956
19.160347
18.52363
18.327715
18.513838
18.494242
18.572607
17.945684
18.690157
18.670565
19.346468
19.277893
19.47381
19.130964
19.189734
19.052597
19.512991
19.79706
20.472973
20.806025
20.629696
21.364382
21.295803
21.178261
21.384155
21.815567
21.825371
21.619473
21.962635
22.090099
21.71752
21.77635
21.746933
22.01166
21.844975
21.344942
21.256697
21.276295
21.139038
20.815479
20.982159
20.913527
21.148846
21.746933
21.737129
21.658688
22.148928
22.109707
22.315611
21.894003
21.51162
21.139038
21.442987
21.178261
23.756907
23.384321
24.07066
22.796041
23.149014
23.060774
22.394045
23.031353
22.48229
22.815657
22.060684
19.982077
21.952837
22.197954
23.61964
23.070574
22.129318
21.521425
21.080214
20.658604
19.031013
20.168367
19.825199
19.138872
19.874235
20.844898
20.266413
19.501646
20.07032
20.246807
18.589808
17.854448
18.589808
18.334614
18.943146
19.100187
18.943146
19.865767
19.649837
19.581131
19.659647
19.640024
18.992228
18.668325
18.246273
18.952963
18.314983
16.489372
16.656223
16.067324
15.772868
15.978983
16.852533
16.724934
17.470881
17.353102
18.049978
17.912565
17.922377
17.019384
17.245132
17.745701
19.286678
19.84614
20.385969
20.778578
20.327074
20.248552
20.307449
20.376152
20.896353
20.70005
21.08284
20.965061
20.435043
20.592079
19.74799
18.619246
18.089237
17.824224
17.529776
18.030346
18.324791
17.814415
17.559217
17.097912
17.097912
17.039021
17.088097
17.529776
17.4807
16.754379
17.765335
18.069605
18.560354
17.902744
18.335083
18.276129
18.570902
18.846027
18.610209
18.58073
18.904984
18.885332
19.838444
19.936705
19.808968
19.25872
20.37887
20.398521
20.516432
20.319914
20.202
20.388695
20.329741
21.145283
21.204243
20.840681
21.243547
21.125635
21.096155
21.263193
20.958597
21.135458
20.889814
20.575384
20.418175
20.595032
20.585217
20.4673
20.310087
20.398521
20.300259
20.457474
20.418175
21.05685
21.243547
21.803619
22.216303
22.334213
22.049269
21.833099
21.489191
20.988073
20.781727
20.477121
20.555731
21.10598
21.223894
21.351631
21.155111
22.049269
21.675884
21.960835
21.970657
22.579859
22.992556
23.287334
22.825506
22.746897
22.697729
22.707567
23.012432
23.268129
23.494318
23.081272
22.963261
22.904253
23.199284
23.100941
22.92392
23.445141
23.582821
23.494318
23.248455
23.179613
23.248455
23.612326
23.356638
23.88769
24.054874
23.789349
23.927029
23.936863
24.507261
24.782621
24.920294
25.579197
25.038313
25.61854
26.188934
26.690483
26.621643
26.228268
26.533134
25.884069
25.854567
26.306944
26.326612
26.837999
26.749496
27.280546
27.447733
26.916681
26.690483
27.14287
26.936346
27.152699
27.496902
27.850937
28.027958
26.8085
26.129921
26.061087
26.700315
26.641317
25.815226
25.834896
26.85767
26.542974
26.198765
26.867508
27.093861
26.070337
26.237642
25.912868
25.223959
24.653149
24.899187
25.09602
26.444319
25.952242
27.034809
26.877344
26.582096
26.483685
26.562416
26.719881
26.956079
26.965921
27.162756
27.664671
27.576097
27.389111
26.739565
26.749409
26.454159
26.178595
25.853823
25.843981
25.371588
25.381428
25.105862
25.174753
25.145229
25.361744
25.430634
25.430634
25.686512
25.499527
24.997608
24.544891
24.318537
24.594097
24.584261
24.574415
24.446482
24.416946
24.220123
23.915035
23.078499
23.245802
23.048971
22.615944
21.740044
22.025452
22.26165
21.887669
22.114019
22.517527
21.966396
22.084503
21.572735
21.533371
21.218441
20.893364
21.100229
20.7062
20.883516
21.316942
21.060831
21.247992
21.415453
21.839035
22.538431
22.341419
22.548283
22.026199
22.105005
22.351269
22.863508
23.257534
23.582607
22.390675
22.292168
23.109776
22.95216
21.868586
21.740532
21.848885
21.582914
21.484407
21.119926
21.789778
24.065294
24.311565
24.390369
24.41007
24.321417
23.139326
22.666492
22.7847
21.937542
20.696352
20.351576
18.716354
18.312479
16.135469
17.189495
15.997561
16.696959
16.795467
16.884121
16.706812
16.490095
15.239054
14.982934
14.657864
14.982934
15.534576
14.825326
15.406519
16.204424
16.460548
16.618151
16.165022
15.327713
14.884429
15.446667
15.387485
15.052114
15.180342
15.535439
16.531681
17.21228
18.376204
17.330639
17.360235
16.699358
16.186447
16.699358
17.744925
18.435385
17.952065
17.981651
17.399693
16.492224
17.291191
17.784378
18.218382
18.090153
18.366341
18.228251
18.050699
17.82383
18.287436
17.754784
18.405798
18.336752
18.090153
18.810211
19.352722
18.514299
18.178932
19.836042
20.023457
19.155439
18.366341
18.030975
18.662254
18.356472
18.228251
18.49457
17.735058
18.119747
18.435385
18.484705
18.47484
18.159203
17.764652
18.2677
17.843557
17.764652
17.172823
17.093914
18.297298
18.386068
19.165304
19.125856
18.790482
19.017345
18.573481
18.524107
17.71442
17.981024
17.81316
17.131836
16.786238
17.003473
17.595928
16.97385
18.148888
18.099518
18.405621
18.533979
18.366119
17.931648
18.10939
18.257507
18.405621
18.770966
18.869711
18.879587
18.830214
19.91638
21.051924
21.051924
20.913675
21.39752
21.328398
21.367897
21.22966
21.476515
21.338278
24.448666
24.428913
24.893003
25.110237
25.159609
25.337351
25.179363
25.702694
25.603954
26.028542
26.729612
26.650625
26.621
27.687422
27.628178
27.085093
27.519567
27.598555
27.351698
27.420818
27.371449
27.302326
27.17396
27.47019
27.164083
27.410944
26.680246
26.176659
25.021374
25.821817
26.335684
26.691442
26.730968
27.353537
27.185549
27.383184
27.155891
27.066961
26.306042
26.642029
26.11828
26.819906
27.47212
27.452362
27.017548
27.640114
27.501772
28.499859
28.549265
28.045279
27.343653
26.691442
26.088634
26.612381
27.027431
26.533327
26.691442
27.323889
26.335684
26.039223
26.434509
25.881113
26.3258
26.523449
26.483917
26.691442
26.3258
26.167694
26.217106
25.782286
25.199249
24.764437
24.388922
23.904701
23.944225
23.80588
23.351305
23.242603
22.886848
21.957933
22.086397
23.222837
23.173428
23.450123
23.499538
23.242603
23.904701
23.183306
23.351305
22.422394
22.432272
22.936255
23.875053
23.657652
24.023283
23.301897
24.230804
23.67696
24.023117
24.567068
24.468172
25.209934
25.605536
24.468172
24.300043
23.419817
23.202234
23.637398
23.558281
24.596746
24.250589
24.824217
24.586853
23.963774
23.914322
22.945093
22.242889
22.509926
22.895645
22.717621
22.717621
23.498938
26.208836
26.020918
25.605536
24.933008
25.031904
25.289049
26.109932
26.07037
25.763779
25.120922
24.92312
26.16927
25.823118
26.535212
26.238506
26.515429
26.535212
26.643999
26.495647
26.505535
26.703341
26.891253
26.970375
26.802244
26.634109
26.287954
26.238506
26.149496
26.19894
26.159382
25.773668
26.426416
26.119825
26.030813
26.762678
27.28686
26.812136
26.792351
27.386196
27.900866
28.069122
27.930557
27.574247
27.653427
27.257532
26.841837
26.525116
25.723429
25.683836
26.109426
25.901579
26.188604
25.515581
25.198858
25.208759
25.515581
25.367117
25.000916
24.961325
25.159275
25.228554
26.050043
26.188604
24.694094
25.485889
25.248352
25.406708
25.0504
24.743582
25.248352
25.297836
24.951426
25.32753
24.812862
24.921736
24.931629
23.852812
23.644966
23.615278
23.545994
23.743942
22.962046
22.902658
22.882864
23.328249
23.318354
23.348051
23.536098
23.565788
23.456915
23.595478
23.664759
23.249065
22.843273
22.783888
22.932348
23.407431
23.545994
23.941891
23.971582
23.773468
23.813089
24.031017
24.120167
24.447054
24.387621
24.476767
24.248936
24.1796
23.941866
24.070637
23.892338
