Adjusted
12.195581
11.920903
11.80493
12.055192
11.83545
11.947224
12.189395
12.363262
12.301166
12.232866
12.667532
12.642694
12.586808
13.127041
13.940496
13.834934
13.685901
14.06469
13.946706
13.928076
14.176459
14.443474
14.580083
14.002591
13.96534
14.424849
14.058479
13.841143
14.306865
14.337908
13.865981
13.977753
13.797676
14.033638
13.816308
14.164042
14.455895
14.244764
14.033638
13.878402
13.878402
14.250978
14.213718
14.344117
13.816308
14.021219
13.816308
14.76017
14.561459
14.90298
14.896771
15.052006
15.430797
15.374905
15.840622
16.002075
15.964819
15.52394
15.244507
15.008541
15.225883
15.828205
15.766112
16.05175
15.511524
15.691595
15.505307
15.23472
15.04594
14.913794
14.888622
15.058527
15.731851
15.977263
15.81365
15.580822
15.5116
15.71297
16.134577
16.329655
16.216389
15.983559
15.908046
16.17234
15.964682
15.757017
15.64375
15.089989
15.184382
15.121455
15.605991
15.763311
15.731851
15.826241
15.80736
15.952093
15.719265
15.454969
15.366868
15.322823
15.561944
15.398337
15.675211
15.568234
15.341702
15.599703
15.763311
16.140881
15.637456
15.266181
15.329114
15.24101
15.524188
15.782192
15.977263
15.580822
15.203259
15.524188
14.93267
14.416661
14.504763
14.599155
14.303395
14.08315
14.08315
14.120912
14.146079
14.07686
13.944709
15.089989
14.196712
14.585925
14.707151
14.260518
14.132905
15.026181
15.287785
15.313308
15.409011
15.95774
16.3661
15.409011
15.817367
15.35159
16.295914
16.264013
16.295914
16.33419
15.951359
16.787214
16.646843
16.251245
16.780832
16.882917
16.551134
16.608553
16.844635
16.665985
16.264013
15.881177
15.82375
15.632332
16.168297
15.65786
15.664235
15.594055
16.130018
15.810988
15.600427
15.791847
15.287785
15.357969
15.919458
15.172935
15.236734
15.045327
15.185699
13.979774
14.828385
14.356227
15.759943
16.76169
15.192078
15.396255
15.377117
16.161915
17.86552
14.834769
16.68512
15.759943
15.479204
14.962375
13.81388
13.124783
12.792991
10.878829
11.676398
12.76747
12.001806
10.534054
11.690068
11.644609
12.118702
12.066749
11.657598
11.709555
11.138041
10.235303
11.657598
11.670586
12.053761
12.833098
12.43044
12.313538
10.754861
10.163865
10.774347
10.027483
9.871616
9.605338
10.31324
8.80652
8.592202
8.475301
7.423195
7.020535
7.676479
8.968882
9.436484
9.982018
9.826155
7.95574
9.157221
9.618331
9.378032
10.541365
10.748343
9.378032
10.334394
9.30666
10.641288
10.113143
11.604778
11.169422
10.177373
10.455723
9.513638
9.099689
9.378032
9.556458
8.985497
9.449404
9.841938
9.506497
8.928401
9.684925
9.606417
9.263842
8.81421
8.050548
8.421672
7.964905
8.421672
8.864168
8.014867
8.849893
8.236111
8.457362
8.2147
8.478771
9.29239
8.72143
8.371716
8.407399
8.293207
8.022001
7.543822
7.964905
7.922084
7.04423
7.179834
6.972858
6.708789
6.323393
6.416174
6.08787
6.594598
5.99509
6.580326
6.301982
5.738157
5.645376
5.210018
5.367033
5.688199
5.217157
5.160061
5.274251
6.123557
5.952269
6.409037
6.059325
5.416993
5.945131
6.380488
5.788116
5.06728
5.952269
5.495499
5.60969
5.87376
5.623965
5.44554
6.144968
5.795254
6.109282
6.687379
6.387623
5.992324
6.177043
7.218867
7.433142
6.760759
7.285366
7.418363
7.433142
6.435653
7.314919
7.204089
7.359254
7.898637
7.218867
7.233644
7.410974
7.44053
7.241034
8.105523
7.536586
7.920802
7.27059
8.002079
7.529196
7.351865
6.664706
7.122815
6.864203
7.780417
7.521808
7.499642
7.676971
7.521808
8.120302
7.780417
7.832136
8.12769
8.356741
8.179413
8.216354
8.297632
8.201578
8.2533
8.290244
7.965136
7.802584
8.297632
7.832136
7.765636
7.647418
7.854303
7.965136
7.588308
7.351865
7.292755
7.366642
7.529196
7.418363
7.632639
7.839525
7.462697
7.713918
7.44053
7.086935
7.019228
6.989135
7.244926
7.320159
7.500717
7.478149
7.132077
7.27502
7.244926
7.237402
7.515763
7.583474
7.658705
7.839266
7.73394
8.027348
7.861832
7.929546
8.531409
9.629808
9.599714
10.306902
9.990927
9.832937
9.847986
9.968354
9.945786
9.449249
9.607235
9.441728
9.622286
10.013495
9.960833
9.878075
9.802844
9.735132
9.847986
9.622286
9.238599
8.982806
9.328876
9.374014
9.772748
10.058637
10.216625
10.224148
10.720684
10.841056
11.269883
11.104375
11.23979
11.164557
11.480536
11.299977
11.14951
11.299977
11.931934
11.555771
11.841653
11.269883
11.021616
11.382735
11.299977
11.352641
11.631003
11.713758
11.721281
11.563293
11.80689
11.814501
11.570905
11.898241
11.083707
10.786823
11.39582
11.106545
11.068485
10.840111
10.611738
11.022808
10.946685
10.961908
11.022808
10.779211
10.946685
10.748761
11.235958
11.274017
11.608967
11.31208
11.647032
11.814501
11.685093
11.974365
11.510004
11.350144
11.426268
11.106545
11.205509
10.946685
11.39582
11.601355
11.707927
11.624193
12.141838
11.700318
11.593742
11.433882
11.342531
11.479555
11.80689
11.677481
11.829729
11.776443
11.997202
12.1799
12.484396
12.766057
12.89547
12.925921
12.750833
12.697546
12.51485
12.339763
12.324538
12.2408
12.332147
12.088551
12.172287
11.875403
12.221962
12.121844
11.975519
12.268167
12.144946
11.829193
11.528844
11.775286
11.698271
11.859999
11.890802
11.983219
12.129544
12.360583
12.098743
11.806089
12.175754
11.952415
11.621261
11.320909
11.590452
11.667467
12.137245
12.306676
12.514608
12.560816
12.691739
12.707146
12.868869
12.838063
12.938181
12.92278
12.891973
12.75335
12.722546
13.046
13.184623
13.138415
13.092207
13.292441
13.330948
13.261638
13.70831
13.739115
13.685208
13.685208
13.692908
13.654399
13.700612
13.839231
13.900847
13.808429
13.808429
13.585092
13.662102
14.039467
14.470737
14.131884
14.2641
14.746313
14.738537
15.290739
15.39963
15.010747
14.839643
15.049635
15.345185
15.81962
16.154057
16.379602
16.247389
15.881843
15.835176
16.527378
15.796286
16.426275
16.651821
16.402941
15.695179
15.39963
16.395159
16.496273
16.846264
16.566265
16.208502
16.239609
15.87406
15.772952
14.932973
15.36852
14.847423
14.956307
15.057419
15.959618
15.811844
15.415186
15.772952
15.391855
14.232993
14.209654
14.404103
14.707424
15.306302
15.492959
15.734063
16.052948
16.037395
16.130726
16.192944
15.889617
15.127417
15.181855
14.769646
15.290739
15.360743
14.878531
14.878531
14.901867
14.365207
14.116326
14.979638
15.387893
15.701931
15.646975
16.008114
15.803989
15.851099
15.065998
15.340789
15.686226
15.277975
16.000263
16.188684
16.761808
16.675447
16.793211
16.541981
16.573387
16.997335
16.738251
16.61264
16.471321
16.369257
16.620491
16.463476
16.015965
15.796141
15.819694
15.741182
16.015965
16.102331
15.623416
15.623416
15.756882
15.701931
16.000263
15.788287
16.055222
15.929607
16.157286
16.793211
16.840319
17.193611
16.895277
16.282902
16.243649
16.361408
16.589085
16.596933
16.706852
16.722553
16.942377
17.366335
16.942377
16.620491
16.102331
16.573387
16.377111
16.589085
16.510578
16.581234
16.824617
16.848171
17.052294
16.981632
16.903128
17.020891
16.997335
17.091549
17.317223
17.214285
17.214285
17.618114
17.364727
17.713133
17.689379
18.029863
17.950682
17.863581
17.80023
17.713133
17.80023
17.942762
17.82399
18.132797
18.671238
19.043404
18.742502
17.784395
18.124884
18.053617
17.586437
17.546846
16.992573
17.127178
17.35681
17.507259
17.554762
17.35681
17.713133
17.67354
17.784395
17.657701
17.816069
18.061533
18.045698
17.982351
18.053617
17.76856
17.531013
18.101126
18.14072
17.950682
17.721056
17.67354
17.82399
18.053617
18.14864
18.354513
18.338676
18.623737
18.481201
18.592056
18.623737
18.623737
18.900871
18.307001
18.14864
18.014023
17.863581
17.895256
17.998194
18.273611
18.193777
18.145878
18.44924
18.265627
18.257647
18.32151
18.576971
18.728655
18.720673
18.896305
18.545042
18.744623
18.752604
18.84042
18.92823
18.648825
18.904285
18.648825
18.720673
18.824453
19.15975
19.335377
19.199669
19.01605
19.008066
19.047989
18.93622
18.752604
18.664787
19.000088
19.415213
18.904285
18.84042
19.039999
18.84042
18.768568
18.992098
18.92823
18.576971
18.896305
18.712692
18.600922
18.47319
18.664787
18.752604
19.008066
18.752604
18.616888
18.744623
18.84042
18.808491
18.944199
19.167734
19.45513
19.534962
19.534962
19.495043
19.423195
19.169796
19.065222
19.057177
19.033041
18.984776
19.169796
19.427214
19.073261
19.362862
19.676592
19.861616
20.05468
20.271877
20.464945
20.826941
20.826941
20.794762
20.698233
20.481035
20.674099
20.344288
20.424721
20.706276
20.456902
20.376451
20.199476
20.279921
20.239704
20.376451
20.440817
20.231661
20.094904
20.110992
20.30406
20.545393
20.593658
20.963697
20.143167
19.998377
20.094904
19.829433
20.143167
20.191435
20.086861
19.628323
19.773127
20.006414
19.708773
19.628323
19.813349
20.05468
20.135124
19.974234
19.386995
19.330683
19.40308
19.612236
19.78117
19.748991
20.191435
20.432764
20.609745
20.828653
20.739468
20.528667
20.723253
20.990801
20.820539
21.063776
21.136744
21.534018
21.688068
21.736712
22.004265
21.801571
21.915081
21.298897
21.18539
21.331329
21.193495
20.7719
20.617849
19.53142
18.793619
17.172087
19.004423
18.558498
19.766539
19.466562
20.220579
20.301651
20.488131
19.620607
19.377373
19.74222
20.277327
20.909731
20.334085
20.86108
21.307007
21.274572
21.65563
21.234039
20.86919
20.909731
21.736712
21.582664
20.909731
21.063776
21.234039
21.258358
21.444839
21.615099
21.07999
20.780008
19.442238
18.493635
18.63147
18.777405
18.817945
18.169331
18.436888
17.950422
16.83967
17.763948
17.415318
18.104473
17.520714
18.51796
17.91799
18.359804
18.237078
18.760712
18.106165
18.809801
18.613441
18.65435
19.079796
19.554338
19.308891
19.636156
20.887964
20.339783
20.397055
19.668882
20.159784
20.356146
20.18433
20.446146
20.626143
19.726158
19.816151
20.413427
19.889788
20.135241
19.71797
19.137074
19.177979
18.817982
18.752529
18.253439
18.318892
18.588892
18.498894
19.227068
19.079796
19.243435
19.169796
18.965256
19.480705
19.014345
19.5707
19.145248
18.883438
19.235252
19.767063
20.118877
19.922516
20.462513
20.454327
20.527962
20.560686
20.617964
20.437965
20.642506
20.536146
20.617964
20.405239
20.446146
20.18433
20.13068
20.304012
20.237978
19.717995
19.841806
20.304012
20.543365
20.370037
20.279247
20.270998
20.675423
21.112867
21.385241
21.467775
21.302698
21.476027
21.558565
21.533806
21.83919
21.517294
21.21191
21.360477
21.261433
20.947792
21.178894
21.046841
21.013824
21.079855
21.236671
20.749706
20.576382
20.799231
21.030329
21.046841
20.683678
20.650663
20.815733
20.832247
21.162388
21.038582
20.989063
20.774473
21.13763
21.31921
21.583326
21.443014
21.25318
21.302698
21.517294
21.509039
21.170647
20.807484
21.13763
21.236671
21.162388
21.236671
21.649357
22.045532
22.202353
22.185843
22.102623
21.986122
21.736471
21.29541
21.51178
21.611643
21.669889
21.994442
22.027731
21.803045
21.811363
21.961153
21.661577
21.852974
22.044374
21.877941
22.036053
21.911224
22.002764
22.085985
21.961153
21.936195
22.177523
22.294029
22.418854
22.468782
22.518715
22.277386
22.144234
21.9778
21.361992
21.303738
21.703182
21.927872
21.894585
21.919548
21.761431
22.144234
21.51178
21.553387
21.09569
20.987507
21.395273
21.736471
21.403595
21.65325
21.079048
21.411921
21.153944
21.603319
21.728146
21.753119
21.703182
21.536743
21.153944
20.987507
20.829395
20.829395
20.737852
20.895975
21.503462
21.852974
21.836332
21.7864
21.845142
21.954245
21.660515
21.601768
21.895502
22.306717
22.340292
22.709549
22.550102
22.457785
22.575274
22.575274
22.516531
22.625626
22.424217
22.600456
22.558491
22.331898
21.971027
22.189228
22.138878
21.887108
21.433926
21.182156
21.182156
21.14019
21.1318
20.989132
21.081446
21.056271
21.022699
20.93878
20.997522
21.198933
21.341608
21.366785
21.349998
21.501062
21.316431
21.190544
21.190544
21.358398
21.375179
21.509457
21.710871
21.610161
21.702478
21.643736
21.887108
22.105305
22.155663
21.836754
21.761221
21.257687
21.190544
21.156979
20.846468
20.921991
21.047882
20.829678
20.577909
20.720575
20.535948
20.267395
20.462194
20.453726
20.538418
20.724745
20.470659
20.33515
20.572296
20.690866
20.665459
20.995768
20.928011
20.724745
20.563826
20.555355
20.640049
20.513006
20.555355
20.724745
20.97883
20.868723
20.665459
20.513006
20.19964
19.852392
19.835449
19.759228
19.251059
19.06473
19.115553
19.352695
19.327284
19.234123
19.403503
19.42045
19.581369
19.445854
19.496675
19.488205
19.522079
19.572899
19.606775
19.623716
19.505142
19.428919
19.395039
19.276464
19.149427
19.183304
19.411983
19.623716
19.598307
19.9879
20.174232
20.19964
19.962494
20.123415
19.970966
