Adjusted
24.230927
24.110979
23.976622
24.37488
24.08699
24.000614
23.640751
23.103359
23.117744
23.256895
23.146536
23.194521
23.208914
22.777075
22.422003
22.546759
22.455595
22.796272
23.223309
22.762678
22.613939
23.626354
23.99102
24.163757
23.688738
23.544788
23.247295
23.218508
23.444027
23.324066
23.683931
23.981426
23.861469
24.130169
23.621557
24.110979
24.389275
24.566807
24.576399
24.533146
25.67211
26.070978
26.171894
26.061365
25.854715
25.499098
25.561577
24.903194
25.263618
25.100222
25.441427
24.677322
24.547571
24.638872
24.864748
24.797464
25.114641
24.749405
25.681721
25.917198
25.801859
26.484272
26.402573
26.815865
26.354513
27.046534
27.430994
27.330074
27.267601
26.633249
27.267601
26.902365
27.368519
27.157063
27.142649
27.373325
26.83989
27.430994
27.642443
29.978016
30.227917
29.978016
30.10297
29.579142
29.343664
30.218307
29.843454
29.704092
29.795397
30.27597
30.338455
30.179859
29.704092
30.175055
30.026075
30.573929
30.424952
30.468203
30.722906
30.396118
30.70368
30.689266
31.218548
31.276295
30.665207
30.915419
30.641142
30.915419
30.164785
30.395748
30.299511
29.082146
29.731724
29.673992
29.649929
29.649929
29.592186
29.823149
29.779848
29.5152
30.261021
30.439058
30.414993
30.496792
30.419807
30.357258
30.795124
30.963533
30.53529
30.241772
30.602654
30.660398
29.351603
29.135075
29.539255
30.10223
29.818333
29.544069
28.855991
29.361233
28.620216
28.475859
28.44219
28.894489
29.106205
29.351603
29.168755
29.452644
29.876078
29.452644
29.159134
28.750137
28.894489
29.082146
28.870419
29.654747
30.390938
31.112698
30.352446
30.506418
30.140728
30.309137
30.309137
29.861643
29.775038
30.188845
30.2033
29.76487
29.899769
29.957582
29.813053
30.04431
30.2033
30.545368
30.415291
31.292143
31.354765
30.733261
30.439371
29.904593
30.155115
29.817875
29.422802
28.849472
28.468863
28.560396
28.064159
27.004225
26.994587
25.616674
25.361328
24.802456
23.588346
22.634407
21.800913
20.784342
19.777407
22.354975
22.234526
21.391397
20.822886
20.355549
20.851784
20.818058
20.254372
19.237795
19.194445
17.710531
17.821346
18.312769
19.666586
20.254372
20.789154
19.873762
19.165529
19.469051
19.65696
19.32934
19.464241
18.78974
20.090563
18.79937
19.05472
19.199249
17.777981
15.817109
15.629202
16.284433
17.142019
17.446238
17.938761
16.393576
17.098568
17.006823
16.514284
17.055107
17.243431
16.48531
16.422541
16.80884
17.088902
15.89621
16.828154
16.533607
17.634556
17.557293
16.973019
16.765379
17.108223
17.248259
17.238598
17.798727
18.141569
18.407148
18.537529
18.832081
18.885201
19.136293
19.049377
18.27195
18.614786
17.847023
17.832535
18.291265
17.28688
17.861504
17.774591
17.431742
17.455893
18.073969
18.614786
18.556843
18.276773
18.614786
18.812765
18.783794
19.706085
20.232414
19.768848
19.595024
19.203888
19.609507
19.918547
19.382559
19.561209
19.276327
19.179756
18.489239
19.223211
18.793447
17.24507
17.820873
16.287008
16.635405
17.148294
15.904759
15.904759
14.893474
15.691855
15.924114
16.669268
16.867655
16.698298
17.143459
17.109592
17.114424
16.766041
17.801517
17.588619
18.009588
18.662807
18.570871
18.04829
18.551519
18.638615
19.166027
18.759575
18.290226
18.464418
17.699909
18.822483
19.07893
20.109568
19.930538
20.269255
20.327312
19.412804
19.935383
20.370863
20.114408
20.941828
22.296661
23.55471
24.653095
24.386974
23.719238
24.053102
24.566002
24.261164
24.822453
24.735355
25.257931
24.96277
24.47407
24.49826
23.801485
24.483742
25.340197
27.720831
26.090185
26.177288
26.849867
26.835344
26.389545
26.61729
27.319916
27.135778
26.273251
26.118193
26.438004
26.612446
26.651209
26.089111
26.05035
25.381645
24.940687
24.422197
23.986095
24.858313
24.218678
23.525753
22.837669
23.433681
24.344669
23.927935
23.937637
23.671118
23.947323
23.4676
23.356148
24.30106
23.806801
23.574209
23.593586
23.457911
23.753498
24.397974
25.119974
25.216887
25.008522
24.897078
24.795311
24.756544
25.493092
25.706308
26.631826
27.751175
27.465282
26.946795
28.303587
28.322966
27.945004
27.470127
27.678493
27.954697
27.8384
28.240589
28.623394
28.589483
29.064363
28.429569
28.933521
28.977133
29.059513
29.103121
29.093435
28.792988
28.792988
28.594053
28.511566
27.987532
27.977827
28.467894
28.5795
28.307777
28.700808
29.433487
30.073982
30.306887
30.48642
30.437895
30.083685
30.161316
30.234102
30.26807
30.306887
30.088537
29.782854
30.525236
30.471863
30.049719
29.865337
29.268515
29.608166
30.098242
30.413637
31.481121
32.194393
31.840195
31.689758
32.102207
31.830477
31.578171
31.393782
31.112356
30.496122
30.74358
30.360262
30.20499
29.501413
28.021496
29.462605
27.002529
27.769186
27.788584
27.589649
27.93416
27.623613
27.977827
28.215582
28.361153
28.351448
28.463049
28.681395
28.64258
28.302929
28.501865
28.317476
28.831816
28.681395
28.720211
27.943203
27.141914
27.462427
27.792662
27.277884
27.404152
27.642117
27.31674
26.874819
27.671247
28.288006
29.137857
29.225267
30.283949
29.429234
29.5555
30.225672
30.3228
31.022102
31.070667
30.682158
30.303377
29.827454
29.623491
30.254801
30.011993
29.866302
30.313082
31.682564
31.352329
30.410204
31.818533
32.401299
31.430035
31.245497
29.448662
28.389984
27.923779
28.691072
29.963428
29.361254
28.545387
28.321997
28.516249
29.468082
29.021307
28.331711
28.001482
28.108316
29.370955
29.982851
30.478199
31.099804
31.090094
30.92498
30.992966
31.352329
30.54619
29.681765
29.52636
30.168449
30.178177
30.829994
31.170494
30.79108
32.133633
32.201721
32.162823
31.656925
32.600609
32.746525
32.133633
32.941105
33.223232
33.69022
33.242683
33.524822
35.597012
34.974384
34.215557
34.225277
34.663078
35.091137
34.828461
34.13773
35.71376
35.635929
35.694309
35.781857
35.98616
35.334354
35.509457
35.081398
34.487949
34.419865
33.913971
34.789555
35.995899
35.013298
34.896564
35.519192
34.993839
35.888882
35.752686
37.143871
36.112637
36.822823
35.470547
35.032749
34.079353
34.50742
35.655411
36.462879
36.910381
36.676895
37.980537
40.996399
40.616989
40.957485
40.67535
40.850468
40.354309
40.704544
41.190971
41.940979
41.278633
40.811111
41.979912
42.233173
40.489697
40.168259
39.272179
39.817616
40.811111
41.044868
41.18124
42.106544
41.64875
41.356556
40.255936
39.213734
38.210491
38.746197
39.203987
39.028664
38.453999
37.665051
37.158569
36.19429
35.639095
35.483253
35.785221
35.785221
35.541702
35.454052
35.911819
36.613125
36.671558
35.85339
35.687805
35.259235
34.041729
33.993034
34.109909
35.366375
34.509247
33.661858
33.389137
35.035225
34.012505
35.259235
36.749481
37.012463
36.856617
37.012463
36.739742
35.239761
35.064442
35.366375
35.064442
34.976776
34.947567
34.226788
33.954063
33.320953
31.713829
31.947601
30.593716
30.808006
30.300713
30.632404
31.276272
32.13475
32.583523
32.466446
32.320118
33.198124
33.168839
33.217621
33.549316
34.437061
34.690712
34.89558
35.997952
35.832115
36.661335
36.290623
37.129604
37.79298
37.871017
38.192951
37.910046
37.744186
37.178364
36.895454
36.700359
36.505234
37.597862
37.802723
37.968575
37.519814
36.7784
37.041801
37.617378
36.300373
37.510056
37.217392
37.988083
38.251499
38.524643
37.822239
39.578247
40.261112
39.948952
40.192841
40.339169
40.924492
40.904987
40.924492
40.387955
40.690365
40.553787
39.744076
39.890411
39.851395
39.753834
39.77335
39.24654
39.129482
39.314831
40.007481
39.948952
40.339653
40.163834
40.183372
41.081982
40.759647
40.163834
40.339653
40.027081
40.241978
40.769421
39.382439
40.886631
41.267555
42.166164
42.30291
42.146629
42.361507
42.537327
42.08802
41.882904
41.65826
41.853611
42.722923
42.410358
42.420132
43.133137
42.986641
43.367565
43.250351
43.006176
43.748489
43.69965
44.930351
44.901054
45.184319
42.654545
42.46896
41.345699
41.316395
41.882904
42.488495
41.970806
41.111267
41.12104
41.609428
41.609428
41.814529
41.628956
42.107548
43.113609
42.361507
41.081982
41.794998
42.879196
42.830357
43.152679
42.625233
41.921963
41.277328
42.556862
42.713146
44.219051
44.698204
46.429024
46.966862
46.996189
46.605045
45.930328
46.565926
47.406891
46.262802
46.028114
45.646732
45.930328
46.605045
45.920536
45.842308
45.793434
45.118694
45.089355
45.627186
45.871651
45.715191
46.350807
47.71003
48.316311
48.697674
49.812435
49.753773
48.9617
48.805237
47.680691
45.949879
45.764084
46.155231
45.783634
45.44138
45.108921
45.578289
46.380138
46.683277
46.888622
48.081623
53.528332
53.577217
53.567444
52.902496
52.266891
52.110424
52.20821
53.186069
54.183495
55.161366
54.242172
53.978142
52.794937
52.589581
51.99308
53.088287
52.570023
52.315784
51.787735
52.491802
52.706932
52.951397
53.812702
53.333111
53.235237
54.018242
51.913891
50.435963
50.367432
50.093384
51.590889
50.935127
50.710011
51.767075
50.768738
50.279358
50.837242
51.444088
52.599037
51.943268
52.090065
50.044437
49.45718
50.416374
50.142323
50.435963
52.354343
52.001991
52.951393
53.479927
52.863293
51.561531
51.806236
51.904106
51.189606
51.365772
50.710011
50.886196
50.44574
51.727928
52.422859
49.975937
51.493027
49.418037
48.8895
48.586086
45.082092
44.622074
44.61227
41.421497
40.971264
36.106781
37.54557
36.596161
37.310658
37.300888
39.150757
38.504757
38.123051
36.185078
35.343346
34.658195
36.126354
37.379169
36.322117
37.095329
38.857121
40.278126
40.768116
39.817516
37.945721
37.553715
39.758724
38.07312
37.083313
36.622719
36.397316
36.269909
36.985317
38.05352
36.495327
35.975903
34.7705
33.349495
34.672504
34.937115
35.250713
33.604305
34.172703
33.320099
31.271891
31.938307
31.438499
32.193096
32.820301
34.221703
33.8983
35.603516
36.397316
37.945721
36.691319
37.093117
36.495327
36.456112
37.328304
37.877121
37.044113
37.357708
37.984913
40.219318
39.170727
38.445511
40.091923
40.748528
40.513325
41.336525
42.042133
40.640724
40.934727
41.875526
41.630531
41.326725
39.592133
38.533714
39.219719
38.014301
37.573322
36.505104
36.475716
37.82811
37.651482
39.466846
39.780849
38.151932
39.663094
39.015453
39.241154
37.36692
36.738899
36.346394
35.325871
36.228642
36.768341
36.258068
35.463257
36.601524
36.994026
38.004745
38.063625
38.210808
37.013653
37.445419
38.132301
37.003845
36.316948
37.347298
38.465942
38.308945
36.385635
38.034184
36.748711
36.238453
36.130512
36.258068
36.738899
36.562275
36.964596
39.682716
41.262577
40.487366
41.036884
40.448124
40.516815
41.095772
40.821007
41.576588
40.850437
40.870064
40.870064
40.497185
41.606018
42.22422
41.92984
41.723774
41.694336
40.379433
40.467735
41.419579
42.391033
43.087746
43.146626
43.991474
43.824474
43.539577
43.097492
42.655426
41.967754
42.35088
42.517887
42.832249
42.635777
42.567005
42.675076
43.333282
43.745876
43.36274
42.25264
41.663208
41.31937
41.633739
42.537533
41.869514
40.887119
41.0443
41.17202
41.614101
42.390179
42.233002
41.928455
40.7103
40.258392
40.562939
42.380352
41.48637
41.240784
42.42947
42.45895
42.311584
42.046352
41.741806
41.918636
42.557182
42.684906
42.95015
41.95792
42.488422
41.643562
40.936237
40.258392
40.081558
40.278042
39.718071
39.786839
39.325119
38.941998
38.185551
38.057831
37.478222
37.144207
37.615765
37.625576
38.16589
38.283791
38.382019
38.922337
38.14526
38.115761
36.68948
37.26984
38.086246
38.627254
38.430515
38.873158
39.276443
39.168236
38.509216
38.646927
38.774792
39.138741
39.837116
39.778095
38.676434
39.109226
38.214123
38.519054
38.607578
41.90274
42.453579
42.197838
42.119148
41.873238
41.597816
41.646992
41.401093
41.135506
40.771572
40.948627
40.633858
40.594513
39.71909
39.571537
39.345295
38.184608
37.623947
37.633778
37.692795
39.453499
39.040367
38.440357
38.568233
38.10593
38.705944
38.430515
39.079712
38.971519
39.266609
39.099384
39.050205
39.128895
38.971519
39.630554
39.433826
39.71909
39.660065
39.502686
39.197758
38.951843
39.237103
39.463326
39.335472
39.404404
39.34531
39.749104
39.798347
40.537003
40.379425
40.01503
39.788502
40.40897
41.177166
42.989304
43.274921
43.93478
44.151463
44.624184
44.594631
44.683273
44.200699
44.23024
45.057529
45.037834
45.175709
45.421925
45.402225
45.510563
45.362827
45.215111
44.466606
44.180996
44.890099
44.643883
44.762058
44.338577
44.28933
43.777203
43.225677
43.550686
42.920376
42.615067
42.949921
42.132473
40.763512
42.999157
42.102932
43.068104
43.048409
44.909798
43.235531
42.615067
42.654465
42.132473
40.9408
40.684731
40.99004
42.221111
42.201412
42.890831
43.314312
42.979454
42.516571
42.851433
44.182526
44.438881
44.320568
44.093788
44.527618
45.523483
44.981182
45.385445
45.592503
45.474174
45.257271
44.902309
45.819286
47.475754
48.767406
48.688534
47.811005
47.860298
47.179962
47.515198
46.716534
