Adjusted
50.489014
50.720657
49.892086
50.676113
50.079178
50.061378
49.972279
49.811901
49.375351
48.956612
49.250618
48.430962
48.466602
45.63345
44.858337
44.386139
44.546513
46.328377
45.241436
44.689064
45.294884
44.635609
44.457409
44.011955
43.994133
43.682308
42.942837
42.960667
43.005203
41.846992
41.52626
42.533005
42.835918
42.853745
42.586468
42.19445
42.746826
43.593208
43.807034
42.77356
41.410431
41.294598
41.659893
42.069725
40.813515
40.278942
40.154224
34.069176
32.679317
34.104809
33.133686
30.149086
31.236012
31.672569
31.467659
31.815115
31.432007
30.380713
30.291622
30.64801
30.639084
32.324394
32.065807
32.235241
32.547333
32.698921
33.956234
33.24287
32.636501
31.985565
32.360069
33.207211
31.923143
32.725685
33.21611
33.715477
30.451828
30.969009
29.952463
30.309147
29.997046
29.783052
29.096432
29.337187
29.845459
29.488777
29.248016
29.12318
29.426353
29.372852
29.230181
29.025093
28.552486
28.267141
28.819994
29.81872
30.362656
30.460743
31.477289
30.986853
31.227606
30.523157
30.763927
30.50532
30.309147
30.273483
30.157558
30.264566
29.453114
29.363937
29.069672
28.490067
27.651857
27.4111
26.929571
26.751238
26.947412
24.869728
24.183121
23.532173
23.567839
23.888851
23.15765
23.193321
23.407333
22.854473
22.399696
20.473608
20.785707
20.758961
20.446863
20.134756
19.760248
19.77808
19.911831
20.090179
21.026472
21.311817
21.249397
23.371658
24.753811
24.093943
24.477379
23.879938
24.548716
24.325794
25.039154
25.083742
25.823858
27.152506
26.626396
26.002201
27.642946
27.865871
28.070963
28.186882
28.436565
29.435274
28.650578
27.616188
26.965244
27.018742
27.295183
26.135952
26.269714
26.242958
26.804733
27.152506
26.109209
26.465891
25.021322
24.709223
26.002201
25.395834
26.135952
26.715563
26.403469
24.976738
23.879938
22.747465
23.69268
23.888851
23.648088
23.184402
22.381868
22.73855
23.014977
18.725864
22.640463
22.364033
22.078688
21.499071
19.849415
18.297846
17.120792
15.872396
15.471136
20.848129
20.50036
19.323307
20.17935
21.748753
22.747465
22.515625
21.454487
21.338573
20.429029
18.217594
20.018843
19.011211
19.965338
21.160223
20.94622
20.348774
20.304186
19.760248
20.001011
19.118217
17.97683
16.82653
18.583191
17.851994
16.84436
16.969196
15.80998
14.534836
15.292788
17.004868
18.485102
18.708031
18.734785
17.941162
18.119503
18.173012
17.744987
19.091467
19.127136
18.529688
19.234133
20.94622
20.990801
21.204815
21.713083
21.311817
22.212444
23.62134
22.952557
23.166573
23.148731
23.451916
22.800964
24.111782
23.719425
24.602215
24.200956
23.630259
23.451916
23.817513
23.585674
22.845556
22.61371
21.472324
22.194607
22.73855
21.543661
22.337278
24.245533
25.00349
25.101576
25.930864
26.742321
25.583097
25.262083
25.993282
26.51939
25.841692
25.681181
25.806026
26.323219
24.941065
25.458261
26.287546
25.823858
25.342335
25.262083
25.547432
24.949982
21.240479
21.588249
20.536032
17.896574
17.522057
15.587054
15.872396
16.015072
14.579421
15.961572
15.863486
17.218878
17.049452
18.199755
19.046885
18.440519
19.207386
19.572987
18.993378
18.395929
19.662159
18.83287
18.88637
19.278725
18.797199
18.315681
18.690752
18.467491
18.815763
18.342466
19.583755
20.941137
20.414265
21.307276
21.762703
21.878796
22.423536
21.753775
21.55731
21.619822
20.360676
20.3696
20.682159
20.592859
20.54821
21.334059
21.316204
21.003651
20.512487
21.182245
22.82539
23.155809
25.35261
25.781263
24.638199
24.397091
24.700714
24.825737
24.566761
24.834665
24.522114
24.807878
24.039888
23.486216
24.281002
24.548903
24.281002
23.754128
24.557831
25.093645
24.557831
24.352444
24.200626
23.262968
23.200453
22.9772
21.476944
21.619822
20.994715
21.450151
21.450151
22.727156
22.709299
21.932377
21.914528
22.155632
22.316368
22.119909
22.432463
22.307444
22.468184
21.351919
21.512665
22.477112
22.030611
22.271719
22.030611
22.334238
22.119909
22.244932
22.548563
22.405682
22.182425
22.852179
23.218315
24.155983
24.397091
24.664997
25.968796
25.370472
25.093645
25.05792
24.432812
24.04882
23.379059
23.200453
23.673748
24.17384
24.843594
24.816807
25.334757
25.05792
25.432985
25.165083
25.165083
25.35261
25.825911
26.513533
26.718925
25.834846
25.843773
25.165083
25.004337
24.406015
25.593729
25.781263
25.790186
24.861462
25.361546
25.995586
25.959862
25.683029
24.736439
26.156326
26.200979
25.522285
25.531225
24.629272
23.825565
23.245104
22.628929
23.039713
22.932552
22.361023
22.13777
21.682331
21.468012
21.771639
22.369953
21.575165
22.030611
22.530699
21.691265
22.209213
21.923447
21.834146
22.25386
23.182589
22.432463
22.959339
23.084366
22.602139
23.66482
23.111153
23.638031
23.173664
23.593382
24.030958
24.888248
25.19187
25.602655
26.013441
25.87056
26.227764
25.683029
25.968796
26.031301
25.87056
25.781263
25.566935
25.504429
25.968796
26.39744
26.379583
26.290279
25.602655
25.62945
25.263311
24.406015
24.522114
25.272245
25.415125
25.45085
27.067194
27.219007
27.638729
27.969139
28.754992
28.415649
28.165606
28.728195
28.862148
28.237045
28.290625
28.031652
27.549425
27.692307
27.219007
28.156673
28.112026
28.388859
29.478338
29.201504
29.397963
28.62104
29.058617
29.755159
30.13916
31.371515
30.853569
29.558695
29.612289
29.469402
28.969315
29.683727
29.853394
29.469402
29.585493
30.407061
29.755159
28.987171
29.058617
28.942518
29.469402
29.210424
29.576559
28.737137
28.24597
29.067543
29.192558
28.522808
29.540842
29.299732
30.023067
29.871256
30.237389
30.398144
30.317759
30.45171
29.424751
30.130224
29.558695
29.540842
29.683727
29.915901
29.38903
29.049688
29.51405
29.246151
29.996271
30.710684
29.737305
29.612289
29.219364
29.576559
29.138987
29.326517
29.522974
29.174704
29.487551
29.621626
29.862959
29.43392
29.156826
28.835049
28.835049
28.745668
27.753513
27.378099
27.467484
27.914404
27.690943
27.047388
27.226145
27.664127
26.680914
26.636223
27.208267
27.976973
27.092073
27.047388
26.35914
26.814993
26.135677
25.939032
26.707729
26.680914
27.101011
26.975876
27.163584
27.208267
26.975876
26.806049
25.885399
25.653004
25.769207
25.804951
25.733448
26.20718
25.983723
25.90328
26.734539
27.34041
27.232704
27.34041
27.726374
27.403244
27.555828
27.528908
27.457098
27.995646
28.175161
28.273895
28.121305
27.95974
27.501976
27.116013
26.712105
26.819817
26.200483
25.697828
25.491386
24.997719
25.401628
25.9312
26.209455
26.640293
26.900589
26.963432
27.053179
27.214743
27.717394
27.232704
27.66354
27.672516
27.555828
27.825108
27.753302
28.246969
27.627638
27.223721
27.322456
27.33143
28.220045
29.099674
29.539486
29.997253
30.024187
30.060087
29.916475
28.713713
28.83938
28.749619
28.632933
29.036844
29.207382
28.534199
28.372631
28.273895
27.861012
28.686789
28.588051
29.054796
28.641911
28.471365
29.252264
29.49461
30.43708
30.320391
30.383223
30.535812
31.071842
31.279049
31.179947
30.873648
30.846626
30.747517
31.468237
31.765532
32.143909
31.927708
32.188946
31.846603
31.567339
31.711475
31.630396
31.918665
31.116896
31.594368
30.585358
30.936708
30.945711
31.215988
31.549318
31.819588
32.233994
32.414169
32.657421
31.801571
33.089855
32.873634
33.567314
33.837585
33.846596
32.369133
32.657421
32.477242
32.531284
33.333099
33.026779
33.152908
33.206966
33.441196
33.315071
33.47723
33.7565
33.035793
31.954718
31.540319
31.828587
32.098858
32.432194
32.8466
32.477242
32.594353
32.324097
32.963722
32.900658
33.936687
34.279037
34.184124
33.705074
33.235073
33.298336
33.12661
33.144676
33.352573
32.991016
32.041965
32.186588
31.680424
31.797915
31.933508
32.394478
32.331203
32.123314
32.286015
32.457752
32.484859
32.638519
33.560459
33.867767
33.976242
34.681244
34.753559
34.753559
35.32299
35.124138
35.792988
36.850521
36.949944
36.660717
36.434742
36.525131
35.982811
36.714939
36.380512
38.224388
36.99514
37.1036
38.025547
37.91708
38.902294
38.405155
37.790543
37.93515
38.025547
38.350929
38.305756
38.378056
37.989391
38.414204
38.495552
38.721512
38.829975
38.784782
38.640167
38.432281
38.486511
38.369019
39.372292
40.600559
40.292358
39.485603
39.730354
40.328625
39.694092
39.512794
39.12302
38.787628
37.944622
38.316273
38.615402
39.150211
38.742302
38.751369
39.703159
39.657829
39.766609
40.319557
41.1535
40.972218
41.343861
41.334805
40.872494
40.754654
40.274227
40.228912
40.174519
40.618687
40.183582
40.627754
40.772789
39.476532
39.848186
40.102005
43.338081
43.247429
42.921108
43.700672
44.50742
44.625263
45.21447
45.033176
44.9244
44.942524
45.432011
45.749275
45.785534
45.34137
45.395763
45.27792
45.477333
45.314186
45.876186
45.821793
45.08757
44.561813
43.474052
43.392475
43.238365
43.782242
44.371449
43.827568
44.770294
44.427429
43.790806
43.627094
43.836273
46.01899
44.936729
44.663891
45.10952
44.882164
45.164101
45.436939
46.628323
47.492329
47.092159
46.519192
45.891666
46.410072
47.083069
46.873898
46.910267
48.31995
48.065296
48.31995
47.865204
47.365005
46.328205
46.755657
47.04668
47.537811
47.264954
47.246769
46.792034
46.846607
47.428658
47.974331
46.955742
46.61924
45.373272
45.400558
45.136803
43.672573
42.726734
42.908615
40.989643
41.435287
38.133915
40.680424
38.061169
39.952858
40.753189
41.78088
41.380714
41.407993
39.91647
39.398079
39.661823
40.807758
41.753597
41.007824
41.580795
42.526638
42.999569
43.217834
42.908615
41.734077
41.715813
43.084751
43.075634
41.542427
42.217758
43.796597
44.4263
46.123779
46.324547
45.585339
45.475822
43.814842
42.975231
43.440678
44.544952
45.129025
43.477184
42.509804
42.09
39.169617
39.041851
40.565922
41.013103
40.967476
42.455051
42.56456
42.327271
42.464172
43.093884
42.528061
41.378155
42.391155
42.783585
43.732716
44.74572
44.499313
44.499313
44.882614
44.581448
43.796597
42.181263
42.309029
42.144756
41.597183
41.223
42.117382
41.560688
42.099121
43.011745
42.838341
42.482422
40.985733
40.62981
40.657188
40.556797
40.538551
39.753696
39.85408
41.095238
41.870964
44.508446
44.280293
44.015625
44.201511
44.21983
45.181332
44.100784
44.787575
44.137424
43.890179
43.734501
44.43045
44.869991
44.842514
45.620865
45.776543
46.454178
47.021915
47.021915
46.435852
46.866253
46.408386
47.150116
47.836899
48.157394
48.33139
48.276447
48.184872
48.542004
48.413803
48.258137
49.054806
49.393616
47.910156
47.864372
48.010883
47.003601
47.22337
46.106197
46.719727
46.765511
47.42482
48.770931
48.111622
46.985291
46.966972
47.6446
47.745327
48.587784
48.825874
49.311203
49.869785
50.016296
50.171974
50.071232
50.657299
50.529099
50.309322
50.959492
51.032742
51.133476
51.05106
51.421169
51.283421
50.548698
50.016022
49.951733
51.072174
51.228306
50.530319
50.815033
51.228306
51.164028
51.053818
51.549747
50.309906
49.566017
49.483345
49.281311
50.603783
50.906872
50.916046
53.368183
54.130455
54.295769
54.552921
54.240654
54.19474
53.395737
52.863071
53.285519
53.689621
53.313076
52.679382
53.359001
52.642643
53.919216
54.653938
54.360054
53.928406
54.066158
53.606956
53.184498
51.568108
52.468151
52.036499
51.173199
50.254807
50.741554
51.265041
50.714005
50.77829
50.695633
50.658905
50.45686
50.420116
50.401752
49.584385
51.017071
51.173199
50.84259
51.632401
51.540562
51.568108
51.586487
51.219135
50.548698
50.429302
51.467091
52.991642
52.762039
53.267155
52.771214
53.12022
53.473259
54.61628
54.293659
54.772987
55.547291
54.938915
53.777458
54.450352
53.178284
54.201469
54.65316
54.938915
53.924934
51.860111
50.588051
51.445309
51.454521
51.703407
51.343914
51.65733
50.302284
50.883007
50.846146
51.528275
51.943073
50.689438
51.076591
50.246979
50.606476
48.375744
47.942497
49.168476
49.09473
47.094452
47.205063
47.103657
47.57378
47.011475
48.431049
48.606186
47.951717
47.841103
47.841103
47.905624
48.689144
49.214565
48.974903
49.039429
49.242222
49.749207
49.703125
49.924362
50.339161
50.081055
50.366806
50.412899
50.053402
50.293068
50.034962
50.59726
50.588051
49.537201
48.670708
48.886356
49.876675
50.209866
50.422733
51.024334
50.857735
50.84848
51.996136
51.811024
52.014641
51.625919
52.051655
51.283485
52.255283
52.569958
52.625492
53.652832
52.875389
53.310387
53.190063
52.856869
53.36591
52.819847
53.20858
52.644005
51.82029
51.838799
51.514854
52.329315
51.996136
51.755489
52.023899
51.625919
51.829544
52.70879
51.875805
51.163158
52.190491
50.21912
49.460186
48.960403
48.312531
48.303276
47.433285
47.433285
48.034878
48.969658
49.182529
49.543476
49.904438
49.543476
48.673485
48.821575
50.311665
50.339439
49.876675
49.552738
49.830399
49.654549
50.056896
50.354244
50.883896
51.339214
50.5308
50.224163
50.512215
51.060452
50.633011
51.534348
51.134796
50.967529
50.382122
50.586552
50.047615
