Adjusted
19.570171
19.653889
18.691282
18.674541
18.138832
18.456907
18.925655
18.758247
18.925655
18.339722
18.632685
17.695196
17.259928
17.377115
16.9
17.458708
17.29068
17.517521
18.542524
18.634943
19.004623
19.643148
19.685156
18.987818
19.130646
19.475117
19.063429
18.660145
19.424707
19.743969
19.374294
19.710365
20.004429
20.281679
19.945612
20.23967
20.206059
20.19766
20.357292
19.735569
19.248268
19.155849
19.029825
18.802979
18.340893
18.282072
18.147648
18.450109
18.088839
18.063637
17.719164
17.62674
18.156052
17.979614
18.290478
18.374491
18.382889
18.424902
18.273672
18.282072
18.492115
19.046631
19.130646
19.458309
19.340685
19.433107
19.49192
19.223068
19.239866
18.903797
18.828192
18.971014
19.752373
19.769171
19.743969
19.449909
19.290276
19.265072
19.564304
20.044781
20.011065
19.960487
19.564304
20.432529
20.929852
20.828703
20.837128
20.154356
20.078495
19.935198
20.306082
20.221796
20.542109
20.803413
20.676977
20.794987
20.466246
20.053213
20.533688
20.381948
20.440956
20.516813
20.769697
20.297659
19.859331
19.901489
19.673889
19.935198
19.176565
19.437876
19.758186
19.218712
19.581169
19.631748
19.876192
19.34515
19.168133
19.218712
18.628666
18.333635
18.156624
18.257774
17.735159
17.709873
17.237835
17.743587
17.701447
17.642443
17.212547
17.962753
17.456993
17.575006
17.431702
16.925953
16.630926
17.63401
18.485365
18.814108
18.696098
19.395729
19.395729
18.621925
18.537359
18.106066
18.714958
18.977112
20.431692
19.797424
19.459154
20.296383
19.941191
19.645206
20.473969
20.812244
20.524717
20.237181
20.600822
20.964466
20.465509
20.279463
20.431692
20.37249
20.719217
20.406319
20.575453
20.736132
21.421135
21.488792
21.742498
21.776323
21.311199
21.539534
22.10614
21.361944
21.72558
21.759409
21.742498
20.972919
21.209717
19.552177
21.099777
21.987743
20.795334
21.767862
21.72558
21.598728
22.04694
20.380949
21.226631
20.786873
20.211809
19.873537
18.511986
18.004578
17.750879
12.490733
13.928387
16.90519
16.719147
14.943208
13.700054
13.429437
15.611298
15.315305
14.097528
12.75106
12.827518
11.978013
12.903972
12.886983
12.453731
13.379694
14.314148
15.588406
14.747398
13.889398
14.280168
13.447656
13.09936
11.748648
13.481634
12.776547
11.519279
11.961024
10.618805
8.053303
9.837261
11.43433
12.045974
11.84209
12.657618
11.629714
12.402766
12.768049
12.462231
14.696427
13.753479
13.388191
13.67702
12.538683
13.269258
12.66611
15.053214
14.857834
14.450073
15.410014
14.365121
14.424584
14.373617
14.501044
14.237698
15.274092
15.800786
15.656365
16.522863
16.964602
14.806865
15.452485
14.653954
13.694015
14.067794
12.963437
13.201298
13.770466
11.893059
13.821436
12.374858
13.066146
12.451671
13.040544
14.021998
12.613822
12.084689
12.519942
12.152966
12.110291
12.605287
12.793042
12.545546
10.830133
11.07763
11.239784
10.941083
9.660924
9.968164
8.739211
9.037914
8.3893
9.703596
9.029379
9.387822
8.688002
7.971117
7.399312
7.919909
6.818974
6.921386
6.972593
8.056461
8.474645
9.251274
9.404894
8.9355
9.797477
10.924013
10.318071
9.737736
11.393406
10.830133
11.034961
11.436077
11.18858
10.036439
10.667982
11.18858
11.606764
11.879865
11.640901
11.12884
11.487283
12.519942
12.767441
11.640901
12.605287
12.434597
12.827181
11.96521
13.160024
12.340721
12.954114
12.902638
13.074215
13.125688
13.820581
14.017892
14.292416
15.201773
15.227517
15.467727
14.927255
16.248402
14.601256
14.506891
13.837733
14.361048
13.957843
15.013044
14.695621
14.27526
14.180892
14.232366
14.995887
13.923528
14.455417
14.678468
14.789992
15.098831
14.532627
14.935831
14.747095
14.815728
14.541204
14.403946
14.592677
14.463991
14.309574
13.691896
13.314425
13.528897
13.829159
12.988427
13.202896
13.468843
13.657579
13.674739
13.683318
13.606106
13.726212
12.902638
12.945534
12.748217
12.696745
13.005585
12.739642
13.751946
13.631844
14.060789
13.914947
14.03505
14.695621
14.772832
14.892938
15.459146
15.922407
15.88809
15.716511
15.607066
16.012102
16.175844
16.408529
17.149668
17.020405
17.296181
17.761545
17.33927
17.451298
18.235531
18.726753
18.390659
17.658129
18.16659
18.295855
18.511305
19.088705
18.942202
19.631636
19.502367
19.381714
19.519602
19.416183
18.097639
18.114883
18.640575
18.545771
18.537165
18.864639
18.864639
18.89049
18.89049
18.942202
19.726433
19.381714
19.35586
19.088705
19.35586
18.580252
18.244146
17.951139
18.476835
18.692278
18.476835
17.589186
17.537487
18.19244
18.554388
18.657812
18.675041
18.614719
18.89049
18.821548
19.597162
19.381714
18.769846
19.321392
18.950821
18.364794
18.947054
18.462561
17.95212
17.735826
17.190773
18.332792
17.259989
17.502234
17.467627
16.593813
16.611113
16.896614
17.614704
17.502234
17.779087
16.870665
17.000439
17.355158
17.130211
16.913923
16.550552
16.507298
16.706284
16.758198
17.009085
16.351566
16.472691
16.455387
16.758198
16.230448
16.515949
16.334263
16.117971
16.126623
16.368866
16.472691
16.801449
16.472691
16.663017
16.680332
16.567856
16.818752
17.017746
17.156168
17.337856
17.372459
17.389763
17.216728
16.887966
17.251335
17.502234
17.657963
18.047283
17.805035
18.133801
18.090544
18.211668
18.557734
18.505819
18.722113
18.62694
18.221342
17.535231
17.656818
17.196508
17.361525
17.031488
16.996754
17.457062
17.952114
17.326786
16.414846
16.692772
16.267199
16.510387
16.623289
16.866472
16.953327
17.439688
17.830513
18.169239
18.247406
18.247406
17.926058
18.177923
18.047642
18.0737
18.507957
18.499271
18.542696
18.829309
19.280926
19.472006
19.524117
19.775984
20.192871
20.323145
20.705284
20.991903
21.217714
21.130857
20.783463
20.748714
21.009266
21.000584
21.182966
21.408785
21.599855
21.478264
21.513002
21.860411
22.008053
22.233873
22.025423
22.086222
22.173073
22.181755
22.22518
22.937363
22.642065
21.990683
22.129648
22.485733
22.277294
22.227631
22.57616
22.340902
21.147171
21.155895
21.530561
21.321445
21.225597
20.537249
20.545959
19.744339
19.552641
21.190742
20.955488
21.182032
20.537249
19.787907
19.683342
19.230251
19.212826
18.742308
19.570072
19.23897
19.334814
19.517794
20.493679
20.127722
19.709482
20.389122
20.267136
19.413237
18.933996
19.413237
19.291245
20.092867
20.293282
20.345556
20.755077
20.41526
20.354263
20.545959
20.423973
20.005737
19.814045
19.456799
19.770477
19.857615
19.090841
18.907862
18.594183
18.524471
18.559328
19.125698
19.517794
19.744339
19.613638
19.944742
19.552641
19.570072
18.933996
18.925289
19.299961
18.994997
19.003708
19.570072
19.448084
19.936035
19.588703
19.894909
19.964901
20.33235
19.886162
19.09877
19.142502
19.081263
19.518707
19.177498
18.302618
18.18013
18.206377
18.127638
18.398861
18.381355
17.873924
17.786436
17.856426
17.331493
17.130272
17.016539
17.681446
17.147766
17.541468
18.311363
18.766306
19.483715
18.626329
18.713818
18.958786
19.13376
19.457466
19.396225
19.378731
19.352484
19.422472
19.807415
19.702438
19.422472
19.160004
19.59745
19.378731
19.553705
19.466215
19.378731
19.28249
19.072514
19.684942
19.641191
19.544952
19.571201
19.509966
19.466215
19.728682
19.702438
19.702438
19.982397
19.483715
19.483715
19.723562
19.697203
19.635702
19.697203
20.066198
20.0047
19.697203
19.741127
20.048626
19.389708
20.136482
20.101339
19.635702
19.099789
19.424845
19.398491
19.178852
19.319426
18.968
19.170069
19.512703
19.477562
19.345779
18.871359
19.328209
19.055859
19.091
18.880144
19.503922
19.925627
19.767488
19.67963
19.908056
20.435188
20.531836
20.830536
21.041395
21.01503
20.865679
20.777824
20.935963
21.076534
21.384026
21.594881
21.410379
21.533384
21.445528
21.322527
21.252247
21.278599
21.81452
21.779381
22.016586
21.981449
21.884808
21.81452
21.90237
22.086868
21.876017
22.042948
22.051731
21.753025
21.81452
22.069304
22.130798
22.324083
22.517361
22.590546
21.98214
21.990955
22.608181
22.167307
22.246666
22.731632
23.049061
23.154871
23.181322
23.12842
23.419397
23.304775
23.304775
23.586933
23.613384
23.692747
23.181322
23.013794
23.12842
23.454668
23.39295
23.049061
22.537638
23.057877
22.943256
22.758081
23.313587
23.357672
22.969707
23.207775
22.819801
22.661089
22.273117
22.431835
22.63464
23.146051
22.934433
22.828623
22.84626
23.057877
23.110781
23.181322
23.463491
23.146051
23.437035
23.38413
23.304775
23.542847
23.534031
23.198957
23.278318
23.172512
22.907986
22.749268
22.652273
22.35248
22.502371
22.682026
22.832474
22.655476
22.912121
23.089115
23.381163
23.434261
23.345757
23.142216
23.478502
23.018318
23.213013
23.32806
23.575855
23.398857
23.611252
23.204165
23.301512
23.213013
23.32806
23.805948
23.64665
23.168762
22.876717
22.920973
23.080273
23.097969
23.283815
22.513882
22.620077
22.363434
22.151037
22.142191
22.018293
22.239531
21.947496
22.062544
22.496185
21.655451
21.779348
22.159885
22.248384
22.496185
22.089087
21.920944
21.699696
21.832447
22.089087
22.328032
22.549282
22.956371
22.832474
23.036013
23.32806
23.053713
22.56698
22.575829
22.805923
22.558126
22.39883
22.000589
22.372286
22.416531
22.850172
22.611229
22.38998
22.221836
21.648628
21.81748
21.675285
21.52421
20.964334
21.657513
20.528873
20.253378
18.120502
19.95122
18.938107
20.253378
19.97788
20.759928
20.457777
20.502214
19.364687
19.275812
19.329132
20.315588
20.644403
20.084524
20.217829
20.964334
20.839918
20.919899
20.617746
19.906788
19.622398
20.368908
20.048981
19.613514
19.826805
19.986771
19.924553
20.546646
20.582191
19.924553
19.649065
18.662609
18.47599
18.440435
19.106955
19.213608
18.52042
19.169167
18.627062
17.782797
18.609289
19.258034
19.897896
19.551308
20.271149
20.342243
20.93767
20.65329
21.239824
20.404453
21.346474
20.65329
21.186506
21.639738
21.728609
20.955444
21.40868
22.082582
21.636293
21.279261
20.36882
19.708303
19.58334
19.511932
19.645824
20.047485
19.333416
19.458374
19.940376
19.717234
19.985004
19.529785
19.181673
19.386971
19.012089
19.07457
18.503311
18.476534
19.065645
19.056717
20.092119
19.806492
19.690451
19.922523
19.699379
19.93145
19.07457
19.163824
18.708605
18.306944
18.083797
18.280163
18.369423
17.771391
18.217682
18.628275
18.833569
19.012089
18.931753
18.708605
18.922827
18.806791
19.208454
19.270935
19.413754
19.154894
18.815722
19.494081
19.529785
19.93145
19.851114
19.958229
20.092119
20.297411
20.324184
20.591967
20.815111
20.734777
20.4613
20.550964
20.4613
20.470266
20.721329
20.694426
21.331047
21.205515
20.407509
20.631664
20.174374
20.120579
20.228174
20.201275
20.335772
20.479239
20.694426
20.93652
20.873755
20.837893
20.784092
20.802027
20.855829
20.667528
20.775129
20.81995
21.071014
20.640633
20.81995
21.06205
21.304142
21.250347
21.698664
21.653833
22.093185
21.913858
21.698664
21.797295
21.680729
21.375872
21.474508
21.824192
21.922823
22.129049
21.913858
21.949722
22.039383
21.90489
21.689695
21.608999
21.06205
20.685463
20.86479
21.241381
20.86479
21.10688
21.357946
21.088951
21.115847
20.945488
20.739262
21.01722
21.393806
21.389301
21.524395
21.380297
21.37129
20.60578
20.236534
19.840269
19.849276
19.750212
19.615122
19.597105
19.51605
19.20985
18.957678
18.498365
18.012045
17.921986
18.20117
18.219185
18.129129
18.183161
18.129129
18.246204
17.876957
17.967016
17.381624
17.156471
17.246532
17.88596
17.81391
17.822916
17.552738
17.507706
17.255539
17.192499
17.570749
17.3456
17.471682
17.831923
17.264545
17.3456
16.679153
16.86828
16.931322
17.021383
17.228523
17.453671
17.633793
17.498701
17.291559
17.183495
17.066414
17.264545
17.021383
17.489698
17.27355
17.039398
17.507706
17.453671
17.066414
16.886293
16.535057
16.679153
16.851477
17.187059
17.232405
17.132633
16.869619
16.96032
17.395658
17.196125
17.386591
17.341244
17.558914
17.631474
17.586121
17.595196
17.631474
17.812866
17.595196
17.776587
17.776587
17.522633
17.522633
17.422865
17.332172
17.268684
17.522633
17.477282
17.694963
17.68589
17.595196
18.075882
18.248211
18.094028
18.284487
18.211929
18.474955
18.973783
18.638208
18.465881
18.393328
18.184719
18.03961
17.976116
17.513565
17.459148
17.622398
17.431944
17.676823
17.72217
17.667757
18.021471
18.121233
18.0124
17.939844
17.731239
18.075882
17.912634
17.976116
18.420538
18.747044
18.87402
18.574722
18.665417
18.556578
18.529371
18.730185
18.638905
18.511118
18.730185
18.848841
18.784946
19.086164
18.30118
17.872171
17.945192
17.826532
17.726126
17.507059
17.653107
17.780893
18.054731
18.082106
18.146004
18.465481
18.556755
18.401585
18.547626
18.611519
18.611519
18.65716
18.648031
18.876225
18.857967
19.01314
19.140932
19.040525
19.250463
19.040525
19.01314
19.067907
19.405638
19.140932
19.305229
19.049654
19.01314
18.958378
18.90361
18.757565
