Adjusted
25.607473
25.529144
24.741793
24.525379
23.756584
23.604052
24.084293
23.519548
23.752451
23.144424
23.270151
22.474556
22.765171
22.748682
24.117273
24.931423
24.694395
24.98501
25.032417
24.931423
25.714651
26.376272
25.9084
25.275629
25.380749
25.613653
25.836258
25.867174
25.883671
25.961985
25.708473
25.722895
25.300364
25.551825
25.397232
25.584801
26.106262
26.611238
26.330927
26.023819
25.714651
25.527096
25.459076
25.918699
24.937605
24.663473
24.570385
25.76404
25.526138
25.524065
25.393736
25.277885
26.748758
25.714396
25.250996
25.97505
26.688761
26.452932
25.979191
25.863337
25.93782
26.469479
26.817032
27.321798
27.650728
27.605217
27.613495
26.866676
26.893576
26.937017
27.176987
27.079758
28.252735
28.041721
28.565117
28.507191
28.304453
27.956894
28.556833
29.084354
29.293312
29.775316
30.035984
30.333883
30.385599
30.375257
30.809689
30.01116
30.449738
30.261477
30.544889
30.836576
31.020706
31.444784
31.651661
31.755108
31.771664
31.668221
31.949564
31.47788
32.665348
32.599144
33.244587
34.055538
33.588001
32.979801
33.042042
33.900845
32.340851
33.075226
32.593945
30.743517
31.287024
31.353411
31.556709
30.067249
31.457136
32.278622
31.896938
31.340971
30.6066
31.067146
30.282999
30.631498
31.324371
30.556828
29.129591
29.39513
29.175228
30.623209
29.598412
29.951084
29.839054
29.58597
28.913843
30.473841
30.370125
30.096292
30.083839
30.764267
32.083626
32.021393
32.150009
31.772459
33.610435
34.539783
34.203712
32.959049
33.187241
34.099995
34.041916
33.734894
34.510738
32.88023
31.589897
31.768305
32.208088
31.892769
31.79734
31.793196
32.291077
32.35331
33.004688
32.992241
33.656063
34.205559
34.859112
34.92572
34.118134
33.531174
31.524723
31.412327
31.408169
29.464149
30.725473
32.736088
32.386433
30.188482
30.454889
30.28838
30.725473
31.941008
30.330008
30.692179
29.897081
30.113546
30.500673
28.78562
29.622334
28.906338
25.850857
25.730137
25.497019
25.039112
25.305536
23.677889
24.144117
26.329575
26.208849
22.537285
23.036819
23.09926
24.510447
24.318951
23.673729
24.248192
24.260675
23.161699
24.943371
26.37953
26.491924
27.79487
26.787477
28.906338
26.833277
25.251421
25.388794
26.021526
25.959089
24.955864
25.646883
23.840231
23.815258
23.448933
21.217688
20.447571
19.773199
19.773199
20.822222
21.236572
20.94359
19.6838
19.784254
20.119076
19.834473
19.876329
21.190531
19.629389
20.529247
19.50383
17.917572
18.197992
19.629389
20.420429
19.49964
19.365713
19.662868
19.39501
19.290379
19.658691
19.286188
19.591726
20.006069
20.981264
21.784857
22.605185
20.826405
20.625507
20.140001
19.047623
18.516079
17.394403
17.256277
16.917267
15.83326
16.959122
18.101732
17.78783
17.971981
18.8258
19.566612
18.708609
18.327744
18.043135
19.051809
19.319677
19.788435
20.621325
20.633877
19.57498
18.9681
18.143578
18.210546
17.080498
17.143282
16.419209
16.75404
15.799775
16.69544
16.324619
15.772598
15.810526
15.089951
15.41021
15.995935
14.92982
14.740197
14.167109
15.08574
15.397572
15.705182
15.667256
16.404684
16.897709
16.691227
16.63224
16.303549
17.715212
17.765774
17.25589
18.743393
18.119736
17.26853
17.323311
17.529795
19.067867
19.421837
18.566412
17.963825
18.503204
19.510324
19.704165
19.455544
19.632523
19.881149
20.348892
19.375479
19.805294
20.108696
20.879843
20.702854
19.965424
19.851643
20.614365
20.707071
21.061043
22.468479
21.950161
22.333633
21.600418
21.676264
20.791348
20.361532
19.358629
19.341768
19.628317
20.424738
20.298326
20.437384
19.388119
19.45133
20.184544
19.201385
19.307331
20.879549
22.023741
22.460236
21.947464
22.595844
22.799257
22.88401
22.850107
22.642458
22.528036
23.036577
21.866943
21.905085
21.782198
21.515207
22.036459
20.879549
20.972771
21.379604
22.515326
22.587368
22.324629
22.061882
22.354296
21.570301
21.494024
20.777836
20.718513
21.057529
21.345697
21.718626
22.578888
23.587486
23.960409
24.083307
24.68507
24.850344
25.10037
25.066469
24.57489
24.498606
23.968884
23.786657
24.201963
24.375715
25.511438
25.608902
25.113085
25.185127
26.007256
25.117325
25.426678
25.740274
26.066586
25.774178
25.011379
25.235981
25.392778
25.960646
26.253046
25.943691
25.837748
25.587721
25.779272
25.809076
25.460016
25.238659
24.987509
25.553665
26.409283
26.251776
26.498682
27.047804
26.626379
26.724283
27.0776
26.903069
26.541248
26.562531
26.200699
26.392254
25.88995
25.830359
25.328053
25.664339
25.17481
24.83852
24.715069
24.425604
24.847031
25.034332
24.961969
25.306765
25.4515
25.374878
25.502581
26.758341
26.724283
27.043545
27.298954
27.345781
26.783884
26.017654
24.574591
24.710815
23.450802
23.604038
24.042496
23.472084
23.43803
25.289734
25.179068
25.817583
26.5455
26.55401
26.44334
26.856249
26.605097
27.052055
27.690586
28.077955
28.069445
27.528824
27.690586
28.141811
27.418148
27.572035
27.012045
27.041967
27.499367
27.619057
27.443796
27.879818
27.708828
27.080444
27.140291
27.610506
27.435247
27.905466
27.747301
27.563494
27.063341
27.093267
27.678909
27.807154
28.127745
28.311567
28.067909
27.939667
27.743025
27.315557
27.952488
28.341482
28.384235
28.132025
29.085291
28.892929
28.807434
28.841635
28.375687
28.029434
28.008059
27.242882
27.978138
27.294182
27.251434
27.443796
27.277084
26.306715
25.862144
26.635874
26.900906
26.922277
26.067327
26.546099
26.063061
26.392216
26.379383
27.191586
27.106091
27.854172
27.777229
27.918289
28.456903
28.576601
28.379965
28.706163
29.384338
28.916481
29.058128
28.873554
28.847809
29.212645
29.671911
29.826426
30.405865
30.732084
31.118382
31.332996
31.294363
31.526146
31.42312
31.611977
31.436001
31.762207
31.633446
31.294363
31.191341
31.187056
31.581942
31.59481
31.46176
31.611977
31.680656
31.607691
31.624859
32.427494
32.513336
32.354527
32.706478
33.075615
33.097073
32.599182
32.358818
32.925388
33.06274
32.727951
33.092781
33.097073
32.650692
32.594894
33.328861
32.474712
33.191509
32.217178
31.886683
30.989614
30.504591
32.165676
32.101292
32.929691
32.547691
31.839464
31.89097
31.307249
30.723507
29.161144
29.938025
29.757761
29.431547
30.242382
30.859133
30.807375
30.324329
31.30337
31.579388
29.901655
29.371166
29.901655
29.923225
31.350811
31.721733
31.372375
32.411789
32.398853
32.87328
32.937981
33.136368
31.842487
31.898558
31.066149
31.363752
31.34218
30.246696
29.979298
29.979298
29.487621
29.082199
30.294146
30.57448
30.928144
31.350811
31.242987
31.307684
31.130844
29.677389
29.487621
30.031044
29.811092
31.225737
31.872673
32.545506
32.187519
32.222031
32.066746
32.204765
32.890533
33.011299
33.196754
33.438278
33.226944
33.697056
33.494343
32.036568
31.838169
31.678596
31.523329
32.282402
32.778404
32.131443
32.02795
31.424129
31.027346
31.126532
31.230051
31.927608
31.347027
31.602659
33.093102
33.496044
34.141621
33.950974
34.232605
34.080959
34.111294
34.336582
34.531551
34.26292
34.193611
34.644207
34.982166
35.194466
34.921509
34.301933
35.571415
35.376434
35.658062
35.636391
35.441418
35.107811
34.674538
35.710049
36.086994
36.234306
36.767227
36.853874
36.160656
37.616428
37.317482
36.918877
37.014194
36.528915
37.170166
36.940533
37.395466
37.776745
37.850399
37.014194
37.282825
37.989056
38.517635
38.972576
39.440502
39.73946
39.52282
39.852108
39.145882
39.600826
39.401512
39.119877
39.553146
38.890251
38.955242
39.726471
39.782776
39.132874
38.565296
39.319187
39.201706
39.44101
39.206047
39.776031
40.750637
41.137863
41.081303
40.955128
40.232876
40.376465
40.306843
40.106705
39.841297
39.784725
40.15456
39.671608
39.549774
40.054485
40.067539
39.902206
40.032734
39.989223
40.093655
40.054485
40.315536
40.763695
40.498287
40.446064
40.267681
41.411976
42.360474
42.408333
42.67374
43.082729
42.926086
42.708538
42.334366
41.355408
41.120457
40.98558
40.472168
40.950779
41.48159
40.698433
41.172668
41.520748
40.972534
40.724533
41.007343
41.163971
41.385864
41.70348
42.425735
43.082729
42.869522
42.634586
42.491005
42.560612
42.264748
41.037788
40.263336
40.940514
41.080311
41.683216
40.486137
41.193905
41.740005
41.661369
41.311863
42.085136
41.547771
41.093395
41.403595
41.084679
40.639053
39.96188
40.979828
41.512817
42.190002
41.342434
41.032253
41.66573
42.63562
42.648716
43.168625
42.757954
42.958916
42.932705
43.081249
42.72736
42.548241
42.155037
41.792423
41.656986
42.176888
42.334171
42.548241
42.932705
42.272999
42.517654
41.971554
41.967182
42.377861
43.679768
44.474907
44.955475
45.204506
45.270039
45.366154
43.93317
44.435581
44.710823
44.76762
45.650124
44.763245
44.750145
43.889481
44.125401
43.596764
44.57539
44.907421
44.557911
44.383156
44.378784
44.81567
45.31385
45.441132
46.073174
44.269226
44.866142
44.392105
43.948811
44.185829
43.777626
44.457962
43.716183
44.172665
44.629135
43.641571
43.360664
43.896145
44.681805
45.138271
44.712532
44.607185
43.909306
43.896145
44.651081
45.208504
45.822994
46.858833
46.402355
46.784214
46.634987
45.77911
44.892487
44.457962
44.835423
44.203384
44.216553
44.11121
44.133167
43.817135
45.822994
45.559639
46.024891
45.524525
44.857372
45.283115
44.980278
44.466736
42.833965
43.136818
40.722759
40.586704
38.383339
40.332127
38.945148
40.371635
40.69643
41.192421
40.174122
40.349689
37.768848
37.610847
37.738129
38.813473
39.09
38.826649
39.305073
40.083881
40.926689
40.670757
40.326572
38.949848
39.060158
39.58968
38.914555
37.546646
37.193645
38.596848
39.166065
40.260384
40.43689
39.549961
38.998386
36.655308
36.377316
36.672958
36.94212
37.798164
36.743561
37.604023
36.03754
35.225628
36.840641
38.137932
39.50584
39.183723
40.595745
40.732525
40.503086
39.761772
40.582497
39.40876
40.772255
40.136833
41.738602
42.784378
42.982952
42.21957
43.203575
45.28632
45.017151
43.936066
42.727028
43.680141
44.783283
44.672966
44.867134
45.153942
43.402164
44.293476
45.396637
45.436352
45.61726
45.012745
44.531769
45.025974
43.42421
43.353615
42.360775
41.99012
43.753021
44.063873
45.92004
45.706879
45.600307
46.444016
45.66692
45.524815
44.570103
45.182907
44.672234
44.490162
43.792995
43.868477
44.352509
43.735264
44.938663
45.746849
46.27972
46.861439
46.932484
46.390728
46.781502
47.043503
47.958263
48.30463
47.953815
47.749546
48.619904
49.450291
49.725613
49.312641
48.726479
48.624332
48.766445
49.814419
50.107498
49.38813
49.38369
50.458305
50.480511
51.022255
50.906799
50.760258
50.995617
50.946766
51.55957
51.088863
50.924561
50.778027
50.089741
49.570187
50.258484
50.25404
48.584381
48.349037
49.28598
49.636799
49.770012
49.712288
50.009804
50.331238
50.099091
49.219624
49.791054
49.505329
48.907112
47.679405
48.143703
48.782101
48.054417
48.282104
49.282112
48.085667
50.483028
50.514278
50.451782
49.929443
50.139267
49.125866
48.612461
49.701767
49.335682
48.174957
47.947273
47.982994
48.929424
48.103512
48.384785
48.505318
47.402615
46.866894
47.232975
48.572281
48.232979
48.255314
48.750854
48.951756
47.188324
47.884758
48.661572
49.340149
50.666065
50.612495
50.844643
50.197311
51.255363
51.358047
50.920536
50.715168
50.728569
50.483028
49.951771
50.183914
50.081234
49.585678
50.183914
50.000877
48.28656
47.844593
49.188354
49.724091
50.219627
50.398212
49.947296
50.535282
49.309948
50.001171
48.524464
47.779392
48.06216
49.453587
49.498459
49.660046
49.197735
50.346775
50.405125
51.006569
51.558655
53.048805
53.147568
52.644855
51.823471
52.2813
51.136734
51.473366
51.522751
51.760635
53.551521
53.214882
53.389942
53.075741
52.402477
52.959045
52.272324
52.299244
52.196007
53.030853
52.945576
53.116135
53.232845
55.104515
53.681675
52.644855
52.420437
52.689732
54.224789
54.974361
55.270588
55.032688
54.574879
54.669136
55.898968
55.382805
55.319962
54.758911
54.440231
54.763393
54.619755
54.615273
55.526432
56.069523
56.109928
55.800228
55.979759
55.96629
55.56234
55.652107
55.499493
55.432171
55.378048
54.755619
54.773663
55.143513
53.776871
54.683456
55.139
55.414131
56.014008
56.352291
57.042366
57.926392
57.240818
57.11002
56.401901
54.552654
53.840019
54.624813
54.295563
53.637047
53.452133
53.537823
53.461143
53.718235
54.412834
54.832283
55.098408
55.314899
54.692482
54.543629
54.539127
54.597763
54.543629
55.657696
55.80653
56.5327
55.82457
56.081657
55.576504
54.516567
54.863869
55.752407
55.49081
56.816845
55.919285
55.811035
56.271099
55.089386
54.588737
54.236927
54.922501
54.719532
52.978542
53.217594
53.023643
53.99337
54.137707
54.14222
55.017227
54.967606
55.139
55.696922
55.864761
55.692387
55.080032
55.506405
55.728672
55.851139
56.223087
56.803696
56.059795
56.563282
56.558746
56.372776
57.012341
57.679134
57.04863
57.207394
57.007809
56.926155
56.567822
56.526997
56.037117
