Adjusted
17.77
18.26
17.34
16.42
15.7
15.54
16.57
17.200001
17.59
17.120001
17.049999
16.030001
16.02
15.9
16.639999
17.15
16.860001
17.35
17.25
17.42
18.23
19.049999
18.35
18.26
17.9
17.91
18.18
18.299999
18.309999
18.610001
18.809999
18.84
19.049999
18.950001
18.860001
18.879999
19.27
19.4
19.360001
18.969999
20.1
19.65
19.59
19.17
18.700001
18.9
18.58
18.889999
18.93
19.200001
18.370001
17.709999
17.610001
17.610001
18.24
18.959999
19.52
19.01
18.52
18.41
18.84
18.84
19.35
19.459999
19
19.49
19.549999
18.66
18.940001
18.620001
17.76
18.200001
18.35
18.379999
18.74
19
18.66
18.83
18.99
19.040001
19.01
19.01
18.84
19.16
19.33
19.209999
19.379999
19.559999
19.690001
19.549999
19.959999
20.09
19.889999
20.52
20.690001
20.639999
20.09
20.1
20.309999
20.120001
20.219999
20.66
20.42
20.59
20.5
20.469999
20.360001
20.07
19.6
19.5
22.09
21.59
21.450001
21.799999
22.02
21.83
21.709999
21.82
21.59
21.280001
21.41
21.129999
19.51
19.959999
19.610001
19.129999
19.030001
18.950001
19.190001
19.85
20.040001
19.59
19.280001
18.950001
19.120001
18.889999
16.889999
16.83
17.02
17.5
18.200001
17.139999
17.32
17.799999
17.129999
16
16.18
16.209999
16.09
16.629999
16.549999
15.88
16.360001
16.57
16.370001
16.370001
16.5
16.030001
15.75
15.43
15.27
16.02
16.26
16.059999
15.93
16.219999
16.32
16.190001
16.41
16.35
16.02
15.92
16.379999
16.299999
16.629999
16.200001
16.200001
15.81
16.18
15.32
20
17.549999
16.23
15.84
14.79
14.77
14.98
15.65
15.24
13.89
13.42
12.78
12.01
11.09
10.96
11.12
10.02
11.51
11.61
9.83
10.17
9.99
10.22
9.55
8.42
8
7.99
7.49
8.21
9.1
9.84
10.25
10.34
10.39
9.56
8.63
8.25
7.85
7.2
6.54
6.66
6.26
5.9
5.57
4.94
4.4
4.76
5.53
6.67
7.74
8.07
6.42
6.84
7.17
6.09
6.34
6.98
7.05
7
6.81
6.98
6.34
7.04
7.96
8.36
8.38
8.1
8
8.11
8.4
7.98
8.72
9.12
8.98
8.71
9.47
8.71
8.63
8.01
7.4
7.09
6.55
6.59
6.41
5.7
6.07
5.76
5.74
5.87
6.02
6.48
5.93
5.58
5.28
5.43
5.41
5.52
5.9
5.71
5.13
5.42
5.54
5.26
4.86
5.02
4.71
4.7
4.38
4.52
4.19
4.19
4.05
3.78
3.49
3.24
3.2
3.16
3.03
3.29
3.2
3.52
3.44
3.49
3.7
3.94
4.02
3.72
4.11
3.76
3.73
4.18
4.7
4.19
4.21
4.29
4.67
4.59
4.36
4.06
4.19
4.68
4.9
5.05
4.98
5.18
5.47
5
5.15
5.57
5.71
6.07
6.01
6.11
6.42
6.06
5.79
6.04
5.92
6.01
5.65
6.21
5.84
5.62
5.01
4.98
5.14
5.23
5.05
5.23
5.09
4.98
4.96
4.83
4.7
4.75
5.15
5.34
5.43
5.89
6.42
6.6
6.82
6.67
6.8
6.8
6.31
6.23
6.4
6.24
6.15
5.83
5.75
6.01
6.3
6.61
6.49
6.49
6.3
6.03
5.74
5.47
5.34
5.34
5.4
5.56
5.72
6
6.15
6.02
6.47
6.38
6.35
6.65
6.87
6.82
6.74
6.68
7.12
7.47
7.66
7.93
7.84
7.82
8.35
8.23
7.98
8.22
8.47
8.19
7.91
8.14
8.32
8.64
8.76
9.05
9.31
9.32
9.27
9.32
9.19
9.16
9.21
9.28
9.32
9.78
10.12
9.89
10.16
10.81
10.56
10.96
10.94
10.93
10.78
11.02
10.85
10.48
10.08
10.54
10.76
10.3
9.73
9.45
9.61
9.8
9.46
9.84
9.94
10.16
10.23
10.9
10.83
10.82
10.9
10.93
10.96
11.03
10.56
10.03
9.97
9.19
9.89
9.49
9.12
9.42
9.27
9.77
9.7
9.87
8.89
8.71
8.69
8.92
9.3
9.35
9.59
9.54
9.64
9.52
9.08
9.6
9.19
9.22
9.23
9.33
9.4
9.49
9.97
9.8
9.8
9.74
10.02
9.97
9.95
9.99
9.68
9.78
10
10.19
10.23
10.26
10.14
10.06
9.99
9.81
10.04
9.93
9.93
9.8
9.58
9.3
9.14
8.96
8.98
9.14
9.28
9.25
8.8
8.49
8.62
8.5
8.34
8.33
8.01
8.38
8.46
8.31
7.38
7.38
7.41
7.54
7.28
7.08
7.07
7.14
7.16
7.02
7.03
7.44
7.29
7.36
7.28
7.55
7.8
8.02
7.76
7.87
8.28
8.18
8.39
8.5
8.47
8.42
8.25
8.25
8.25
8.14
7.96
7.97
8.39
8.46
8.41
8.4
9
9.4
9.38
9.27
9.6
9.74
9.83
9.82
10.46
10.2
10.47
10.78
10.94
10.63
10.73
10.73
10.7
12.51
13.14
13.82
13.22
13.3
14.46
14.36
14.59
13.9
13.3
12.58
12.12
13.34
13.46
14.01
14.2
13.56
13.38
13.31
12.61
11.61
11.81
11.89
11.51
11.7
12.41
12.15
12.21
12.62
12.55
11.65
11.17
10.83
10.97
11.4
11.7
11.83
12.61
12.63
12.52
12.48
12.23
11.52
10.98
10.46
10.68
10.53
9.51
9.32
8.91
8.53
8.29
8.83
9.1
9.59
9.51
10.17
10.43
10.57
10.25
10.4
10.57
11.85
12.5
12.85
13.22
13.1
12.76
13.11
13.18
13.37
13.4
13.89
13.41
13.47
13.73
13.21
12.26
12.09
12.03
12.26
12.62
12.95
12.8
12.41
11.93
11.61
11.5
11.31
11.84
11.23
11.25
11.93
12.39
12.93
12.64
13.06
13.11
13.66
13.8
13.97
13.95
13.89
14.01
14.48
14.38
14.35
14.06
14.52
14.63
14.8
14.79
14.84
14.95
14.53
14.87
14.69
14.89
14.78
15.05
16.07
16.440001
16.459999
16.280001
16.66
16
17.6
18.32
18.469999
18.860001
18.6
18.870001
18.5
18.790001
18.940001
19.370001
19.360001
19.940001
20.059999
20.34
20.18
20.379999
20.219999
19.639999
19.780001
19.059999
19.59
19.84
19.870001
19.91
19.84
20.620001
20.549999
20.190001
19.620001
20.219999
20.799999
21.41
21.629999
21.610001
22.66
23.08
23.51
22.66
22.459999
21.950001
22.5
22.16
22.26
22.83
22.65
22.75
22.719999
22.709999
22.719999
22.75
22.75
22.870001
23.690001
24.48
24.459999
25.25
25.18
25.110001
25.110001
25.549999
26.49
26.440001
25.450001
24.889999
25.299999
26.120001
26.17
27.370001
27.709999
26.49
26.65
27.530001
28.700001
29.77
30.5
31.139999
30.9
31.139999
31.58
31.25
32.970001
32.169998
32.470001
33.18
32.650002
31.290001
30.42
30.030001
32.189999
30.98
30.24
31.07
32.060001
31.77
31.1
31.49
31.16
30.040001
30.4
30.370001
30.370001
30.290001
30.860001
30.52
31.83
31.139999
31.360001
31.9
32.48
32.360001
32.400002
32.720001
33.279999
33.779999
33.73
34.09
33.810001
33
32.279999
31.879999
31.43
31.719999
31.559999
32.029999
30.65
31.5
28.370001
29.719999
29.15
29.360001
29.5
28.969999
29.42
29.25
28.32
27.360001
27.33
27.639999
27.27
28.059999
27.129999
26.67
26.07
25.950001
25.059999
25.610001
25.549999
25.17
24.42
24.24
25.190001
25.440001
25.690001
27.34
25.549999
25.43
24.6
23.9
23.68
22.18
22.83
22.32
22.5
23.959999
23.209999
23.24
23.25
23.209999
24.15
24.120001
23.780001
22.959999
23.23
24.379999
24.41
25.4
26.690001
25.85
25.15
26.620001
25.93
24.860001
24.620001
23.809999
23.290001
23.01
22.34
23.01
24.860001
25.639999
26.49
25.65
25.219999
23.790001
23.27
23.01
22.379999
20.75
20.5
17.440001
17.65
14.75
15.74
14.64
16.129999
16.9
17.41
17.1
16.790001
14.19
13.11
13.34
14.3
14.65
14.95
16.209999
17.18
16.950001
16.68
16.48
15.51
15.61
17.25
16.75
15.87
15.64
16.5
17.48
18.23
18.67
18.34
17.870001
16.68
15.78
16.110001
17.02
17.870001
17.16
17.17
16.84
15.86
17.75
18.9
20.040001
19.620001
20.35
20.540001
20.57
20.92
21.5
20.24
21.059999
23.219999
24.120001
24.01
24.82
23.52
23.629999
24.75
24.360001
23.41
22.68
23.49
24.67
24.6
24.41
25.4
23.940001
25.82
26.440001
26.23
26.66
26.459999
25.190001
25.4
24.98
25.129999
24.309999
24.18
25.690001
26
28.139999
27.91
27.959999
28
27.49
27.450001
27.15
27.790001
27.23
26.27
25.75
26.040001
27.889999
28.309999
29.860001
30.299999
29.77
30.23
30.309999
29.379999
29.59
29.549999
28.959999
29.780001
29.93
29.629999
29.469999
31.41
31.27
31.25
31.09
31.84
34.77
34.689999
34.48
33.720001
33.970001
34.77
37.869999
38.43
38.310001
38.240002
38.490002
38.48
40.34
41.23
40.830002
41.48
40.759998
40.110001
41.27
41.189999
40.41
41.25
40.68
39.5
41.150002
42
42.889999
43.25
42.220001
41.68
42.509998
43.299999
42.41
41.360001
42.459999
43.259998
42.880001
42.27
43.139999
42.84
43.259998
42.580002
42.07
41.07
42.32
41.599998
41.389999
42.09
42.150002
42.380001
42.82
42.889999
44.25
44.889999
43.389999
42.849998
41.5
38.610001
39.080002
40.650002
40.299999
40.299999
40.91
45.75
45.150002
45.16
44.369999
44.669998
45.990002
44.950001
46.82
46.68
44.799999
45.139999
43.75
42.209999
42.77
42.110001
42.439999
43.099998
43.41
40.91
39.189999
37.98
33.889999
33.049999
35.919998
35.650002
36.610001
36.360001
36.66
38.41
36.68
34.549999
31.110001
30.16
31.91
32.599998
33.439999
32.549999
30.18
32.299999
31.67
33.060001
34.810001
34.790001
36.93
35.330002
34.130001
33.43
31.57
31.74
31.42
32.139999
34.040001
33.869999
35.84
35.73
34.040001
35.259998
33.080002
32.23
33.529999
34.889999
34.130001
34.43
29.66
29.799999
30.389999
30.940001
28.200001
27.23
27.43
29.629999
29.17
28.91
27.780001
28.07
30.23
31.1
31.950001
32.099998
32.669998
32.619999
32.290001
32.310001
32.650002
34.02
35.150002
33.580002
33.130001
32.900002
31.969999
32.25
31.940001
31.370001
31.48
31.5
32.310001
34.419998
34.369999
36.900002
37.830002
37.919998
37.049999
36.080002
37.709999
37.380001
35.849998
35.310001
37.549999
36.790001
36.91
36.240002
34.439999
32.84
33.330002
32.709999
32.279999
32.48
32.18
33.580002
33.900002
33.220001
33.049999
32.099998
32.490002
32.080002
33.439999
33.959999
39.220001
39.939999
38.580002
38.709999
38.790001
38.799999
39.080002
38.720001
40.66
42.669998
40.939999
41.099998
41.439999
40.18
38.869999
39.669998
40.77
41.169998
39.169998
37.77
38.950001
40.299999
40.040001
41
41.25
41
39.860001
40.990002
41.5
41.529999
41.669998
42.209999
42.57
42.580002
42.700001
43.200001
43.080002
43.220001
42.41
42.279999
42.540001
44.68
44.779999
45.130001
44.799999
44.98
44.220001
43.48
42.720001
