Adjusted
50.629166
48.427586
46.758179
46.437412
46.094784
44.957539
45.460548
43.463081
43.645332
40.022205
39.118237
37.995575
39.38797
38.622509
38.673538
40.335674
39.796215
40.022205
44.162922
43.41206
43.054855
43.864052
43.798424
41.713486
41.174019
41.647873
42.930908
43.040478
42.141987
43.245022
42.923611
42.63871
44.31155
44.881321
43.71254
43.778286
44.618343
45.553375
44.421112
42.565662
42.200428
42.28809
41.396866
41.075466
39.09584
38.358047
37.802868
39.300381
36.999317
37.276924
35.874367
34.106586
36.568348
35.823246
36.16658
36.582954
35.136585
35.764812
35.406868
35.757492
35.874367
37.919746
37.963577
37.693295
36.970112
36.254238
36.473381
35.794025
35.881683
34.844387
35.06353
35.472603
37.751743
38.708672
38.387272
39.08123
38.562588
38.131596
37.532589
37.875912
38.664864
37.612946
35.684456
36.341888
36.071602
35.991261
34.917427
34.778648
33.799782
32.550644
34.354958
34.43531
34.647163
34.800564
35.377644
36.298061
36.612175
36.159271
36.385723
35.616383
34.781109
36.312454
35.638374
37.250301
38.744995
38.180832
36.180565
36.371063
33.945835
33.227795
32.678268
32.7369
32.546387
32.85413
32.32658
32.986015
32.282604
32.363216
31.146925
31.828346
31.623192
32.048153
30.223742
29.278551
30.172459
29.5863
27.783861
27.17572
26.955914
26.758089
25.197443
24.765148
23.907892
23.24114
23.607489
23.754028
24.589302
24.259588
26.17193
25.834892
24.60396
23.03599
23.358368
23.307085
24.420782
25.761614
24.479399
24.142355
22.81011
23.656565
25.371555
24.245407
25.555567
25.658609
24.863689
25.60709
24.974091
25.194906
24.017225
24.598707
25.665976
25.1581
24.77536
24.363171
24.731195
25.776375
25.776375
25.585009
24.319008
25.592369
24.782717
24.569262
25.467241
22.456804
22.743866
24.311646
26.402023
22.957325
23.384233
22.471531
23.671289
25.1581
23.553516
24.061392
25.025616
26.284254
25.150743
22.066706
22.302237
21.551468
19.04891
18.923777
17.922752
16.745075
16.516903
14.029061
13.469672
15.89126
16.119434
12.895551
12.969155
13.337181
14.801912
14.801912
13.189974
12.571692
11.747313
11.121676
12.372958
12.844026
14.146831
15.147853
14.934401
16.170967
15.236186
13.734646
14.276315
14.639897
14.179856
13.074252
14.357933
14.476656
14.016609
13.727225
12.2061
10.425272
12.139317
12.918431
13.081676
13.623343
13.615925
12.042859
12.896171
13.148454
12.020593
12.584525
13.749485
13.942407
14.550858
14.476656
14.224372
14.343092
15.456111
16.583971
16.353941
16.858517
15.307716
15.137047
15.203829
15.315132
15.456111
15.990363
16.057146
17.244362
18.2535
18.513199
17.570843
18.2535
17.808294
17.029175
17.800877
16.457829
16.969818
17.830549
17.348248
18.498358
17.288883
18.246075
19.181017
18.001217
18.7358
18.320278
17.897333
16.992077
17.444706
17.748932
17.593107
17.615374
18.27249
17.324137
17.18973
17.914061
17.973797
16.510204
15.868019
15.41998
14.299887
13.829441
14.837527
15.322903
15.113816
14.471632
12.67948
12.843761
12.993107
12.20904
12.126898
12.418125
12.716819
12.746684
13.127517
12.940837
13.381407
13.81451
13.82198
14.508967
13.463544
13.851847
13.650228
13.919057
14.837527
14.225212
13.239529
13.36647
13.762239
14.576178
14.815127
14.695653
14.479098
15.054084
15.681335
15.397578
15.352776
15.599199
16.084574
16.218983
14.99434
15.218367
15.307971
15.897892
16.18911
15.487188
15.546922
15.300501
14.815127
15.41998
16.316057
16.330994
16.913445
16.338457
17.398813
16.286188
15.778416
15.41998
15.890419
15.561858
15.644
16.084574
16.144308
15.502115
15.456992
15.645029
15.84811
16.434803
16.825932
17.156883
16.83345
13.839838
13.727007
13.696923
13.719485
13.651793
13.681882
13.290753
13.245622
13.019976
12.974843
12.967323
13.102714
12.929715
12.222676
12.455851
12.057203
12.553633
12.395677
12.508502
12.704066
13.102714
12.448331
12.523546
11.929336
11.899251
11.914293
11.71121
12.192593
12.32798
12.786803
12.944755
13.102714
13.396058
13.486318
13.328363
13.779661
13.772141
14.118133
13.779661
13.313318
13.569054
13.538969
14.020358
14.088057
14.163266
14.065482
13.930096
14.043838
13.808764
13.7026
13.808764
13.490274
13.004958
13.080789
13.384112
13.611608
14.021091
14.339578
14.32441
14.407824
14.43816
14.407824
14.21067
13.823932
13.604018
13.740516
13.922509
14.218244
13.960424
14.218244
14.354745
14.460905
14.316831
14.582235
15.545282
15.332959
15.272293
15.43154
15.029641
14.354745
14.756646
14.946222
14.756646
14.703568
14.400247
14.127254
14.589824
14.529154
14.642904
14.862815
14.695988
14.544324
14.544324
14.263745
15.279879
14.968974
14.908307
15.249546
15.272293
15.257133
15.674195
15.370871
14.703568
14.180331
14.362329
13.725348
13.459944
13.619189
13.422029
13.437199
13.223056
13.253643
13.215407
13.345417
13.008916
13.047153
13.054801
12.909494
12.863609
12.51181
12.595935
12.412387
12.244134
12.504159
12.236487
12.15236
12.297668
12.244134
12.213545
12.550046
12.51181
12.389444
12.44298
12.810075
12.703002
12.840662
12.825367
12.779481
12.764185
12.764185
13.077746
13.031857
12.932437
13.047153
12.855959
12.84831
12.894195
12.810075
13.681922
14.033718
14.385518
14.492589
14.293749
14.156085
13.926648
13.811932
13.97254
14.354931
14.431405
14.622599
14.45435
13.903709
14.033718
14.546126
14.293749
14.094906
14.087254
14.653193
14.729671
14.484944
13.850177
13.888416
13.651331
13.84253
13.766049
13.766049
13.574317
13.781384
13.666347
13.566648
13.720027
13.635666
13.405597
13.497625
13.382587
13.436273
13.528305
13.957771
14.279872
14.433258
15.008443
15.046785
14.977761
15.737003
15.652645
15.675652
15.614298
15.767679
15.84437
15.760011
15.575951
15.560612
15.568286
15.867381
15.238511
15.123477
15.253848
15.215507
15.108137
15.353551
15.821367
15.905725
15.422569
15.353551
15.345878
15.031449
15.085134
15.614298
15.238511
14.686338
14.57897
15.016108
14.747689
14.916413
15.24618
15.43024
15.26152
15.667983
16.227827
15.944071
16.388878
15.69866
15.614298
14.83972
14.203184
15.131145
15.008443
15.767679
15.821367
15.437907
14.961236
14.638332
14.469193
13.746502
13.946396
13.615804
13.362092
13.523544
14.453815
14.361562
13.500478
13.70806
13.992527
13.277522
13.154509
12.962308
12.577894
13.277522
13.262145
13.477415
13.992527
13.961772
13.792629
13.831073
13.946396
13.684995
13.961772
13.892579
14.430749
14.223169
13.592739
13.823385
13.269834
13.000747
12.954616
13.538919
13.761877
13.754191
13.677307
13.907955
13.554296
13.746502
13.346716
13.185266
13.285212
13.093005
13.185266
13.139136
13.500478
13.369781
13.093005
12.993059
13.062253
13.154509
13.592739
13.823385
14.077098
13.88489
14.015589
13.831073
13.177574
13.016124
12.954616
13.031725
12.908348
13.139682
12.916061
12.754128
12.623037
12.484239
12.391705
12.067839
12.414839
12.353153
12.160374
12.49195
12.831238
13.062571
13.047144
13.008595
12.977749
13.077991
13.386436
13.432702
13.371012
13.270768
13.101123
13.293903
13.224504
12.93148
12.831238
12.970036
13.016305
13.162813
13.317037
13.502102
13.610053
13.301612
13.556079
13.448123
13.625476
13.795121
13.949344
13.856811
14.08043
14.00332
13.957055
14.226943
13.910789
13.995611
13.640903
13.610053
13.702588
13.879943
14.034163
14.049586
13.841388
13.741146
13.879943
13.9879
14.597078
14.759006
14.805271
14.759006
15.067451
15.391313
15.399029
15.089809
14.502295
14.765127
15.275333
15.128462
15.221221
14.966121
15.33718
15.120731
15.128462
15.058884
15.584556
16.02519
16.29575
16.218451
16.419439
16.303482
16.226185
16.713198
16.512205
16.543125
16.272564
16.473553
16.29575
17.146105
17.625389
17.563547
17.79546
17.787727
17.710428
18.05056
17.888226
17.872765
18.359779
17.926876
18.367516
18.382973
18.421625
18.344316
18.676733
18.985945
19.357008
19.318354
19.766718
19.156017
18.614883
18.653534
18.869991
18.800417
19.557999
19.61211
19.442041
19.604385
20.145512
20.431538
20.184162
20.508841
21.104086
21.645218
21.142735
21.707062
21.622023
22.520355
22.032469
22.597797
23.457417
22.783659
21.815626
21.490368
20.754662
22.117657
21.823372
20.89406
20.832106
22.442913
22.202841
21.55232
21.056686
21.459389
20.382935
21.668484
22.373209
21.614275
21.250296
21.614275
21.172853
21.916302
21.761417
22.32675
22.295774
23.178623
22.899826
23.57358
23.798159
23.093435
23.248316
23.287043
23.620045
23.093435
22.450655
21.831114
21.343229
21.033455
21.676229
21.374205
21.327742
20.9715
21.48262
21.970514
22.481636
22.543591
21.699461
21.691719
21.792393
21.916302
21.668484
21.072176
20.669476
20.375191
20.74692
21.436157
22.055702
20.956017
20.545567
20.66173
20.351372
20.095337
20.622934
20.568621
20.211718
20.118605
20.04878
20.374649
20.498787
20.886734
21.336746
21.018633
20.529825
20.428961
19.474627
19.839294
19.521185
19.707394
19.366003
18.877203
19.598768
18.88496
18.753056
18.69875
18.807371
19.311695
19.358242
19.210833
17.984932
18.388395
19.086685
19.358242
19.839294
20.009985
19.777227
19.629807
20.421202
20.31258
19.645321
19.58325
19.784983
19.257381
19.598768
19.490145
19.901365
19.971191
20.863453
20.723797
20.700525
20.545349
19.738432
19.272896
19.490145
19.350487
18.27977
18.047009
16.293512
16.068502
14.214153
15.548665
14.943482
16.107306
16.215925
16.744791
16.309254
16.293694
14.979315
14.637103
14.730433
15.655949
15.912603
15.718171
16.231478
16.877005
17.110325
17.6703
17.491419
17.06366
16.838118
17.328094
18.035837
17.3592
17.374762
17.180323
17.079214
17.429203
17.258101
16.651457
16.317028
15.469286
14.442673
14.372674
14.932648
14.932648
14.357115
14.466004
13.828256
13.353833
13.968247
15.251525
15.780385
15.383738
16.363691
16.892559
17.296982
17.615854
18.370268
17.600304
18.191391
17.755856
18.183613
18.416933
18.082504
16.985888
19.560211
20.407953
20.76572
19.132456
18.844694
19.560211
19.785757
20.065746
20.36129
20.477949
19.840199
19.917973
19.264668
19.116001
19.468119
17.652761
17.112848
17.065895
16.494688
16.338196
15.962605
15.829583
16.580763
16.737263
17.42584
17.308472
17.652761
17.840559
17.504089
17.26152
16.338196
16.549461
16.197346
16.009552
15.9313
15.915653
16.056501
15.563536
16.291243
16.455566
16.424267
16.463388
16.63554
16.252121
16.236467
16.471216
16.377317
15.978255
15.500936
15.939127
15.344441
15.71221
16.001726
16.385139
16.447742
17.238047
18.036173
17.997055
18.396122
18.403942
18.928205
19.288149
18.69346
18.873428
18.998627
18.771708
18.763885
18.842131
19.272497
19.452467
19.788933
19.593315
19.788933
19.413343
19.24802
19.381851
19.578661
19.956537
19.67313
20.098238
20.082491
20.310793
19.200787
19.310999
19.515682
19.279512
20.232073
20.483988
20.224197
19.814829
21.255482
21.940382
22.483578
22.215914
22.420601
22.026978
22.058466
22.034849
22.003357
21.617611
21.365696
20.814629
21.011438
21.294844
21.664843
21.507402
20.979944
20.287178
20.728033
19.995893
19.893559
19.633774
19.452702
18.578865
18.728441
19.625893
19.003973
18.389929
18.956738
18.799295
18.815041
18.696953
18.594612
18.838657
19.019724
19.342491
19.775473
19.444828
19.55504
19.059084
18.531637
18.06716
18.012056
17.760138
17.697159
17.760138
17.744392
17.358639
16.941406
17.185453
16.996519
16.878428
17.34617
17.488874
17.607792
17.53644
17.71085
17.734634
17.290674
16.727797
16.394827
16.149059
16.64852
17.219324
17.005272
16.862574
17.322386
17.663286
17.23518
17.354099
17.631575
17.274818
18.257874
18.662195
18.226164
18.630482
18.21031
18.511564
18.72562
18.971386
19.145798
19.177507
19.827589
19.351919
19.470837
18.876251
18.741472
19.042734
19.264717
19.708675
20.00993
20.176418
20.469751
20.152634
20.247768
20.334974
19.978222
19.764166
20.223989
20.691729
20.675873
21.801634
21.524158
21.64307
22.071178
22.309013
22.641989
22.800543
22.87982
23.070091
22.755045
22.898611
22.810875
23.145855
22.970388
23.728096
23.767973
23.568575
23.297398
23.321327
24.541628
24.82078
24.541628
24.509726
24.932444
24.741026
24.900541
25.060053
25.666224
25.538605
26.136791
26.144768
26.152744
26.918425
25.554556
25.203621
25.698124
25.634315
25.498726
25.323257
25.099936
24.645311
25.076008
25.267427
25.626343
25.634315
25.195644
26.009184
25.434925
25.291353
25.044104
23.50477
23.241571
23.137884
22.978361
23.544649
23.951414
23.640358
23.552626
23.50477
22.619459
22.659334
22.723139
23.153835
23.209665
22.93849
22.49184
23.034195
23.975344
23.440962
23.425014
23.600479
23.496794
23.305372
23.01825
23.592506
23.417036
24.159218
24.512259
24.873325
25.6115
25.346718
24.993681
25.394865
25.868258
25.884306
25.587433
25.844191
25.14613
25.515219
25.563358
26.205254
26.205254
26.309561
26.157106
26.774927
27.312517
27.472986
27.304491
27.585318
27.392756
27.071804
27.023661
27.14402
26.558296
