Adjusted
27.219999
26.6
26.4
26.25
27.190001
27.99
28.309999
28.57
27.5
28.059999
28
27.889999
28.370001
28.450001
28.559999
27.690001
27.889999
27.43
27.370001
27.360001
26.959999
27.299999
27.1
27.58
27.67
28.98
28.9
28.9
28.85
27.85
28.5
28.540001
28.549999
28.4
27.780001
27.299999
26.99
26.91
27.780001
27.51
27.719999
28.43
28.74
28.610001
28.65
28.4
28.66
28.99
29.299999
30.389999
30.4
30.559999
30.5
30.58
30.68
30.799999
30.959999
31
31
30.280001
29.85
30.049999
30.440001
30.389999
30
29.93
30.16
30.15
29.91
28.950001
27.950001
27.99
28.040001
28.01
27.950001
28.35
28.9
28.77
28.120001
28.41
27.959999
27.99
27.75
27.700001
27.629999
27.84
27.84
28.02
28.309999
28.25
27.940001
28
28.01
28.24
28.01
27.959999
27.98
28.299999
28.4
28.02
27.629999
27.24
27.379999
29.030001
28.450001
28.530001
28.190001
28.200001
28.1
28.049999
28.01
28.370001
28.290001
28.200001
28
28.02
28
28.07
28
27.91
28.200001
27.99
27.889999
28.16
27.809999
27.65
27.98
28.040001
28.07
28.559999
28.190001
28.02
28.24
28.290001
28.16
28.200001
28.309999
28.559999
28.51
27.799999
28.030001
28.02
28.15
28.35
28.299999
27.99
27.719999
27.83
28.459999
29.92
30.299999
30.83
30.75
30.299999
29.99
29.24
29.01
29.23
29.73
29.25
29.76
30.25
29.700001
30.26
30.709999
30.02
29.58
29.58
28.950001
29.469999
29.549999
30.4
30.530001
30.219999
30.35
30.4
29.969999
30.66
30.370001
30.120001
30.93
30.82
29.700001
29.9
30.200001
30.129999
30.049999
29.58
29.41
29.370001
29.190001
29.209999
29.309999
29
28.85
28.75
28.799999
28.530001
28.790001
29.450001
29.98
29.6
29.120001
29.139999
29.690001
29.389999
28.82
29.43
28.6
28.5
28.469999
28.42
28.370001
28.34
28.309999
28.200001
28.4
28.190001
28.32
28.469999
27.959999
28
27.77
27.6
27.92
27.75
27.82
28.139999
28.370001
28.15
27.860001
27.559999
27.799999
27.85
28
27.83
28.42
27.84
28
28.190001
28.01
28.469999
28.309999
28.389999
27.540001
27.25
27.870001
28.01
28.32
28.08
27.700001
27.92
27.639999
28
28.200001
28.629999
28.4
28.620001
28.879999
29.530001
29.49
29.67
29.32
29.809999
29.77
30
29.889999
29.59
29.809999
29.700001
29.34
29.389999
30.51
30.27
30.1
29.99
30.530001
30.09
29.98
30.110001
30.4
30.549999
31
30.73
30.889999
30.450001
30.59
30.459999
30.08
30.27
30.889999
30.969999
31.57
31.92
32.509998
33.299999
33.41
33
32.970001
33.189999
33.189999
33.509998
33.93
34.41
34.439999
34.450001
34.200001
34.599998
34.310001
34.360001
34.389999
34.080002
34.470001
34.27
34.32
34.34
34.240002
34.290001
33.939999
34.099998
34
33.73
33.59
33.580002
33.41
33.360001
33.84
34.130001
34.060001
34.220001
33.75
33.830002
34.18
33.880001
33.849998
33.759998
33.900002
33.77
33.900002
33.759998
33.860001
33.849998
33.73
33.75
33.43
33.779999
33.189999
32.57
32.439999
32.490002
32.349998
31.02
31.309999
31.299999
31.17
31.950001
32.299999
32.41
32.009998
32.200001
31.76
31.73
31.23
30.969999
31.620001
31.91
31.709999
31.950001
32.490002
32.400002
32.220001
32.709999
32.77
32.759998
33.299999
33.130001
33.459999
33.450001
33
32.610001
32.540001
32.619999
33.139999
33.34
33.080002
33
32.98
32.970001
33.02
33.16
33.450001
33.09
33
32.900002
32.849998
33.389999
33.599998
34.16
33.970001
34.009998
34.41
34.369999
34.700001
34.5
34.16
34.07
34.619999
34.720001
34.02
33.950001
33.73
33.84
33.790001
33.919998
34.049999
33.93
34.099998
34.119999
34.060001
33.59
33.57
33.889999
33.700001
33.560001
33.830002
33.82
34.049999
33.869999
33.939999
34
34.200001
34.330002
33.990002
33.970001
34.27
34.369999
34.619999
34.91
34.75
34.98
35.150002
34.950001
34.450001
34.049999
34.139999
33.540001
33.310001
33.700001
33.380001
33.400002
33.549999
33.509998
33.669998
33.5
33.16
33.23
33.299999
32.799999
31.450001
33.43
32.990002
33.18
31.5
31.93
30.98
31.92
32.220001
32.209999
32.5
32.389999
31.68
31.639999
32.830002
33.970001
33.970001
33.32
33.669998
34.419998
34.52
34.84
34.540001
33.919998
33.459999
34.330002
34.200001
33.439999
33.259998
33.66
34.740002
34.790001
34.779999
34.360001
34.869999
35
33.93
33.130001
33.619999
34.490002
34.169998
34.490002
34.77
33.060001
34.639999
34.25
34.310001
34.619999
34.950001
35
35.080002
34.73
34.900002
33.900002
33.900002
34.029999
34.43
34.580002
34.77
33.970001
34.139999
34.77
34.959999
35.150002
33.720001
35.799999
37.419998
37.970001
37.880001
37.799999
37.459999
37.720001
37.779999
37.240002
37.709999
37.060001
36.450001
36.189999
36.540001
36.889999
36.799999
37.150002
37.279999
37.360001
39.279999
38.75
39.299999
38.740002
38.060001
38.57
38
38.91
38.57
38.540001
38.27
38.48
39.400002
39.07
39.830002
39.5
39.18
39.630001
39.950001
39.869999
40.009998
40.130001
39.360001
38.98
39.130001
39.369999
39.380001
39.77
40.23
39.799999
40
39.290001
39.970001
40.48
40.009998
39.959999
39.98
40.299999
40.09
40.259998
40.259998
40.060001
39.919998
39.470001
40.610001
41.099998
40.919998
40.810001
40.68
40.439999
40.470001
40.650002
41.299999
41.540001
41.279999
40.970001
41.23
41.75
42
42.139999
42.18
43.5
43.200001
42.650002
43.57
43.799999
44.16
44.150002
45.099998
44.740002
45.389999
44.650002
44.990002
44.73
45.220001
45.439999
45.799999
46.09
46
47.330002
46.889999
46.77
46.939999
46.970001
46.82
47.34
47.189999
47.130001
46.830002
46.34
47.91
47.470001
47.23
47.040001
47.689999
48
47.619999
47.970001
48.139999
47.77
48.470001
49.23
49.43
48.950001
48.169998
49.18
48.84
49.029999
48.810001
48.990002
48.189999
48.52
48.939999
48.689999
48.889999
48.98
47.939999
47.32
47.580002
47.970001
47.959999
47.98
47.959999
48.09
47.889999
47.900002
46.75
46.549999
46.369999
47.299999
47.09
47.59
47.599998
47.43
47.700001
48.080002
48.549999
48.849998
49.040001
48.43
48.450001
48.080002
47.400002
47.580002
48.369999
47.919998
49.259998
50.150002
50.07
49.880001
49.689999
49.759998
49.830002
49.779999
49.830002
50.650002
50.009998
50.939999
50.740002
50.439999
49.549999
49.41
48.950001
48.93
49.919998
50.860001
50.450001
50.25
47.880001
47.790001
47.380001
46.389999
47.130001
48.959999
48.740002
48.619999
48.73
49.02
48.830002
48.709999
49.119999
48.880001
48.689999
48.32
48.349998
48.580002
48.290001
47.93
48.240002
48.009998
48.52
48.299999
47.639999
49.130001
48.900002
48.080002
47.98
48.150002
48.080002
47.68
47.959999
47.91
47.59
47.299999
47.189999
47.259998
46.810001
47.240002
47.810001
47.610001
47.400002
47.02
47.630001
47.880001
48.16
48.34
47.720001
47.34
46.93
47.029999
46.990002
47.380001
47.419998
46.959999
46.5
45.950001
46.299999
46.5
46.290001
46.669998
51.119999
51.349998
49.59
49.779999
50.41
49.540001
49.330002
49.07
49.110001
49.040001
48.490002
47.970001
48.09
48.029999
47.779999
48.360001
48.09
48.52
48.349998
48.91
49.529999
49.84
49.669998
48.599998
49
49.07
49.509998
49.450001
49.740002
49.779999
49.209999
48.84
50.290001
50.23
51.110001
51.130001
50.959999
50.700001
50.110001
50.110001
50.110001
