Adjusted
31.562944
31.520489
30.416594
29.601408
28.922087
29.788221
30.221287
29.440067
29.134377
29.236273
28.862646
27.546461
28.48053
27.682323
26.807699
28.013496
27.520987
28.047461
28.726784
28.455053
28.803204
30.442064
29.847664
28.726784
27.656851
28.16634
28.327681
29.992016
30.068441
31.180828
30.280729
30.747763
30.892117
30.62039
30.586424
31.172337
30.90061
31.877132
31.393116
30.569441
29.550459
29.609896
29.278728
30.042965
29.635374
28.667339
27.801208
29.372135
28.871138
28.54846
27.945562
28.319187
29.635374
28.327681
29.694813
30.654354
30.22978
29.406103
28.794714
28.09841
28.225784
29.202305
29.202305
29.244762
28.845663
28.624884
29.108898
28.709801
29.074936
28.200308
28.09841
28.208801
28.99851
28.760746
29.49951
29.720289
29.474035
29.474035
29.643864
29.924086
30.280729
30.756254
30.611895
31.282728
31.274237
31.172337
32.004505
31.053455
31.21479
32.182827
32.233772
32.802708
33.660351
34.653858
34.186821
33.957554
33.957554
33.397114
33.660351
33.04047
33.473537
33.575436
34.059452
34.000011
33.431076
33.88113
35.851162
34.883129
33.889622
33.549957
33.719788
33.261246
33.023487
33.813198
33.762245
33.753754
33.312199
34.636871
33.864147
33.176334
32.573437
33.337673
32.378132
32.471542
32.097908
32.76025
31.605406
31.197811
28.234274
27.894611
28.684322
30.204304
30.05995
29.338169
28.99851
29.703304
30.204304
29.007002
28.522985
29.329679
28.769239
28.064444
28.132378
28.021986
28.947559
28.370138
27.631378
27.189819
27.410597
28.455053
28.769239
25.109398
26.281227
27.181326
27.368139
27.198309
27.554955
27.554955
26.799208
26.901106
26.892614
27.019989
27.308699
26.705803
26.442566
27.011496
27.699308
27.14736
26.654852
26.36614
23.691315
24.345161
24.098907
23.21579
22.731775
23.31769
22.986521
21.347658
21.109896
19.887119
21.228777
23.895111
21.763741
21.441065
21.967541
23.21579
22.451555
20.209795
22.145861
21.52598
20.133371
19.581423
20.33717
19.785221
19.997507
18.927578
18.82568
21.41559
20.269236
17.840666
19.895611
19.640863
21.45805
19.55595
18.689816
17.127377
16.694311
15.641364
17.832174
17.815189
18.129375
18.002005
17.441565
18.961544
17.832174
16.600903
18.04446
17.390614
16.286718
15.556447
16.592413
15.828176
15.947058
16.133869
15.488516
14.469535
14.919584
16.439566
16.974529
18.197308
18.333172
16.01499
16.159346
16.68582
16.116886
17.271734
18.018986
17.764242
17.721785
17.365141
18.078426
17.407597
18.248257
18.800205
17.611393
17.798206
16.541462
16.549953
16.609394
16.363142
16.07443
16.278227
16.201803
17.509497
17.441565
17.501005
16.278227
16.711294
15.879127
14.766737
14.673331
14.775229
15.607395
15.802703
14.511992
16.482023
15.726279
15.675329
15.913092
16.558445
17.322681
16.68582
16.397108
16.133869
16.796209
16.566938
17.161345
17.059444
17.517986
16.524479
17.152851
16.966038
16.889614
16.07443
16.303701
16.337667
16.388615
15.828176
16.728277
16.64336
16.303701
16.414091
16.099903
17.509497
17.662342
16.677328
17.03397
16.711294
18.180325
17.670834
17.348158
17.127377
16.337667
17.084921
17.09341
16.889614
16.796209
18.010494
17.135868
16.346159
16.68582
16.329176
15.998007
16.023481
16.176329
17.042461
17.118885
17.475529
17.008497
17.263243
17.704802
17.458546
17.348158
17.135868
17.118885
16.838667
16.286718
16.346159
16.057447
16.227278
16.439566
16.329176
16.176329
16.906599
17.475529
18.078426
18.536968
18.503002
18.384121
17.687819
20.600405
20.540966
20.379627
19.598408
19.938068
19.513493
19.94656
19.734272
19.776731
19.411594
19.292713
19.657846
19.683323
19.691814
19.878628
20.33717
19.989017
19.352156
19.700306
19.691814
16.898106
16.07443
16.515989
16.337667
16.337667
15.564939
15.352652
15.607395
15.726279
15.785719
15.811194
15.743262
16.01499
16.18482
16.252752
15.887616
15.726279
15.717788
15.327177
15.734771
15.22528
15.233771
15.412092
15.335669
15.471532
15.777227
16.702803
16.68582
16.864141
16.872633
16.957546
16.923582
17.322681
17.186819
17.118885
17.127377
17.186819
17.433073
17.356649
17.568935
17.441565
17.475529
17.458546
15.84516
15.96404
16.235771
16.74526
17.212294
17.823681
17.373631
17.407597
17.628376
17.475529
17.781225
17.611393
17.458546
17.832174
17.917089
18.222782
17.993511
17.679325
17.509497
17.577429
17.789717
18.04446
18.04446
18.664339
19.241764
19.063442
19.224781
19.83617
19.997507
19.751255
19.717287
19.776731
19.921083
19.462543
19.360645
19.674829
19.496508
20.11639
19.488018
19.530476
19.521984
20.039967
20.260744
20.124882
20.124882
19.929575
19.929575
20.065439
19.887119
19.785221
20.693811
20.532475
20.498507
20.710794
20.201305
20.05695
19.938068
19.122883
19.768238
19.369137
19.649355
19.496508
19.683323
20.379627
19.734272
19.547459
19.241764
19.454052
19.318188
19.309696
19.530476
19.411594
19.241764
18.579424
18.307697
18.698307
18.919086
19.063442
18.936069
19.054951
19.17383
18.808697
18.893612
18.99551
18.99551
18.774733
18.553951
18.698307
18.842663
18.88512
18.919086
19.139866
18.842663
20.252253
20.294712
20.243761
20.549458
20.608896
20.693811
20.727777
20.906101
20.583422
21.007998
21.228777
20.999506
20.710794
20.872135
20.812695
20.532475
20.719286
20.659845
20.362644
20.634371
20.388119
20.405102
19.819187
19.870136
19.972034
20.048458
19.598408
19.454052
19.691814
19.887119
19.785221
19.564442
19.734272
19.513493
19.530476
19.420086
19.827679
19.776731
20.048458
20.481525
20.362644
20.481525
20.651354
20.702303
20.931574
21.109896
21.160845
21.602404
21.449556
21.52598
22.290215
22.502504
22.54496
22.510996
22.842165
22.697807
22.621384
22.808199
22.71479
22.689316
22.901606
22.757248
22.527979
22.434572
22.392117
22.145861
22.026979
21.899609
22.035471
22.094912
22.383623
22.765739
22.859148
22.53647
22.58742
22.791214
22.655352
22.519487
22.757248
22.799706
22.58742
22.791214
22.995012
23.258247
23.283722
23.292213
23.258247
23.020487
22.825182
23.360147
23.164843
23.529976
22.740267
22.723284
22.375132
21.186319
22.460047
22.519487
23.224283
23.037468
22.680824
22.791214
23.971535
23.767738
23.402605
23.224283
23.011995
22.349657
22.782722
23.6064
23.699806
23.1054
23.674332
24.531975
24.022486
23.48752
23.394114
23.742264
24.192314
24.404602
24.33667
24.837669
25.041466
25.06694
24.956551
24.642365
23.997011
24.16684
23.708298
23.546959
23.665842
22.672335
22.54496
22.324184
22.162844
22.026979
23.232775
23.767738
23.139366
23.173334
24.192314
24.557449
24.396111
23.691315
23.997011
24.16684
23.844164
24.277229
24.455551
24.582926
24.498011
24.141365
24.15835
23.903605
23.77623
24.812193
25.194313
25.058449
25.049957
25.160347
25.296211
24.43857
24.379128
24.22628
24.633873
24.829178
24.78672
24.922586
24.939569
24.710297
24.183823
24.481026
24.642365
25.083925
24.667839
24.701805
25.117889
25.253754
25.559448
25.270737
25.890617
26.026482
26.213295
26.807699
26.569939
26.637871
26.637871
26.705803
27.266241
27.045464
27.079428
26.68882
26.858648
26.807699
26.731276
26.841665
26.952057
26.92658
26.986023
27.656851
27.113396
27.155851
27.164343
26.960548
27.257748
27.325682
27.198309
27.308699
27.240768
26.901106
27.317188
27.334171
27.903105
28.319187
28.242764
28.251257
28.404104
29.508001
29.236273
29.159849
29.312696
29.94956
29.847664
30.042965
29.788221
29.380627
29.363646
29.049459
28.922087
28.947559
29.202305
29.584425
29.592913
30.076929
29.312696
30.144863
29.966543
29.38912
29.134377
29.754255
29.975033
29.669338
29.720289
29.941065
29.941065
29.745764
30.314697
30.085424
30.136374
31.42708
31.519487
31.676575
31.53797
31.343914
31.057461
30.835686
30.641636
30.438343
30.410622
30.419861
30.188847
30.872648
30.678598
30.946575
31.196066
30.807966
30.410622
30.281256
30.068724
30.096443
30.632397
30.743282
30.133406
30.207329
29.763783
30.225811
30.040998
30.456823
30.401382
31.186827
31.094423
31.55645
31.445562
31.833666
32.600628
32.831642
32.803921
33.321392
33.459999
33.922028
33.801903
33.820381
34.17152
34.088356
33.949749
32.434299
32.452782
32.924049
33.247467
32.609871
32.388096
32.933289
33.219746
33.386078
32.831642
33.524685
33.376835
32.951771
33.265949
32.924049
32.896328
32.258732
32.406578
32.341896
32.803921
32.563671
32.600628
33.118099
33.45076
33.330631
33.672531
33.681774
33.459999
33.709496
34.005192
34.17152
34.162281
34.116077
33.663292
33.349113
34.051395
34.541145
34.116077
33.949749
33.801903
33.709496
34.46722
34.46722
34.328613
34.217724
34.365574
34.411777
34.17152
34.31937
33.783421
33.459999
34.639999
35.57
35.599998
35.779999
35.560001
36.68
36.529999
35.700001
35.799999
37.290001
37.259998
37.27
36.68
36.27
36.220001
36.34
35.369999
35.02
34.52
35.049999
34.91
34.290001
34.209999
34.119999
34.02
33.700001
33.27
33.459999
32.98
32.77
32.720001
32.599998
33.27
33.130001
33.07
32.740002
32.75
32.740002
33.57
33.459999
33.880001
34.240002
34.450001
34.619999
34.419998
33.82
33.560001
33.400002
32.790001
33.66
33.240002
33.720001
33.32
33.169998
33.77
33.689999
33.779999
32.709999
32.029999
31.209999
30.65
29.99
30.41
29.27
28.93
27.969999
29.26
28.1
30.01
31.030001
31.530001
30.790001
30.549999
28.91
28.73
28.85
30.469999
30.49
29.860001
30.42
31
31.09
31.15
30.790001
30.01
32.060001
34.5
33.91
29.030001
29.35
29.440001
29.110001
29.09
29
29.17
28.440001
28.41
27.790001
28.34
29.1
29.49
28.58
28.950001
28.610001
27.52
28.219999
29.57
29.809999
29.690001
30.709999
30.66
30.51
30.040001
30.48
30.110001
30.43
29.940001
30.040001
30.879999
30.91
30.76
30.440001
32.380001
32.849998
32.09
31.620001
32.080002
33.02
32.990002
33.34
33.779999
32.099998
32.459999
33.23
33.110001
33.540001
33.200001
32.240002
32.310001
31.85
31.940001
31.5
31.48
32.290001
32.360001
33.580002
33.869999
33.419998
33.700001
33.560001
33.360001
33.259998
33.939999
33.700001
33.369999
33.240002
34.099998
34.720001
34.799999
35.57
35.68
35.970001
35.849998
36.240002
35.66
35.669998
35.720001
35.82
35.82
35.740002
35.400002
35.02
35.720001
35.580002
35.810001
35.540001
35.799999
35.91
35.75
36.009998
36.099998
36.52
36.41
35.919998
36.32
37.110001
37.040001
37.459999
36.830002
37.040001
36.599998
36.529999
36.52
36.869999
36.610001
36.959999
37.200001
36.869999
37.200001
37.18
37.32
37.450001
37.970001
37.639999
37.580002
37.330002
36.950001
37
37
36.740002
36.200001
35.98
36.48
36.950001
37.41
38.139999
37.959999
37.98
38.470001
38.560001
38.189999
38.02
38.470001
38.139999
38.450001
38.330002
38.220001
38.540001
38.349998
38.75
39
38.540001
38.939999
39
39
39.439999
39.689999
40.669998
40.580002
41.889999
42.709999
41.950001
41.970001
42.32
41.259998
41.75
42.029999
41.700001
41.110001
41.369999
41.389999
41.330002
40.720001
40.84
40.689999
40.5
40.16
40.310001
39.759998
39.790001
40.139999
39.599998
38.619999
39.580002
39.419998
39.93
39.240002
39.799999
39.919998
38.619999
38.23
37.73
37.77
38.330002
38.990002
39.400002
39.810001
39.599998
40.299999
41.16
42.009998
42.330002
43.580002
43.439999
43.549999
42.82
43.209999
42.619999
43.759998
43.619999
42.52
43.57
43.380001
44.290001
44.990002
43.810001
43.43
43.080002
42.939999
42.529999
43.169998
43.25
43.560001
43.810001
44
43.189999
42.139999
41.779999
41.439999
42.630001
45.419998
45.509998
44.419998
45
45.110001
45.650002
45.869999
45.84
46.5
46.599998
46.759998
47.490002
46.970001
47.689999
47.759998
48.16
47.73
47.490002
47.849998
47.540001
47.5
47.220001
47.259998
47.43
47.200001
47.68
48.099998
48.290001
49.009998
48.93
47.900002
47.25
47.419998
48.009998
47.779999
47
46.84
47.25
47.290001
47.599998
47.380001
47.82
47.799999
48.599998
48.689999
48.790001
48.52
49.48
49.5
49.209999
48.389999
47.580002
47.68
47.900002
48.029999
48.259998
48.599998
48.970001
48.700001
47.369999
47.310001
47.380001
46.689999
46.599998
39.389999
37.07
41.150002
39.669998
40.139999
40.490002
40.419998
41.75
41.48
42.970001
42.290001
41.93
41.610001
40.919998
40.610001
40.459999
40.869999
40.869999
39.689999
39.869999
40.049999
39.34
34.150002
35.880001
35.599998
35.470001
36.560001
36.279999
36.990002
36.939999
36.799999
35.880001
35.900002
36.240002
36.93
38.299999
37.889999
38.040001
38.02
37.799999
38.119999
38
