Adjusted
24.777287
24.891968
24.4275
24.857561
24.318947
24.596943
25.164515
24.614317
24.898102
24.423199
24.510069
23.693453
22.639376
21.909639
22.048637
22.141298
21.869097
22.071808
22.419302
22.147089
22.488794
22.442471
22.361383
21.330473
21.255186
21.399977
21.093025
21.307306
21.753263
22.390341
22.01968
21.909639
20.467533
20.409615
20.479109
20.965605
21.150938
21.318895
21.075644
21.533186
21.035101
21.017735
20.670227
20.82082
20.432777
20.316948
19.905746
20.392239
20.027367
20.079487
19.587204
20.044741
20.438566
20.345898
20.919273
21.411558
21.371017
20.930857
20.826609
20.762903
21.110397
21.988274
22.087191
22.151194
21.72644
21.761354
21.631857
21.202158
21.090324
20.949053
20.801901
20.666515
21.102095
21.102095
21.208054
21.166847
21.03146
21.384642
21.402292
21.802561
22.3382
22.49124
22.650166
23.144613
23.303541
22.897385
22.891504
22.532448
22.514793
22.314651
22.402948
22.432379
22.926821
22.897385
22.820871
23.015118
22.267572
21.908508
22.055668
21.826101
22.002684
22.23225
22.585421
22.644285
22.285223
21.990915
21.767235
22.932705
22.503016
22.332321
22.085091
21.584763
21.561218
21.973251
21.331654
21.125641
21.178614
21.484699
20.825443
21.137409
20.843103
20.949053
20.195616
20.177958
20.837219
20.913736
20.972601
21.043232
20.854872
21.06938
20.652281
20.795288
20.807199
20.783367
20.87871
21.081295
21.111092
21.123009
20.944254
20.664198
21.355387
20.908501
20.527151
20.020678
20.336477
20.461605
20.28285
20.259018
20.157721
20.586735
20.40202
20.080263
20.610575
21.033621
20.747622
20.467566
20.670156
20.831038
20.699947
20.378189
20.527151
20.59865
21.027666
20.533108
20.40202
20.682074
21.13492
20.926378
21.349434
21.271971
20.384146
20.306684
20.926378
20.991924
20.688034
20.693993
20.550987
19.80617
19.567827
18.626379
19.418863
19.841921
19.08519
18.501257
18.638296
19.097103
19.174566
18.245037
19.120937
18.715759
18.632341
18.614462
17.85177
17.214211
16.790363
15.700475
16.209091
17.516956
17.529066
16.130371
16.5966
16.46339
17.553286
16.9599
15.591483
15.888174
15.185802
16.717705
19.1639
18.467577
18.467577
17.965025
18.618952
19.745169
18.673452
17.710712
18.195108
18.461529
17.995298
17.535118
18.855095
18.164839
17.704662
17.256592
16.312017
16.045605
17.238426
18.001352
18.51602
19.702793
19.769398
18.570517
19.454535
20.096359
19.466652
20.096359
20.726078
20.193239
19.823883
19.660404
19.860214
19.557474
20.284058
20.617086
20.162968
20.096359
20.235624
19.854166
19.890493
20.096359
20.06609
20.120579
20.52626
20.974329
19.66646
19.351597
19.59734
19.898363
19.757067
19.529757
19.351597
18.774126
18.368664
18.405527
18.350235
18.983004
18.528393
18.700405
19.038292
18.405527
18.995287
18.571392
18.350235
18.792561
19.388462
18.804846
19.16116
19.486759
19.284029
18.430099
18.417814
18.344091
18.159796
17.361151
17.244427
17.195282
17.699039
17.109278
17.5516
17.539309
17.496309
17.527021
16.906546
16.777529
17.293573
17.146135
16.759102
16.083334
16.961834
16.857397
17.287436
17.447166
17.539309
18.325663
18.903137
18.583683
18.190506
19.087442
18.743414
18.522247
18.761841
18.810989
18.56525
18.552959
19.17959
19.941372
20.144096
20.291538
19.761978
19.737057
19.998722
19.774437
19.500311
19.743292
19.768209
19.799356
19.269798
19.338327
19.257336
19.313408
19.313408
19.026823
19.28849
18.945827
18.902225
19.033051
19.338327
19.08289
19.163889
18.603176
18.596945
18.578251
18.939604
18.534643
18.677937
18.44742
18.503492
18.472342
18.58448
18.167065
17.949011
18.459881
18.036228
18.235596
18.229364
18.223133
18.422499
18.434961
18.422499
18.223133
18.241827
18.329054
18.397577
18.534643
18.640553
18.522182
18.403809
18.553335
18.746466
18.478575
18.702856
19.014364
19.188807
19.369478
19.307178
19.537693
19.145195
19.201265
18.802536
18.91468
18.466108
18.130713
18.124382
18.111725
18.383841
18.320559
18.567362
18.668613
18.725573
18.839481
19.187542
19.067307
19.788736
19.934284
19.617874
19.871
20.238047
20.446886
20.295002
20.26969
20.162111
19.788736
19.592552
19.668493
19.567242
19.364735
19.750771
19.643185
19.668493
19.12426
19.162233
19.257154
19.434343
19.852022
19.877331
19.814047
19.921635
19.649509
19.630524
19.643185
19.219185
19.073633
19.136915
19.364735
19.586229
19.548262
19.839361
19.782408
19.662167
19.617874
19.244493
18.674944
18.725573
18.662285
18.674944
18.909096
19.07996
18.947063
19.206526
19.08629
19.155901
18.991365
18.915421
18.959723
19.092617
18.890083
18.74864
18.74864
18.64576
18.658623
18.607187
18.716492
18.581467
18.620045
18.517176
18.665056
18.658623
18.549316
18.414299
18.774357
19.256571
19.314438
19.02511
18.909376
18.690773
18.71006
18.845083
19.005821
19.398024
19.488039
19.520185
19.391592
19.372303
19.500898
19.706642
19.713074
19.623062
19.565193
20.143852
20.491053
20.593927
20.336742
20.227438
20.793242
20.992561
21.018276
21.024708
21.378332
21.468346
21.41048
21.641943
21.686953
21.571215
21.224028
21.031136
21.095434
21.089003
21.230453
21.346184
21.365475
21.449057
21.532639
21.494068
21.487635
21.30118
21.397614
21.436195
20.819824
20.695898
20.708942
20.793737
20.813301
20.78721
20.363253
19.945808
20.36977
20.030598
19.978426
19.789272
20.011034
19.678383
19.482708
19.130493
19.189201
19.313124
19.391396
19.039179
18.67392
18.745668
18.504339
18.752188
18.830462
18.941345
18.869596
19.032661
19.006567
19.013088
18.928291
18.915251
18.745668
18.889164
18.836985
18.869596
18.908731
19.084841
19.00005
19.091364
19.065275
19.326176
19.508801
19.404442
19.463148
19.391396
19.476189
19.521847
19.665342
19.76318
19.834927
19.991467
20.206709
19.867538
19.769701
19.808836
19.861015
20.36977
20.232801
20.402386
20.519796
20.350204
20.028973
19.97599
19.923004
19.830273
19.916378
19.770666
19.565342
19.591835
19.691187
19.711056
19.578587
19.393131
19.240801
19.167938
19.042095
19.287163
19.353397
19.141445
19.399757
19.042095
18.995731
18.55197
18.671188
18.949371
18.810282
19.00898
19.002359
18.883137
18.982491
18.82353
18.883137
18.386385
18.518856
18.207548
18.147949
17.836647
18.267168
18.227423
18.0221
18.273788
18.306906
18.0221
17.935999
18.333401
18.399632
18.770542
18.916254
18.962614
19.280535
19.326904
19.267292
19.293783
19.247421
19.247421
19.42625
19.181185
18.909632
19.015602
18.955992
18.558594
18.631451
18.93313
18.791882
19.068716
19.255657
19.162182
19.047142
19.334757
19.298803
19.270041
19.190945
19.212519
19.176569
19.068716
19.413847
20.147261
20.334213
20.557112
20.787197
20.765629
20.89505
21.254568
21.240191
21.139523
21.247374
21.247374
21.47028
21.585321
21.254568
21.801033
21.592512
21.542181
21.693176
21.678795
21.297707
21.117952
21.146719
21.189856
21.326473
21.211428
21.455896
21.168283
21.232998
21.757891
21.650038
21.714748
21.729128
21.901693
22.174931
22.160545
22.218073
22.225266
22.426588
22.591969
22.778917
23.073721
23.239098
23.289429
23.131239
23.469179
23.627371
23.526716
23.483566
23.433231
23.648941
23.749603
24.137878
24.340723
24.026978
23.954018
24.099941
23.742422
23.50164
23.669456
23.662165
23.7789
23.465158
23.815382
23.727829
23.414085
23.603786
23.713234
23.720531
23.647568
23.698645
23.640272
23.932123
24.070761
24.457462
24.391798
24.202093
24.085356
23.968605
23.808092
23.757013
23.910238
23.487047
23.596493
23.822687
23.7789
23.713234
23.632971
23.603786
23.50164
23.27545
23.355717
23.603786
23.888344
24.005093
23.997797
24.041574
24.063461
24.486649
24.836876
24.887955
25.296549
25.267368
25.362219
25.27466
25.347628
25.493546
25.668669
25.858366
25.902155
25.989704
25.960526
25.945925
26.106451
26.580709
27.113348
27.485466
26.781729
26.559969
26.55257
26.138617
26.219929
26.463869
26.212538
25.399403
25.576813
25.584204
25.835537
26.049908
26.456478
26.907398
26.973928
26.338203
26.330811
26.8113
26.72999
26.89262
26.84087
26.626499
26.86305
27.11438
26.922174
26.900009
26.53779
26.951748
26.737383
26.885225
27.070023
26.611712
26.471266
26.301247
26.589533
27.291786
26.626499
26.86305
26.877831
26.670853
26.619104
26.966537
27.092203
26.907398
26.500832
26.005556
25.776398
25.355047
26.116442
26.493443
26.951748
27.313969
27.336142
27.483986
27.565298
27.905334
28.304514
28.430178
28.489315
28.437572
28.541065
28.37105
28.3396
28.272202
28.24226
28.3396
28.182358
28.219795
28.234766
28.3396
27.93528
27.882875
28.294662
27.635786
27.695683
28.174875
28.639086
28.65407
28.287182
28.122463
28.302162
28.204823
27.793016
27.912811
27.882875
28.129951
27.897842
28.025129
27.897842
27.680708
27.785534
27.770561
27.942768
27.815481
27.590866
27.628298
27.253935
27.411171
27.456089
27.650763
27.156595
27.081722
26.677404
26.362934
26.490225
26.879562
26.707352
26.34796
26.677404
26.639969
26.295557
26.385403
26.587557
26.692381
26.946949
26.909517
26.991871
26.954437
27.253935
27.381218
27.493534
27.875376
28.302162
28.317137
28.474911
28.383883
28.429396
28.156326
28.133574
28.019791
27.974274
27.928768
27.845331
28.042553
28.315619
28.497663
27.868088
27.473658
27.519171
27.46607
27.048887
26.768234
27.208174
26.919937
27.284035
26.487581
26.586185
25.122238
26.00971
25.531843
26.260023
26.017296
26.586185
26.457243
27.010954
26.601357
26.328287
26.411728
27.276445
27.663286
27.132326
27.124735
27.412977
27.541927
27.43573
27.215763
26.97303
26.715132
27.018539
26.836502
26.730305
26.737888
26.927515
27.00337
27.450899
27.852919
27.519171
27.617771
27.185423
26.995792
27.215763
27.579847
27.981869
27.943945
28.179077
27.913605
27.564682
27.610193
27.510212
27.617882
27.810148
28.379276
28.071644
28.202391
28.471567
28.709984
28.410036
28.64077
28.494635
28.533094
28.779205
28.402353
27.83322
28.310057
28.963779
28.940714
28.4408
28.048573
28.302366
28.802275
28.586929
28.717676
28.856112
28.371592
28.709984
28.856112
28.456188
28.64077
28.187012
28.225458
28.040882
27.740932
27.83322
27.187189
27.187189
27.879372
28.171621
29.017618
29.048382
29.109907
29.263723
29.471382
29.463694
29.079147
29.555984
29.494444
29.425228
29.425228
29.548286
29.825163
29.709799
30.155867
30.171246
30.21739
30.748056
30.75576
30.578865
30.801905
30.855734
30.55579
30.155867
29.948215
29.862511
29.893679
30.049496
30.306593
30.32218
30.32218
30.400087
30.39229
30.384499
30.361132
29.917049
29.441807
29.363897
29.091209
28.989933
29.301571
29.340521
29.449589
29.262615
29.480755
29.714485
29.543087
29.543087
29.543087
29.363897
29.70669
29.636578
29.472967
29.644367
29.963793
29.987175
29.769024
29.70669
29.714485
29.70669
29.722284
29.691114
29.94042
30.127405
30.384499
30.142984
30.283224
30.555906
30.462412
30.633812
30.758467
30.750681
30.805214
30.828583
30.890911
30.875332
30.992189
30.898706
30.711723
30.6416
30.119612
29.807978
29.659948
29.784603
30.010546
29.963793
29.909256
29.727699
29.56983
29.048845
29.506674
29.640873
29.411959
29.546144
29.790855
29.727699
30.114496
30.572319
30.446035
31.180153
31.164362
31.685341
31.75639
31.874798
32.016884
32.048454
32.080032
31.780066
31.993204
32.00898
31.772177
32.00898
32.490498
32.27737
32.403675
32.269482
32.656269
32.78257
32.632587
32.672054
32.585232
32.672054
32.719418
32.956226
32.695728
32.869396
32.387878
32.632587
32.522072
32.972019
32.869396
33.500896
33.595623
33.895576
33.935051
34.534973
34.377094
34.590225
34.51918
34.179752
34.203434
34.692844
34.456039
34.60601
34.558655
34.70863
35.079636
35.466423
35.482216
35.434849
35.458813
35.714245
35.682316
35.841969
35.658363
36.089424
36.137318
36.448643
36.63224
35.554592
35.514687
35.402927
34.939934
34.900009
35.490723
35.841969
35.88187
36.033546
36.089424
35.618446
35.490723
35.674328
35.498714
35.267223
35.394939
35.602486
35.339069
35.386963
35.275196
35.219326
35.171425
34.88406
34.237457
34.021931
33.726582
34.460972
34.13369
34.06184
34.39711
34.141666
34.277367
34.88406
34.963875
35.243263
34.900009
35.171425
35.315117
35.833981
36.384785
35.546604
35.586525
35.849949
36.137318
36.312946
36.432686
36.464607
36.416721
36.392769
36.528469
36.376804
36.56839
36.608295
36.943565
37.725864
37.972015
37.584629
37.213383
36.947052
36.478966
36.010872
35.914024
35.575054
36.091576
36.947052
36.446682
36.131935
35.566994
35.696117
35.712265
36.099648
36.027016
36.430538
35.930164
35.671902
35.752617
34.856777
34.388687
34.412899
34.348335
34.332195
34.09008
33.654259
33.41214
34.550095
34.55817
34.832569
35.316807
34.945557
34.687294
35.155388
35.51857
35.607342
35.591202
35.244164
35.591202
35.873672
35.841381
35.534714
35.865604
36.148071
35.930164
35.679981
35.607342
35.405579
35.010124
35.357155
35.163464
35.139256
35.066608
35.090828
34.622734
