Adjusted
76.75
77.790001
77.510002
78.279999
79.709999
80.110001
80.029999
78.699997
80.43
80.769997
77.459999
76.400002
73.230003
58.580002
55.27
56.040001
57.07
56.549999
58.16
58.23
57.299999
60.619999
60.060001
59.279999
59.380001
60.57
60.16
60.75
62.080002
61.34
60.25
60.369999
59.709999
61.049999
59.419998
60.07
60.580002
60.970001
60.869999
60.619999
59.610001
60.169998
60.810001
60.849998
60.639999
59.099998
57.790001
59.150002
59.220001
59.130001
57.549999
56.880001
57.279999
54.139999
52.59
52.93
53.68
56.189999
56.41
55.720001
55.700001
57.07
57.380001
56.439999
56.380001
55.970001
56.580002
56.779999
56.970001
56.630001
56.32
53.700001
53.98
53.939999
54.77
54.549999
57.279999
57.779999
57.369999
58.470001
59.919998
59.119999
61.459999
62.439999
62.34
62.41
62.060001
62.02
62.849998
63.41
63.990002
64.43
64.019997
64.589996
64.379997
64.080002
63.639999
62.419998
63.779999
63.200001
63.689999
61.990002
61.610001
61.52
61.189999
60.34
61.509998
62.700001
61.330002
60.43
60.09
59.330002
61.619999
62.290001
62.91
62.290001
63
63.939999
62.939999
63.380001
63.43
64.629997
64.699997
65.169998
64.5
65.519997
65.349998
65.309998
65.379997
66.940002
66.32
66.25
65.190002
64.860001
63.700001
64.599998
62.689999
62.700001
62.32
69.230003
68.5
67.459999
67.309998
66.849998
66.919998
67.480003
67.940002
66.949997
66.400002
67.900002
68.290001
68.190002
69.18
69.82
69.809998
69.389999
69.629997
70.190002
69.940002
69.650002
68.690002
67.940002
68.910004
67.650002
66.93
67.089996
68.669998
68.25
69.279999
68.610001
64.199997
64.019997
64.080002
62.66
62.16
62.43
62.279999
60.189999
59.119999
56.150002
55.52
57.650002
55.950001
55.82
57.040001
59.279999
59.650002
56.779999
58.18
57.66
54.43
54.060001
50.759998
51.650002
51.09
48.990002
45.689999
49.66
48.310001
42.75
45.48
45.869999
48.860001
46.810001
44.099998
40.25
41.580002
37.849998
39.700001
42.02
44.209999
43.799999
45.009998
45.209999
43.099998
42.18
43.009998
42.509998
41.07
38.419998
40.77
39.139999
37.110001
38.400002
36.18
34.77
36.849998
41.23
38.849998
40.240002
41.23
39.220001
40.439999
42.07
40.060001
40.459999
41.84
40.540001
41.200001
41.880001
37.209999
35.790001
36.380001
36.700001
36.549999
36.880001
36.220001
35.98
36.169998
36.099998
35.75
36.25
36.650002
38.09
38.299999
39.02
38.040001
36.490002
35.669998
36.18
36.91
36.540001
38.32
38.669998
38.060001
38.150002
37.43
36.509998
36.849998
37.830002
38.09
36.939999
36.169998
36.330002
37.049999
39.59
41.060001
41.759998
41.029999
39.349998
39.139999
40.110001
40.91
39.209999
37.650002
37.75
37.360001
36.400002
37.73
36.66
35.470001
35.220001
33.490002
33.630001
34.849998
33.529999
33.240002
31.75
33.529999
32.16
30.75
31.620001
31.799999
32.93
32.389999
32.400002
31.99
33.540001
32.48
32.619999
34.169998
37.310001
36.389999
36.950001
38.099998
39.139999
39.099998
39.34
39
39.599998
40
39.57
38.470001
37.990002
39
39.459999
38
37.310001
36.91
35.889999
37.52
37.700001
43.830002
43.880001
44.169998
44.459999
45.110001
45.099998
44.529999
44.330002
44.450001
43.860001
44.549999
44.049999
44.220001
43.48
44.150002
44.91
45.360001
43.66
43.189999
44.880001
44.299999
44.009998
43.32
44.799999
48.029999
47.779999
47
46.689999
46.540001
46.82
46.830002
48.169998
48.34
47.700001
47.990002
48.43
48.75
49.07
49.16
48.860001
50.43
51.110001
50.98
51.52
51.470001
51.299999
49.02
49.619999
49.84
48.810001
48.560001
48.939999
49
48.810001
49.330002
49.959999
50.279999
50.77
51.5
51.16
51.5
51.860001
52.439999
50.880001
50.759998
50.439999
50.25
51.959999
51.990002
51.32
50.77
51.279999
51.759998
51.59
51.68
52.59
51.310001
50.389999
49.919998
50.290001
50.380001
51.799999
51.48
52.23
52.169998
51.73
50.959999
50.279999
50.330002
50.330002
50.34
50.759998
51.869999
53.34
54.459999
54.610001
54.400002
53.639999
54.810001
55.59
55.32
56.299999
55.759998
55.48
55.09
54.77
55.43
55.400002
55.860001
54.139999
53.900002
55.48
56.209999
56.610001
57.220001
57.75
57.619999
57.369999
58.18
58.27
57.470001
58.82
58.48
58.139999
57.299999
56.990002
56.32
57.189999
57.400002
57.889999
57.43
58
57.93
57.279999
59.560001
59.23
61.099998
60.66
60.150002
59.48
60.720001
60.849998
60.369999
59.970001
59.369999
59.040001
59.029999
59.419998
59.779999
59.02
58.779999
59.369999
59.610001
59.009998
59.43
59.939999
59.23
59.439999
60.75
61.209999
61.880001
62.580002
61.810001
60.669998
60.220001
60.98
61.580002
61.470001
61.509998
61.77
62
62.23
61.959999
61.630001
60.790001
60.900002
61.16
61.209999
62.43
62.490002
62.610001
62.150002
60.759998
61.639999
60.84
59.240002
59.490002
59.23
58.040001
57.849998
57.82
56.98
57.18
58.029999
57.860001
56.18
57.470001
57.869999
58.200001
57.509998
57.880001
58.259998
58.900002
58.919998
59.139999
58.779999
59.220001
58.709999
59.310001
59.91
59.66
61.700001
62.080002
62.240002
61.619999
64.209999
63.599998
64.040001
65.07
65.330002
64.839996
64.550003
65.07
65.419998
66.010002
65.059998
65.449997
66.82
66.910004
66.980003
66.790001
67.550003
67.889999
67.540001
67.849998
67.989998
67.82
67.339996
67.730003
69.230003
68.800003
69.139999
70.050003
70.650002
70.480003
70.93
71.089996
70.059998
68.849998
70.029999
70.050003
70.330002
73.129997
73.129997
71.989998
72.970001
71
70.809998
68.419998
66.110001
70.010002
70.199997
71.599998
70.370003
68.18
68.139999
67.769997
66.610001
63.860001
65.5
66.209999
66.970001
66.440002
69.980003
68.440002
67.510002
69.589996
70.5
66.540001
66.330002
66.18
66.860001
68.739998
68.910004
68.849998
70.32
70.910004
71.809998
71.709999
71.389999
71.089996
69.940002
68.410004
69.150002
68.760002
65.489998
64.699997
63.560001
63.110001
64.029999
63.310001
64.089996
64.400002
63.810001
64.93
64.730003
65.07
63.02
63.5
63.990002
62.889999
64.489998
64.589996
65.959999
62.740002
65.660004
64.779999
64.160004
65.559998
66.010002
66.839996
66.360001
66.419998
66.849998
66.370003
64.68
63.060001
62.389999
61.950001
64.43
64.519997
62.529999
62.68
62.669998
61.029999
61.849998
61.279999
62.150002
60.880001
60.52
62.959999
63.689999
64.779999
64.199997
64.419998
65.25
65.970001
67.050003
67.699997
68.330002
68.489998
68.93
69.879997
70.290001
70.800003
69.699997
71.489998
70.849998
70.919998
71.120003
70.779999
70.889999
69.870003
71.519997
70.529999
70.620003
70.790001
70.910004
71.610001
72.459999
71.440002
72.059998
72.459999
70.919998
72.190002
72.360001
72.529999
73.260002
73.290001
74.040001
74.379997
74.129997
75
75.550003
75.919998
77.110001
77.879997
77.589996
77.010002
76.529999
77.419998
76.449997
76.360001
75.089996
76.800003
78.110001
78.730003
78.730003
77.230003
78.669998
78.010002
77.610001
76.870003
78.709999
79.290001
79.400002
78.389999
78.589996
77.599998
79.050003
80.330002
80.43
80.050003
79.360001
80.470001
80.169998
80.470001
80.050003
79.860001
79.580002
79.349998
78.959999
78.919998
78.470001
77.709999
78.099998
77.629997
77.790001
76.050003
75.209999
74.68
76.300003
76.75
76.389999
76.440002
77.410004
75.510002
75.790001
76.25
78.260002
77.989998
76.660004
77.68
76.059998
76.389999
77.699997
75.889999
75.540001
75.370003
76.129997
76.849998
77.910004
79.459999
79.870003
80.199997
79.900002
80.339996
80.489998
83.379997
82.949997
80.480003
81.599998
82.440002
83.050003
82.040001
82.43
84.650002
87
86.010002
87.120003
86.970001
85.010002
85.370003
84.730003
82.699997
80.57
81.760002
83.57
84.959999
84.410004
84.07
84.629997
85.5
85.529999
85.989998
86.809998
86.900002
87.93
89.019997
89.720001
89.379997
88.199997
87.650002
87.849998
87.160004
87.550003
87.199997
87.809998
85.959999
86.410004
89.660004
90.800003
90.730003
98.32
98.309998
97.959999
98
98.290001
97.5
96.870003
95.650002
96.870003
97.800003
98.019997
97.290001
98.43
97.699997
97.169998
95.980003
98.459999
99.559998
98.730003
97.260002
97.120003
97.580002
97.980003
97.800003
98.559998
95.940002
96.099998
94.010002
92.629997
93.900002
92.910004
94.190002
92.25
91.510002
93.169998
91.050003
91.449997
92.089996
92.589996
94.300003
94.050003
93.139999
91.480003
92.709999
94.019997
95.349998
95.739998
97.629997
97.93
98.029999
98.57
98.550003
95.050003
94.410004
94.470001
93.440002
93.690002
93.059998
96.139999
96.360001
99.160004
98.059998
97.099998
89.25
86.650002
87.470001
87.889999
86.290001
81.849998
82.860001
78.870003
78.010002
73.199997
76.82
73.150002
75.739998
78.889999
81.110001
77.75
78.290001
72.190002
72.379997
72.830002
75.779999
77.300003
76.620003
78.339996
80.309998
80.589996
79.870003
78.830002
75.839996
75.849998
78.760002
77.019997
74.620003
75.449997
77.669998
79.699997
81.809998
82.43
80.629997
81.25
77.160004
74.269997
75.089996
76.760002
79.599998
77.029999
77.75
75.489998
73.860001
75.43
77
79.099998
72.779999
75.910004
78.230003
77.330002
75.959999
77.25
75.220001
76.660004
76.010002
77.720001
80.589996
83.139999
78.900002
77.019997
80.949997
82.220001
80.120003
76.849998
77.459999
79.669998
78.550003
79.400002
81.5
77.480003
77.93
80.029999
79.459999
79.239998
78.660004
76.169998
74.769997
74.349998
74.669998
72.779999
72.550003
75.160004
75.18
80
79.949997
79.879997
80.050003
80.169998
79.150002
75.559998
74.82
73.540001
72.449997
71.839996
71.93
71.610001
71.720001
74.110001
73.730003
74.519997
74.589996
74.620003
73.260002
74.139999
74.050003
75.940002
74.449997
73.709999
74.150002
74.269997
74.139999
75.389999
76.709999
76.059998
77.779999
76.290001
79.379997
77.989998
78.760002
85.040001
87.910004
86.949997
86.82
86.269997
86.57
88.330002
88.779999
89.489998
89.260002
88.830002
88.559998
88.339996
87.800003
88.139999
88.510002
87.919998
89.099998
88.629997
87.440002
88.120003
88.110001
88.559998
88.980003
89.900002
89.599998
90.300003
89.339996
88.919998
87.32
87.879997
89.860001
90.980003
90.510002
92.269997
92.18
93.129997
92.959999
92.580002
92.879997
92.379997
91.209999
90.889999
94.029999
93.110001
92.860001
91.809998
92.660004
93.989998
93.889999
91.760002
91.93
90.080002
87.440002
88.150002
89.279999
87.559998
86.949997
88.559998
88.190002
88.040001
88.75
88.339996
81.800003
83.269997
84.300003
83.82
84.110001
83.919998
83.82
83.519997
83.510002
83.779999
84.5
84.349998
84.290001
84.82
83.839996
83.120003
83.18
82.519997
80.809998
82.550003
82.769997
82.089996
82.25
82.099998
82.470001
80.800003
79.779999
77.07
76.150002
76.970001
78.830002
78.349998
78.779999
78.260002
79.379997
79.5
80.32
80.559998
81.279999
82.379997
82.349998
80.040001
81.089996
79.519997
77.830002
78.139999
76.889999
79.470001
78.5
79.43
79.82
77.309998
75.959999
74.660004
75.300003
75.410004
76.629997
76.190002
77.120003
78.629997
78.510002
76.480003
75.589996
75.690002
75.110001
77.089996
79.059998
78.110001
77.480003
77.32
75.400002
77.110001
77
78.68
79.269997
78.559998
78.650002
78.019997
77.330002
78.330002
76.169998
75.260002
75.75
76
76.650002
77.099998
77.720001
78.010002
77.540001
79.18
79.089996
80.190002
79.870003
79.610001
81.669998
83.18
83.220001
83.419998
83.639999
85.150002
85.040001
84.919998
85.239998
85.010002
85.089996
84.690002
84.620003
84.120003
83.360001
84.120003
83.330002
84.160004
84.010002
84.32
84.449997
84.349998
84.370003
81.980003
80.389999
80.889999
80.379997
80.599998
81.690002
82.110001
81.099998
79.879997
81.059998
78.889999
79.599998
80.669998
81.559998
81.809998
84.190002
83.489998
84.739998
85.379997
84
83.209999
82.970001
82.910004
82.389999
80.739998
81.129997
81.209999
83.169998
82.839996
82.129997
83.639999
83.269997
82.949997
83.730003
84.550003
84.550003
84.139999
84.43
84.150002
85.019997
85.5
86
87.059998
87.610001
87.43
87.349998
88.18
89.199997
88.389999
89.330002
88.419998
88.620003
87.379997
87.529999
86.25
