Adjusted
25.328344
25.133512
22.698095
22.38813
20.864883
21.971895
22.503256
21.236839
22.255285
22.379272
21.856768
20.935738
20.909164
21.298832
22.087021
23.831669
23.105471
23.902515
23.875946
23.645691
23.42429
24.752699
25.204355
24.858971
24.876682
24.097349
24.974102
25.151222
25.673729
26.134243
25.168936
25.585165
26.116531
27.134977
27.719481
27.657488
29.384424
30.101757
30.084049
28.658222
27.338671
27.639774
28.171143
28.30398
27.790333
26.816166
26.249372
27.347519
26.993286
27.657488
27.692909
26.293652
27.870033
26.054544
25.788858
27.914316
27.055275
26.098816
23.964508
23.636833
23.946796
24.743839
24.416166
25.549742
25.124662
24.99181
25.044952
25.266348
26.461914
24.495869
23.911371
24.061926
24.929821
24.903254
25.948267
27.223545
26.417637
26.780737
27.675203
25.16008
25.72687
25.72687
25.673729
26.275942
26.08111
26.143099
26.196239
26.382217
26.922434
26.913574
27.002136
27.675203
29.995497
30.110615
31.359316
31.217621
30.845675
30.659695
31.678143
31.199905
31.784407
32.537174
32.670025
33.236816
32.776299
34.10471
34.140125
35.406551
34.476658
34.388092
34.742332
33.024265
32.882565
33.165962
34.113564
34.724628
34.83091
34.760052
33.227951
32.005814
32.032383
32.43977
31.261909
30.88109
30.579987
30.819099
30.349737
29.472984
29.924637
31.571871
30.022051
29.756376
29.278149
29.915781
30.004349
28.427959
28.782211
28.720217
29.419844
30.004349
30.98737
29.774086
27.400661
26.479633
26.019114
25.664873
25.496611
25.319485
24.850119
25.735722
25.762291
25.656013
25.762291
25.762291
26.027971
25.487749
25.576315
26.089966
25.257496
24.655285
25.266348
25.452332
25.576315
24.770412
24.416166
25.000669
24.956387
24.141634
23.318018
22.937206
23.185179
22.822079
22.538683
20.891459
21.715073
21.059721
21.316545
20.147549
20.156401
18.482605
20.156401
21.165995
19.297363
18.712862
18.898838
19.403639
19.164522
16.844234
18.88113
18.24349
17.729841
16.649401
16.242025
14.8959
13.709188
13.044983
12.708452
14.098851
13.930588
12.974133
13.921731
13.168967
13.797746
13.018414
12.194801
11.557165
13.018414
12.380777
12.788157
13.726901
14.160846
14.585934
15.081878
15.524682
14.010294
13.585202
14.019148
13.27524
12.735021
11.663435
12.814723
11.911407
11.681149
11.194065
9.989639
8.794071
9.192594
10.343884
10.228754
11.105503
10.804395
9.546836
10.59185
11.185211
10.290744
10.644992
11.654581
11.211775
11.247202
10.414733
11.087793
10.467869
11.070079
11.264913
10.671557
10.972665
10.538717
9.936502
10.025064
10.042776
9.732814
9.94536
10.140193
10.919527
10.644992
12.681885
11.973398
12.07967
12.398491
11.840558
11.557165
10.813255
11.504025
11.78742
10.662702
11.424322
10.93724
11.512883
11.495171
11.999967
12.752728
13.948301
13.0007
13.744613
13.532065
14.92247
15.037595
15.861209
15.24129
14.656786
14.780772
15.126158
14.771916
13.850886
13.877452
12.876717
12.885572
12.212513
12.708452
12.885572
11.929118
12.097383
11.247202
12.088528
13.248671
12.841292
12.885572
13.337233
14.178559
14.6745
15.223575
15.24129
14.79848
15.161583
15.604387
15.79922
15.312134
16.711397
17.269325
16.844234
17.154196
17.269325
16.7911
17.127628
17.632423
17.791834
18.863419
18.287767
17.933531
18.819138
19.580757
18.898838
18.63316
18.827991
19.616184
19.855295
18.704008
19.199949
19.580757
19.297363
18.739431
19.288507
18.712862
19.527624
20.829466
20.714331
21.484812
21.626511
21.812485
20.723194
20.997725
20.501783
19.802162
19.926147
20.342377
20.510645
20.988873
21.661932
21.378536
21.573372
21.679646
22.140158
21.971895
21.768206
22.00732
22.94606
21.564518
20.723194
21.227985
20.971159
21.086287
22.069309
21.750494
22.529825
22.264141
22.025032
21.316545
21.644218
21.821339
22.512114
21.546803
22.140158
22.813219
22.653811
23.689972
23.459715
23.468563
23.734249
23.220596
23.344584
22.131302
22.272997
22.742374
22.467834
23.442001
23.273737
24.522444
25.567455
25.895126
25.611738
25.815426
26.780737
26.727598
26.922434
27.870033
27.285534
26.674465
26.984426
26.789593
27.799181
27.843462
27.692909
28.091436
28.321692
28.171143
28.268557
28.605085
28.348261
27.630919
27.170404
27.728336
28.427959
29.163015
29.092173
28.693647
29.29586
30.190315
30.827961
30.420572
30.358589
29.384424
28.941618
29.304716
30.04863
30.98737
31.182205
31.660425
31.067068
31.191063
32.271496
32.634598
32.413197
32.076664
31.917257
32.10323
32.563751
32.014668
31.164494
32.723152
32.032383
32.3512
31.270771
31.288465
32.324631
32.413197
32.076664
32.244923
32.971119
33.369648
33.484776
33.405075
32.076664
31.74898
32.528324
32.395481
31.757843
32.864857
31.385893
31.341612
30.597706
29.738663
31.005085
29.827225
30.216892
30.411728
30.88995
32.147514
32.271496
33.130535
33.343075
34.122414
34.033852
34.09584
34.68034
34.618362
34.051563
33.006554
32.811722
33.785881
33.431644
34.060413
33.210236
32.62574
33.989571
34.450092
34.219826
34.963741
34.591782
34.237545
35.025738
34.919472
34.538651
35.22942
35.070015
36.451553
37.177753
37.895096
38.275913
38.497307
39.037533
39.533463
38.940125
38.957832
39.586605
39.099533
40.082546
41.145275
41.180698
40.374798
40.578484
40.622765
39.577755
40.259666
40.53421
38.948963
39.81686
39.196934
40.109112
36.079601
36.743809
36.185879
35.991043
34.963741
33.644188
35.158577
35.840496
35.8582
34.29068
34.919472
35.114296
35.760792
35.486252
35.681076
35.291412
37.709122
37.76226
38.435326
38.213921
37.523144
36.168175
34.529797
34.627205
34.210972
35.849342
35.078869
34.219826
34.919472
34.760052
35.070015
34.352676
33.715038
34.414665
33.989571
33.874439
34.166695
34.68034
34.547508
33.777027
35.991043
37.213192
36.920929
36.026463
35.025738
35.397694
34.848614
34.529797
34.547508
35.982189
36.354149
35.672237
35.725357
36.655254
36.380714
35.557095
36.708385
36.991779
35.813915
35.052303
35.619083
35.681076
36.026463
39.595459
39.064091
37.903954
37.868526
38.019081
36.389576
36.96521
35.893627
36.008759
34.317249
33.954155
35.379967
35.114296
35.946762
35.140862
34.148987
34.609493
32.528324
31.934967
31.199905
31.890688
31.483301
31.137924
30.429441
32.156361
30.827961
29.720951
31.208775
32.368916
30.48258
29.650105
29.658962
29.41099
30.199173
30.420572
30.420572
31.465599
31.182205
31.182205
31.005085
30.261171
29.472984
29.59696
27.861176
28.144567
28.073727
27.161551
26.709892
27.436085
26.745316
26.45306
27.701773
27.949739
27.976307
27.772615
28.374828
28.950472
28.985899
27.852325
28.091436
28.206564
26.727598
24.938681
24.814693
25.523172
25.452332
24.619858
23.884806
23.371151
24.044216
23.698826
23.991077
23.78739
23.194029
23.025766
21.617651
22.228722
21.467096
21.661932
21.94533
21.405107
21.537949
21.281126
21.839054
21.520231
21.024296
21.325403
20.918026
22.343849
21.909904
21.39625
22.724659
23.087763
23.548279
23.043478
23.176321
22.981485
22.715803
23.946796
23.636833
24.15934
23.840523
23.495138
24.247902
24.327608
23.627975
24.061926
24.974102
24.531301
24.575577
25.443472
25.142365
25.018379
24.770412
25.487749
24.708414
25.106939
25.594025
25.841997
26.054544
26.275942
26.116531
28.241982
27.870033
26.745316
27.010996
27.055275
26.949005
26.957861
27.409519
27.976307
27.896603
28.348261
28.888477
29.233866
29.472984
29.738663
30.783678
30.810242
30.615419
29.685528
29.216152
28.85306
28.339403
27.994015
27.790333
28.613945
30.092909
29.853786
29.189587
29.995497
29.898069
29.862652
29.667814
30.24346
30.686266
30.703968
30.50914
31.067068
31.013935
31.067068
31.59844
31.447882
30.659695
29.41099
29.260441
29.198442
29.304716
29.667814
29.933498
29.96006
29.942352
29.968924
29.800657
29.800657
30.022051
30.234598
29.216152
29.039034
29.233866
29.251581
29.083315
28.835344
29.180729
29.003614
29.614679
30.057476
29.198442
28.135715
27.905457
28.737928
28.605085
29.8715
30.774828
30.057476
30.128332
30.535704
32.227215
31.864126
32.067799
32.182938
32.200645
31.651571
31.137924
30.48258
30.695114
30.252316
29.880365
29.800657
29.437561
28.427959
27.232391
27.179264
27.622063
27.081846
26.072256
26.34679
26.887011
26.577045
30.712835
32.138657
31.43903
30.394016
30.464859
29.915781
29.836073
29.101027
29.7918
30.013197
30.447149
30.2966
30.464859
31.961542
33.112823
32.820568
32.811722
33.396217
33.024265
33.81245
33.033115
32.794003
33.360794
33.475922
34.361526
34.308392
33.768173
33.343075
33.989571
34.308392
34.246399
34.990311
35.999901
36.522415
35.831638
36.150444
35.300278
35.636803
35.247128
34.946026
34.148987
33.653042
33.360794
33.7239
33.706181
34.450092
34.042709
34.051563
33.201389
32.218361
32.156361
32.608028
32.191788
32.005814
31.74898
31.846401
31.704714
31.580727
31.633863
32.457485
31.226484
31.022791
30.960802
30.394016
30.278881
29.84494
29.836073
30.07519
29.74752
31.315042
30.252316
30.33202
29.641245
29.667814
30.827961
30.615419
32.776299
31.155624
30.907667
31.518734
31.819839
32.218361
32.448612
32.572601
33.112823
34.10471
34.113564
32.953411
32.785141
33.015404
32.820568
33.006554
32.537174
33.413937
33.7239
31.111351
33.688469
32.678871
32.280354
31.447882
31.297333
30.517986
30.597706
29.030172
29.357853
27.453802
27.046419
25.780003
26.851585
25.780003
26.975569
27.188118
27.870033
27.506933
26.568192
24.646423
23.388865
23.477423
24.416166
24.717276
24.451593
25.053804
25.780003
26.240519
26.116531
25.416904
24.301039
24.301039
25.230925
25.071514
25.204355
25.558603
25.797714
26.213949
26.621328
26.630184
25.9217
25.080372
24.487017
22.990341
23.415436
24.611002
24.876682
23.920231
23.681116
22.777796
21.785913
22.47669
23.867096
24.336464
23.858236
24.734991
25.576315
24.398453
25.381477
25.098085
23.247169
23.858236
21.644218
22.990341
22.999197
24.132776
23.344584
24.717276
24.283327
24.177055
23.592554
23.468563
24.185907
25.186647
24.752699
24.513588
24.611002
23.034624
22.839794
23.574841
23.32687
22.184437
23.751965
22.370422
23.061192
23.123182
22.830929
22.662666
22.140158
23.521708
24.363031
25.744579
25.90399
27.843462
28.348261
28.056007
28.179995
27.923172
28.67593
28.286272
27.506933
27.019854
27.161551
27.409519
27.134977
28.241982
27.808039
28.082575
28.463388
27.657488
27.241255
27.542358
27.409519
27.436085
27.719481
29.012465
29.658962
29.889214
29.694378
29.543833
29.986631
29.534973
29.304716
29.809513
30.066338
30.686266
30.739395
32.66116
33.121677
32.776299
32.811722
32.652302
32.191788
33.679619
33.272224
34.166695
34.29068
34.432377
35.220573
34.706917
34.157829
33.803596
34.662636
33.918728
35.946762
35.822784
35.636803
35.034592
35.158577
35.22942
34.352676
34.875187
34.760052
35.300278
34.476658
34.069279
32.962276
33.53791
34.520935
35.707657
35.096584
35.557095
35.096584
34.423519
33.883301
33.821304
34.609493
34.937172
37.248608
37.585136
37.726837
37.602856
37.34602
37.204319
36.655254
37.115761
36.867798
36.557827
35.193996
35.149719
33.892159
33.847885
34.706917
34.556358
35.043446
34.990311
36.805801
37.239738
36.699532
36.681816
36.699532
38.205063
39.055248
33.591053
34.370392
35.459682
35.893627
34.751198
34.432377
34.671494
34.662636
35.379967
36.079601
35.689938
35.362255
35.388828
34.210972
32.829437
30.695114
31.846401
30.562277
30.199173
29.96006
30.2966
29.375565
28.543093
27.799181
26.665607
26.479633
26.506197
27.400661
27.294392
27.657488
27.152693
27.046419
26.869295
26.745316
27.179264
27.055275
27.329817
27.356382
26.010262
26.302511
25.620592
25.797714
26.391068
25.505457
26.993286
26.426495
27.436085
27.170404
27.47151
27.923172
28.348261
27.896603
27.763763
27.967449
28.002876
28.312836
29.579252
28.968189
28.4014
28.587372
28.135715
28.755642
34.77776
35.353405
35.574818
35.220573
34.910599
35.335705
36.309864
36.531269
36.974064
37.071484
38.107632
38.957832
39.250061
38.966679
39.117237
40.215378
40.277386
40.135677
39.551186
39.409485
38.506172
38.639011
38.780701
38.52388
38.52388
37.284023
37.036068
37.478863
37.053764
38.178493
37.071484
36.469273
37.416866
36.734947
37.709122
36.362995
34.963741
34.857464
34.600651
34.600651
35.565956
35.441978
35.114296
34.410225
35.274719
34.517178
33.973518
34.018089
33.510086
33.85767
33.85767
34.16959
33.144672
32.413876
32.609947
32.101952
31.861311
32.396053
32.298027
31.683075
31.085951
31.442444
30.684896
30.087774
30.658167
30.408625
30.506655
31.558302
31.371151
31.69199
33.010994
31.46026
31.050306
31.290936
30.961182
30.907713
30.167992
30.167992
30.818583
31.192896
30.381887
30.640343
31.273108
31.914803
30.916622
30.212551
30.230377
29.793678
29.775848
29.936272
32.110859
33.064472
33.510086
34.267632
34.009178
33.964321
33.937408
33.892551
34.125793
35.525276
36.960644
37.821857
37.759064
37.507874
37.759064
37.741119
37.19389
