Adjusted
17.667917
17.552385
16.85029
15.974888
15.926004
15.79195
16.207527
16.757168
16.591825
16.176254
16.49799
15.7562
15.675771
15.832167
17.422985
17.30233
16.779512
16.748224
16.752697
17.288927
17.624069
18.213924
18.10668
17.74472
17.775999
17.414051
17.59726
18.51779
18.602694
18.651842
18.240734
17.481075
17.123587
16.824194
16.328186
16.426493
16.256685
16.551617
16.216467
16.310307
15.707057
15.702576
15.921545
15.93495
15.465745
15.224442
14.625651
14.831209
14.634593
14.245824
13.928556
13.696188
14.455849
13.910679
14.589905
15.001011
14.840144
14.746306
14.822271
14.51394
14.7329
15.510435
14.933986
15.045698
15.144013
15.170818
15.014416
14.884055
14.830112
14.403054
14.277184
14.376081
14.578376
14.915523
14.812133
14.762681
14.47498
14.650297
14.236728
14.02095
14.277184
14.798643
14.672773
15.634774
15.72468
15.369552
15.284139
15.279647
15.140291
14.735707
15.171754
15.12231
13.018492
13.090416
13.063444
12.969043
13.031977
12.586938
12.586938
12.416117
12.550977
12.89712
13.031977
13.036472
12.802715
12.631894
13.189316
13.364632
12.811707
12.856658
12.789231
12.056491
12.020524
12.209332
12.303734
12.08346
11.615947
11.944105
11.831722
11.481087
11.481087
11.638423
11.283295
11.081001
10.649448
10.640457
10.213403
10.208906
10.083036
10.456151
10.061663
9.866688
9.540216
9.503939
9.381516
9.925633
10.211299
9.694383
10.052594
10.043527
10.891444
10.279312
10.211299
9.989116
10.152349
9.993648
10.052594
9.71252
9.730659
10.392671
9.086785
8.551734
8.456512
8.946218
8.751244
8.637887
8.678694
8.928083
8.683229
8.556269
8.510925
8.329555
8.361294
8.089232
8.102836
8.302347
8.275142
8.302347
8.356758
8.606146
8.157248
8.216193
8.216193
8.198056
8.229798
8.565337
8.356758
8.207127
8.238867
8.28421
9.059577
9.426861
8.669628
8.987027
8.819259
9.204676
9.358844
8.851
9.08225
9.172936
8.556269
8.161783
8.139113
7.726489
7.862519
6.819622
6.724402
7.195971
7.000995
6.057857
6.329915
6.338984
6.511289
5.935428
5.35957
5.377708
4.869863
4.570598
4.779176
4.838122
4.792779
4.860795
4.543393
4.983222
4.674888
4.751969
4.556995
4.380156
4.362019
3.981137
4.157974
4.253195
4.294003
4.230524
3.999273
3.822434
3.71361
4.52072
4.738368
4.901604
4.797314
4.407362
4.543393
4.620476
4.593269
4.806382
4.81545
4.756507
5.042168
4.78371
4.693025
4.720231
4.897068
5.02403
4.693025
4.516187
4.266798
4.162508
4.1217
4.031014
4.099028
4.239593
4.280401
4.484447
4.611407
4.779176
4.538857
5.563615
5.699645
5.744988
5.96717
5.794866
5.608959
5.513738
5.087512
5.250748
5.114717
5.155527
5.178197
5.205404
5.404914
4.915206
4.647681
4.611407
4.647681
4.625009
4.720231
4.933344
5.019495
4.751969
4.697559
4.665819
4.52072
4.225988
4.212387
5.781261
5.822071
5.518272
5.649767
5.735919
5.536407
5.509203
5.246211
5.287021
5.459325
5.341433
5.477462
5.332365
5.763126
5.835674
6.397931
6.520357
6.78335
7.137025
7.132492
7.277589
6.969254
7.386415
7.594991
7.817172
8.26607
8.148178
7.694746
7.617663
7.925997
8.560802
8.451977
8.402103
7.799036
8.139113
8.325017
8.338621
8.134578
8.007612
8.397568
8.379428
7.935067
8.098303
8.597075
8.687763
8.950753
8.710435
8.823793
8.819259
9.399652
9.49034
10.292913
10.088868
10.175023
10.161416
10.052594
9.830413
10.007252
9.068645
9.318035
8.891809
9.408722
9.068645
9.213743
8.987027
8.569867
8.692297
8.184455
8.311413
8.556269
9.231882
9.399652
9.358844
9.717056
9.594628
9.612764
9.803207
9.454064
9.358844
9.268156
8.846467
8.62882
8.461047
8.592544
8.737643
8.497318
8.361294
8.438375
8.565337
8.705901
8.519991
8.606146
8.687763
8.148178
8.143645
7.789968
8.488255
8.71497
8.728576
9.032373
9.272694
9.503939
9.658108
9.916567
10.193157
10.161416
10.578574
10.882375
10.759948
11.000267
11.050147
10.982128
11.059215
10.968528
11.245123
11.25419
13.013507
12.709712
12.886548
12.605418
12.600885
12.614488
12.92282
12.741447
12.310688
12.487526
12.609952
12.628092
13.04978
12.755052
13.24929
13.385324
13.403463
13.199415
13.185813
12.777723
12.328825
12.424044
12.537403
12.709712
12.904684
13.063388
12.891083
13.081526
12.913752
12.90922
12.795861
12.968166
13.004438
13.326377
13.217553
12.904684
13.045248
13.60297
13.766208
13.82515
13.385324
13.244758
13.707261
14.060936
14.079074
14.237775
14.360204
14.908854
14.831772
15.040351
15.35775
15.298801
15.50285
15.298801
14.954198
15.326013
15.126506
15.140108
15.140108
14.641331
15.022211
14.537043
14.636798
14.537043
14.537043
12.288017
12.809463
12.93189
12.954561
12.782259
12.428579
12.464858
12.242673
12.093042
11.884461
12.22907
11.952477
12.120244
11.98422
12.011424
11.743898
11.63054
11.82098
11.789241
11.648679
11.879927
11.739363
11.471839
11.730294
11.920736
12.093042
12.374169
12.578214
12.587283
12.419514
12.238141
12.492061
13.045248
12.93189
12.882016
12.945491
12.854808
12.605418
12.446717
12.628092
12.523801
12.6689
12.614488
12.677969
13.485078
13.344513
13.294633
12.795861
12.673433
13.018042
13.19488
13.167675
12.900149
12.859341
12.605418
12.501129
12.365099
12.342428
12.433114
12.646228
12.569144
12.360566
12.414977
12.510201
12.804927
12.900149
13.244758
13.489613
13.838756
15.5754
15.452978
15.262533
15.380423
15.811189
15.697825
15.951752
16.092316
16.577486
16.504936
16.40065
16.432386
16.373442
16.273691
16.010696
15.938148
16.146723
16.459597
16.491335
16.663643
16.749792
16.323566
16.246481
16.219276
16.309959
15.906409
16.083244
16.056036
16.391579
16.44146
16.391579
16.736185
17.08987
17.253103
16.981041
16.95837
17.593174
17.593174
17.497955
17.742805
17.910576
17.73374
17.511562
17.28484
17.212292
18.25518
18.22798
18.042074
17.108002
17.361927
17.756409
17.692934
18.178102
18.246119
18.350407
17.271242
16.631897
17.856167
17.901506
18.250652
19.27088
18.513645
18.495502
18.354937
18.314129
17.429939
17.792685
17.955921
17.865236
17.942322
18.43656
18.332273
17.765478
18.373075
18.051144
17.507023
17.062656
17.393663
17.28484
17.706532
17.856167
18.141829
18.268789
18.282391
18.364012
18.300531
17.824425
17.643053
17.692934
17.416334
17.543301
17.357388
16.763395
16.332638
16.101391
15.879198
15.50285
16.187536
16.672707
16.622826
16.323566
16.78153
16.935699
17.679327
16.872215
16.736185
16.967443
16.46413
16.940233
17.579578
17.969528
18.205311
17.883371
17.611311
17.216825
17.652119
17.906042
16.396112
16.486799
16.54121
16.536674
16.495869
16.173927
16.509468
16.514009
16.677242
16.767927
16.672707
16.500406
16.650034
16.518543
16.02883
16.264618
16.210211
16.187536
15.729567
15.774907
16.019766
16.3281
16.622826
16.178465
15.992558
15.942682
16.083244
15.983498
16.096853
16.291832
16.477734
16.817804
17.31205
16.903954
16.650034
16.504936
16.808737
16.550283
17.017315
16.967443
16.826876
16.808737
16.586555
16.591087
16.405184
15.969892
15.675159
15.842923
16.260082
16.668177
16.804207
17.366459
17.434477
17.076267
17.398201
17.366459
18.087418
18.073814
18.014868
18.001263
17.919647
18.023932
18.069281
18.341343
18.622471
21.433744
20.626635
20.939507
21.08007
21.361202
21.420149
21.247839
21.161686
20.885092
20.694654
20.876022
20.726395
21.125412
21.111809
21.356663
21.315859
21.261438
21.411072
21.701271
22.23633
22.159239
22.091219
22.086691
22.172844
22.113897
22.440371
22.20005
22.118429
22.444904
22.531055
22.880194
22.943678
23.283754
23.170391
23.011692
22.898331
22.544655
22.685221
22.939142
22.939142
23.011692
22.23633
22.268066
21.854595
22.081772
22.145388
22.499786
22.72242
23.767443
24.094578
24.162739
23.740177
23.744724
23.549351
23.690208
23.844681
23.60387
23.608414
22.917795
23.494825
24.040058
23.499369
23.472109
24.080954
24.003716
24.040058
24.421719
27.284172
27.111515
26.938864
26.916142
27.325064
27.470457
27.275084
26.461788
25.925642
26.084667
26.298214
26.607182
25.725721
26.298214
26.543564
26.829813
26.293673
26.475414
26.748032
26.479959
26.757116
26.811644
26.979755
27.297798
27.443197
27.46137
28.047495
27.883921
28.115644
28.706316
29.060705
28.788095
29.237909
29.95579
29.942165
30.319273
30.03303
29.842207
28.969841
29.278799
28.62351
28.741825
28.62351
29.392563
29.565493
29.447172
28.828285
29.087675
29.884035
30.170729
29.979599
29.852179
29.6383
28.414181
28.559799
27.139997
27.199158
27.185509
27.281069
28.018274
27.795294
28.905651
28.750923
28.77368
28.436932
27.909061
28.018274
28.172998
28.159344
27.686079
27.262865
27.076288
27.203705
27.572309
27.563206
27.831696
27.112698
26.707687
26.006893
25.460812
25.93408
24.773668
25.092215
24.678106
24.896536
24.923841
24.564339
25.151371
25.342503
25.893127
27.490398
27.339979
27.882402
27.586119
27.996359
28.949018
28.921669
28.921669
29.359259
29.090324
29.072084
29.496004
29.336458
29.473209
29.578043
29.951817
29.217945
29.409393
29.122229
30.047539
29.988281
29.82419
30.143263
30.412189
30.494246
29.82419
30.603636
30.403074
30.238983
28.990036
28.898878
27.162212
26.715508
24.709908
25.430098
24.614185
26.182199
26.569643
27.472166
27.335423
28.278967
26.820349
25.904148
25.876804
26.85681
27.143974
26.633459
27.841385
29.304554
29.067526
30.102243
29.609951
28.766689
29.413948
30.471449
29.974606
29.391165
29.933588
30.339262
30.498798
31.270288
31.52136
32.913673
32.868046
31.977859
30.873135
31.133335
32.671738
32.384151
31.996119
30.617489
29.814051
28.503891
28.974087
29.772963
30.740746
30.494238
31.649193
31.215511
31.247458
30.90052
31.55332
30.905081
31.603535
32.420662
32.361324
32.868046
33.758205
32.05547
32.434364
33.872341
33.621265
32.922813
31.731339
32.210674
31.567009
31.347889
31.188114
31.274849
30.485109
30.644876
31.36158
30.863998
31.192678
30.517056
30.065123
29.864264
29.115601
29.718189
28.864529
29.010609
29.914474
29.759266
31.087685
30.973551
31.210945
31.644615
31.877426
31.270288
30.608366
31.548754
31.142464
30.81835
30.133598
30.261417
30.20207
30.15642
31.36158
31.247458
31.252014
31.379848
31.466583
31.722206
31.927654
31.763304
31.790697
32.63522
33.210411
33.26976
33.274326
33.178455
33.054962
32.899456
33.704441
35.094872
35.616299
35.369308
34.898212
34.815876
35.360172
35.286991
34.390526
34.2533
33.818794
33.859947
34.399666
34.578049
34.875343
34.948524
34.669525
35.643742
37.514431
37.331482
37.02961
37.043324
36.563084
36.864952
37.139378
36.855804
36.782623
37.057049
37.093651
37.3452
37.047901
36.928986
37.583035
37.875763
37.788868
37.015888
37.505283
38.346863
38.360588
38.328575
39.321091
38.93689
39.101543
38.946041
38.982628
38.552692
38.406334
37.939796
38.168484
38.72192
38.484085
39.147282
37.784294
38.05415
38.177639
38.008121
37.375885
38.333405
38.150154
37.426273
38.489185
39.254288
39.08477
38.924435
39.272617
38.951904
38.46627
38.786976
38.333405
37.591202
38.044765
38.521255
38.250946
38.058525
38.534996
38.626625
41.549622
41.215172
41.14645
40.468388
40.363014
40.390495
40.564606
40.065216
39.964432
39.61623
38.46627
38.049358
39.231384
39.808647
39.574989
39.593319
39.982746
40.935692
41.009003
40.596676
39.254288
39.652885
40.495869
41.613762
41.357193
41.65958
41.123547
41.833675
41.187691
41.93906
43.281425
43.58839
43.835793
44.046547
43.14399
44.106087
43.780823
44.399315
43.582626
42.999939
43.734039
43.417458
43.949673
44.179085
43.623924
43.183456
43.642269
42.990765
42.899002
43.481686
43.064171
43.045822
42.458542
41.540909
38.554043
38.453094
38.540276
38.783451
43.174282
42.463135
42.119022
42.10984
42.527355
42.6283
43.403687
43.279819
43.087112
42.99535
43.431213
43.110046
43.12381
43.004524
43.339455
44.013905
43.922146
43.628506
44.018497
44.504837
43.623924
44.518612
44.422253
44.408493
44.504837
44.523197
44.390141
44.335075
44.188259
45.064587
44.826008
44.862717
44.004738
44.179085
44.945301
44.853535
44.78931
44.715885
45.532585
45.601406
45.766575
45.917984
45.082947
44.306442
44.871593
44.752125
44.79348
44.761318
45.110516
45.730797
46.493519
46.153507
45.023209
44.756725
44.641857
44.292664
44.765907
45.413765
45.877815
45.896206
44.407532
44.058334
43.171555
42.735069
42.960201
43.28643
43.552917
43.401295
44.637268
45.105919
45.027805
44.07671
41.494503
42.073433
41.816135
41.540455
40.474487
40.71801
41.600185
41.999916
42.92345
42.303165
43.676971
42.339928
41.981544
42.473175
42.767227
42.895885
42.459385
42.303165
42.666145
42.81171
42.539356
42.57222
43.09346
42.548763
41.896034
41.576725
42.187172
43.065289
42.844585
43.060593
42.816406
42.731892
42.47831
42.304569
41.886642
