Adjusted
18.74371
18.922756
17.856571
17.791464
17.392658
18.190268
18.149567
17.36824
17.644972
17.433359
17.799603
17.270578
17.124084
16.285784
16.074175
16.936884
16.660168
17.115938
17.026417
16.977579
18.230959
18.751844
18.385595
17.750769
17.929819
17.726355
17.636824
17.87285
17.531021
17.767042
17.16477
17.392658
17.417072
17.327551
17.083384
17.449633
17.783323
17.571714
17.604271
17.327551
16.928747
17.18919
17.555435
18.060041
17.710075
17.319407
17.067104
17.726355
17.205469
17.156631
16.782248
16.611332
17.661242
17.856571
17.86471
17.962379
17.742634
17.238022
17.001989
17.075245
17.311272
17.498463
17.417072
17.124084
16.904331
17.140356
17.091522
16.945024
16.757828
16.505526
16.293917
16.717134
17.181049
17.197321
16.733416
17.221746
17.905403
18.312349
18.930897
18.768118
18.906485
18.727425
18.719296
19.240168
19.00415
18.963459
18.800678
18.507679
18.89834
18.694876
18.800678
19.451786
19.199476
19.044842
19.061119
19.337833
19.223894
18.963459
18.922756
18.491398
18.833229
19.00415
18.637899
19.240168
18.979731
19.492479
19.00415
19.345978
18.662319
18.825092
19.297146
18.873928
19.337833
19.557585
19.142506
18.833229
18.637899
18.84951
20.428436
21.071402
20.477272
20.859798
20.143581
20.50169
20.119165
20.208691
19.443645
18.987869
19.248312
19.761059
19.142506
19.590137
19.565731
19.679668
20.07847
20.436579
20.607492
21.046995
20.404028
22.16201
22.609642
22.430588
22.308504
22.23526
21.966679
22.81312
22.495701
22.438728
22.202703
22.170147
21.934122
21.746927
21.844595
21.917841
21.942263
22.251537
22.601503
23.073559
22.951473
22.910784
22.870085
22.796837
22.951473
22.715448
22.804977
22.951473
22.715448
22.479424
22.918917
22.511972
21.429516
21.86087
22.170147
21.372547
20.924913
20.558661
20.762133
20.802824
20.729584
19.997082
20.461
20.933046
20.452848
20.224972
21.038849
20.64819
20.534245
19.17506
20.07847
18.637899
17.807743
17.286858
16.375305
14.991707
15.170762
15.138204
14.755678
16.64389
17.221746
15.537009
15.618396
15.63467
16.586912
13.632526
12.167535
12.216371
11.825706
10.954853
13.258139
12.159401
12.468674
12.419842
12.004761
12.704699
12.607034
11.996619
12.607034
12.493089
11.874539
10.523498
11.085073
10.979272
10.474663
9.807278
9.294537
8.846899
9.701475
10.613021
10.694411
10.661856
10.800216
9.986334
10.149109
10.311888
10.010749
10.295607
10.889742
10.588607
10.995548
11.019963
11.158323
11.150186
11.548986
11.443182
11.386046
11.288103
11.141187
11.230969
11.230969
11.435019
11.426859
11.508478
11.70437
12.406301
11.851284
12.863376
12.055335
12.512408
12.267547
11.973715
12.324682
11.745175
11.916581
12.030849
10.961621
11.606424
11.328911
11.239131
11.777828
12.153282
12.27571
12.030849
11.149346
11.26362
11.304428
11.230969
10.227038
10.480062
10.341307
10.145415
10.227038
10.504546
10.267848
9.680178
9.80261
9.370024
9.32105
8.978245
9.533264
9.272078
9.125161
9.108836
8.782357
8.741549
9.15781
8.67625
8.513009
8.60279
9.174135
9.337376
9.867908
9.794448
9.778125
10.120928
10.145415
9.753638
9.810773
10.218874
10.210713
10.096445
10.341307
10.32498
9.794448
10.259686
10.349467
10.977944
11.279941
10.928973
10.896324
11.190159
11.761506
11.802315
11.655397
12.079824
12.308359
12.177764
11.647234
13.206183
13.532661
13.777527
14.259087
13.793847
13.410233
13.899956
13.671417
13.883632
14.397839
14.308055
14.389677
14.471295
14.610052
14.201949
13.924441
13.548988
13.532661
13.353102
14.193789
13.581636
14.128495
14.030551
13.475533
14.234601
13.589797
13.826502
14.389677
14.797777
13.997902
13.965251
13.973413
13.818336
13.997902
13.899956
14.552918
14.112172
14.07952
13.695907
13.483694
13.426558
13.353102
13.173533
12.78992
13.010292
13.042939
13.377586
13.410233
13.589797
13.385747
13.581636
12.553219
12.724623
12.455274
12.716459
13.459205
13.214344
13.785687
13.655093
14.185625
14.675347
14.691674
14.895725
14.316216
14.471295
14.895725
15.067128
15.25486
15.042645
14.732486
14.879397
14.267246
14.495784
14.626382
14.299898
14.381517
14.748806
14.716162
14.381517
14.716162
14.732486
14.6427
14.242762
14.463137
14.618214
14.724319
15.16507
15.124262
15.091611
15.173235
15.418097
15.320148
14.724319
14.454972
14.552918
14.895725
14.83859
14.854916
15.067128
15.156908
15.401772
15.556852
15.303823
15.671116
15.899659
15.964953
15.907819
16.78116
15.989437
15.834357
15.573174
16.103708
15.720093
15.442582
15.058971
14.830427
14.822269
15.320148
15.230371
15.475229
15.556852
15.646631
15.671116
16.185333
16.209814
16.144526
16.062899
16.005762
15.638469
15.769059
15.336474
15.36912
15.238528
14.863075
15.20588
14.830427
15.173235
15.116104
15.026316
15.475229
15.352796
15.924147
16.030249
15.981279
15.769059
15.867008
16.340408
16.177168
16.054726
15.736419
15.36912
15.491555
15.442582
15.434419
15.099777
15.058971
15.091611
15.018151
14.56108
14.805943
14.887566
14.732486
14.846755
15.507876
15.565014
15.679278
15.483393
15.695606
15.580978
15.662857
15.752916
15.875733
15.916667
15.761108
15.638292
15.613731
15.57279
15.433606
15.630104
15.564607
15.556415
16.055859
16.211422
16.350609
16.252361
16.481617
16.276922
15.990361
16.260551
15.965798
15.908484
15.392664
15.253477
14.991473
15.024226
14.942348
15.179784
15.212537
15.433606
14.058088
13.542272
13.509517
13.231143
13.214766
13.460395
13.231143
13.198393
13.509517
13.427641
13.476769
13.386704
13.247519
13.13289
13.100141
13.067387
12.920013
13.100141
12.96914
12.8627
13.116517
13.353953
13.280267
13.37033
13.517708
13.730586
13.845211
13.681457
13.296642
13.806155
13.806155
13.691102
13.896551
14.019825
13.871895
13.945858
14.011603
14.126653
13.970515
13.937642
14.019825
14.274577
14.381412
14.167746
14.307451
14.373192
14.356753
14.373192
14.496461
14.406063
14.167746
14.217052
14.299232
14.332101
14.340324
14.611513
14.718348
15.6141
15.301822
15.351131
14.997757
14.973101
14.611513
14.447154
14.151304
13.600707
14.167746
13.797937
14.019825
13.978732
13.674664
13.658232
13.304862
13.189809
12.713169
13.066539
12.803566
12.893962
12.869309
13.362387
13.115848
12.893962
12.951489
13.271987
12.844656
12.58168
12.688513
12.746041
13.206244
13.222682
13.091191
13.461001
13.386767
13.419764
13.362023
13.197062
13.015601
13.032097
12.809397
13.197062
12.98261
12.322756
12.29801
12.39699
12.289762
12.421732
13.023849
12.891876
13.089837
13.114576
13.197062
13.164065
13.180561
12.65268
12.677424
12.941366
12.735164
13.230055
13.452755
13.757934
13.766183
13.584721
13.535233
13.386767
13.428008
13.221806
13.304287
13.378516
13.436259
13.642464
13.609468
13.238298
13.246551
13.180561
13.279543
13.345527
13.411511
13.246551
13.147573
13.065088
12.84239
13.073338
13.007351
13.221806
13.172315
12.933117
13.395016
13.576474
13.592974
13.345527
13.386767
13.452755
13.493993
13.815672
14.087859
14.129103
14.145599
14.00538
14.417787
14.277572
14.129103
13.980637
14.475521
14.558008
14.31881
14.351804
14.624932
14.633211
14.409738
14.873234
14.624932
14.550442
14.682873
14.782189
14.682873
14.608379
14.699421
14.807019
14.914618
14.633211
14.864959
14.864959
14.815299
14.989107
14.823571
15.121534
15.113259
14.558719
14.575275
14.442842
14.434571
15.047046
15.096703
15.063599
15.311898
15.535371
15.411221
14.989107
14.972558
14.583549
14.492507
14.75736
14.972558
15.080153
14.856681
15.121534
15.022216
14.782189
14.600108
14.922897
15.088428
15.104984
15.196027
15.179474
15.436049
15.39467
15.48571
15.527097
15.56848
15.353284
15.195429
15.187124
15.245275
15.278509
15.344976
15.170507
15.353284
15.187124
15.286819
15.411439
15.428054
15.569293
15.461289
15.735454
16.092701
15.943151
15.801919
15.984693
15.909928
15.876693
16.001312
16.026239
15.860077
15.934849
16.042854
16.366867
16.366867
16.73242
16.898584
16.408405
16.848734
16.857044
17.255831
17.181053
17.413679
17.58815
17.762623
17.455217
17.646307
17.779232
17.837391
17.704462
17.845697
17.862316
17.995239
17.538301
17.405375
17.446911
18.045088
18.269409
17.862316
17.978624
18.186331
18.045088
17.953707
18.036783
17.945396
17.571533
17.579844
17.405375
17.272448
17.022356
17.164074
17.580883
17.780945
17.8393
17.914324
18.106058
18.139404
18.206089
17.664246
17.60589
17.314121
17.314121
17.347471
17.239103
17.497515
17.480852
17.305786
17.364141
17.239103
17.422497
17.464174
17.547535
17.514194
17.647566
17.755936
17.805954
17.780945
17.94767
17.755936
17.880981
17.714256
17.705919
17.464174
17.289114
17.205751
17.272448
17.372477
17.530859
17.397488
17.505852
17.255775
17.155737
17.139067
17.230768
17.272448
17.172409
16.880648
17.005686
17.147398
17.005686
16.989016
17.139067
16.863977
16.964006
16.505518
16.655567
16.780613
16.513859
16.672241
16.363806
16.472176
16.763937
16.546335
16.437538
16.512859
16.571445
16.71372
16.395685
16.253408
16.094387
16.19482
16.420795
16.663509
16.763937
16.939693
16.186449
16.353838
16.471008
16.546335
16.278515
16.069275
16.019062
15.901893
15.977217
16.010689
16.253408
16.086021
16.219925
16.211561
16.102755
16.981546
16.370573
16.203194
16.245037
15.968843
15.466684
15.809825
14.947778
14.931039
13.784427
14.027143
13.734213
14.38703
14.169422
14.34518
14.244745
14.135945
13.424544
13.232048
13.315741
13.826276
13.809535
13.466391
13.608669
13.801167
13.776058
13.826276
13.843014
13.391067
13.089765
13.524976
13.424544
13.014442
13.215307
13.416176
13.658886
13.801167
13.792794
13.608669
13.583562
13.424544
12.835749
12.701165
13.037622
13.449776
13.298373
13.315195
12.860984
12.524528
12.709577
12.852569
13.180615
13.306785
13.77782
13.819881
14.004928
13.84511
14.089044
13.929226
14.316152
13.912404
14.046985
14.459142
14.787187
14.358205
14.50961
15.132051
15.148872
14.694658
14.265681
14.551665
14.770363
14.602134
14.618958
14.83765
14.316152
14.097453
14.551665
14.248857
14.349792
13.82829
13.609591
13.626418
13.718942
13.836701
13.626418
13.71053
14.03857
14.063807
14.669424
14.661014
14.761951
14.972236
15.014291
15.022704
14.888125
15.291866
14.787187
14.74513
14.610549
14.661249
15.024612
14.830253
15.44713
15.328822
15.472475
15.607679
15.506278
15.362619
15.58233
15.430223
15.675283
15.464022
15.540077
15.472475
15.523177
15.717536
15.87809
16.030195
15.911886
15.633035
15.894986
16.182301
16.097794
15.979493
16.190752
16.486511
16.173847
16.190752
16.114697
16.140045
16.22455
16.207651
16.672417
16.46961
16.647066
14.982361
14.990808
14.864054
14.906309
14.940111
14.897855
15.04996
15.185165
14.965456
15.218962
15.092216
15.109115
15.168265
15.024612
14.762651
14.737305
14.610549
14.483791
14.42464
14.576746
14.686599
14.931656
15.024612
15.303473
15.337463
15.294973
15.337463
15.294973
15.133524
14.963581
15.057053
15.235494
15.490414
15.396942
15.201503
15.184512
14.955085
15.405437
15.345957
15.133524
15.226994
14.997569
14.717164
14.92959
15.133524
14.921096
15.06555
15.320466
15.074047
15.337463
15.294973
15.252486
15.345957
15.617867
15.541388
15.779311
15.617867
15.660356
15.354454
15.193005
15.040053
14.955085
14.887105
14.623691
14.683173
14.547217
14.717164
14.589704
14.521731
14.266811
14.054379
14.385776
14.394267
14.47924
14.470742
14.360279
14.462249
14.130852
13.935422
13.57004
13.54455
13.638018
13.901431
14.071375
13.765475
13.621023
13.824956
13.611212
13.748011
13.884805
13.995952
14.192595
14.474739
14.278096
14.312293
14.021601
13.867704
14.107097
14.04725
14.397792
14.517486
14.645734
14.500386
14.389238
14.449087
14.28664
14.372141
14.08145
14.269544
14.320843
14.440536
14.560237
14.500386
14.329391
14.491837
14.76543
14.534586
14.76543
15.064673
15.013372
14.902224
14.628634
14.526034
14.756877
14.833827
15.047573
15.098868
15.073222
15.090318
14.979173
15.073222
15.03902
15.158718
15.124517
15.235662
15.175817
14.944974
14.842376
14.893678
14.859475
14.816726
14.987724
14.885123
15.056124
15.098868
15.115965
15.457955
15.517808
15.594754
15.671704
15.808501
16.013695
16.338587
16.210339
16.159042
15.979495
16.065454
16.04826
16.005281
15.773201
15.678642
15.833367
15.661453
15.592686
15.661453
15.695836
15.833367
15.867747
15.773201
15.713027
15.455154
15.412174
15.369199
15.326215
15.609877
15.816175
15.747413
15.412174
15.601282
15.489532
15.455154
15.309029
15.412174
10.942388
10.546983
10.271917
10.504003
10.667323
10.787664
10.650131
10.615746
10.607152
10.830642
10.890812
10.908004
10.925196
10.950982
10.736089
10.796259
11.002558
10.959579
10.822046
10.916599
10.890812
10.839235
10.847833
11.011151
11.071321
11.114304
11.174473
11.148685
11.363578
11.372173
11.498001
11.376512
11.480645
11.636845
11.8885
11.93189
11.793043
11.662877
11.645524
11.8885
11.610812
