Adjusted
19.804789
19.993088
19.001738
18.866053
18.470066
18.389767
18.616833
18.276234
18.735905
18.013159
17.955
17.473181
17.564562
17.35965
18.032539
17.647635
17.564562
17.968851
18.428534
18.442505
18.90077
19.423313
19.009754
18.202192
17.967466
18.082037
17.419781
17.850109
17.436548
17.620975
17.584646
17.844519
17.506405
17.780251
17.456114
17.710394
18.269251
18.269251
18.065266
17.685242
17.101227
17.416988
17.229771
17.637739
17.064905
16.791056
16.483686
17.268887
17.453314
17.651712
17.316397
17.620975
17.989824
17.422577
17.702007
18.140718
18.526333
18.252489
18.028938
17.799809
18.174246
18.680016
18.568249
18.579424
18.336317
18.163074
18.182627
17.671268
17.414194
17.050928
16.975481
17.070492
17.654503
17.620975
17.942322
17.788631
17.447721
17.439339
17.721569
18.434122
18.375437
18.084827
18.017141
18.231493
17.960733
17.732273
18.05098
17.780222
17.94945
17.67868
18.093292
18.146879
18.287907
18.89712
18.987381
18.863277
18.741997
18.270981
18.409184
18.065084
18.426104
19.091732
19.021225
17.579967
17.29792
17.069462
16.984844
17.196386
16.423573
15.907434
15.927171
15.50974
15.755121
15.972303
16.285374
15.783333
15.622566
15.49
14.877961
14.968215
14.807444
14.903342
14.155921
14.20951
14.423862
14.223611
13.989509
13.941565
13.961307
14.254637
13.74131
13.913365
13.490294
13.332343
13.340806
13.825925
14.423862
14.423862
14.260281
14.697448
14.612836
14.1531
14.116434
13.927464
14.327971
14.484952
15.258436
15.920599
15.572386
15.40114
14.670471
14.085363
14.427858
14.850288
14.924488
14.75895
14.870262
15.700826
15.118576
14.484952
14.607677
14.887389
15.192783
14.664764
14.910221
15.207056
16.151789
15.837832
15.869217
16.069019
15.341206
15.595222
16.248827
15.235597
15.749349
16.069019
16.214581
15.635185
16.069019
15.695117
16.360147
17.778667
17.276333
17.399063
17.381939
17.904261
17.78723
16.597038
17.290606
17.013746
16.542816
16.211729
15.646599
14.376489
14.633369
13.685778
13.3918
13.83705
13.289046
11.00856
11.062789
11.351061
12.164502
11.662168
10.706018
9.981057
8.730927
8.579658
9.78412
10.848727
11.039955
10.908664
10.531915
10.928645
9.655715
9.148282
9.487535
9.441143
9.345455
9.110586
10.241438
9.504933
9.243969
9.371553
8.77133
8.391481
9.183079
10.05006
10.238536
11.067825
10.908347
9.844186
9.997869
10.493704
10.270432
10.261733
10.432812
10.415411
10.893848
10.5111
10.94894
10.696675
11.714437
11.63035
10.766266
9.739802
9.272966
8.86412
8.887318
8.861218
8.684341
8.884416
8.875718
9.246867
9.258466
9.287463
9.064194
9.278762
8.983003
8.687243
8.417579
8.000034
8.394382
8.519065
7.730372
8.101521
8.043529
8.130518
8.136315
8.32479
8.889331
8.394993
7.997181
7.760251
8.076159
8.263367
8.003031
8.199015
8.386215
7.7661
7.681271
7.798275
7.640322
7.38584
7.391685
7.213259
7.289311
7.046527
7.628621
7.555493
7.371211
7.067005
6.426412
6.078326
6.128052
5.689291
5.662965
5.695138
6.268457
6.359135
6.707219
6.967552
7.292235
7.812899
8.146362
8.190239
7.757323
8.310166
8.30724
8.503221
8.748926
8.433019
7.967931
8.064455
8.257513
8.769402
9.085314
9.050212
8.590974
8.304315
9.216941
9.436323
8.822055
9.029737
9.483124
10.076916
9.529925
9.997936
10.214395
10.606358
11.010017
10.615132
10.11202
10.282909
10.388979
10.247549
10.612906
10.833883
10.63353
9.823273
10.506833
9.929341
10.008896
9.21337
9.316492
9.266401
9.770235
9.858624
9.575772
9.378367
9.558097
9.935234
9.505061
9.838
9.893985
10.47737
10.55103
10.324159
10.418445
10.094337
10.047195
10.035412
10.07666
10.176836
10.070766
9.634701
9.198636
8.612304
8.562217
8.512128
8.220433
8.46793
8.883372
9.0248
8.886318
9.01596
8.965869
9.066048
8.694804
8.836227
8.208647
8.155615
8.21454
8.241058
8.571057
8.556326
8.962924
8.998283
9.027745
9.360685
9.413722
9.534524
10.291748
10.238712
10.436116
10.271122
10.232765
10.510122
10.338988
10.775679
10.802237
11.047138
10.973372
11.303842
10.896655
10.498321
10.876001
10.970421
10.610446
10.253421
10.344889
10.510122
10.563235
10.923213
10.716664
10.757974
10.855346
11.014682
11.150409
11.032384
10.577989
10.639951
10.843543
10.943865
10.81109
10.849448
10.917312
11.002878
11.681522
11.619559
11.764138
11.415965
11.699226
11.362851
11.463174
11.250729
10.740274
10.902557
11.020579
11.029433
10.814037
10.527829
10.350791
10.421606
10.518974
10.291779
10.763877
10.725517
10.867149
11.129754
11.575298
11.802497
11.834955
12.000189
11.99724
11.87921
12.0474
11.649063
11.339251
11.265482
10.68421
11.070741
10.72257
10.816991
10.843543
10.79922
11.162644
11.115373
11.469929
11.46402
11.493567
11.263104
11.334013
11.697436
11.694483
11.647205
11.45811
11.186281
11.555614
11.32515
11.475837
11.136054
11.505381
11.963353
12.244044
12.453822
12.569058
12.474506
12.270637
12.371096
12.217452
12.421325
12.560193
12.737471
12.99748
12.702016
12.645877
12.737471
12.885201
12.959069
13.044754
12.914749
12.99748
12.959069
12.746336
13.083162
13.360905
13.213168
13.154078
13.032934
13.118622
12.964975
13.083162
12.959069
12.879292
13.213168
12.994523
12.40064
12.190865
12.247
12.2795
12.202587
11.974806
11.803228
12.128631
12.56053
12.353455
11.948182
11.670112
11.610947
11.770689
11.610947
11.7204
11.696735
11.974806
11.927475
12.010303
12.21442
12.217378
12.134549
12.436285
12.196671
11.951142
12.341622
12.548697
12.652237
12.581237
12.832686
12.894807
12.882976
12.720274
12.953972
12.921432
12.829725
13.205417
13.406576
13.258668
13.125546
13.300081
13.406576
13.311914
13.063426
13.104839
13.276415
13.385869
13.391785
13.489406
13.643233
13.702399
13.598858
13.557446
13.95976
13.649147
13.548571
13.92722
13.871015
14.157961
14.288116
14.731858
15.086835
15.332369
15.767221
15.435904
14.826509
14.598503
15.018988
14.663648
15.030828
14.414913
14.166179
13.446614
13.227489
14.044763
13.961857
14.323117
13.935204
13.64797
13.541371
13.162342
12.999481
12.419092
12.727052
12.339142
12.297688
12.309529
12.774432
12.608605
12.247346
12.570111
12.427979
11.880161
11.54259
11.702493
11.533709
11.903852
12.143705
11.974919
12.066715
11.829824
11.675841
11.62254
11.681765
11.270164
11.492249
11.045115
11.045115
10.90298
10.482496
10.423275
10.405506
10.213033
10.159729
10.485459
10.553563
10.612787
11.507058
11.909775
11.806134
12.034142
11.992687
12.386519
12.812531
12.458858
12.949177
13.36715
13.704744
13.632401
13.335
13.254618
13.037593
13.592217
13.648479
14.066454
13.857466
13.801204
13.994116
13.857466
13.150126
13.230507
13.150126
13.061709
13.600252
13.463608
12.997405
12.981327
12.700001
12.442785
12.587469
12.442785
12.683923
12.499052
12.619618
13.150126
13.174238
13.174238
12.756268
12.852723
13.005443
13.085824
13.142088
12.933104
12.804494
12.732153
12.836647
12.539241
12.378479
12.691961
12.700001
13.126013
13.166202
13.166202
12.965254
12.66785
12.933104
12.683923
12.965254
12.908987
12.812531
12.716076
12.65981
12.732153
12.868795
12.66785
12.474937
12.314178
12.241833
12.298099
12.474937
12.635695
12.852723
12.691961
12.708039
12.611581
13.037593
13.142088
13.190316
13.23869
13.706319
14.109439
14.35132
13.972384
14.214261
14.311008
14.069133
14.173945
13.633757
13.786946
13.924006
13.851444
13.835317
13.674068
13.940133
13.730507
13.569256
13.456381
13.74663
14.141698
14.2707
14.2707
14.383574
13.93207
14.254572
14.319073
14.431951
14.448076
14.335199
14.504512
14.641574
14.899576
14.843141
14.867325
14.964075
15.085013
15.189829
15.31883
15.278512
15.262387
15.93158
15.76227
16.254076
16.141209
16.584648
16.770086
17.036148
17.374775
17.205465
17.43928
17.511841
17.181274
17.415091
18.132658
18.366467
18.543842
18.406778
18.551903
18.277779
18.688971
19.261412
19.003405
19.011467
19.591972
19.035658
19.600039
19.608099
19.938663
20.317606
20.019285
20.164415
20.228914
20.285351
20.285351
19.382347
19.003405
19.309782
19.634319
19.804695
18.952793
19.098839
19.5613
19.123175
18.936573
18.969019
19.14752
18.62015
19.780357
20.11301
20.039989
19.455828
19.731678
19.788471
20.332069
19.869604
19.877718
19.73979
19.650545
19.812813
19.983194
19.97508
19.958851
20.396976
20.250933
19.99131
19.569408
19.553186
19.15563
18.741854
18.303722
18.198252
18.246933
18.409204
17.833155
18.044107
18.352413
18.360521
18.328072
18.806755
19.220541
19.463932
18.668829
18.336185
18.255051
17.946743
17.930513
17.922401
18.117123
18.319954
17.993254
17.985088
17.895241
18.07493
17.560366
18.140266
17.829899
17.772728
17.437855
17.584869
17.805393
18.025919
17.045813
17.59304
16.92329
17.004969
16.964132
16.743608
17.584869
17.249998
17.184656
16.661932
16.408733
16.825287
16.343397
16.531248
16.604757
16.612923
17.266336
17.16832
17.01314
16.604757
16.849783
17.070311
17.331676
17.854404
18.205612
18.091257
18.123938
18.434303
18.050426
17.740051
17.878904
17.968754
17.609375
17.682884
17.462357
18.172941
17.797226
18.001417
18.115765
17.38068
16.857952
16.416899
16.37606
16.327061
15.935015
15.395955
15.485796
14.775212
14.595527
13.533736
13.974784
13.231534
13.705254
13.746094
14.06463
13.942117
13.966619
13.190695
12.823151
12.806818
13.207029
13.517396
13.264205
13.884942
14.285156
14.540541
14.853596
14.581737
14.095674
13.947387
14.499348
14.252201
13.889719
13.782622
13.889719
14.26868
14.433443
14.664115
14.425207
14.425207
13.922669
13.131795
13.140036
13.288325
13.60962
13.140036
13.255372
12.810506
12.563357
13.164752
13.016463
13.568424
13.205943
13.972102
13.832051
13.963863
13.75791
14.161582
13.543712
13.881477
13.650805
13.527235
14.079197
14.449924
13.93915
14.079197
14.77945
15.07603
14.812404
14.112152
14.211012
14.449924
14.260438
14.194533
14.543577
13.679276
13.679276
14.036631
13.679276
13.803933
13.670962
13.463202
13.637721
13.213881
13.089222
12.873146
12.864835
13.114154
13.230503
13.953526
13.920283
13.936907
14.177911
14.194533
14.344123
13.970149
14.319192
13.895355
13.679276
13.646033
13.812248
13.878732
13.537997
14.39399
14.892627
15.208428
15.10039
15.25829
15.35802
15.690448
15.515922
15.873281
15.698752
15.607341
15.806795
15.615651
15.964692
16.388535
16.504887
16.804068
16.845621
17.086624
17.460611
17.161425
16.81238
16.571373
16.85393
17.136494
17.011833
16.870552
16.637859
16.687716
16.737583
17.701618
17.202974
16.937037
17.086624
16.920416
16.637859
17.07832
16.60461
16.504887
17.094942
17.161425
17.236219
17.211287
17.36088
17.502159
17.726545
17.575895
17.483831
17.818609
17.709803
17.760027
17.216009
17.358288
17.584269
17.977633
17.910669
18.47143
18.295671
18.555128
18.421209
18.64719
18.64719
18.546755
18.253824
18.304045
18.337519
18.454691
18.429579
18.320776
18.345888
18.546755
18.287302
18.078062
18.002735
17.609375
17.04862
17.174162
17.63448
17.358288
17.324812
17.676332
17.383394
17.366659
17.559158
16.755684
17.174162
17.358288
17.475466
17.450352
17.040249
17.07373
17.266222
17.05699
16.72221
16.923077
16.630144
16.925308
16.874706
16.925308
16.38559
16.326551
16.141024
15.76153
15.82056
16.242224
16.419317
16.638575
16.790375
16.672314
17.127699
16.663879
16.790375
16.115721
16.132589
16.334988
16.95904
17.034939
17.245766
17.018072
17.473457
17.169868
17.355394
17.532494
17.667421
17.971018
17.91198
17.498758
17.44816
17.051798
17.228899
17.886677
18.266172
18.856497
18.839628
19.117916
18.831194
18.797462
18.940825
18.68783
19.151653
19.210686
19.708242
19.944368
19.801004
19.666075
19.455246
19.44681
19.438379
19.235981
19.210686
19.320311
19.893772
19.817867
19.691376
19.531141
19.505842
19.944368
19.79257
20.062429
19.83474
19.775705
19.851604
20.011835
19.986534
20.121466
20.619019
20.441927
20.264828
20.441927
20.678053
20.762384
20.551552
20.745516
20.889759
21.110361
21.101879
21.135817
21.254608
21.263092
21.636429
21.594
21.610971
21.924913
22.323702
22.841282
23.03643
22.773397
22.391582
22.272793
22.281279
22.51037
22.697035
22.467947
22.170973
22.646126
22.179455
22.145519
22.23037
22.578247
22.450975
22.603701
22.467947
22.323702
22.23885
22.298246
22.281279
23.163704
23.112787
23.757645
24.147947
23.76613
23.952795
23.647345
23.38431
23.163704
23.223099
23.494617
23.630373
23.528555
23.452188
23.24855
23.299776
22.599674
22.463072
22.565527
22.454536
21.626362
21.336077
21.66905
22.18132
22.420383
22.445995
22.813122
22.676517
22.676517
22.821659
22.864349
23.530298
23.479074
23.188786
22.693594
23.077795
23.231476
23.436386
23.555918
23.675446
23.265631
23.333933
23.743748
24.153568
23.777899
24.349936
24.025496
24.238939
23.940119
23.905968
23.547375
