Adjusted
72.262634
69.818184
69.501068
68.853661
69.038628
71.522682
72.004974
67.743736
66.693291
64.51313
67.82962
64.011032
67.010399
66.977364
72.645821
71.912476
68.721497
72.890259
73.96714
72.493874
75.962318
77.184525
73.64341
78.855995
76.219948
79.668571
78.618134
79.199509
79.17308
73.27343
70.954529
69.117912
69.705879
70.822403
67.624832
68.780952
69.778549
70.802567
69.058441
68.239235
66.528137
65.385193
64.268692
65.530533
62.762379
61.322147
60.390629
63.720333
64.116737
64.25547
63.865673
64.044075
65.411621
64.433846
66.983955
70.875244
71.92569
71.562332
68.562958
66.217613
66.488495
73.458397
74.310669
76.920265
74.568321
74.231392
73.147911
71.899277
71.3311
67.948532
66.521538
64.783989
66.15155
63.462677
65.048256
63.119152
67.809822
69.996559
72.573143
71.357536
71.18576
72.156929
69.593575
71.47644
71.370735
69.798386
71.317879
67.400185
67.486076
68.060852
68.609192
67.796608
69.567169
71.991753
72.355118
71.628395
69.421806
67.135933
67.803185
65.89389
66.065681
65.959938
67.406807
66.085472
65.926933
65.76178
65.543762
65.887283
62.623642
60.086746
58.111343
58.474724
58.798439
60.905945
62.372604
62.81522
61.711933
61.249477
58.402061
57.298763
56.15583
57.800854
55.164848
52.727005
53.744404
54.23991
52.36364
52.152233
54.18045
55.164848
51.24052
46.206333
51.623714
51.062153
49.952255
52.548641
55.541393
58.157608
61.725147
64.618828
65.940155
60.509537
59.485531
60.562386
65.405006
64.341354
64.400803
63.145557
62.332947
65.504105
69.527504
67.268051
71.08667
75.757484
71.582138
67.869263
70.789368
70.003166
66.323318
63.456074
60.661488
59.597832
63.185215
60.6483
60.628445
60.767208
63.42305
63.039864
62.920937
62.663277
59.703568
58.910755
59.584618
56.30117
54.279556
57.688557
57.800854
55.277142
56.380447
53.222511
61.090916
62.755779
58.917377
58.230267
58.203854
56.968433
56.135998
51.484989
53.936016
52.978058
48.782883
46.523438
44.772694
39.6394
39.771538
37.155334
39.295856
41.865814
39.110874
32.570366
34.710903
38.000973
34.625015
32.451447
30.641264
27.998632
24.173426
22.105568
21.722391
27.119955
30.720543
39.903664
34.083275
34.109695
31.308514
30.192007
30.416643
30.931936
33.098896
29.894716
29.57099
28.408243
26.069508
25.712755
22.178247
20.645523
21.154228
24.946396
24.999245
27.417253
26.307348
22.376442
24.82748
26.439478
25.038889
26.829268
29.333153
27.549385
29.267088
26.888727
27.800438
26.928366
30.053276
31.440653
29.478506
28.441275
27.853285
29.042467
29.049074
28.276106
27.681513
27.886312
27.919348
31.328337
34.552349
36.521103
31.202812
30.687504
29.095322
27.086922
25.917561
23.968622
23.86953
24.404654
21.781849
23.122984
22.700165
22.6341
23.334391
22.363226
23.61187
21.682751
19.872553
19.641319
19.040121
17.329025
18.630516
19.661142
20.381256
18.220913
17.447945
17.646137
17.203501
15.921828
15.366873
15.195103
16.483383
15.380085
17.044939
14.369282
14.71943
13.840756
11.660589
11.416147
11.363297
10.762099
10.174111
10.273212
12.882803
12.56569
13.556678
13.741658
12.981903
13.688807
13.9861
13.728446
13.563284
15.479182
14.93084
14.772285
14.996908
14.118235
12.677999
13.193313
14.237149
17.738632
19.588472
20.612492
17.646137
18.286978
19.998077
20.771046
21.398674
21.762032
22.112179
21.643108
20.110388
20.87014
22.832294
24.067722
26.115753
24.761406
23.935589
25.210665
25.917561
25.871313
28.282707
33.019615
31.130138
29.207638
31.354771
32.345753
29.848473
26.280918
26.056297
25.038889
27.351185
26.459299
25.884535
24.516968
23.68454
25.171021
24.04129
24.014868
24.483936
26.895332
26.822668
26.102539
26.822668
26.822668
25.719358
25.309759
24.675531
24.42448
24.71517
23.116386
23.836496
23.783636
23.519379
24.351803
22.64731
22.455727
23.777033
24.550001
24.259317
24.398052
23.321178
23.38064
22.072542
21.59687
20.315193
19.760242
21.094769
20.467144
21.345816
22.330193
23.909166
24.787842
23.895952
26.313955
26.274321
27.919348
29.51153
31.242453
31.54636
30.779997
29.273699
33.131935
33.805798
35.298882
38.318089
37.373348
36.725906
38.628593
37.261032
36.626804
39.322285
40.220776
37.756523
34.94212
36.540916
36.237015
36.613598
37.624397
36.666447
38.33131
37.789562
37.234604
37.175159
35.761341
34.651447
34.803406
35.292274
37.360134
37.93491
40.359509
41.059818
42.612354
45.657978
47.877789
45.532467
45.710827
45.691013
45.373901
48.188297
47.342667
45.955276
46.411121
47.071789
48.393101
46.833958
43.339077
44.700027
45.076614
45.347473
44.495228
46.186512
44.805733
43.524063
43.603348
44.349888
42.929478
42.526474
42.718071
42.110264
41.145699
41.872414
41.264614
41.667625
37.082676
35.589573
37.188366
35.820805
35.497086
37.082676
36.514492
39.533707
39.461021
41.97813
42.341488
43.960098
44.666996
45.585308
45.261589
47.00161
46.307011
45.001984
44.819572
44.749405
44.216167
45.864979
44.188114
45.282642
46.566601
46.482403
45.864979
46.868298
45.429977
44.447701
44.188114
43.360195
43.493511
44.763439
43.353176
43.668903
42.574364
42.111305
42.700672
41.662273
42.083237
41.669289
41.318462
41.346546
41.185177
40.855412
44.875687
47.605007
46.980564
47.983879
47.640083
47.485729
47.696217
48.692513
50.593922
49.464291
50.039639
47.82251
45.864979
44.868683
44.616093
44.096889
44.03376
43.339146
43.416321
45.984253
45.493126
45.072151
42.686649
43.058506
42.630516
43.240925
43.079548
45.577312
44.230209
45.542248
45.191422
43.507538
43.67593
44.216167
44.679241
44.447701
44.061806
44.602066
46.461357
46.917408
46.566601
46.229816
47.527824
48.404846
48.95211
49.787037
49.948425
50.144871
49.443249
51.660362
51.085049
50.523739
50.341324
53.702099
53.554749
53.189915
52.207638
53.76524
53.919594
54.200241
53.203945
54.305481
57.729401
57.350517
57.294403
60.500813
61.160336
60.970882
61.770729
60.627106
60.346436
58.809891
58.171432
60.739361
60.290318
63.089783
62.795116
64.633354
62.023319
62.282925
65.356033
61.911049
64.464966
61.511135
60.037724
56.515591
54.010818
58.325764
59.325317
60.381161
59.635021
57.868217
57.269897
56.854599
56.601177
52.652267
55.383419
53.989693
56.009903
55.313046
59.473114
59.043736
57.389572
58.558048
59.240826
56.178848
53.215382
54.876614
54.299412
57.255817
58.304649
58.121616
59.761719
60.219269
60.219269
59.85323
61.141384
59.444977
60.374134
60.557144
62.6759
59.902508
55.29192
53.687004
53.58847
52.645226
52.7649
55.256721
55.503086
56.031017
54.771023
57.171368
58.614349
58.438377
56.009903
56.319626
58.600281
57.692238
60.169998
61.718586
62.394344
61.61298
61.852333
61.838264
61.718586
62.809643
64.407524
64.738365
63.569843
64.421593
65.998367
64.537369
61.537785
61.354263
61.587162
61.60833
63.203426
63.464565
61.07193
61.827129
60.754333
58.157021
59.498028
57.775898
59.526253
57.705334
56.893665
58.277016
59.759171
61.975342
61.170757
62.405872
62.70232
63.203426
64.142097
63.612766
63.718624
63.386955
64.869095
67.000565
65.447853
64.353859
61.438946
63.662193
61.488354
61.855362
61.036636
61.241314
61.467171
63.880959
65.433708
63.640984
63.00581
66.238304
71.83522
72.244583
72.124611
71.701111
71.948151
72.018723
69.089706
71.397644
72.865685
73.698509
72.943321
74.192558
73.783203
75.554726
75.632355
77.114525
79.450684
78.441414
79.415375
79.803566
82.252655
80.368217
80.636398
80.855202
78.342606
78.864883
76.26757
74.460754
76.895721
78.449638
80.140656
77.428947
78.579132
77.764091
77.870728
77.009995
79.82074
78.815269
78.71624
78.426781
77.291809
77.276581
77.208031
76.933815
76.370148
75.867416
76.735764
80.430115
79.942612
80.567215
80.673859
79.218964
78.457237
77.786949
77.459396
78.160194
77.474632
79.097122
83.019951
85.609825
86.71431
87.34655
90.439117
90.416283
89.189903
88.953766
88.908073
90.507675
90.538155
90.020172
88.542442
88.321548
87.88736
87.4608
90.385796
90.545753
87.224655
88.611
90.781906
90.545753
90.949501
89.928772
89.890671
91.543617
92.57196
91.520782
98.338158
97.462189
97.652618
97.408859
97.850693
97.271774
93.74501
91.665497
90.8657
92.808075
93.638344
95.847343
96.037781
99.427452
99.640724
96.28154
96.784256
97.568825
93.760246
94.293442
94.445786
92.297729
89.151825
90.020172
88.710014
92.747131
90.195381
92.145378
94.6362
96.761398
95.306511
95.885422
97.24131
96.860443
101.316498
101.278412
101.415535
102.299133
103.121788
100.981339
100.524323
99.130363
102.946587
102.801865
105.467888
107.02179
105.825897
112.673775
112.513786
112.10244
111.355995
111.790146
110.990379
112.473167
113.023514
111.65535
109.400528
109.828545
110.325378
110.6082
114.452858
113.604401
112.2286
111.800583
107.420853
109.186523
112.251526
112.366211
110.81459
108.896072
108.345734
109.415802
111.089699
111.899925
111.991646
111.487175
111.792931
109.61454
108.00177
104.019539
102.880676
103.339272
100.88575
99.196526
101.703575
99.647507
99.326462
98.906082
101.099762
103.515076
101.711227
101.543076
100.381271
102.65136
106.572433
107.168633
109.713867
114.322899
115.538177
117.166245
120.376534
123.173981
119.856735
119.902611
119.505142
121.362503
124.2976
126.032677
124.030052
122.432594
125.168938
126.307831
125.826286
125.833916
122.03125
119.163864
117.82222
118.228531
112.570526
116.342537
108.154457
107.265144
97.298401
107.088791
103.255417
108.039474
111.412819
114.310852
112.608833
113.160835
104.267441
100.694748
99.652084
105.908119
107.234459
105.179787
107.594788
112.785179
117.684204
118.61953
117.162872
113.390831
114.149841
117.032524
116.894547
113.797173
116.319534
115.529854
113.965851
114.701874
116.626205
121.371895
117.461884
112.861862
106.582794
106.314445
104.865456
107.349472
103.876457
96.248047
88.228645
84.847626
91.042351
91.954666
101.645432
98.946716
107.127121
105.624435
105.578453
100.648735
103.102104
103.355087
105.532448
99.874405
94.584373
92.30735
97.865715
94.438721
98.141739
104.949783
105.823807
102.184242
98.960205
101.984184
102.869057
101.299362
99.044861
99.291069
95.34375
92.004288
96.536407
96.197861
98.38311
94.835899
92.935349
93.689407
89.926109
90.592117
86.652267
85.873917
91.956207
88.377464
96.738541
95.454704
95.013382
94.387497
91.209969
91.514885
88.409531
88.955185
87.494797
83.77964
82.078522
83.916069
84.774651
82.006317
86.323296
86.612144
86.69239
88.265121
91.097626
87.639221
88.537933
88.658279
91.450699
89.87796
88.939148
85.809753
85.569023
86.283157
89.781677
88.10463
86.539948
89.789696
93.729523
94.162819
92.654305
94.098633
95.061523
96.626228
95.607185
95.542953
92.606155
92.461716
94.483788
96.915085
92.261124
90.535934
90.40757
91.988274
91.14576
90.83284
88.71447
89.60112
89.802635
90.818268
90.834412
96.243042
94.904984
93.776505
95.195168
93.921585
92.768921
95.54982
98.387123
102.586662
98.943314
96.226906
98.556396
99.459198
97.363434
97.589142
101.022942
101.627472
103.175087
102.336815
104.214897
103.183167
103.876373
102.215897
102.022453
104.787209
103.828003
101.764496
100.700516
100.66021
101.143845
101.305061
99.757423
101.514633
100.128212
98.41938
100.176582
101.788696
101.143845
99.443069
100.571533
105.012894
104.424484
103.973106
100.95845
100.523186
103.900536
108.116234
108.849731
107.527802
108.583733
107.729309
105.230553
102.691475
100.910088
96.10601
92.994629
91.285782
91.003662
87.126518
85.804604
84.684189
82.238258
82.562225
84.368309
83.542229
83.955276
83.607025
82.643227
84.724701
84.676086
83.453133
78.869034
79.508873
81.792801
84.157761
83.129166
84.400726
80.610344
82.18158
81.152962
81.387871
80.610344
81.25827
84.651779
84.951469
82.651306
83.679893
82.659409
82.643227
82.934792
82.618942
84.00386
82.732323
82.246376
82.465042
81.549828
80.9991
81.177284
81.509338
78.35878
77.929535
78.107719
78.852844
77.986229
80.715637
78.81234
76.957642
75.321625
75.151527
75.402626
77.039337
76.990471
76.339058
77.601196
76.159904
77.812897
79.636871
83.578041
83.635033
82.674171
82.918465
81.53418
81.053757
81.599312
84.880859
85.336876
85.988312
85.833595
86.151169
85.62188
85.76844
85.882454
85.687019
85.434586
83.749031
84.009583
82.014618
81.110748
82.690468
83.659454
83.944443
85.336876
87.494705
89.587433
92.030266
91.582436
91.794144
94.20443
93.561142
93.129547
92.885277
92.771271
92.592125
93.992729
94.000839
94.114861
93.324989
93.536713
92.844574
92.673569
91.753418
91.020576
90.401718
91.574272
92.673569
94.660416
95.922577
96.858978
96.32972
94.1474
94.017128
93.137711
91.435875
98.06411
96.875282
98.577118
100.075394
98.365417
97.249191
97.850899
96.821907
95.269676
94.484856
93.673859
93.246567
91.17984
91.17112
90.979286
92.252441
93.194244
94.205803
95.339439
93.804672
94.406372
97.397461
97.693939
98.016602
98.888634
96.028374
95.871407
97.188156
96.150436
95.958603
95.749298
98.940933
99.603683
99.193848
99.141518
99.368233
99.0979
99.656029
98.984566
98.121239
97.275352
96.804451
95.635941
