Adjusted
72.140648
72.38752
71.037422
70.373985
69.471344
70.636269
70.713409
69.664215
70.07309
68.676704
66.755737
64.734482
65.6371
63.608105
64.379601
66.346855
64.757614
65.675667
65.6371
65.791412
66.115417
66.30825
65.914833
63.345829
62.828941
63.448772
63.309303
64.479263
65.378067
66.23806
66.284561
66.145096
67.415779
68.260323
67.346046
67.539749
69.058357
69.647232
69.259819
69.25206
67.415779
67.989128
67.167824
67.55526
65.478775
63.913692
63.890404
67.160095
66.609993
67.446762
66.563492
66.47052
68.547028
65.416786
65.858421
66.59449
66.013374
66.834679
66.788185
66.028885
65.533012
67.423523
68.585732
68.361038
68.756203
68.89566
69.430275
69.500031
69.383789
68.663216
69.500031
70.352303
71.971649
72.351288
72.831665
73.033112
73.133827
73.002113
71.746941
71.638466
71.630699
71.119354
72.111107
69.500031
69.430275
69.352798
69.78669
68.818169
69.67823
69.125633
69.413567
69.794952
69.973953
71.055748
72.121956
73.437233
73.59288
72.900223
71.997444
70.588791
69.888344
70.378654
69.538109
69.078949
68.339592
66.705231
66.736343
69.506996
67.545769
69.320198
68.401825
68.962212
67.755898
68.767632
68.479683
68.969994
68.355141
66.767502
66.082603
68.253944
67.646927
68.17614
67.250008
67.358963
68.588623
68.759857
68.028282
68.697594
67.670303
66.884247
65.615646
66.977623
66.526245
66.47953
63.965729
62.891716
62.518158
63.459869
64.580582
64.487167
63.031788
62.883945
63.584389
62.790562
62.961765
65.670128
62.595993
62.043419
59.615223
60.977188
60.961632
60.268974
61.265137
61.139992
60.138702
61.147797
60.584599
60.287361
59.864925
60.975719
61.648453
62.853092
62.813972
61.570206
62.540188
62.946968
63.502354
62.587124
60.482918
61.030464
59.559845
59.153069
60.05265
57.306992
58.86367
59.106144
60.623688
57.299164
59.78669
58.887131
60.819279
62.274242
61.703201
60.772346
61.038288
63.103416
63.087757
57.932796
60.748875
61.468533
60.623688
60.967896
60.482918
59.505104
60.23259
53.192394
48.780571
57.166183
56.681202
48.772747
54.326664
53.223698
58.660275
55.930264
50.509323
55.061966
54.005951
51.69833
58.558613
58.394318
58.707214
57.979721
58.112709
60.615891
57.643372
54.725594
58.179398
58.234478
57.156647
54.229965
59.328045
57.966976
57.730946
60.051838
57.76244
53.899532
59.642735
61.995087
61.452225
63.639374
63.057186
58.462627
61.058868
62.097347
60.004631
60.264256
62.624489
61.523045
62.994236
62.954899
63.293201
62.899826
65.409531
63.773098
60.578964
59.021206
58.934689
59.084148
59.619122
60.728443
61.381413
61.829861
62.805431
64.229416
64.221558
63.175198
61.562359
62.223217
61.027405
60.217072
61.302753
59.084148
60.311455
61.444355
60.020348
62.356987
61.546646
61.397144
61.837742
62.089497
62.349098
60.578964
60.16983
60.335075
61.460094
61.098198
62.766083
63.525154
62.845181
60.204197
58.970726
59.476757
58.978603
56.361374
56.88324
57.057194
56.321838
54.795795
57.00185
56.970238
56.100433
53.688805
51.324596
50.889709
51.933437
49.197617
50.628788
51.055759
53.285545
52.004601
53.095768
53.135315
52.953453
54.629749
54.693001
54.02882
52.257629
55.768349
54.859035
55.475784
56.321838
55.333473
54.266018
53.846943
54.740456
55.546947
55.697178
55.388824
54.329269
54.526962
55.222771
53.783669
53.530659
53.878574
53.301369
52.779503
51.625069
52.368328
51.19809
51.957146
52.637157
52.289253
53.040424
54.115803
52.71624
53.775787
53.926014
53.491116
54.226482
54.503235
55.981846
55.098915
56.331852
55.496635
55.488693
54.971649
56.077297
56.093201
55.369381
54.398975
54.748947
55.528446
54.32737
55.067097
55.162575
57.079525
58.00222
57.334053
58.04995
58.041973
58.201065
58.161308
58.73402
58.901043
58.686272
57.914707
56.976101
56.809078
56.824993
56.514771
54.756889
54.844398
54.446674
55.584126
54.923935
56.140926
55.607998
56.125004
54.478481
54.168278
52.943333
52.704716
52.474026
51.797928
52.25927
52.672894
54.438725
54.454628
54.502357
54.836437
56.053436
55.671642
56.960217
57.501106
57.866989
57.182934
56.817039
56.252281
55.989799
56.196617
56.156841
55.703445
55.464832
55.258003
55.02734
54.523155
55.307434
55.019329
54.587189
53.258717
53.210701
54.419132
54.891281
55.955658
57.060059
56.563869
57.116085
56.70792
56.115723
55.339458
54.747246
54.563171
54.627193
55.363464
56.539856
56.419838
56.539856
56.0037
56.01968
55.611546
56.291775
55.891636
56.011688
55.675579
55.88364
55.219402
55.163387
54.979317
55.691566
55.275425
54.907303
53.834904
53.282726
54.082996
54.947308
54.955311
55.259418
55.435486
56.123726
56.227764
57.492188
58.372528
58.51656
58.916691
58.43652
58.668613
59.572929
58.87669
58.604599
59.949074
59.092781
59.188797
57.356163
57.740292
57.412186
57.060059
58.020378
58.084396
58.639824
58.446632
58.688107
57.875114
58.333942
59.911602
60.394577
60.587753
60.088707
59.871353
60.933903
61.151241
61.553707
60.265793
60.426777
61.207584
61.00634
60.362389
59.76672
59.38036
58.720306
58.591541
58.277588
58.62373
56.096218
55.677639
55.081974
54.912949
54.904915
55.146378
55.194687
54.945148
55.267128
55.605198
55.412014
55.355663
54.888809
55.661552
55.87888
56.361847
56.184761
55.959385
56.587219
56.305489
56.080109
56.088146
55.629333
55.758137
54.760014
53.689442
53.206463
53.005245
53.061592
52.755718
52.288849
51.862225
53.270882
53.898727
53.608948
52.095665
52.160061
52.135757
52.824409
52.540848
52.856827
52.500328
53.699413
53.278122
53.440159
53.367237
52.986454
52.613762
53.10799
52.775795
52.66238
52.986454
53.059368
53.010765
52.986454
53.853359
53.861446
54.104507
54.461006
54.461006
54.120712
53.715622
53.934372
54.574432
54.598732
54.315163
54.25845
54.242245
53.877663
53.715622
53.910065
54.525818
54.323254
54.266544
54.776966
55.246887
55.011936
54.558216
54.979515
55.708702
55.668175
55.627666
55.587166
55.303596
55.036232
55.279301
55.87883
55.838306
55.546665
56.097584
56.138096
55.311691
56.057072
55.627666
54.906593
54.963318
53.853359
53.610294
51.763062
51.609127
52.848728
52.579536
52.946609
52.807934
51.878052
51.608868
51.217339
50.939999
49.210739
49.659363
49.096535
48.705002
48.378731
50.132465
49.316765
48.329784
49.569637
50.214027
48.558174
48.370567
49.953018
48.966026
50.4832
50.458729
50.059048
50.988941
50.988941
51.062351
51.470207
51.494675
50.523998
49.838818
48.99865
48.207428
47.693539
46.731026
46.551567
46.17635
46.14373
46.869698
47.660915
47.970879
47.946407
48.076912
48.468452
48.337933
48.3461
47.277542
47.660915
48.085072
47.448826
48.435822
48.713158
49.25967
49.602268
49.683826
49.218887
48.680531
50.523998
51.160244
51.160244
51.152081
50.548466
50.939999
50.515835
49.612144
49.480717
49.217823
49.193184
49.965416
49.414989
48.708477
48.379856
48.880997
48.420952
48.396294
48.043026
49.127457
48.47023
48.5606
50.039356
50.16259
50.376186
49.743591
49.907913
50.154369
50.277592
50.113285
50.121502
50.113285
50.088642
49.932564
50.565128
50.556915
50.482986
50.236526
50.729427
50.696587
50.984116
50.597984
50.762302
51.378448
51.090912
51.96994
52.528584
52.454647
52.890045
53.029728
53.152946
53.432259
53.645863
53.555508
54.450962
53.497986
54.229156
54.483826
54.500244
54.385231
54.656349
53.949829
54.401665
54.623474
55.001389
55.732548
55.839344
56.997692
57.50705
57.769939
58.389969
58.803318
59.382015
58.687595
58.265953
56.992851
57.05072
58.12542
58.315563
58.026218
57.025906
57.769939
57.232594
57.414455
57.505402
58.968678
59.092678
58.852913
58.952133
59.076138
59.39854
59.522552
59.671352
59.820171
59.671352
59.39854
59.704426
59.663105
59.704426
60.117767
60.18391
60.514587
60.357525
60.696453
60.655128
60.646866
60.44846
61.630642
61.919991
61.754654
62.151466
62.490429
62.110126
62.573071
63.308857
63.416321
64.350487
65.069725
64.681168
64.276085
65.292923
64.970512
65.04493
65.855095
66.036957
65.301216
66.698326
69.368584
68.955238
68.980026
68.847733
69.385101
68.961281
68.603912
69.144104
68.8283
70.565201
68.952965
69.551323
69.709236
70.22448
71.005692
72.360291
71.446129
70.922562
71.080467
70.473808
70.70649
71.321472
70.70649
70.407333
70.307602
70.124748
67.631569
68.246559
68.462624
67.639877
65.911293
67.448753
67.191109
68.84491
68.612228
68.64547
68.753502
69.493141
69.368477
69.185669
70.216133
69.916985
70.374077
70.531967
70.989044
70.789604
71.271614
71.429535
70.772957
69.12748
69.11087
69.343552
70.049957
69.060989
69.642746
71.180191
71.770248
71.653893
72.651169
72.950356
72.584694
73.11657
72.277199
71.155273
70.482109
68.662094
68.720276
69.12748
69.260452
67.797844
67.739342
67.588913
67.062378
67.204437
68.316017
68.809135
68.17395
67.421738
67.939926
68.499886
68.859268
69.059868
69.761917
68.558395
67.973358
67.84803
67.104149
66.861786
67.496979
67.84803
66.677925
66.218254
67.179375
65.741852
66.209885
66.042725
66.6194
67.338173
66.711342
65.557968
64.170601
65.123367
66.552567
67.070724
68.015137
68.541695
68.199028
68.17395
68.834206
68.884361
68.449768
68.441383
68.934494
68.733917
69.369102
69.076584
69.89563
69.619835
71.057358
71.224503
70.681252
70.514114
69.628181
68.082008
66.686272
66.527458
65.056526
64.956215
61.713417
62.532486
58.662865
59.874722
57.233059
60.219643
60.573006
62.499561
61.83493
62.390198
59.681217
58.72216
59.041843
61.969551
61.868599
60.379509
61.111427
62.356541
62.179852
62.272408
61.826515
60.690781
59.857891
61.961124
61.262863
59.740112
60.43837
60.278542
61.111427
62.263992
62.7183
62.003189
62.263992
60.547756
58.251038
58.309925
60.337444
61.33857
60.631893
62.154621
61.103008
59.857891
61.271282
62.213501
62.163044
61.88541
64.173714
64.165306
64.91407
64.249458
65.713287
65.174866
66.369499
65.982513
66.218056
67.412689
67.446342
66.832214
68.203522
68.884949
68.548447
65.696472
63.887691
65.090714
66.344261
66.058205
66.7565
67.501259
65.495506
66.604156
67.4674
66.824203
66.934212
66.22332
65.893265
65.927109
65.089287
64.344536
63.117386
62.541897
64.183708
65.106201
68.076736
67.526634
67.526634
68.085197
68.398315
68.61837
67.594337
68.838402
67.746674
68.152908
67.230431
67.729736
67.839775
67.306587
69.396965
70.344818
71.335007
72.122055
72.172852
71.241913
72.164368
71.732765
72.782181
72.799088
72.579063
72.037445
72.359032
72.545219
72.003571
71.715828
71.83432
72.519829
73.16301
73.65387
74.043182
74.02626
73.78083
73.814667
73.433823
72.638306
72.350555
70.869537
71.064178
70.691811
71.868202
72.570618
73.069916
72.601913
72.227486
71.308495
71.836052
72.048798
71.58078
72.678505
72.857193
73.665581
73.963417
74.048485
74.320801
74.227211
74.15062
73.606003
73.88681
73.461349
74.039993
73.061417
73.035873
72.184937
71.733948
72.79763
73.912354
73.197563
73.257126
73.554962
74.022964
73.691109
73.189049
72.61042
72.79763
74.057014
73.70813
73.061417
73.248634
73.801727
74.091026
73.035873
72.312614
72.17643
71.376549
69.921448
70.372452
71.138306
70.585182
71.487183
72.71254
72.967812
72.567871
72.584908
72.916756
73.444328
73.903839
73.240112
73.248634
73.469864
74.065514
73.350731
72.882736
71.963699
71.887123
71.495667
70.891518
70.977196
71.199974
70.360306
70.07756
70.403137
70.180382
69.803375
70.291763
70.214661
70.291763
70.780121
70.326035
70.197525
68.36396
67.370071
66.761742
66.684639
66.487556
68.698112
69.135078
69.263611
68.775215
69.623459
69.083664
70.368889
71.30278
71.208534
72.382355
72.8022
70.351746
70.351746
69.606339
70.600212
71.285645
71.199974
73.316261
73.119202
73.924591
73.316261
72.65654
71.671211
71.208534
72.296661
72.073906
73.230576
72.870743
73.453362
73.864609
73.864609
73.641838
73.00782
72.468048
73.033516
74.130219
74.927048
75.021286
74.412949
74.464378
73.581856
75.012726
74.927048
75.32975
75.638206
76.060745
76.2677
76.009003
76.060745
75.88829
76.466064
76.233238
75.845154
75.422615
75.655426
75.293243
75.931389
75.664047
75.97451
75.802048
75.198387
75.284607
75.129379
75.310486
76.742012
77.544022
77.164581
77.285309
77.224953
78.673721
79.596458
79.260132
79.035927
78.104561
78.923798
79.268745
79.234245
79.113533
78.673721
79.16526
78.863441
79.16526
79.096275
79.079048
79.527473
79.81205
79.924156
79.449852
78.501244
78.621979
78.501244
78.915184
79.665428
80.536446
80.614052
79.467094
79.501579
77.768219
77.509521
77.983841
78.147675
78.621979
78.992783
77.845856
78.156311
79.001419
76.519608
75.556389
75.677872
75.773331
75.035736
74.688614
74.749367
75.018379
76.077042
75.929512
76.372101
77.30928
76.901421
75.799362
76.450172
76.467545
76.484886
76.024994
75.660522
76.129105
76.363419
76.884071
76.7192
77.222504
77.621674
76.866714
76.432831
77.11837
77.717117
76.745224
77.135719
75.695236
75.426208
75.556389
75.374161
73.846901
