Adjusted
33.527145
33.272823
32.022449
32.001244
31.40785
31.789324
31.132349
30.263443
30.70849
29.670033
29.41572
28.525623
28.101765
27.762678
28.080568
30.3694
30.644918
32.149601
31.831713
32.743004
32.700623
33.463566
32.785389
32.276764
32.064831
32.001244
32.488697
32.382721
31.895288
32.827766
31.81052
31.61978
31.852907
32.170795
31.259506
31.513821
31.874096
32.001244
32.827766
31.980062
31.15354
31.19593
30.53894
30.496563
30.009123
29.394524
29.839573
30.666094
30.666094
30.348211
30.009123
30.53894
32.128407
31.535011
32.340336
32.425102
32.594654
31.789324
31.816946
31.625666
31.816946
32.348301
32.645866
32.390812
32.093258
31.625666
31.731939
31.476885
31.98699
31.264366
30.945559
30.818031
31.498144
30.818031
30.966801
31.009308
29.734077
29.819086
29.861609
29.797838
29.797838
29.840345
29.691591
30.775518
30.711765
30.562988
31.030565
30.58423
30.88179
30.244175
30.392958
30.754269
30.477959
30.860533
30.626751
30.010389
29.797838
29.117725
29.542809
28.628883
28.820166
28.883928
29.117725
28.862679
28.352587
28.565132
28.905193
29.181482
28.458857
28.650131
28.713896
28.225065
28.543869
29.160227
28.522614
29.160227
29.479036
30.074139
29.797838
28.735153
29.117725
29.50029
29.016331
28.84577
28.909733
28.440691
28.206186
28.739176
28.696533
29.35745
28.099581
28.056944
27.843742
27.822424
28.035614
28.675224
29.464046
29.208216
29.016331
29.35745
29.911762
28.291452
28.888409
28.07826
28.206186
28.014296
29.080296
28.84577
28.888409
30.124958
29.570644
29.762531
30.444767
30.57268
29.975725
30.061003
29.698566
30.679281
30.530043
29.805174
29.762531
29.634605
29.911762
29.442726
29.250851
29.783854
30.2742
29.698566
30.615326
30.380806
29.464046
29.336128
30.03969
29.016331
28.952377
28.84577
28.547295
27.609222
27.246786
26.010235
26.799065
27.8011
26.436625
26.116835
26.07419
25.818359
25.289881
23.642397
24.669399
24.177299
23.150291
21.395838
20.133486
18.507399
17.437611
17.180857
16.838524
18.16507
18.207865
17.330624
18.079479
17.951105
18.956713
18.18646
17.073877
16.496187
15.939899
15.01988
16.603168
16.389206
16.795731
17.159458
16.966896
17.4804
16.496187
15.554774
15.661751
15.405006
14.677544
14.078461
14.591965
13.607752
12.880292
12.965878
11.938875
11.617939
11.232814
13.244024
13.30821
15.618961
14.955689
13.629149
14.399398
15.212441
14.442192
14.955689
16.624565
16.111067
16.025482
16.004082
16.581774
15.383608
17.159458
16.645962
16.196655
16.667358
16.239441
15.83292
16.325022
16.432001
15.900556
16.632105
17.1485
18.03067
19.149515
19.579842
18.783737
19.020414
18.783737
17.793985
18.095213
17.040916
16.825748
16.546041
15.922072
16.825748
16.330879
15.125962
14.824735
15.427195
16.008135
14.996869
14.286827
14.286827
14.588059
14.415927
14.566541
15.19052
15.104451
14.071664
14.308344
14.028632
13.856504
13.038884
12.866752
12.58704
11.877003
11.446677
12.135198
12.156713
11.511226
11.145448
10.220246
9.875985
10.327826
9.574758
9.208981
8.972301
10.306311
10.284796
10.736636
11.166964
11.016348
11.166964
11.575773
11.489707
9.338077
10.26328
10.005082
10.499959
11.42516
11.062905
9.956619
9.869848
10.303686
10.802604
10.845988
10.542297
10.195231
10.629065
11.843817
11.56182
11.626898
11.800434
12.472883
12.841647
11.626898
12.060739
12.299345
12.451193
12.906723
12.169196
12.364425
12.798264
13.253797
13.96963
14.229932
14.143165
14.511933
14.29501
14.511933
14.078089
13.275488
12.928416
13.709329
13.514103
14.18655
14.663775
14.967459
14.793922
14.707157
15.032538
14.707157
14.663775
14.750546
15.162687
15.227766
14.880695
15.726683
15.422994
15.401302
15.44468
15.336224
15.18438
15.141
14.967459
15.075922
14.967459
14.945768
14.620395
13.926247
13.882863
14.078089
14.42516
14.475381
14.45355
14.147884
14.431715
13.973219
13.711221
13.209057
13.252721
13.209057
13.340056
13.798553
14.082381
14.540877
14.933883
14.62821
15.283206
15.130378
15.283206
16.877028
17.248194
17.31369
17.946848
17.925024
18.165184
17.881351
17.903187
18.252518
18.580013
18.339849
18.44902
19.082174
18.427183
18.580013
18.62368
18.492682
17.772184
17.968689
18.383516
18.077854
18.44902
18.689177
19.038507
19.038507
19.300508
19.409674
18.885679
18.470848
18.208849
18.405346
18.863844
18.863844
19.344168
20.457664
20.021
19.999166
20.872496
20.894325
20.763327
20.697828
20.610497
20.108337
20.326668
19.93367
19.693504
16.848183
17.374687
16.979807
16.431366
16.058424
16.321672
16.036488
15.90486
16.694618
17.001741
17.111439
16.606871
16.935936
16.870117
16.694618
17.111439
17.264997
16.935936
17.616003
17.286938
17.04562
16.935936
16.431366
16.913994
16.497181
16.431366
16.584929
17.374687
17.418562
17.396624
17.703753
17.199184
17.30887
17.221128
17.243061
17.57213
17.528252
17.418562
17.067558
17.17725
17.396624
17.374687
17.352749
17.089495
16.892057
17.17725
17.111439
17.023682
17.352749
17.330816
17.111439
17.330816
17.286938
17.396624
18.032822
18.339947
18.449636
18.493513
18.361883
18.603203
18.822582
18.756765
18.976139
18.603203
18.91851
19.094908
18.653912
19.028759
19.050812
18.874414
18.962614
18.89646
19.359507
19.513849
19.734343
19.602055
19.491796
19.888689
19.602055
20.461979
19.778448
19.602055
19.535894
19.602055
19.447701
19.227207
19.778448
20.131239
19.822548
19.072861
18.675966
18.631865
18.477524
18.631865
19.315407
19.33745
19.535894
19.668198
20.219435
20.285585
20.373781
20.06509
20.395828
20.484028
20.660425
21.05732
20.947073
20.991163
21.035265
21.762901
21.851101
21.476259
21.718803
22.049549
21.807001
22.093653
22.247992
21.829052
21.740852
21.101414
21.762901
22.292091
21.740852
21.211666
21.38806
21.549738
21.461143
21.594036
22.12558
22.989344
22.74572
22.502092
23.077934
23.122229
23.232969
23.144382
23.365854
23.232969
22.856457
23.720219
23.786659
23.476595
23.144382
25.071228
25.137674
23.941694
24.583981
24.849752
24.141026
24.473246
23.476595
23.077934
22.236319
21.549738
22.457796
22.369207
22.568541
22.812166
22.192024
22.369207
22.16988
21.239672
20.198727
20.420204
19.822218
20.132288
19.910807
20.951754
20.619539
19.822218
20.420204
20.530949
19.667185
19.091343
18.958454
18.803423
19.977251
19.977251
20.265173
20.951754
20.907457
20.951754
20.885311
20.708124
20.220881
19.977251
19.423563
19.357119
19.386051
18.562534
17.894814
17.739021
17.783533
17.605473
18.072876
18.184162
18.295454
18.696075
19.207993
19.163483
19.163483
18.473507
18.785114
18.851879
18.718338
20.098284
20.587942
21.211147
21.300169
21.188885
21.433722
21.678549
21.856602
21.478231
21.678549
21.455976
21.344694
21.700809
21.411461
20.632465
20.254089
20.053774
20.076029
20.565683
20.610199
20.142805
19.964739
19.586369
18.829622
19.118965
18.851879
19.230255
18.829622
18.807364
19.630882
19.875711
20.231827
19.808939
19.920227
20.343117
20.276339
21.834349
21.366949
21.700809
22.368525
22.479811
23.058495
22.858181
22.702375
22.613356
23.414614
23.370094
23.577946
22.996876
23.130966
23.466202
23.332106
23.95787
24.002571
24.002571
24.471895
24.673037
24.941221
24.76243
24.650684
24.71773
25.075315
24.449545
24.784779
25.052959
25.522285
25.924566
25.678732
25.81282
26.103355
26.148054
25.946915
26.192747
26.148054
26.662075
26.595028
26.215096
26.304497
25.857523
25.566986
25.231754
25.276453
24.650684
24.896523
25.946915
26.103355
26.192747
25.701078
26.371542
26.28215
25.924566
25.611683
26.28215
26.304497
26.438589
26.371542
26.505632
26.639732
26.840864
26.818518
26.639732
26.595028
25.924566
26.393888
26.2598
26.371542
26.572681
26.28215
26.125706
25.991611
25.879864
26.066057
25.752005
25.841734
26.267942
25.572548
25.707142
25.707142
25.34823
25.594984
25.752005
25.864164
25.393095
26.066057
26.223085
25.886599
25.011747
24.989317
25.191204
25.572548
23.62096
24.204197
23.665829
23.822845
24.406086
24.361214
24.473383
24.338787
24.406086
24.338787
24.428513
24.316359
24.607971
24.742565
24.832296
25.505257
25.505257
25.393095
24.383654
23.957443
23.800421
24.047171
24.114468
23.822845
23.643393
23.935013
23.531233
23.306906
23.710688
23.508802
23.172319
23.329346
23.172319
22.83584
22.140442
22.746109
22.70125
22.992859
22.746109
22.948004
23.015299
23.935013
23.867714
23.987089
24.009613
23.987089
24.505123
24.415028
24.415028
24.437548
24.437548
24.099699
24.302416
24.234844
24.167269
24.21232
24.167269
24.032135
23.761854
24.437548
23.0186
22.590658
22.703272
22.770842
22.815891
22.725796
22.770842
22.951031
22.793362
22.860935
23.086163
22.928503
23.559151
23.13121
23.198778
22.996073
22.905981
22.680748
23.108692
23.108692
22.770842
22.455521
22.185242
22.140194
22.478043
22.52309
22.996073
22.52309
22.6357
22.52309
21.982531
21.622162
21.306845
21.532068
21.171701
21.734783
22.140194
21.712257
21.892443
22.185242
22.230291
22.478043
22.500559
22.680748
22.275331
22.320379
22.824833
23.186773
23.548717
24.227354
23.910658
23.910658
24.159491
24.114248
23.186773
23.073668
23.11891
22.779593
22.643866
22.440275
23.051048
22.756971
23.299879
22.802214
22.395031
22.146198
21.671154
21.309214
21.105621
20.653198
19.951937
20.132908
19.386406
19.295923
17.41836
18.481554
17.440979
18.074371
18.119619
18.707767
18.594669
18.775631
17.350492
16.558752
16.762342
17.26001
17.735054
17.033802
17.4636
18.232727
18.255342
18.775631
18.345831
17.8934
17.667194
18.16486
17.735054
16.762342
17.011179
17.373114
17.689812
17.8934
18.142237
17.8934
17.554083
16.943314
16.083708
16.061085
16.739721
17.124287
16.630602
16.698851
15.857085
15.288321
15.948087
16.22109
16.380348
16.31209
17.017355
16.903603
17.017355
17.153862
17.586121
16.994604
17.495121
17.358614
17.313116
17.813625
18.200382
18.245878
18.655392
19.497162
19.406158
18.609892
18.063879
18.40514
18.996651
19.246906
19.224154
19.428907
18.40514
18.49614
18.678144
18.541637
18.541637
18.245878
18.018381
17.927376
17.699871
17.449614
17.176613
17.222113
17.472368
17.313116
18.541637
18.632643
18.700893
19.019402
18.951147
19.019402
18.268633
18.56439
18.177629
18.018381
17.72262
18.018381
18.13213
17.563366
18.245878
18.336884
18.632643
18.860146
18.56439
18.06809
18.228188
18.20532
18.754219
18.63987
18.525515
18.525515
18.50264
18.548384
18.731352
18.594122
18.479773
18.479773
19.394609
19.920641
20.034998
19.966383
19.829161
17.862253
17.953735
18.022348
17.679291
17.725025
17.793642
17.816513
18.20532
18.159576
18.228188
18.319672
18.342543
18.113834
18.342543
19.143034
19.051548
19.165895
18.982935
18.685606
18.63987
19.074415
19.120157
19.143034
18.982935
18.822836
19.211645
18.914318
19.074415
18.434027
18.50264
18.868578
18.868578
18.937189
19.257381
19.348867
19.303127
19.028677
19.051548
18.868578
18.891447
18.777096
18.799969
19.165895
19.143034
18.966015
18.690147
18.575199
18.736122
18.529221
18.161394
18.092426
17.931509
17.770584
18.04645
18.29933
18.023462
18.138403
18.391285
18.29933
18.184385
18.092426
18.115417
18.207375
18.29933
18.184385
18.000469
17.88553
18.230368
18.000469
17.724604
17.517698
17.770584
17.655634
17.563681
17.563681
17.540689
17.678625
17.01194
16.529171
16.713087
16.437214
16.55216
16.529171
16.529171
15.954442
16.253302
16.805038
16.644115
16.598137
16.368244
16.299278
16.529171
17.103899
17.241831
17.724604
17.287811
17.402758
17.540689
17.517698
17.908516
17.724604
17.954494
17.954494
17.517698
17.954494
17.310802
17.448732
17.686871
17.871836
18.195517
18.195517
18.357355
18.12616
18.010555
17.733114
17.501915
17.617512
17.108873
16.808308
16.785189
16.738951
16.623348
16.623348
15.490463
15.559821
15.004941
14.750618
15.351742
15.814143
15.975984
16.022224
15.698546
15.374866
16.022224
16.137823
16.415266
16.484627
16.577103
16.600227
16.623348
16.600227
16.738951
16.97015
17.131994
17.155111
17.155111
16.854549
16.877674
17.062628
16.877674
17.062628
17.085751
16.947033
17.039511
16.785189
17.155111
17.756233
17.756233
17.247587
17.31695
17.709993
17.894955
18.172392
17.802477
17.571272
18.010555
18.033672
18.033672
17.848715
16.923912
16.86112
17.163456
17.070427
17.093689
17.093689
16.675066
16.930891
16.907633
16.86112
16.651808
16.442501
16.791349
16.465755
16.651808
17.186714
17.023912
17.116943
16.233189
16.34947
15.512227
15.070351
15.116867
15.09361
14.977321
15.465714
15.047095
15.326173
15.512227
14.791274
14.744759
14.744759
14.721503
14.930812
14.628473
14.605219
14.488935
14.930812
14.930812
15.023834
15.488976
15.302922
15.186635
15.512227
15.791312
15.837826
15.791312
16.233189
16.209932
16.326214
16.489008
16.34947
16.558784
16.465755
16.372728
16.209932
16.14016
16.558784
16.419245
16.582035
16.395985
16.233189
16.047131
15.890343
15.656314
