Adjusted
12.182197
12.366101
12.514075
12.192765
11.74674
11.596656
11.465592
11.651614
11.543808
11.446571
11.51422
11.469825
11.362017
11.537465
11.499419
11.700235
11.691781
12.032111
12.334393
12.133578
12.302687
12.154716
12.154716
12.296346
12.203335
11.960241
12.04479
12.004629
11.589076
11.375482
11.206299
11.481221
11.498137
11.631372
11.802668
11.614453
11.815359
11.726536
11.705391
11.631372
11.434695
11.242247
11.318381
11.229557
11.109017
10.78968
10.815058
10.29905
10.167931
9.888779
10.573972
10.83409
11.060372
10.973667
11.100556
10.787569
11.290889
11.007505
11.113247
11.288772
11.102673
11.151312
11.417775
11.457956
11.381824
11.345875
11.140738
10.821403
10.965206
10.999046
11.128049
11.242247
11.020191
10.996932
10.743156
10.944066
10.633183
11.235903
11.419893
11.694817
11.938015
12.234086
12.001461
12.132576
12.210825
12.094511
12.183329
12.244661
12.669735
12.769132
12.910822
12.864298
12.861123
13.021915
12.499345
12.279318
12.48242
12.537425
12.492996
12.64744
12.753225
12.941518
13.263098
13.256751
13.235594
13.489475
14.149563
14.606544
14.077632
14.158023
14.291309
14.299771
14.016273
14.576926
14.754644
14.543068
14.36536
14.835039
14.45422
14.350551
14.532495
14.809653
14.744068
14.672132
14.837148
15.071991
15.061413
15.507815
15.272976
15.033912
14.602317
14.686944
14.693287
14.767335
14.636167
14.492298
14.545191
14.291309
14.111475
14.17072
13.624876
13.578333
13.709503
13.899911
13.971848
13.347725
13.180585
12.990178
12.689748
12.313169
12.888627
12.787073
12.778611
12.994409
13.011333
13.065304
13.078005
12.967946
12.89175
12.699144
12.728774
12.553109
12.424001
12.201764
11.894868
12.280071
12.320285
12.421884
12.026093
11.968945
11.607017
12.004928
12.089587
12.286423
12.292777
12.440933
12.352037
12.163667
12.085353
11.99011
11.460983
11.41865
11.560454
11.427115
11.323407
11.340339
11.36574
11.439813
11.640884
11.918146
11.968945
11.789044
11.736127
11.865235
12.045141
11.850421
11.949898
12.098058
12.053611
12.085353
12.114985
12.064187
12.368972
12.087472
12.443048
12.066305
12.134034
12.165787
12.106521
12.007043
12.015511
11.854651
11.937197
12.851538
12.900215
12.925612
12.908681
13.378552
13.480147
13.752223
13.591307
13.724696
13.510843
13.754347
13.601892
13.328753
13.508729
13.464268
13.343573
13.400742
13.752223
13.951253
13.762814
13.762814
13.762814
13.762814
13.510843
13.318168
13.053496
13.097962
13.404977
13.339341
13.309696
13.470615
13.451555
13.510843
13.498137
13.510843
13.496024
13.409213
13.445206
12.138801
11.433722
11.821197
11.772494
11.886836
11.829665
11.776731
11.698388
11.465482
11.698388
11.603107
11.740736
11.742853
11.808494
11.941888
11.910127
11.886836
11.933415
11.816961
11.747091
11.656043
11.721679
11.772494
11.780969
11.613696
11.77038
11.863542
11.999049
12.074253
11.985286
11.991636
12.074253
12.05519
12.006469
12.053074
11.879372
11.949272
12.118738
12.239482
12.292438
12.474607
12.347511
12.500025
12.529686
12.358102
12.178046
12.044596
11.640003
11.584929
11.906903
11.82853
11.644238
11.610348
11.64212
11.396399
11.343442
11.214227
11.133734
11.207873
11.332852
11.381574
11.364625
11.582807
11.481133
11.60611
11.629413
11.640003
11.601877
11.578575
11.684487
11.591281
11.523498
11.682371
11.741683
11.858188
11.76922
12.11238
12.290318
12.286081
12.381404
12.355987
12.231008
12.086964
12.262783
12.747873
12.966052
12.930042
12.987235
12.89827
12.68856
12.758463
12.519096
12.444953
12.496873
12.350647
12.361247
12.395152
12.225616
12.278596
12.280718
12.757534
12.772368
12.736341
12.710915
12.946144
12.939784
12.922833
13.062698
13.0521
13.033029
12.876205
12.861373
12.76813
12.833827
12.744822
12.736341
12.662171
12.573165
12.526545
12.566807
12.412107
12.38456
12.367603
12.515944
12.668529
11.810253
11.772112
11.443634
11.40549
11.373702
11.25079
11.134235
11.316486
11.187216
11.202049
11.210526
11.288934
11.409727
11.136353
11.621647
11.736083
11.621647
11.322844
11.202049
11.441517
11.456348
11.422441
11.420327
11.505093
11.348272
11.229597
11.170259
11.27198
11.331318
11.231713
10.576885
10.913842
10.996486
11.102442
11.131069
11.190434
11.281604
11.241325
11.317645
11.374896
11.46394
11.461823
11.470303
11.701406
11.991869
11.930387
11.996113
11.506342
11.678082
11.555108
11.459701
11.658998
11.608116
11.68868
11.671721
11.561468
11.639918
11.487264
11.605994
11.644154
11.529668
11.536024
11.491505
11.387611
11.665358
11.459701
11.347328
11.472423
11.273124
11.220116
11.249798
11.294322
11.222234
11.192554
11.152273
11.237077
11.046262
10.798197
10.696428
10.972055
10.846962
11.128947
11.754408
11.661118
11.669601
11.576312
11.913422
11.949468
11.979151
12.19753
12.426512
12.494358
12.59401
12.519797
12.5092
12.521921
12.373505
12.292939
12.332183
12.15401
12.255816
12.332183
12.268544
12.285517
12.372482
12.501867
12.680043
12.637621
12.69065
13.068212
13.01306
13.329105
13.492433
13.507277
13.3991
13.428799
13.373649
13.350319
13.080933
13.146689
13.153054
12.109464
12.056434
12.001287
12.196427
12.302485
12.417023
12.446721
12.334299
12.23673
12.213402
12.317335
12.281275
12.281275
12.310968
12.31521
12.111585
12.147645
12.29188
12.196427
12.304605
12.092493
12.211276
11.988559
12.277028
12.187943
12.380966
12.361877
12.50611
12.480659
12.722466
12.641864
12.610047
12.754282
12.540051
12.620652
12.798828
12.771253
13.089418
12.992868
12.666083
12.731865
12.479351
12.559988
12.731865
12.731865
12.710649
13.052286
13.101091
13.183847
13.294191
13.289948
13.321774
12.840089
12.818871
12.797647
12.956796
12.759453
12.65123
12.899502
12.914353
12.903748
12.818871
13.052286
12.967406
11.465046
11.482019
11.840637
12.156812
11.959467
12.245936
12.506935
12.432669
12.562111
12.271395
12.409325
12.521789
12.477226
12.646988
12.837963
12.587575
12.691547
12.583327
12.700034
12.731865
12.710649
12.70428
12.814625
12.806135
13.003475
13.166868
13.054408
13.164751
13.219921
13.366339
13.578538
13.510633
13.491536
13.542465
13.563683
13.758907
13.971103
14.066586
14.023073
14.003966
14.010337
14.00609
13.995475
13.902075
13.802305
13.706776
13.840513
13.899953
13.819287
13.889338
13.815043
13.751359
13.651587
13.704653
13.919058
14.260826
14.267194
14.439141
14.470981
14.566503
14.407293
14.296911
14.212003
14.233228
14.182281
14.439141
14.562262
14.679011
14.721467
14.768169
14.721467
14.870065
15.048379
14.978321
14.946481
14.857322
14.986811
15.033518
15.00592
14.870065
14.999554
15.050501
14.712977
14.689621
14.908273
14.984688
15.273395
15.239428
15.190604
15.294622
15.292497
15.25641
15.294622
15.398639
15.509017
15.358302
15.589684
15.496281
15.460196
15.368917
15.434723
15.431537
15.265903
15.431537
15.017455
14.936758
15.446402
15.43578
15.754305
15.892336
15.856249
15.830752
15.677866
15.735195
15.926312
15.820135
15.915696
15.977279
16.009125
16.113186
16.654682
16.610085
16.480547
16.563362
16.571861
16.478426
16.372246
16.380745
16.372246
16.478426
16.39773
16.414719
16.469934
16.535763
16.11743
16.11743
16.134422
15.932689
15.809526
15.875345
15.900826
15.885968
16.036732
16.174765
16.17263
16.002769
15.939057
16.096188
15.807402
15.584429
15.595045
15.998508
16.195997
16.096188
16.185385
16.336147
16.244839
16.263947
16.338274
16.323406
16.340393
16.346773
16.295801
16.374376
16.414719
16.563362
16.563362
16.765102
16.839464
16.845846
16.869217
16.852217
17.105076
17.073198
16.873461
16.884092
17.211319
17.105076
17.08383
17.362181
17.302689
17.302689
17.317562
17.300562
17.264439
17.408934
17.190067
17.294184
17.26869
17.370682
17.381308
17.357937
17.799904
17.627785
17.593796
17.95927
17.840273
17.619293
17.423807
17.423807
17.428051
17.423807
17.559795
17.602297
17.385557
17.453554
17.406805
17.436552
17.415306
17.742533
18.22275
18.299242
18.732714
18.600969
18.545731
18.651968
18.583981
18.528736
18.481983
18.41399
18.464985
18.384235
18.554232
18.558474
18.507481
18.675436
18.883799
18.696701
18.892296
19.470592
19.585407
19.508863
19.870289
19.555641
19.559885
19.542873
19.347281
19.198458
19.381298
19.474848
19.559885
19.45784
19.623667
19.708714
19.980846
20.133928
20.287003
20.129671
20.121168
20.312515
20.023376
20.112659
19.968092
20.295513
20.393303
20.308264
20.525127
20.661194
20.393303
20.588905
20.11692
19.602407
19.84478
19.453587
19.827776
19.610912
19.900063
20.197704
20.193462
20.231728
19.938335
20.163696
19.772493
18.390541
18.403301
18.348021
18.488344
18.611658
18.671192
18.535124
18.675436
18.756233
18.790241
18.726463
18.777493
18.700951
18.807264
18.93907
18.637175
18.571224
18.48613
18.558458
18.613777
18.575472
19.017956
18.8265
18.39679
18.545698
18.652063
18.605268
18.286169
18.464863
18.39679
18.141512
17.779873
17.524593
17.337393
17.435257
17.711802
17.571396
17.4778
17.337393
17.520346
17.333145
17.431004
17.571396
17.384201
17.354408
17.579905
17.835184
17.784126
17.520346
17.852196
17.975576
17.822414
17.784126
17.750099
17.677767
17.737322
17.647978
17.524593
18.133003
17.826674
17.860714
18.511662
18.613777
18.311699
18.294678
18.294678
18.294678
18.298933
18.379768
18.435085
18.175552
18.37126
18.052168
18.256384
18.401049
18.426567
18.460606
18.507402
18.605268
18.552048
18.590361
18.598871
18.8841
18.764887
18.666986
18.611647
19.075663
18.990526
18.833014
18.798954
19.343853
19.220402
19.067142
19.033094
19.135262
19.233166
19.41622
19.65461
19.352369
19.756783
19.688677
19.663132
19.67164
18.828754
18.913893
19.101204
18.926666
18.982004
19.156544
19.241686
19.250195
19.267229
19.590755
19.893005
19.560951
19.582243
19.526899
19.577991
19.65461
19.646095
19.595015
19.67164
19.735493
19.795099
19.87598
20.173969
20.173969
19.795099
19.790831
19.893005
19.931316
20.093081
20.067543
19.701443
19.335342
19.497101
19.522648
19.437504
19.109711
19.211882
19.148031
19.72698
19.995174
20.186943
20.016479
19.709658
19.513624
19.539188
19.27071
19.151386
19.27071
19.35594
19.59885
19.488052
19.909946
19.833237
19.77783
19.760786
19.603111
19.637211
19.84602
20.15711
19.662767
19.78635
19.466743
19.338892
19.343164
19.232361
19.032068
18.955355
19.194002
19.194002
19.15991
19.649984
19.726696
19.488052
19.794884
19.730953
19.824713
20.14006
20.186943
20.310532
20.613102
20.493774
20.459682
20.255135
20.48525
22.142988
22.594715
22.513748
22.08333
22.304932
22.321976
22.317717
22.300669
22.373117
22.334763
22.377375
22.445566
22.803534
22.807793
23.054962
23.012346
23.574879
23.395895
23.464071
23.374586
23.370317
23.464159
23.041883
22.308228
22.436188
22.363672
22.043772
21.766518
22.376474
22.052296
22.461782
22.645195
22.367937
21.800629
22.129078
22.286901
22.120546
22.73477
22.525766
22.581219
22.726244
22.986431
22.956572
22.73477
22.803015
22.807281
22.500164
22.726244
23.020554
22.922453
23.037609
22.926718
22.986431
22.871265
22.926718
23.182634
23.323402
23.378853
23.395918
23.229561
23.357523
23.472687
24.039995
22.316757
21.664148
21.467932
21.322912
21.459414
21.817707
21.979792
21.890211
21.911539
21.966991
22.146137
21.907276
21.327177
21.856096
21.190681
21.770779
21.689661
21.91168
22.065388
21.903139
21.843365
21.62561
22.287407
22.347179
22.257513
21.868977
21.920218
21.915945
21.877523
21.787857
21.775047
21.860449
21.749434
21.766514
21.920218
21.817751
21.557297
21.527412
21.463366
21.284042
21.32674
21.091917
21.177301
21.113262
21.352358
21.19865
21.121796
21.275509
21.382244
21.271238
21.318199
21.138874
20.793037
20.904049
21.382244
21.416401
21.258429
21.450563
21.006516
20.976631
20.635063
20.942471
21.002253
21.177301
20.378889
19.781141
20.114168
20.114168
20.306458
20.200855
20.280052
20.975267
20.126047
19.853247
19.162432
20.046854
20.548456
20.095251
19.637636
19.558346
20.329233
20.298395
20.258749
20.686039
21.355598
21.029627
21.382034
20.769735
20.822596
20.778542
21.078089
20.97677
20.721283
20.734491
20.747705
20.461376
20.690439
20.267555
20.201485
19.668482
19.875511
20.263153
20.2103
20.08255
19.96361
19.65085
19.716932
19.928377
19.68169
19.96801
19.787407
19.994448
19.800623
19.637636
20.192667
20.007664
19.897537
20.307205
20.034094
20.020882
19.774199
19.668482
19.686096
19.66407
19.501083
19.346903
19.68169
19.562756
19.66407
19.620018
19.659666
19.65526
20.752111
19.906345
19.329287
19.139868
19.342501
19.029736
19.686096
19.258804
19.443817
19.646452
19.421791
19.578438
19.847605
19.278383
19.55637
19.203373
19.366638
19.251909
19.048935
19.604912
19.662271
20.019693
19.428408
19.296032
19.618151
19.878489
20.24914
20.209427
19.450478
19.521074
19.278383
18.898911
19.229851
19.251909
19.088646
19.243086
19.65786
20.010862
19.993217
20.059404
20.077053
