Adjusted
12.232668
12.351788
12.4312
11.872252
12.171581
12.211289
12.1502
12.114868
12.001188
11.660136
12.044201
11.675505
11.801476
11.746166
11.761532
11.475788
11.355961
11.583323
11.730803
11.66628
11.71237
11.644774
11.429699
11.331377
11.337524
11.475788
11.349813
11.113232
10.879725
10.71688
11.002623
11.245349
10.99955
10.815202
10.778334
10.563257
10.661572
10.661572
10.916592
10.944246
10.762968
10.895084
11.042565
10.821344
10.892011
10.603199
10.683084
10.738388
11.02413
10.812131
11.229985
11.488081
11.71237
11.592543
12.071854
11.783037
11.9766
11.936659
11.835271
11.740023
11.555673
11.955097
12.397532
12.099504
12.345303
12.342232
12.268492
12.354519
12.323798
12.093488
12.408812
12.229514
11.957471
12.25424
12.040936
12.272788
12.33462
12.340802
12.207869
12.418084
12.557199
12.560286
12.742675
13.079641
12.835421
13.107465
13.200204
13.246574
13.410417
13.360958
13.438239
13.323857
13.577359
13.308401
12.748865
12.674666
12.798325
12.968349
13.008539
13.274398
13.462975
13.546435
13.772109
13.580443
13.617541
13.806115
13.985416
13.976142
13.877219
14.121438
14.096706
14.136892
14.096706
14.288373
14.374931
14.22036
14.096706
14.099789
13.710285
13.735013
13.713373
13.855578
13.478433
13.527889
13.462975
13.657722
13.670091
13.905039
13.75665
13.503159
13.462975
13.685252
13.691471
13.414787
13.181617
13.072809
12.870728
12.839642
12.88317
12.684196
12.438596
12.506995
12.233414
12.096623
12.211649
12.202323
11.981592
11.969156
11.767083
12.000243
12.40751
12.4044
12.311133
12.301809
12.255175
12.311133
12.336005
12.370201
12.289374
12.1246
12.000243
12.118388
12.308027
12.419946
12.34222
12.379526
12.528752
12.793007
12.979539
12.808551
13.057269
13.305973
13.156745
13.455198
13.545355
13.697685
13.598206
13.657274
13.694585
13.713243
13.511158
13.277994
13.377473
13.088347
13.088347
13.156745
13.228251
13.228251
13.29975
13.414787
13.253118
13.287322
13.119439
13.041722
13.119439
13.067845
13.13664
13.164786
13.111622
13.211687
13.064718
13.211687
13.289862
12.827059
13.014684
13.058467
12.955271
13.274225
13.411814
13.427453
13.327384
13.383672
13.080353
13.230449
13.211687
12.980285
12.936505
13.030317
13.080353
13.715141
13.821456
13.80895
13.783933
13.871491
13.615077
13.655726
13.940287
13.902761
13.946536
13.821456
14.068493
14.152925
14.159174
14.181067
14.059109
14.168557
14.246731
14.184194
14.309277
14.331165
14.274873
14.353055
14.259243
14.56256
14.509401
14.478132
14.543797
14.653253
14.646995
14.743928
14.56256
14.571942
14.618849
14.618849
14.512533
14.665762
14.234221
14.049729
13.896503
13.970396
13.992409
14.133903
13.599364
13.608797
13.740859
13.545913
13.511319
13.79746
13.643389
13.7723
13.756581
13.545913
13.671684
13.913801
13.916943
14.01442
13.951533
13.948383
13.866637
14.023849
13.762872
13.932667
14.149631
14.020711
13.627664
13.640235
13.747147
13.693694
13.677973
13.536477
13.457866
13.646531
13.712564
13.813181
13.718848
13.703125
13.567921
13.332089
13.033382
13.055389
13.030228
12.797557
13.067968
12.775535
12.605749
12.643479
12.454817
12.590022
12.373062
12.517703
12.621467
12.756676
12.879304
12.923326
13.159156
13.322659
13.486168
13.580499
13.442143
13.306941
12.954767
12.736428
13.277527
13.913557
13.964185
13.986338
13.679398
13.644592
14.002162
13.891409
13.923051
14.055956
13.970522
14.049622
13.92938
14.313211
14.130584
14.194841
14.2016
14.035883
13.795756
13.843102
13.941178
13.866774
13.917506
13.893826
13.863389
13.809275
13.616495
13.511652
13.37636
13.738254
13.880305
14.052792
13.937801
13.870155
13.934413
13.917506
14.117061
14.309833
14.441738
14.397764
14.441738
14.404534
14.543202
14.489089
14.604074
14.543202
14.394387
14.211754
14.188077
14.174543
13.717961
13.792369
13.968234
13.785602
13.772076
13.728106
13.457528
13.386508
13.623254
13.49474
13.663842
13.7115
13.537892
13.537892
13.309823
13.320037
13.40174
13.194089
13.367693
13.14983
13.108989
13.340461
13.292805
13.326843
13.394925
13.364289
13.333653
13.320037
13.17707
13.170256
13.057925
13.292805
13.541305
13.490243
13.476622
13.61619
13.61619
13.817028
13.857876
13.960003
13.915747
13.956596
14.109776
14.031482
14.130198
14.031482
14.191474
14.31742
14.501242
14.525067
14.324233
14.354862
14.296995
14.402522
14.620382
14.616983
14.470607
14.531881
14.610174
14.497838
14.651021
14.3004
14.422948
14.412738
14.44337
14.470607
14.402522
14.419542
14.361674
14.365085
14.392313
14.365085
14.068928
13.89873
14.014464
14.130198
14.095944
14.047991
14.167886
14.164457
14.174735
14.181585
14.078825
13.99661
13.921251
14.037714
14.53441
14.63032
14.602919
14.640606
14.493302
14.938623
15.226361
15.226361
15.401062
15.414763
15.431898
15.517525
15.133873
15.240062
15.137295
14.952316
14.856404
14.644026
14.685143
14.472754
14.520709
14.589226
14.53441
14.373411
14.81531
14.959171
14.876959
14.931767
14.918065
15.024256
15.061934
14.98315
15.034538
15.240062
15.192113
15.822402
16.096447
15.901187
15.791569
15.928588
15.901187
15.760745
15.880633
16.045057
16.072466
15.979972
15.986823
15.825828
15.644279
15.997107
16.271149
16.428715
16.127272
16.165157
15.855157
15.930931
15.858605
15.862041
15.758705
15.837932
15.82071
15.813821
15.806931
15.65882
15.593375
15.507258
15.689821
15.720821
15.727711
15.679483
15.703597
15.596815
15.555486
15.493483
15.913712
16.013607
16.144495
16.130711
16.037716
15.982599
15.651925
15.755259
15.968821
15.937824
15.841376
15.831038
15.865493
15.848267
15.986042
16.068712
16.017048
15.810374
15.944715
15.84482
15.886157
15.727711
15.645036
15.338475
15.317812
15.111137
15.073249
15.362589
15.479703
15.562365
15.758705
16.103159
16.05838
15.910273
15.906824
16.258158
16.399395
16.654287
16.485502
16.447615
16.499285
16.643059
16.729668
17.277046
16.968723
16.688105
16.38669
16.663849
16.48023
16.549515
16.608414
16.792028
16.660381
17.031075
17.107294
17.065714
17.221611
17.041464
16.982573
16.999891
16.923674
17.065714
17.01722
16.892498
17.138474
17.117682
17.096901
16.989498
16.934071
16.871706
16.861315
16.712347
16.705423
16.629202
16.712347
16.743526
16.719276
16.722738
16.785101
16.892498
16.857851
16.968723
16.940992
16.923674
16.982573
16.982573
17.003359
17.124607
17.110756
17.131542
17.22508
17.003359
16.982573
16.972183
17.148861
17.055326
16.979107
16.986032
16.958321
17.024147
16.96525
17.096901
17.200823
17.318623
16.599266
16.240456
16.327543
16.167295
16.1464
16.320583
16.184719
16.038408
15.84681
15.933898
16.111568
16.310135
16.243938
16.379799
16.470373
16.487795
16.38328
16.195169
16.156851
16.233494
16.233494
16.296196
16.212587
16.275291
16.031439
16.055824
16.031439
15.965257
16.010534
15.919969
15.648248
15.714436
15.582062
15.721402
15.547221
15.721402
15.724885
15.634313
15.780622
15.912996
15.811975
15.874682
15.756239
15.557678
15.2755
15.223251
15.237188
15.087394
15.010753
15.014242
15.296399
15.404396
14.860955
14.885346
14.61014
14.662392
14.770386
14.798252
15.33124
15.076937
14.986363
14.874889
14.693744
14.777351
14.761571
14.926373
14.950918
14.919361
14.866765
15.410251
15.168313
14.98949
15.04208
15.175321
15.080652
14.880788
14.98949
15.094684
15.000003
14.950918
15.003513
14.926373
14.919361
14.90884
14.971953
15.007015
15.333104
14.207582
14.540672
14.228615
14.326796
14.340818
14.154987
13.786824
13.671108
13.667602
13.657089
13.38009
13.222304
13.194252
13.520339
13.390611
13.278408
13.323988
13.425672
13.671108
13.734232
13.839417
13.839417
13.762276
14.08486
14.176023
14.02525
14.154987
14.284719
14.326796
14.165501
14.147971
13.955126
13.825387
13.867468
13.8885
14.067327
14.33731
14.870273
14.726516
14.622394
14.590635
14.537697
14.495346
14.54828
14.66122
14.241221
14.29769
14.13887
14.88358
15.289463
15.176517
15.155339
15.229452
15.211807
14.971816
14.996518
14.971816
14.862398
14.844748
14.876517
14.989459
15.116515
15.434169
15.582398
15.656514
15.64946
15.525933
15.494158
15.328281
15.511812
15.688282
15.592989
15.529462
15.331814
15.451816
15.416517
15.363576
15.345929
15.243575
15.501222
15.857704
15.938873
15.970643
15.882407
15.945933
15.617694
15.508285
15.564756
15.487109
15.483576
15.33887
15.162396
15.148278
15.04946
14.989459
15.141222
15.031807
15.056515
15.130642
14.855342
14.887106
14.732491
14.800026
14.750264
14.618762
14.814242
14.693399
14.89599
14.927979
14.622312
14.643638
14.611648
14.938643
15.191002
15.041713
14.981292
15.016838
15.116357
15.20166
15.095028
15.016838
14.853336
14.935085
14.721835
15.034601
15.162568
14.867555
14.913763
14.863999
14.839124
14.835567
14.981292
15.105692
15.166112
15.119912
15.17678
15.361601
15.329609
15.091473
15.009726
15.244307
15.343837
15.283405
15.183884
15.08792
15.17678
15.304729
15.205212
15.041713
15.006176
15.023943
14.9422
14.910205
14.938643
14.800026
14.995505
15.247867
15.500217
15.489553
15.500217
15.560637
15.567743
15.514432
15.837874
15.782414
15.739476
15.746639
15.914798
15.99351
16.558832
16.533789
16.759203
17.016817
17.202871
16.852224
16.895166
17.10984
17.091949
16.99892
16.870121
16.895166
16.902317
16.938099
17.056173
16.930944
17.074057
16.963144
17.159933
17.410389
17.632221
17.57855
17.532043
17.413971
17.510574
17.532043
17.467634
17.456909
17.517727
17.517727
17.238657
17.4247
17.306629
17.299475
17.149202
17.138468
17.49626
17.40324
17.46048
17.596439
17.585714
17.703787
17.489107
17.589293
17.371035
17.245802
17.138468
17.156353
17.199291
17.306629
17.292316
17.374607
17.260115
17.034702
16.866537
16.583878
16.526632
16.709106
16.655434
16.732857
16.725658
16.898495
16.984915
16.992113
17.229767
17.254971
17.564636
17.582638
17.326986
17.384598
17.244167
17.164953
16.956106
17.10734
17.07493
17.089334
17.154144
17.092928
17.233362
17.024517
16.506002
16.552814
16.437592
16.628429
16.920099
17.100132
17.164953
17.197355
17.100132
17.121742
16.905691
16.704054
16.707653
16.840872
16.801273
16.768864
17.319784
17.388205
17.287378
17.29818
17.269371
17.218964
17.280174
17.269371
17.319784
17.453012
17.330585
17.377396
17.265774
17.283777
17.18655
17.366592
17.643856
17.618647
17.539434
17.633053
17.967928
17.967928
18.03274
18.191174
18.250935
18.236448
18.272667
18.330622
18.671076
19.120195
19.384596
19.31216
19.333895
19.395472
19.047758
19.033279
19.073118
19.265076
19.196262
19.149178
19.076736
19.015165
19.000681
18.997051
18.884771
18.931856
19.094849
19.091223
19.087605
19.123827
19.011543
19.044144
19.091223
19.420822
19.409958
19.72868
19.500504
19.783012
19.478769
19.199888
19.105709
19.149178
19.083979
19.341143
19.699707
19.696087
19.598291
19.475151
19.424448
19.152802
19.261454
19.732302
19.804739
19.739552
19.507751
20.731958
20.500156
20.195913
20.214024
20.210405
20.214024
20.525513
20.387875
20.652273
20.72109
20.666773
20.763302
20.912649
21.306061
21.448128
21.49184
21.1385
20.850727
21.072927
20.8398
20.825228
20.967293
20.730515
20.675875
20.624878
20.766943
20.832516
20.912649
21.236851
21.473623
21.433556
21.375275
20.883503
21.069286
21.109362
21.375275
21.524624
21.455414
21.648474
21.357054
21.01465
20.8398
20.566591
20.533806
20.635809
20.340744
20.526524
20.508312
20.260611
20.213249
19.940058
19.663212
19.776131
19.692347
19.430077
19.739704
19.739704
19.932766
19.867197
19.918196
19.77249
19.597641
19.255228
19.688709
19.659569
19.659569
19.56851
19.506577
19.787062
19.787062
19.754278
19.6705
19.564857
19.277084
19.502501
19.704084
19.513496
19.630781
19.568474
19.682096
19.90934
19.377884
19.762722
19.245935
19.168962
18.725477
18.336966
18.626516
18.578871
18.674162
18.769455
18.725477
19.469511
19.902008
20.635046
20.132915
20.239204
19.751728
19.23127
19.187292
19.007696
19.326572
19.201954
19.190956
19.110325
19.117649
19.253262
19.062675
18.615522
18.872084
18.839102
19.026031
18.905075
18.956387
19.388878
19.007696
18.941729
19.04435
19.150637
19.117649
19.095663
19.055344
19.645441
19.773724
19.678431
19.953312
19.740736
19.920332
19.792048
19.810377
19.652775
20.235533
20.327162
20.352825
20.356493
20.158566
20.136572
20.107258
19.880013
19.675365
19.409893
19.144403
19.162844
18.878912
19.052221
18.952663
19.041161
19.107531
19.491011
19.863422
19.937168
20.07729
20.15103
20.139973
19.955606
19.929802
19.918734
20.036732
19.819174
19.881861
19.955606
20.158407
20.320642
20.025663
20.08835
20.357519
20.213717
20.493948
20.180536
20.460764
20.00354
20.615631
20.80369
21.017548
21.205597
21.021231
21.20191
21.445272
21.441584
21.4674
21.718132
21.419456
21.42683
21.526392
21.205597
20.932737
21.271971
21.102356
21.238787
21.482143
21.515331
21.342031
21.010166
21.102356
