Adjusted
14.618604
14.728575
15.003512
14.712868
14.610751
14.430077
13.291066
13.668118
13.353909
12.882594
12.372004
12.804043
12.356294
12.301308
13.23608
13.055413
12.811898
12.89045
12.796189
12.72549
13.000424
12.804043
12.843319
12.866886
12.560531
11.86927
12.018519
12.097072
11.507929
11.53935
11.994952
12.568384
12.568384
12.254176
12.29345
11.916401
12.434847
12.254176
11.782863
12.04994
12.340584
12.26203
12.387714
12.591953
12.411281
11.939966
11.130876
10.832376
10.863799
11.452943
11.947823
12.309162
12.097072
12.089217
12.474123
12.489834
12.372004
12.285595
12.324873
12.309162
12.175623
11.767152
12.340584
12.254176
11.994952
11.971386
11.712165
11.170153
11.335114
11.044468
11.704309
11.570768
11.311546
11.58648
11.782863
12.466267
12.607663
12.34844
12.285595
12.403424
12.403424
12.584097
12.709781
13.110397
13.039699
13.10254
13.173241
12.921873
13.23608
13.118255
13.118255
13.34605
13.566001
13.730958
13.416752
13.22037
12.819752
13.173241
13.628844
13.118255
13.000424
13.275357
13.762382
13.738817
13.518868
14.563616
14.49292
14.296542
13.856645
13.691687
13.511017
13.118255
12.796189
13.675975
13.785948
13.730958
14.021606
14.037317
14.123723
13.8645
13.613132
14.139431
14.029462
14.21013
14.131578
14.013751
14.257262
14.147288
15.23131
15.089916
15.003512
14.838552
14.807129
16.142521
15.985418
15.592652
16.221069
15.152761
15.60051
15.671208
15.514098
15.647644
15.584802
15.584802
15.514098
15.254877
15.969705
15.812599
15.294152
15.082062
15.592652
15.726194
15.341287
15.474825
15.356994
16.008984
16.181799
16.056116
16.621687
16.48815
16.731663
16.920193
16.480297
16.48815
16.441021
16.393888
16.621687
17.556465
18.389118
18.671907
18.247726
18.035631
18.019928
17.493626
17.28153
17.697861
18.11418
18.365555
17.752846
17.909946
17.60359
16.951612
16.802361
17.477911
17.752846
17.289387
17.297243
17.548607
17.493626
17.815687
17.635017
18.137753
18.161322
18.616922
17.375793
17.572174
17.493626
17.839254
17.485764
17.407215
17.202972
17.28153
17.611456
17.988501
17.815687
17.572174
17.587883
18.287004
18.546225
18.616922
18.381268
18.993977
19.119659
19.088238
19.166788
19.67738
19.292471
19.284615
19.858053
19.378878
19.127512
19.166788
18.94684
18.891853
19.025391
18.978258
19.528126
19.213921
19.42601
19.559551
19.905184
20.148695
20.407915
20.109419
19.897327
19.67738
19.82663
19.740221
19.653814
19.645958
19.567408
19.292471
19.206066
19.520273
20.109419
20.007298
20.423624
20.682844
20.439337
20.667135
20.596441
20.674994
20.360785
20.94207
20.698563
20.227247
19.551691
19.810915
20.352928
17.799976
18.609066
18.53837
18.428396
18.67977
18.970407
19.543844
18.931133
19.378878
18.852577
18.664051
18.593357
18.593357
18.161322
18.255579
17.752846
17.784266
17.933514
17.894239
17.909946
17.980646
18.106333
18.428396
18.56979
18.326283
18.067055
17.854965
17.305099
18.027779
18.074909
18.137753
18.145607
18.1299
18.23987
18.067055
18.373409
18.53837
18.467669
18.396971
18.255579
17.8314
17.894239
18.043489
18.475525
18.593357
18.79759
18.915419
18.483385
18.695473
18.6562
18.585501
18.766176
18.891853
19.206066
19.480997
19.504566
19.740221
20.187973
19.755928
19.748079
19.82663
20.187973
20.015154
19.881617
19.755928
19.300323
19.873756
19.575258
19.449577
19.025391
19.355316
19.158928
19.048962
18.664051
18.6562
18.671907
18.836866
18.813305
19.009686
18.954699
18.609066
18.184887
18.695473
18.554079
18.726892
18.726892
18.263435
18.554079
18.616922
18.365555
18.585501
18.6562
18.640484
18.899712
19.190357
19.331747
19.920895
19.614538
19.693087
19.598829
19.771639
20.015154
19.504566
19.755928
19.622395
19.520273
19.881617
21.044193
21.366259
20.997061
20.910652
21.649044
21.539072
21.578346
21.444809
21.334835
21.586203
21.735451
21.923979
21.397678
21.405529
21.397678
21.201296
20.792822
20.187973
20.352928
20.423624
20.164402
20.132982
20.266523
20.085857
19.763786
19.567408
19.190357
19.323889
19.056814
19.410301
19.347458
19.512419
19.386734
19.583118
19.520273
19.135366
19.041107
19.323889
18.986116
18.428396
18.624779
19.284615
19.465284
19.97588
20.337221
20.462902
20.612152
20.541454
20.572878
20.203676
20.360785
20.227247
20.502178
20.792822
20.674994
20.345074
20.56502
20.784969
20.887085
21.036335
20.580732
20.989204
20.910652
21.185585
20.957787
21.044193
21.240576
21.130602
21.130602
21.067757
20.934216
20.973492
21.232714
21.248426
21.405529
21.523367
21.138458
21.201296
20.957787
21.020628
21.130602
20.879232
18.79759
18.475525
18.475525
18.56979
18.829012
19.009686
19.080379
18.734756
18.624779
18.79759
19.198215
19.206066
19.017534
18.891853
19.190357
19.355316
19.740221
19.630247
19.166788
19.347458
19.009686
19.088238
19.253202
19.787355
19.810915
20.297943
20.384352
19.968027
19.82663
19.795208
20.305799
20.376497
20.376497
20.376497
21.0599
21.279848
21.224859
21.224859
21.138458
20.824245
20.580732
20.832098
20.86352
21.185585
21.484085
21.248426
21.491941
21.209156
21.468372
21.60191
21.641191
21.374109
21.38982
21.201296
21.130602
21.209156
20.714272
20.227247
20.148695
19.968027
20.902798
21.177729
20.816391
20.729982
20.56502
20.65143
20.502178
20.423624
20.164402
19.763786
19.559551
19.795208
19.952312
20.172255
20.109419
20.462902
20.415777
20.290089
20.015154
20.211535
20.242958
20.305799
20.038717
19.968027
19.795208
19.355316
19.559551
19.67738
19.253202
19.559551
19.480997
19.410301
19.229631
19.755928
20.070139
20.101564
19.968027
19.72451
19.928745
20.02301
19.889467
19.771639
19.598829
19.213921
19.229631
18.836866
18.876144
18.813305
18.585501
18.860434
19.072525
19.088238
19.166788
19.300323
18.978258
19.292471
18.970407
19.198215
19.127512
19.528126
19.614538
19.551691
18.616922
18.334133
18.412682
18.161322
17.957085
17.674294
17.729277
17.627159
17.202972
17.250107
17.085154
17.163704
16.928043
16.865204
16.983034
17.045874
17.257961
17.360083
17.360083
17.140137
17.28153
17.34437
17.171556
17.218687
17.273676
17.320803
17.289387
17.320803
17.674294
17.902096
17.847107
17.878534
17.807831
17.548607
18.098478
18.145607
18.287004
18.349844
18.56979
18.428396
18.593357
18.781876
18.53837
18.601215
18.805447
18.734756
18.326283
18.059198
18.341986
18.554079
18.734756
18.758316
18.781876
18.067055
17.988501
17.847107
18.27129
17.768555
17.807831
18.287004
18.169172
18.53837
17.438637
19.017534
19.025391
18.648342
18.475525
18.554079
18.45982
18.687618
19.292471
19.268904
19.520273
19.480997
19.520273
19.630247
19.67738
19.645958
19.669523
19.638107
20.038717
20.117271
19.873756
19.755928
19.638107
19.952312
19.944458
19.810915
19.748079
19.716658
19.700947
19.535988
19.716658
19.653814
19.535988
19.402443
19.371025
19.630247
19.363173
19.245338
19.174644
19.166788
19.575258
19.881617
20.195824
20.258667
20.266523
20.117271
20.195824
19.732363
20.101564
19.968027
20.635721
20.266523
20.258667
20.070139
19.795208
19.787355
19.865906
19.72451
19.669523
19.67738
19.999443
20.054432
19.920895
19.598829
19.834482
20.949928
20.132982
19.842342
19.700947
19.875851
20.289268
20.281315
20.480078
20.925299
20.893496
20.750389
21.052502
20.607281
20.78219
20.766291
20.798094
20.917351
21.044554
20.933247
20.766291
20.973
20.996851
21.012751
21.036598
21.179707
21.116106
21.132008
21.124056
21.696482
22.435862
22.197346
22.237101
22.062191
21.807785
22.18145
22.022448
22.451765
22.610769
23.167294
23.199097
22.873129
22.936729
22.849277
22.451765
22.459719
22.578966
22.491512
22.968536
22.714125
22.730024
22.419964
22.714125
22.841331
22.785675
23.008287
22.936729
22.960587
22.904936
22.952635
23.294502
23.421705
23.596609
24.765316
24.69376
24.161085
24.359846
24.320089
24.017979
24.51885
24.638103
24.717611
24.797113
24.431396
24.320089
24.622206
24.820963
24.987923
24.987923
25.067423
25.218481
25.170776
25.019722
25.43314
25.671648
25.790905
25.234381
25.41724
25.584196
25.35364
25.727304
26.100969
25.997614
25.711401
25.790905
25.751158
25.759108
26.188423
25.965813
25.941969
25.91811
25.854509
25.735249
25.345686
25.067423
24.987923
25.091278
25.083326
25.178732
25.35364
25.313887
25.051525
24.995865
25.377487
25.719349
25.568295
25.043571
24.502951
24.566553
23.14344
23.898724
23.906675
23.779467
24.129282
23.612514
23.373999
23.079836
23.063938
22.857229
23.366051
23.445551
23.596609
24.312143
24.010033
23.978228
23.858973
23.620461
23.57276
23.53301
23.604557
23.111639
23.429657
23.41375
23.342199
23.334253
23.41375
23.453505
23.381952
23.453505
23.54891
23.191145
22.944685
23.032137
22.785675
22.054245
22.006544
21.672628
21.752132
22.141697
22.276854
22.221207
22.030392
22.380209
22.324556
22.173502
21.839584
21.815733
21.489769
21.497725
21.513622
21.155859
20.670885
20.654982
20.853746
20.495977
20.654982
20.901445
21.696482
21.346664
21.545424
21.672628
21.505672
21.823683
22.340456
22.515364
22.650522
22.610769
22.451765
22.260956
22.237101
22.014496
22.451765
22.300703
22.555115
22.34841
22.253004
22.984436
22.419964
22.197346
22.42791
22.881084
22.491512
22.706173
22.992382
23.262695
22.650522
22.865175
23.14344
22.920834
22.89698
22.730024
22.284805
22.300703
21.998594
22.094
22.308659
22.88903
23.008287
23.135496
22.714125
22.308659
22.451765
22.642569
22.547169
22.825426
22.745922
22.89698
23.580709
23.78742
23.604557
22.952635
22.571018
22.737974
22.563065
22.857229
23.429657
23.326302
23.055984
23.262695
23.14344
23.366051
23.15934
23.326302
23.652267
23.429657
23.342199
25.123075
25.210531
24.51885
24.590405
24.924318
24.836864
24.487047
25.00382
25.345686
25.683311
25.482344
25.884275
25.659191
25.393917
25.651154
25.353727
25.321569
25.77977
26.028969
26.037008
26.37463
26.117392
26.792631
26.455017
26.511282
26.792631
26.599707
27.090063
26.607744
26.881054
26.824787
27.226719
27.154371
27.419649
27.612572
28.110964
28.255657
27.789415
27.725115
27.540222
27.588459
26.784595
26.704212
26.688135
27.090063
27.178488
27.652769
27.885876
27.733152
27.700993
27.741184
27.451796
27.781384
27.901966
28.094887
27.97431
27.789415
27.821577
28.199392
29.477522
29.300671
29.18009
29.381063
29.959837
29.686527
29.244406
29.903568
29.485563
29.911608
29.839264
30.016117
29.895527
30.530571
29.823185
30.160805
29.863371
29.541828
29.485563
29.614178
29.517723
29.364985
29.364985
29.686527
29.742796
30.345695
30.619005
31.020931
31.077208
30.99682
31.430904
31.221901
31.181702
30.828011
31.125439
31.511292
31.181702
31.149561
31.181702
30.924471
30.787817
30.747627
30.506468
29.582026
28.762093
28.303894
28.737978
28.054693
28.328009
28.231544
28.729933
29.027365
29.228321
28.681698
28.504858
28.135077
28.344084
28.770132
29.18009
29.437328
29.533796
29.260485
29.541828
29.115786
30.217073
31.093285
30.980747
31.189741
30.932512
31.125439
31.061125
30.811932
30.627045
30.683313
30.884279
31.10935
31.173666
31.286209
31.093285
30.77173
30.932512
30.99682
31.14151
31.623835
31.125439
31.093285
31.430904
31.374626
31.318369
31.551481
31.430904
30.787817
30.876244
31.246023
30.811932
30.819967
30.659197
30.868187
32.090065
31.792641
31.889097
31.881063
31.8489
32.186535
32.098106
32.73315
32.901966
32.668846
32.91
33.167236
33.151165
33.561138
32.958241
32.009682
31.913223
31.800678
31.752445
31.728327
31.760481
32.154373
33.368206
33.287819
33.810322
33.577217
34.26852
33.882671
34.405186
34.533794
34.429302
34.477524
34.196178
33.93895
34.413223
34.565956
34.461449
33.520935
33.89875
34.180099
34.011288
34.164024
33.689743
33.737984
34.565956
34.815147
35.217083
34.220291
33.681709
33.159199
33.528976
33.858559
33.866596
33.392315
33.914829
32.958241
33.528976
33.729942
33.295853
31.993608
31.503246
32.226723
31.591671
31.229935
30.112577
31.189741
31.832827
32.130268
32.36338
32.491997
32.194572
32.323181
31.832827
32.347301
33.038616
33.127056
33.247631
32.901966
32.588455
32.170452
32.033798
31.808712
31.929295
31.977528
31.881063
31.270132
30.932512
31.52737
31.559525
31.913223
31.672058
30.570776
30.393923
30.562735
32.355331
32.861774
32.202606
32.009682
32.098106
31.76853
31.945375
32.379463
33.94725
33.281143
34.288437
33.305511
32.712517
33.232403
33.346127
31.900175
31.802702
32.371334
31.786463
31.28281
31.843315
31.843315
31.437159
31.721464
31.258442
31.193451
30.502972
29.463194
29.178873
28.569633
28.31781
28.967674
29.893721
28.894558
29.780006
29.885607
28.431532
28.455898
28.074108
28.561508
27.521729
27.440489
28.309687
28.147219
28.074108
27.708559
27.489229
28.098475
28.707724
28.788956
29.682522
28.626495
28.147219
28.236574
27.619205
27.814159
28.772711
28.399048
30.251154
30.868519
30.90914
30.844149
29.942465
29.958719
