Adjusted
17.877075
17.827417
17.529465
17.628782
17.579124
17.877075
18.71134
18.89011
18.72127
18.393524
18.621952
18.383593
18.373661
18.43325
18.66168
18.522635
18.026051
18.08564
17.996256
17.340763
17.370558
17.370558
17.032879
16.953426
16.784586
16.327728
16.307863
15.960255
15.592781
15.46367
15.791416
16.427046
16.059574
15.890734
16.605814
15.930461
15.831142
16.436977
16.715065
16.486635
16.436977
16.387318
16.377386
16.139027
15.841075
15.394148
14.847903
14.688996
15.145855
15.592781
15.394148
15.682168
16.139027
16.436977
17.509602
17.390421
17.082539
16.873972
16.734928
16.983223
16.883905
16.933561
17.777758
17.598986
17.747963
16.993153
16.198616
16.039709
16.685268
16.883905
17.271238
17.996256
20.250751
20.449389
20.310343
20.578499
20.87645
20.022326
20.062052
21.194265
20.99563
20.856586
21.015493
21.710714
21.710714
22.25696
23.230267
23.011766
23.736782
23.071356
22.84293
22.892586
23.289858
23.528217
23.488489
22.763477
22.594635
23.299788
23.687126
23.8361
24.332685
23.687126
24.36248
23.96521
23.77651
24.352549
24.829269
24.779613
23.816235
24.332685
24.779613
24.81934
24.76968
24.928587
25.246401
25.484764
25.296061
24.441933
23.8361
23.865896
24.094326
23.488489
23.339514
23.240198
23.299788
25.256334
24.839203
25.564219
26.616976
27.411516
26.229641
26.895067
27.461172
27.56049
27.212881
28.206051
27.759127
27.20295
26.825544
27.610147
27.361855
28.513933
27.997486
28.106733
28.076939
27.212881
28.255711
27.391651
27.411516
26.91493
26.865271
26.676567
26.616976
26.865271
27.481035
27.918034
27.808783
28.007418
28.156395
28.355026
28.752296
28.504004
28.106733
28.166325
28.345097
28.861544
29.397856
29.149565
28.980724
28.404686
28.13653
28.801954
28.901272
28.196119
28.454344
28.504004
28.404686
27.759127
27.510832
27.709467
27.878305
27.699535
27.848511
27.669741
27.252609
26.517662
26.438208
26.219709
27.212881
27.620081
27.818716
28.146461
28.196119
28.36496
28.59339
28.573526
28.623184
28.692705
28.504004
28.742365
28.255711
27.888237
28.057076
26.726227
26.775885
26.666637
26.50773
26.91493
26.954657
26.765955
27.590286
27.580353
27.32213
27.778988
27.361855
27.610147
27.659809
27.312199
27.689602
28.037212
28.017347
28.057076
27.32213
28.305368
28.027279
28.13653
28.434479
29.368061
29.576628
29.775261
30.301641
30.202324
29.675943
29.5369
29.278675
29.348198
29.050249
28.404686
28.672842
28.901272
28.106733
27.937895
27.808783
27.113564
27.163221
27.530695
27.361855
27.262541
27.332062
27.411516
27.451241
27.490969
27.808783
27.848511
27.957758
27.411516
27.232746
27.600218
27.391651
27.063904
27.113564
26.885134
27.262541
26.736156
26.91493
27.520761
27.242676
27.332062
26.775885
27.014248
30.391029
31.582832
31.096178
31.652353
30.986931
30.976999
29.963964
29.805056
29.497175
29.795126
29.397856
29.328335
29.387924
29.000589
29.328335
29.050249
28.404686
29.149565
29.020452
29.328335
29.745466
30.242052
30.11294
30.261913
30.371164
29.993761
30.301641
30.728704
30.837955
29.864645
30.738638
30.669113
30.917408
31.076317
31.294813
31.850988
31.672216
31.751671
31.880783
31.940376
32.635593
32.834232
33.042797
33.320881
33.112316
33.469856
33.718151
33.420197
33.946579
33.966446
33.579105
33.479786
33.638695
33.966446
33.142109
32.993137
32.844162
33.251358
36.965816
37.174381
36.201077
36.250732
36.300392
34.939751
34.532551
34.621937
35.148312
35.049
34.860298
35.337021
34.572277
35.058929
35.277428
35.605175
35.605175
35.108585
35.625038
35.088726
35.217838
35.674694
35.75415
36.816841
36.648006
36.598343
36.757248
37.561718
38.932293
38.882641
39.111069
39.111069
39.528198
39.041546
39.130932
39.041546
39.011745
38.733662
39.418949
39.567928
39.041546
39.548061
39.607655
40.87891
40.868977
40.898777
41.494675
41.961468
41.713173
41.047752
40.729935
40.124104
40.084377
39.955261
38.733662
38.942226
38.902496
38.932293
38.684006
37.690834
37.929192
37.502129
36.826778
37.29356
37.194248
39.339497
38.892567
39.230247
39.438812
38.654205
38.117897
37.869606
36.707596
35.8634
35.485992
36.002441
36.240803
35.774014
35.873329
36.300392
36.56855
36.995609
36.340118
36.667866
36.598343
36.747322
37.591515
37.482269
37.42268
37.343224
37.939125
38.703869
39.557995
38.674072
38.912434
39.210388
38.783318
39.349426
39.607655
39.418949
39.081268
39.438812
39.726833
39.895668
40.680275
39.597721
39.508335
40.024784
39.875809
40.173763
40.720001
40.283012
41.156998
41.236454
41.703243
41.613857
41.176865
40.42205
40.551167
40.412121
41.812492
42.587166
42.954639
44.057056
42.94471
43.600204
40.91864
40.362461
40.9683
41.484745
42.14024
42.189899
41.991261
40.859047
41.216591
41.713173
41.772766
41.623791
41.713173
41.703243
41.64365
42.418324
42.706348
42.94471
42.616959
42.815598
43.183067
43.053955
42.666618
42.756004
42.94471
42.636822
42.696419
42.607029
43.550537
43.749176
43.371765
43.471088
43.133408
43.61013
43.778973
44.06699
45.437569
46.182442
45.586544
45.556747
46.967049
47.324593
47.175613
47.473564
47.572884
46.698895
47.850971
48.188652
47.503365
47.155746
46.341351
46.063263
45.894424
46.09306
46.102985
45.785172
44.325214
44.037197
43.699516
43.739246
45.010502
44.593372
44.643032
44.444393
43.580334
43.302246
43.639927
43.411495
43.222794
43.123474
42.517643
41.961468
41.663517
42.170033
42.199829
42.110447
40.789524
39.726833
41.226517
40.680275
40.044651
39.577854
39.925468
39.021679
38.614483
38.217213
38.23708
39.180592
39.180592
39.230247
39.210388
38.664139
38.018578
37.859669
37.531925
37.571655
38.09803
38.693932
39.140862
39.65731
39.160728
39.786423
39.557995
39.726833
39.726833
39.975124
40.312805
40.42205
39.945328
40.183689
40.124104
40.898777
40.600822
40.253216
40.243282
39.677174
39.309704
38.634346
38.445641
38.247005
38.23708
37.124725
37.075069
38.535027
37.760357
42.179966
42.49778
42.130306
40.47171
40.392254
40.153896
40.124104
39.498402
39.220318
39.121002
38.54496
38.604549
38.733662
37.452473
35.078793
35.188042
35.704494
36.747322
36.260666
36.896297
37.819946
37.690834
38.336391
38.276806
37.591515
37.273701
37.452473
37.462406
37.343224
37.174381
36.747322
37.204174
37.104862
35.366814
36.449371
36.648006
36.707596
36.350052
36.588417
38.733662
38.842911
38.733662
38.832977
38.862774
38.187416
39.677174
38.674072
39.816216
40.392254
40.283012
40.720001
40.720001
40.670345
41.027889
41.564198
41.375496
42.616959
42.209759
42.676548
43.143341
43.20293
42.914913
42.696419
43.083752
43.252586
43.242657
43.232727
43.35191
43.222794
42.279282
42.011127
42.001194
42.011127
42.011127
41.156998
41.226517
41.464882
41.623791
41.33577
41.524471
41.355633
40.87891
41.008026
40.9683
40.938507
40.88884
40.988159
41.296047
41.613857
41.504612
41.603924
41.474812
41.782696
41.633717
40.372398
40.670345
40.263145
40.332668
40.739868
42.14024
41.772766
41.494675
41.226517
40.580959
40.819321
39.76656
39.170654
39.577854
40.382324
39.826145
39.518269
39.627518
38.713799
38.882641
38.85284
38.981953
37.472336
37.313431
37.670971
37.819946
37.591515
36.767185
37.025406
37.363087
38.435715
37.74049
38.395985
36.886364
36.648006
36.945957
34.314049
32.566071
33.688351
34.492821
35.317154
35.128452
35.287357
35.376743
35.793877
36.052101
35.75415
35.952782
36.737392
36.648006
36.92609
35.75415
35.75415
36.439438
36.92609
36.469238
36.181213
36.101757
38.4953
38.187416
37.700764
38.306599
37.810013
37.243904
36.896297
36.747322
36.359982
36.201077
36.449371
36.697662
36.042168
36.687729
35.883263
35.605175
34.909954
35.178108
34.989407
34.939751
36.22094
35.793877
35.982578
35.396606
35.356876
36.707596
37.591515
37.651104
38.54496
38.535027
39.130932
39.61758
38.842911
38.832977
38.614483
40.183689
40.789524
40.352531
40.451847
41.504612
41.623791
41.951538
42.160103
42.170033
41.961468
42.39846
44.116646
43.431358
43.441292
42.557365
42.716274
42.418324
42.746075
42.855324
43.401562
43.193001
43.490948
43.262524
43.332043
44.176235
44.06699
43.550537
43.699516
42.964569
44.037197
44.106716
43.322109
43.401562
43.461151
44.911186
45.68586
45.695786
46.539989
46.281757
46.679028
46.281757
46.003674
45.884495
45.338245
45.814972
45.765316
46.182442
46.122852
45.983807
46.291695
46.023533
46.450603
45.18927
45.924221
46.311558
46.251965
45.755379
45.68586
45.963943
47.404045
46.659168
46.808144
48.009876
47.811241
54.425762
55.687088
54.395966
55.06139
55.518253
54.65419
54.624397
53.293545
53.571636
52.926075
53.710678
53.809998
53.770267
53.114773
53.382931
52.171265
50.979462
51.843521
52.985664
52.647987
51.625015
52.33017
52.469215
53.492184
53.83979
53.53191
53.651089
52.469215
52.707577
53.641155
54.793236
53.184299
53.094913
54.127808
53.025391
53.373001
53.243889
52.578465
53.144569
54.485352
54.842892
53.591496
53.661022
55.379204
55.150776
55.418934
55.01173
55.418934
55.120979
56.431969
58.418308
59.699497
58.408379
58.865234
57.286095
57.733021
57.752884
57.087463
52.72744
53.611362
52.975735
53.094913
54.1576
50.155128
50.065742
51.138367
51.446247
50.343826
49.569153
51.039051
50.969528
50.184921
51.307205
51.426384
51.416451
50.512669
48.963318
48.546192
48.109196
47.245136
47.870831
48.685234
49.519501
52.181194
52.389759
51.386658
51.267475
50.949665
50.125336
48.218445
49.261272
49.658539
50.03595
50.194855
50.711304
50.25444
49.837311
49.966427
51.148296
51.476044
53.214096
53.512047
53.233952
54.425762
54.088081
54.127808
55.210365
54.535011
54.276783
54.733646
54.96207
55.021664
54.60453
54.813095
54.564804
56.034695
57.554249
57.643635
56.938484
57.454933
57.057663
54.932278
54.823032
55.965176
56.441902
56.561081
55.617565
60.017315
60.047108
59.173122
60.057041
59.073799
59.341957
59.540592
60.22588
60.305336
59.85841
58.785778
58.795712
59.520725
60.801918
60.831715
60.086834
61.953999
61.805023
62.569767
63.423889
63.761566
64.387268
63.26498
64.307808
64.21843
63.721844
62.490311
62.381058
63.215324
64.268089
64.506447
64.506447
65.549271
65.012962
64.258148
63.652317
63.463619
62.788261
63.294777
64.407127
63.443756
63.066345
62.728672
63.334503
62.410851
60.861507
61.28857
61.576591
62.291672
62.043385
63.62252
64.158836
64.21843
64.099243
65.211594
65.380432
65.30098
64.973228
64.943436
64.615692
63.423889
63.602661
64.198563
65.459892
66.284218
66.14518
66.492783
66.641762
66.542442
67.466095
65.74791
65.976334
64.387268
65.132141
65.161942
64.148903
63.125938
62.242016
59.629978
60.811852
62.589626
62.390991
62.85778
62.778328
63.066345
62.520107
60.762192
59.709431
59.292301
58.895031
58.249474
57.534389
58.597076
58.696396
58.587147
57.166916
57.673428
56.749779
57.196709
59.262505
59.431339
60.613213
61.427612
62.470448
62.818054
62.9571
62.172489
60.911171
61.050213
61.159462
61.199188
62.381058
63.582794
64.595833
65.181793
65.77771
65.499603
64.556107
64.744812
65.092415
66.194839
65.241394
65.837296
63.473549
63.523209
63.493416
63.71191
64.06945
64.387268
63.831089
63.225254
63.056416
63.31464
63.940342
63.890682
63.31464
62.063248
62.947166
62.420784
62.450584
63.096138
62.371124
62.530037
77.924179
77.795074
77.467323
77.219032
76.980675
77.020401
77.219032
77.199173
77.278618
77.387863
77.278618
77.45739
77.477257
77.387863
77.258759
77.209099
77.109787
76.891281
76.821762
76.77211
76.77211
77.04026
77.318352
77.169373
77.129654
77.030327
76.613197
76.652924
76.484093
76.672783
76.752243
76.871429
76.861488
77.368011
77.626228
77.636162
77.368011
77.079994
76.861488
76.821762
77.010468
76.940941
76.821762
77.129654
77.159447
77.050201
76.325172
75.639893
74.358696
74.815567
75.699478
76.27552
75.97757
76.583405
76.72245
75.927902
75.520714
75.590233
75.183029
73.87204
73.971367
73.444984
72.719963
71.21035
72.402153
73.633682
75.590233
76.851555
76.484093
76.623131
76.19606
75.083717
75.192963
75.43132
77.914246
77.973846
78.053291
78.212212
78.261864
78.281723
78.698853
78.500229
77.963905
78.102943
77.695755
78.212212
78.341309
78.827972
78.003639
77.219032
77.070053
76.72245
77.04026
76.911148
76.782036
77.219032
77.864586
77.963905
78.500229
78.808105
79.205368
79.096123
78.957085
79.106056
79.096123
79.453667
79.701958
80.099228
80.049568
79.900589
79.751617
80.168755
80.049568
79.860863
79.950249
79.672165
79.850937
79.404007
79.552979
79.493393
79.711884
77.963905
77.606369
76.732376
77.318352
78.788239
76.702583
76.980675
77.209099
76.27552
76.156342
76.205994
76.931015
77.318352
76.881355
77.516983
76.970741
77.169373
77.219032
76.970741
76.394707
77.467323
77.715614
77.318352
77.248825
75.004257
75.888184
75.937836
75.629959
75.898109
76.007362
75.312149
74.189857
73.931633
73.246346
72.978195
73.166893
