Adjusted
9.610447
9.67674
9.772752
9.642449
9.653878
9.836761
9.866478
9.800183
9.770466
9.727031
9.736176
10.026502
9.909913
10.10651
10.250532
10.047076
9.809327
9.79561
10.072221
9.903054
9.94192
9.761325
9.487
9.46414
9.33155
9.361267
9.567008
9.921344
9.519003
9.493855
9.427566
9.62416
9.6173
9.615018
9.768182
9.52129
9.706458
9.544151
9.573871
9.62873
9.578441
9.512148
9.596727
9.647022
9.875623
9.818472
9.422989
9.802471
10.428841
10.2551
10.721454
10.694018
10.723742
10.753458
10.881474
10.593433
10.979772
11.078071
11.299814
11.347821
11.270095
11.178658
11.30439
11.288385
11.052927
11.185515
11.178658
11.032351
10.915765
10.991201
11.29296
11.363828
10.751169
11.016351
10.85404
11.142082
11.064356
11.185515
11.068929
11.139792
11.148938
11.384399
11.558138
11.704439
11.818744
11.853032
11.889609
11.944476
12.111356
12.143358
12.275949
12.275949
12.312524
12.67143
12.435974
12.881744
13.085198
13.007479
13.105775
13.098918
12.913752
12.893174
13.126348
13.046339
12.950325
13.240652
13.686427
14.139057
13.958463
14.219069
14.687701
14.721997
14.635123
14.676273
14.726563
14.584833
13.974464
13.830444
13.761865
13.869307
13.670424
13.796154
13.823585
13.761865
14.399666
14.173348
14.16649
14.203067
14.326509
14.118486
14.219069
14.38595
14.525398
14.40195
14.036186
14.472816
14.502536
14.51625
14.509392
14.767714
14.946021
15.131194
15.421515
15.65698
15.202063
14.08648
13.910456
14.164205
13.183501
12.047347
12.51598
12.72858
12.58456
12.518267
12.600566
13.021192
13.030336
13.222361
13.242936
12.984616
12.938894
12.550271
12.634855
12.664572
12.595991
12.858885
13.030336
13.183501
13.105775
13.087488
12.833739
13.302372
13.31609
13.348094
13.121776
13.434961
13.348094
13.487542
13.658993
13.944745
13.84416
13.997327
14.081906
13.864735
13.761865
13.540119
13.658993
13.951605
13.759579
14.075049
14.452243
14.340224
14.255646
14.235069
14.241928
14.347086
14.463675
14.431669
14.25336
14.571116
14.417953
14.470531
14.363089
14.326509
14.312795
14.470531
14.070477
13.784724
13.439537
12.870313
13.124063
12.799448
12.804023
13.018904
13.354955
13.485254
13.2818
13.432679
13.572218
13.71176
13.693461
13.656859
13.613396
13.835288
13.947383
14.054898
14.276793
14.503264
14.702286
14.727447
15.093467
15.084311
15.045421
14.834965
14.699997
14.651958
14.711436
14.464374
14.670254
14.752612
14.663396
14.567317
14.546728
14.789211
14.727447
14.953915
15.022549
14.972217
15.043134
15.251305
15.541826
15.459477
15.480063
15.104897
15.223849
15.244443
15.219275
15.118619
15.317641
15.098038
15.610459
15.967313
15.990195
16.463726
16.536926
16.559795
16.058819
16.05653
16.04509
15.937579
16.010784
16.013065
16.328756
16.596401
16.349339
16.063391
16.390516
16.271568
16.482025
16.379084
17.111101
17.728758
18.030714
18.174835
18.15196
18.05588
17.996399
17.994116
18.044439
18.236597
18.481367
18.385288
18.504246
18.529408
18.588886
18.662088
18.625484
18.655224
18.456207
18.220585
19.31176
19.808167
19.933981
20.176466
20.032345
20.000324
19.700647
19.924835
19.572548
19.705225
20.084961
20.416662
20.567642
20.524181
20.565359
20.862743
21.663393
21.457514
21.320253
21.336269
21.34313
21.215031
20.670586
19.613724
19.993456
20.288551
19.675486
20.190193
20.897057
20.670586
20.418951
20.414371
20.073523
19.151625
18.929729
19.163067
19.012087
18.941172
18.723852
18.222879
17.856861
17.939207
18.174835
18.20686
18.330381
18.174835
18.479078
18.071892
17.870584
17.808817
17.808817
18.0147
17.785944
18.149666
18.575161
18.538563
18.840515
19.41699
19.352936
19.641171
19.748693
19.249996
19.229403
19.142485
19.394106
19.659473
19.664047
19.586269
19.199669
19.426142
19.444439
19.20882
19.284309
19.110451
19.158497
19.444439
19.309473
18.925161
18.520256
18.712412
19.163067
19.437574
19.444439
19.771561
19.764698
20.089537
19.938555
19.943138
20.062084
19.730389
19.556528
19.231701
19.057833
18.323523
18.067312
19.272869
19.627449
19.712086
19.810452
19.524506
19.41699
19.188227
19.398689
19.9683
20.503588
20.496725
20.771236
21.004572
21.242477
21.384308
21.148687
21.55588
21.416334
21.064041
21.068619
21.109798
21.141823
21.073195
21.194439
21.148687
21.388884
21.510126
21.539867
21.706854
21.686268
21.727449
21.798365
21.834963
22.07745
22.024832
21.839537
21.814373
21.736599
21.571892
21.448362
21.750322
21.951626
22.624182
22.532671
22.859798
22.967314
23.061104
22.921566
22.749994
22.763721
22.5098
22.532671
22.621887
22.432016
22.329079
22.306208
22.358816
19.712086
19.741829
19.078432
19.046404
19.400974
20.428104
20.988556
21.800648
21.732023
21.926462
21.860128
22.784306
23.241823
23.470581
23.687904
24.532022
24.744764
24.811102
24.557085
25.204712
24.980442
25.021641
25.332869
25.309984
25.392365
25.568569
26.014816
26.582346
27.051472
27.120125
27.131569
27.014856
27.170477
27.364986
27.209372
27.575523
28.273487
28.795254
29.037832
28.536659
28.879925
28.278069
28.081266
28.275784
28.385628
28.719732
28.554962
28.399353
28.795254
28.909674
28.740332
28.548103
28.099569
27.609848
27.879885
28.262053
28.36274
28.765499
28.506908
28.900517
29.330738
29.268959
28.955446
29.200306
28.870771
29.124788
28.866199
28.447411
28.582432
29.005789
28.827293
29.07444
30.001251
29.898272
29.94404
29.852505
29.577894
29.516096
29.417702
30.660301
30.550482
31.063082
31.504736
32.163815
32.13176
32.069988
31.23472
32.266792
32.969341
33.289719
33.415577
33.896152
34.468266
34.255432
35.198261
35.225719
35.067829
34.484272
34.32637
33.80233
34.216537
34.633018
34.152451
34.49572
33.822918
33.722229
33.836651
33.021976
33.388111
33.767994
33.205032
34.559799
34.303493
33.767994
34.051769
34.317223
34.353836
34.930531
34.340103
34.816086
35.2509
34.330967
32.605484
32.344601
31.557381
32.111187
31.529909
32.102028
31.973873
32.175255
31.662655
33.159283
32.642097
33.580353
34.074638
34.623875
34.953407
35.16394
35.44313
35.768082
35.379047
35.333282
34.697094
33.86869
34.541485
34.500286
33.946499
34.32637
34.729137
35.209705
35.228016
34.990021
35.836735
35.740627
35.70401
36.088463
36.189159
36.500385
36.312729
37.131985
36.697166
37.768173
37.145714
37.832249
38.065678
38.500465
37.699524
38.01532
38.939842
38.628613
38.591995
38.024475
37.603397
37.70409
38.340275
38.363163
37.905472
37.694935
38.537079
38.248741
38.440971
38.591995
38.390617
38.083973
37.429478
36.779579
37.246391
37.177757
36.157104
35.942013
35.040367
34.990021
34.788631
34.692532
34.152451
35.882507
35.424816
35.607903
35.186817
35.191399
35.136478
34.578102
34.271454
35.237167
35.745197
36.280693
36.376812
36.271534
35.923698
35.575863
35.520943
35.502636
35.594173
35.511787
35.109016
35.928276
35.575863
35.859612
36.175423
36.463757
36.477489
36.660564
37.553055
38.079395
38.331116
38.788807
38.422653
36.88026
36.797882
37.072491
37.479832
37.058758
37.008423
36.559875
37.045025
37.182354
37.791046
38.166351
38.170929
38.765926
39.424988
39.406689
38.958153
38.440971
37.946671
37.850544
37.964977
37.873425
37.164024
37.035881
37.685776
38.68354
38.413509
39.722473
38.930687
39.942169
40.422745
38.85746
37.392864
38.354
40.331203
40.532585
41.03603
40.848389
40.468513
40.409012
40.523426
40.276283
40.413589
41.187077
41.063496
41.484753
41.773239
43.041576
43.169792
43.403316
43.224747
43.371265
43.238472
43.591045
42.519581
43.178951
42.35017
43.485737
43.72842
43.646004
43.44912
43.330051
43.911575
45.184505
44.886875
44.584667
44.461029
44.598412
44.232086
43.146889
43.815418
44.360298
44.19088
44.195469
43.481155
43.952778
43.815418
43.183529
43.069065
43.233898
42.780575
42.945427
42.689007
42.42345
41.452705
41.883118
41.182564
40.848293
42.391376
42.148701
40.999393
40.784184
41.699963
41.461872
41.631283
42.441746
42.730217
44.323677
44.593826
44.424397
45.019661
44.689991
44.245823
44.012299
45.454647
45.976654
45.559963
46.979431
46.933636
46.475742
46.361275
45.523338
47.345753
47.913517
47.776157
47.721214
46.704689
46.970264
46.201019
46.301746
44.836502
45.761436
46.484905
45.523338
46.649746
46.292591
46.704689
47.043526
47.043526
46.759651
47.547222
46.182705
47.199219
46.292591
46.091122
45.770596
44.973888
46.292591
45.779758
45.001354
45.157036
44.983025
45.175346
43.847469
43.124001
43.096531
41.768661
42.986626
43.939037
43.499474
42.986626
41.823586
43.252224
43.133167
42.876743
42.189907
42.519581
33.883793
35.257469
36.402191
36.466301
34.085274
33.819702
34.790424
35.413147
34.616421
36.04504
36.365555
36.273979
36.493767
37.51944
37.299656
36.915024
36.860077
36.51207
35.623775
34.781265
35.138412
35.175037
35.03767
35.220821
36.731876
37.153122
36.402191
36.191574
36.960819
37.345444
38.142162
36.493767
36.420502
35.861885
36.20071
35.92598
35.880196
35.715359
36.631142
36.860077
37.51944
38.105534
37.162292
36.054195
35.93515
36.567039
36.099972
35.632927
35.440624
35.587154
35.92598
36.667759
35.916824
35.257469
34.653049
34.653049
34.845375
36.548714
35.944294
35.724514
37.08902
37.785007
36.594494
30.449638
29.46059
28.837856
28.379974
29.753639
29.781113
30.586998
30.623623
31.182251
31.731724
32.391075
32.427711
32.59256
32.244553
32.629192
33.151165
33.508331
33.242748
33.334335
33.316017
34.488216
34.25927
34.497364
34.469894
34.799576
34.131054
33.691486
33.114552
33.004658
32.601696
33.425911
35.193356
36.228199
36.118298
36.466301
35.907677
35.16589
35.312412
35.687878
35.385666
35.092632
36.081669
35.944294
35.367363
35.605465
36.219028
35.797779
36.4846
37.006596
37.693436
36.924179
36.878384
36.466301
36.585346
36.832607
35.980927
36.374718
36.29229
36.4846
36.548714
36.93335
36.4846
36.219028
35.284943
37.904072
38.078056
37.281334
37.74839
36.823444
37.849121
37.125648
38.05975
37.785007
36.951656
35.779469
36.850933
37.364269
37.400928
37.987625
37.96928
37.831772
37.905117
37.675938
37.868446
38.005959
38.051785
37.950954
37.336758
37.868446
37.895943
38.748474
38.739307
38.904316
39.124317
38.849312
39.426815
39.582657
39.133476
39.050976
39.600979
39.683498
39.399307
39.88517
39.875999
39.665154
40.00433
40.068497
39.811829
39.582657
39.307644
38.610962
37.950954
38.070122
37.48344
37.584267
38.803474
38.821796
39.124317
38.748474
38.345119
38.40012
38.308456
38.665958
38.262623
37.675938
37.55677
37.6301
38.244289
38.647636
38.757637
38.977638
39.316814
39.921829
40.334351
39.353477
39.023468
39.417648
39.811829
40.00433
41.287697
41.810215
42.461056
42.011887
42.286892
42.222725
42.039387
40.591015
40.536018
41.113522
40.526852
39.830162
40.746857
40.600182
40.371017
40.095997
39.830162
39.234318
38.95015
39.115143
39.591827
40.215176
40.508507
41.764378
41.828548
41.434376
41.361027
40.994362
40.453503
39.830162
40.141827
40.508507
41.095192
40.902676
41.251038
41.535206
41.315193
40.691856
40.728516
40.902676
41.581043
41.645206
42.021046
41.278522
41.122688
41.086014
41.764378
41.251038
43.286072
43.13942
42.974407
43.771923
44.2486
44.111088
44.661121
45.834476
45.788647
45.990318
45.56863
45.82531
45.632805
46.100319
47.722851
48.181206
47.933697
48.016197
47.99786
47.576187
47.301186
48.052864
48.483715
48.639553
48.520382
48.832058
48.437866
48.016197
47.04451
47.117851
47.897022
47.933697
47.457016
47.15451
46.375317
46.045307
46.29282
46.393658
45.357792
45.256962
45.018623
44.459446
45.33947
45.926144
45.696972
45.284458
46.237839
45.852814
46.24699
46.824516
46.622833
46.265327
46.191986
47.420345
46.668674
45.843639
45.779472
46.751156
46.21032
45.531967
46.842834
46.512833
46.430325
45.696972
44.596966
45.082806
44.065269
44.890274
46.485325
45.201969
45.816139
45.431145
44.422771
43.038582
44.63361
44.404442
43.130241
43.212742
44.789444
44.954464
44.697781
44.63361
45.458641
45.293621
45.916977
45.834476
45.440308
46.29282
46.265327
46.668674
46.88866
46.347832
46.952847
46.054482
45.797813
45.962807
46.146152
46.751156
47.191174
47.484516
49.33622
48.694538
47.924522
47.979538
48.346207
48.85955
48.813721
49.501236
49.748741
49.977921
49.858753
49.033722
48.657883
49.345406
49.657078
50.326244
50.032932
48.70372
48.712879
48.667046
48.492874
49.262905
49.363716
48.447044
48.877884
48.960392
48.492874
51.325455
51.224621
50.610428
50.683765
51.490448
50.436264
49.849575
49.913757
50.051239
49.116226
50.069584
50.069584
49.464565
49.849857
50.381947
50.317719
50.381947
50.225983
50.611286
49.354485
49.666389
50.840622
50.932365
51.556168
51.08831
51.262611
51.877251
51.473618
52.583622
53.64777
54.0606
54.822002
53.134052
52.978085
53.161568
53.06982
52.381809
52.950569
52.611149
53.290009
53.71199
53.574394
53.95969
53.005619
53.088192
