Adjusted
19.847216
19.967743
19.662399
19.565975
19.485617
19.831142
19.847216
19.766855
20.409678
20.634676
20.369503
19.726681
19.927559
19.967743
20.281113
20.682878
20.731092
20.843586
20.473965
20.257006
20.530212
20.473965
20.088266
19.807034
19.445435
19.686506
19.284744
19.469551
19.340979
19.124035
19.075815
19.04368
19.284744
19.124035
19.25259
19.365093
19.582045
19.863281
20.208792
20.289156
20.265047
20.498072
20.843586
20.674845
21.068575
20.795376
20.289156
20.240944
20.289156
20.522177
20.674845
20.530212
20.248976
20.248976
20.112377
20.007914
20.224863
20.088266
19.863281
19.574011
20.088266
19.88739
19.839176
19.807034
19.365093
19.284744
19.493656
19.606153
20.080238
20.088266
19.582045
19.959705
19.88739
20.145247
20.088839
20.145247
19.863211
19.984085
19.822922
20.225824
20.274176
20.467569
20.652903
20.789886
20.58844
20.612617
20.564264
20.515917
20.507858
20.693201
20.572325
20.773777
20.427282
20.386993
20.386993
20.370869
20.507858
20.942997
21.112223
21.329788
21.257265
21.192797
21.007463
20.830181
20.951056
20.830181
20.830181
20.926874
20.951056
20.773777
20.523972
20.532032
20.58844
20.532032
20.499807
19.903509
19.581181
19.25886
19.839043
19.685938
19.661755
19.661755
19.959913
20.266117
20.185535
20.67708
20.669022
20.822119
20.910769
20.709307
20.274176
20.225824
20.386993
20.669022
20.830181
20.846342
20.846342
20.935232
20.999866
20.983706
20.886745
20.854424
21.331141
21.44426
21.597784
21.69474
21.371546
21.331141
21.306904
21.250345
21.274584
21.250345
21.411942
21.735147
21.69474
21.702822
21.484669
21.516983
21.355381
21.662422
21.49275
21.331141
21.104906
21.185707
21.007946
20.967541
21.411942
21.403872
21.411942
21.347305
21.371546
21.735147
21.937143
21.347305
20.68475
20.603945
20.878666
20.353468
20.474657
20.725143
20.725143
20.765545
21.331141
21.169546
21.411942
21.79978
21.597784
21.597784
21.452345
21.896744
22.906736
23.512743
23.577374
23.593542
23.391531
23.431942
23.464258
23.916746
23.876333
23.779148
23.69006
23.860136
23.908733
23.884434
23.884434
23.649563
24.297491
23.892538
24.192207
24.273195
24.054518
24.143616
24.33799
24.16791
24.540466
25.026421
25.10741
24.848236
24.70245
24.775343
24.98592
24.694353
24.459476
24.70245
24.459476
24.540466
24.524267
24.499975
24.742947
24.864437
24.378487
24.17601
24.783443
24.605259
24.459476
24.499975
24.281294
24.321789
24.791546
25.07501
24.710552
24.783443
25.390882
25.083107
25.350388
25.674349
25.601458
25.609554
26.346582
26.719137
26.840637
26.832539
27.196995
27.334682
27.375172
27.115997
26.808231
27.496664
27.723442
27.35898
27.124104
27.29418
27.650551
27.221292
27.496664
27.594055
28.056665
27.918684
28.381306
28.194633
27.943043
28.089127
28.129698
27.999857
27.845648
27.748253
27.715797
27.918684
27.642744
27.650866
27.577827
27.675211
27.545364
27.488541
27.04217
27.309999
27.683331
27.025948
27.69145
27.350574
27.139565
26.782455
26.733778
26.725647
27.358692
27.163919
27.366812
27.245071
27.220722
26.709427
26.693195
26.092609
26.782455
26.563332
27.107098
26.725647
26.733778
26.985363
27.155794
27.074636
26.855505
26.912317
27.082747
26.782455
27.391155
27.772604
27.780716
27.577827
27.553473
26.676952
26.985363
27.188263
27.04217
27.650866
27.650869
27.349876
27.414953
27.71594
27.968128
28.472488
28.553856
28.594524
29.074499
28.675875
28.407421
29.082626
28.911787
28.952471
29.123302
28.97686
29.041946
29.481236
29.066351
28.879251
28.667742
28.895529
29.123302
29.35108
28.936201
28.919928
29.359221
29.399887
28.993143
29.367357
29.456823
29.652086
29.782236
29.75783
30.001884
30.180843
30.213392
30.221529
30.327288
30.066965
29.904261
29.668348
29.709023
29.424292
29.115181
29.367357
29.814783
30.099508
30.913004
30.058823
30.628271
30.60387
31.100109
30.457439
29.871723
29.855446
30.302889
30.847919
30.97809
30.994352
31.03503
30.815386
30.790977
30.408634
30.555368
30.196671
30.90593
30.677668
30.571676
30.604292
30.645058
30.465698
30.433086
30.164051
29.79719
30.147755
30.40863
30.188513
30.522764
30.286343
30.563538
30.596136
30.734726
31.011906
30.392323
30.718428
30.221123
30.041784
30.123297
30.180367
30.70212
30.824409
30.938551
31.028217
31.329855
30.751036
30.734726
30.563538
30.473858
30.506449
30.001009
29.642303
29.634146
29.740128
29.927633
29.976553
30.033617
29.984705
30.351574
30.596136
30.71026
30.636909
30.539072
30.693974
31.142342
31.264633
31.280935
34.607136
34.117992
34.403336
34.126148
34.843563
35.096272
34.721283
34.884335
35.259342
34.900631
35.552834
35.707726
35.59359
35.772945
36.140484
35.911785
36.042461
36.34465
36.03429
35.960789
35.968964
35.487091
35.503422
35.723934
35.52792
35.52792
36.132305
35.74844
35.307415
34.613182
34.490673
33.796448
34.833694
34.890869
35.364555
35.291077
35.160393
35.552418
35.674923
35.51976
35.993465
36.483498
36.524326
36.148628
35.968964
36.009792
36.393658
36.246647
36.271137
35.372742
35.552418
36.246647
36.066971
35.83828
35.797443
36.026127
37.610607
37.14505
37.09605
37.504425
37.07972
36.262981
36.03429
36.393658
36.60601
37.161388
35.46257
36.058792
35.307415
36.12413
35.977131
36.819885
36.607162
36.369873
36.819885
36.828079
37.417187
37.106266
37.147182
37.163555
36.811714
36.443516
36.590786
36.868984
37.327179
36.934441
37.310822
37.433556
37.744484
37.801743
37.826305
37.95723
37.703568
37.384453
37.253548
38.047211
39.749123
39.781841
39.691849
40.362782
40.117306
40.297329
40.428242
40.70644
40.460964
40.010952
39.691849
39.127274
38.840897
39.282726
39.233639
39.560925
40.223686
39.994583
40.354599
40.477345
40.256416
40.09277
40.207321
39.683662
39.413643
40.117306
40.174591
39.86367
41.32011
40.82098
40.420055
40.084579
40.591888
40.910988
40.935535
41.516468
41.590118
40.624611
40.019123
39.585491
39.822762
40.019123
39.88821
40.158787
40.101387
39.322487
40.076794
40.322769
40.59333
40.101387
39.798035
39.609451
40.199772
39.773441
39.330673
38.781353
37.912251
38.81414
38.387794
38.576366
38.600979
37.567902
37.264526
37.789261
38.379593
38.412395
38.371403
39.10931
39.683239
39.65044
39.379864
39.675041
39.560246
39.625851
39.511051
39.429058
39.306084
39.010925
38.74855
38.764954
39.322487
39.732437
39.527458
39.912815
40.084999
40.462139
39.502853
39.789841
39.494663
39.158493
39.330673
39.880005
40.34737
41.044262
41.077072
40.995087
41.241055
41.290245
41.019665
41.159065
41.364029
41.69199
41.675606
41.757595
41.142662
41.126266
41.183784
41.307007
41.397358
41.569885
41.808136
42.268219
42.572186
42.95829
42.769337
42.695408
43.286911
43.270477
43.845554
43.861988
43.804474
43.508728
43.656609
43.771618
43.870209
43.303349
43.631958
43.434784
43.911289
44.157738
43.788052
43.87841
43.615536
44.239899
45.373631
44.979286
44.502785
44.543877
44.626022
44.560299
44.675312
44.601372
44.469936
44.231686
44.280983
44.018085
44.026306
44.14954
43.861988
43.820904
43.944153
43.549812
43.640171
43.262264
42.991158
45.077873
45.061436
44.954639
44.962845
45.858334
45.529716
45.595428
45.546146
45.472202
45.168247
45.447556
45.340763
45.242176
45.579006
45.332088
45.216881
44.937057
45.093426
45.587242
45.233341
45.109882
45.315643
45.290947
45.620171
45.365028
44.928829
45.801224
46.13866
46.163361
46.476101
46.130421
46.311508
45.899979
46.039909
45.760063
45.768299
46.031673
45.941135
45.735378
45.472012
45.9576
46.410252
46.089283
46.130421
45.850601
45.669544
46.541943
46.838242
46.788857
46.706547
46.747696
46.270344
46.196278
46.163361
46.163361
45.562546
45.546085
46.048134
45.891758
45.743607
46.385563
47.01931
47.002838
46.895836
46.706547
44.352711
43.974106
43.43092
44.426781
44.95351
44.969975
44.920593
44.731293
44.607849
44.772755
44.500664
44.484165
43.981182
44.07188
44.07188
44.030655
43.098927
43.816273
43.923462
44.096622
44.212044
44.434673
43.420502
43.296818
43.51944
43.296818
44.319248
44.649071
44.88818
44.319248
44.393448
44.401691
44.385216
43.84927
44.319248
44.22031
44.500664
46.339378
46.067272
46.99902
45.968357
46.034306
46.133244
46.050793
46.215698
46.908314
47.048485
47.526726
47.642162
48.037945
47.77409
48.318287
48.334778
48.046185
47.741108
47.436016
47.345314
47.996712
49.678776
49.167576
49.992119
49.917912
50.173504
49.398434
49.810719
49.522118
49.61282
49.794216
49.662289
49.596344
49.538616
49.398434
49.151089
48.490105
48.812332
48.729713
48.91148
49.118031
49.200642
49.481564
48.845383
48.547943
47.763046
48.713188
48.547943
48.052216
48.448807
48.523155
48.787544
48.787544
48.696659
48.077003
48.349663
47.82914
48.291828
48.341396
48.614037
48.382713
48.680134
49.068455
49.423729
48.457062
49.22543
48.894958
48.184425
48.448807
48.861904
49.002361
48.580997
43.747673
45.201809
45.656204
45.201809
44.929146
43.23542
43.747673
42.64883
42.070492
42.18615
41.905235
42.681873
42.153095
39.715782
40.236301
42.144833
41.508659
39.244843
40.773331
42.161366
41.153393
40.541996
41.673904
42.020905
42.615776
42.417488
42.86364
43.352238
43.915352
43.741447
42.722855
43.749741
42.507553
42.681454
43.004406
41.522064
40.776775
40.660843
40.387558
40.834743
40.826454
40.967247
41.033485
40.735367
43.302555
42.913326
42.813961
43.120358
42.656605
42.656605
43.269405
44.089268
44.304569
45.364571
45.695812
45.39769
45.33144
46.780666
46.018795
46.333485
45.728935
44.950504
46.383156
46.74754
46.515667
46.457687
46.755825
45.455658
46.648167
46.830349
47.269249
46.623325
48.486588
48.577694
48.453465
48.395512
51.34362
53.480175
54.217213
54.399387
52.734867
53.273151
52.544411
53.562984
55.028778
53.182045
54.962513
54.382828
54.58157
55.028778
54.920914
54.846241
54.174244
54.48951
55.816898
56.040909
54.282101
53.933662
54.033218
54.572464
54.738392
54.09959
54.713501
52.88834
54.406544
55.659267
54.63884
55.045361
55.73394
55.833488
56.239994
56.638218
57.857765
57.409767
55.982834
56.190228
