Adjusted
16.780064
16.649807
16.763073
16.440273
16.349659
16.519558
16.327005
16.29303
16.332674
16.174095
15.879613
16.055174
15.573801
15.064113
15.33595
15.030135
14.775289
15.166049
15.149061
14.197642
14.299579
14.152341
13.846532
13.886168
13.818213
13.659639
13.874849
13.73893
13.280209
13.421789
13.603009
13.704945
13.563366
13.495405
13.733263
13.619997
13.795557
13.608668
13.85219
13.857851
13.920143
13.767246
13.863519
13.789894
13.77857
13.704945
13.676627
13.433116
13.750255
13.818213
14.135345
14.169332
14.452491
14.724319
15.024474
14.152341
14.299579
14.158001
14.163709
14.186529
14.003987
14.061028
14.574413
14.505957
14.751245
14.620046
14.642862
14.545887
14.545887
14.734138
14.979424
14.916669
15.007936
15.093499
14.865332
15.070683
15.287451
13.735888
14.266383
14.317719
14.323432
14.254969
13.992579
14.260679
14.089552
14.220747
14.317719
14.260679
14.351949
14.574413
14.414694
14.51737
14.762653
14.848219
14.785473
14.774059
14.71132
15.15054
15.15054
15.412939
15.344496
15.230405
15.544144
15.715267
15.458573
15.515617
16.017595
15.743788
15.287451
15.743788
15.943442
15.92633
15.92633
16.542387
16.325621
16.382666
16.257174
16.274292
16.160206
16.131681
16.120272
16.223608
15.993971
15.615079
15.460071
15.488781
15.477295
15.586372
15.586372
15.500259
14.75395
14.908957
14.840062
14.524319
14.392275
14.294685
14.380799
14.225799
14.357834
15.276364
15.414147
15.385443
15.528965
15.488781
15.523223
15.230441
15.023767
14.954875
14.880248
14.89174
14.954875
15.24192
15.414147
15.47156
15.425631
15.328032
15.488781
15.574887
15.661
15.580631
15.460071
15.213223
15.356739
15.385443
15.385443
15.414147
15.500259
15.683965
16.103046
16.143238
16.005447
16.154716
16.131756
15.930822
16.103046
16.131756
15.925079
16.097311
16.074348
16.550835
16.487686
16.38435
16.556576
16.091568
16.355646
16.228548
16.19388
16.338324
16.794724
16.500076
16.349871
16.453857
16.459637
16.251652
16.205435
15.824126
16.055222
16.003225
15.962785
16.39609
16.066778
15.801024
15.933901
15.541042
15.928123
15.968559
16.089888
16.413418
16.632963
16.609844
16.86405
17.129807
17.164474
17.129807
17.33201
17.33201
17.418682
17.568884
17.771099
17.82309
17.724874
18.325716
17.863537
18.371937
18.221725
18.019522
17.909754
17.846189
17.96752
18.083073
18.366161
18.487482
18.296833
18.383495
18.302612
18.481709
18.551035
18.591475
18.863012
18.718576
18.412378
18.400829
18.291056
18.227499
18.256393
18.239052
18.325716
18.452826
18.458601
18.737484
18.789776
18.876925
18.563177
18.772343
18.371447
18.42374
18.638708
18.487644
18.400494
18.505079
18.743286
18.563177
18.632902
18.772343
18.638708
18.557371
18.58642
18.650326
18.946648
18.574799
18.290117
18.173904
18.627089
18.243626
18.406309
18.632902
18.772343
18.795588
18.743286
18.853683
19.24296
19.086086
19.672913
19.521839
19.231333
19.330107
19.027988
19.0919
19.184856
19.144188
19.550896
19.527655
19.550896
19.550896
19.382401
19.382401
19.417263
19.179047
19.022181
18.772343
18.88273
18.737484
18.766531
18.795588
18.766531
18.691004
18.795588
18.621277
18.417934
18.679382
18.301731
18.740971
19.022081
19.074795
19.490602
19.309057
19.54917
19.332479
19.227066
19.250483
19.584311
19.490602
19.484743
19.191917
19.437895
19.191917
18.975227
19.051367
19.326626
18.975227
18.799534
19.22121
19.045507
18.945946
18.875666
18.881521
18.770252
18.711687
18.594559
18.172886
18.254873
18.225588
18.430571
18.190449
18.096745
17.903479
17.909334
17.973766
18.126032
17.979612
17.868341
18.401287
18.389574
18.565271
18.653124
18.729254
18.571123
18.512562
18.63555
18.682398
18.840536
18.354437
18.377859
18.331009
18.418854
18.313442
18.477421
18.389574
18.448147
18.483278
18.383722
18.336866
18.331009
18.466797
18.01811
17.976788
17.953178
17.905939
18.195223
18.35462
18.207031
18.106668
18.012209
18.136181
17.970886
17.829191
17.740639
17.557619
17.657986
17.799675
17.368704
17.120752
17.593042
17.888231
18.295586
18.212936
18.283777
18.443178
18.319201
18.307396
18.271975
18.142094
18.301495
18.484507
18.549442
18.51993
18.472706
18.590773
18.602581
18.643898
18.643898
18.691132
18.561255
18.602581
18.685236
18.673418
18.726561
18.708849
18.809212
18.844631
18.891859
18.862339
18.891859
18.874149
18.962706
19.033546
19.033546
18.939093
18.921381
19.009937
19.133915
19.074884
19.204758
19.352346
19.257889
19.547173
19.334639
19.507172
19.453623
19.709442
20.078279
20.167513
19.983097
20.203207
20.11397
20.000938
20.060429
19.965242
19.63209
18.144815
16.098318
17.145365
16.83601
17.520159
17.793821
17.805712
17.609394
17.847357
16.883602
16.800318
16.717033
16.657537
16.693222
17.014486
17.133459
16.865751
16.966892
16.990686
17.204859
17.424971
17.52611
17.775969
17.770027
17.829512
17.817614
17.752169
17.740276
17.817614
18.210255
18.222151
18.037729
18.234055
18.24
18.263798
18.358984
18.394674
18.317343
18.299488
18.44227
18.727829
18.739725
18.626694
18.537458
18.531507
18.709986
18.787313
19.08478
19.043133
19.001486
18.995543
19.221607
19.389477
19.431452
19.485405
19.593321
19.173639
19.071711
19.149664
18.97579
19.053734
18.903845
18.879862
18.819906
18.777939
19.041739
18.837891
18.753958
18.586082
18.586082
18.322277
17.79467
17.692753
17.626795
17.77669
17.98653
18.106443
17.956551
17.956551
17.902594
17.8906
17.770697
17.98653
18.370239
18.016508
17.96855
17.710733
17.668764
17.608816
17.279062
17.578833
17.824648
17.956551
17.902594
17.974537
18.052483
18.082457
18.274313
18.166395
18.172392
17.96855
17.98653
17.932573
18.070467
17.896591
17.848631
17.770697
17.566847
17.386984
17.207119
17.177135
17.237091
17.261082
17.472975
17.690931
17.436649
17.40032
17.370052
17.224749
17.327673
17.30345
17.194473
17.103664
17.12788
16.855429
16.867535
16.716175
16.770674
16.806993
16.661692
16.891752
16.952301
17.073381
16.988626
16.552706
16.794884
16.855429
16.891752
16.964407
17.146036
16.994677
16.946247
16.861485
16.649576
16.722227
16.419512
16.383183
16.443731
16.407398
16.78883
16.90992
16.867535
16.691959
16.637472
16.607199
16.704069
16.794884
16.722227
16.891752
16.619307
16.643524
16.643524
16.455843
16.30448
16.340807
16.443731
16.407398
16.649576
16.528488
16.831211
16.90992
16.613255
16.528488
16.570873
16.231825
16.044146
16.249985
16.317289
16.354006
16.598726
16.647673
16.782272
16.776157
16.837336
16.831223
16.922993
16.825102
16.641556
16.610966
16.531425
16.610966
16.678268
16.641556
16.672146
16.68438
16.451885
16.274464
16.721096
16.929113
17.063709
16.94747
16.800636
16.837336
16.574265
16.543661
16.421303
16.415186
16.396822
16.488602
16.51919
16.47636
16.592611
16.721096
16.56814
16.818987
16.739445
16.721096
16.843456
16.843456
16.763924
17.137136
17.026999
17.473637
17.748955
17.687771
17.92638
17.828491
17.528704
17.742832
17.718353
17.553173
17.381863
17.46751
17.614347
17.68165
17.92638
17.963085
18.116049
18.122166
18.18335
18.079338
17.758142
18.215221
17.795206
17.887856
17.955797
17.974333
17.986683
17.943449
17.924917
17.875505
17.5296
17.603724
17.844624
17.918745
17.887856
18.153458
18.196697
18.209049
18.314058
18.400526
17.968155
17.912558
18.171991
18.171991
18.147276
18.338758
18.11639
18.147276
18.209049
18.159637
18.221405
18.215221
18.449942
18.684654
18.635244
18.548769
18.635244
18.789669
18.789669
18.795834
19.110853
19.04291
18.851431
18.96261
18.808199
18.96261
18.950254
18.802015
18.814365
18.764957
18.734072
18.907021
18.869961
19.04291
19.277626
19.209681
19.271452
19.228216
19.327042
19.283806
19.283806
19.623526
19.407337
19.288921
19.288921
19.2453
19.531981
19.793736
19.394876
19.326315
19.538216
19.432266
19.494587
19.482132
19.463428
19.282694
19.052097
19.158043
18.634535
18.696856
18.565981
18.647001
18.40394
18.497423
18.135948
18.173346
18.354078
17.624907
17.69969
17.724621
17.680996
17.743319
17.805634
18.011305
17.855497
18.073626
18.266829
18.509895
18.509895
18.534817
18.8402
18.484961
18.509895
18.534817
18.379013
18.435101
18.310452
18.223204
18.104794
18.117256
18.023773
17.880428
18.067398
18.042469
18.079861
18.042469
18.073626
18.111023
18.092327
17.986378
17.91782
17.924055
17.911589
17.724621
17.437941
17.475727
17.677332
17.519838
17.589132
17.765528
17.582834
17.488333
17.387537
17.330845
17.141846
17.330845
17.324539
17.324539
17.601728
17.437941
17.482031
16.763855
16.581158
16.776449
17.141846
17.255239
17.286739
17.028446
17.066242
16.996944
17.122944
16.940248
17.022148
17.078838
17.078838
17.066242
17.160742
17.204844
17.028446
17.072544
16.97805
17.041044
16.97805
16.927652
16.92135
16.971746
16.97805
16.650455
16.744951
16.757559
16.707159
16.694557
16.688248
16.663052
16.637854
16.852053
16.700851
16.568554
16.461464
16.511858
16.417356
16.272465
16.303967
16.37326
16.228367
16.234669
16.209467
16.05197
16.032848
16.109348
16.153975
16.153975
15.930849
16.0201
16.039221
15.988223
15.975471
16.109348
15.911726
15.656729
15.777857
15.771476
15.924479
15.739609
15.777857
15.867099
16.045593
17.65844
17.56282
17.435322
17.320574
17.358824
17.314201
17.435322
17.403452
17.397074
17.167576
17.148455
17.218578
17.186708
17.052828
17.269575
17.295076
17.314201
17.295076
17.052828
17.148455
17.046453
17.09745
17.020954
17.027332
17.033707
17.180332
17.084703
17.065578
17.01458
16.893457
16.925337
16.969955
16.982712
17.148455
17.167576
17.186708
17.269575
17.212202
17.218578
17.295076
17.148455
17.033707
17.142075
17.186708
17.393
17.393
17.19315
17.173809
17.21249
17.393
17.425226
17.444571
17.547712
17.586391
17.457466
17.463907
17.463907
17.547712
17.48325
17.405888
17.418783
17.115789
17.3801
17.283396
17.953854
17.837814
17.889385
17.921616
17.953854
17.889385
17.953854
18.044104
18.173038
18.205271
18.308414
18.160139
18.173038
18.256842
18.289076
18.553387
18.611408
18.617849
18.785465
18.824144
18.98531
19.165815
18.598509
18.714552
18.920845
18.882166
18.798365
19.120686
19.320536
19.404339
19.410795
19.410795
19.378555
19.449465
19.410795
19.423687
19.462362
19.281855
19.314089
19.29475
19.236731
19.346321
19.372112
19.586992
19.541405
19.241879
19.287462
19.209314
18.955366
18.610247
18.616762
18.642805
18.753498
18.773039
18.812109
18.701414
18.616762
18.760014
18.675367
18.760014
18.799086
18.753498
18.786058
18.818613
18.994436
18.66885
18.733965
18.590712
18.792568
18.864197
19.059551
19.098616
19.092106
18.74048
18.82513
18.968384
18.857687
19.026991
19.040018
18.916296
18.922804
18.746994
18.955366
18.466991
18.642805
18.349783
18.466991
18.369314
18.525597
18.356295
18.356295
18.473501
18.382338
18.076294
18.154434
18.232574
18.160944
18.089321
18.206522
18.33025
18.434433
18.610247
18.642805
18.538616
18.578119
18.742702
18.650528
18.564953
18.584702
18.505703
18.578119
18.558369
18.650528
18.604452
18.690035
18.736115
19.210117
19.203537
19.249615
19.17062
19.354946
19.249615
19.085037
18.426699
18.295034
18.439869
18.40695
18.564953
18.65712
18.880951
18.999449
18.867788
18.828283
18.815117
18.821705
18.801956
18.907284
18.8612
18.867788
18.848034
18.841452
19.131117
19.177197
19.210117
19.104784
19.144281
19.223284
19.28912
19.354946
19.28912
19.407616
19.117952
19.085037
18.755869
18.979708
18.940201
18.834864
19.012621
19.131117
19.223284
19.216696
19.269371
19.085037
19.177197
18.927038
18.894114
18.762445
18.769108
18.855629
18.556122
18.769108
18.749142
18.762445
18.835663
18.576088
18.283234
18.303207
18.635992
18.655962
18.589405
18.50288
18.243305
18.236652
18.090223
18.090223
17.804031
18.635992
18.416351
18.150129
18.176748
18.356449
18.769108
19.00206
18.868944
19.467955
19.714218
20.459654
20.685951
19.474611
19.601074
19.095238
19.408052
19.467955
19.760809
20.120216
20.326546
20.486282
20.180119
20.066973
20.13353
19.640999
19.674282
19.647665
19.654318
20.120216
19.814058
19.88061
19.747498
19.680941
19.680941
19.734184
19.800747
19.927204
19.680941
19.814058
19.72753
19.467955
19.541166
19.554483
19.414713
19.670341
19.932707
19.488708
19.34071
19.481979
19.50889
19.589619
19.650162
19.44162
19.434891
19.414713
19.414713
19.609802
19.44162
19.273434
19.159073
18.795813
18.466177
18.567085
18.18363
17.470549
17.235094
17.786728
17.625273
17.94145
17.901087
17.914541
17.780008
17.66564
17.94145
17.591642
16.622923
17.477274
17.901087
18.203814
17.975088
17.679096
17.806904
17.544544
17.584913
17.477274
17.638727
17.18128
17.457092
17.510916
17.504185
17.679096
17.73291
17.793457
17.934725
18.055815
18.022181
17.95491
17.362911
17.356188
17.410002
17.410002
17.013094
17.167826
17.013094
16.844921
17.066917
17.376366
17.127462
16.66437
16.521358
