Adjusted
1.88
1.9
1.86
1.74
1.66
1.78
1.77
1.77
1.81
1.76
1.7
1.54
1.49
1.48
1.5
1.4
1.31
1.36
1.43
1.39
1.33
1.31
1.23
1.26
1.27
1.42
1.35
1.27
1.23
1.23
1.33
1.43
1.44
1.38
1.46
1.4
1.54
1.6
1.58
1.53
1.5
1.4
1.4
1.33
1.36
1.32
1.33
1.32
1.39
1.36
1.48
1.55
1.5
1.5
1.45
1.36
1.41
1.36
1.45
1.49
1.41
1.41
1.5
1.45
1.43
1.49
1.49
1.45
1.41
1.4
1.42
1.4
1.4
1.45
1.66
2.02
2.74
2.17
2.3
2.45
2.42
2.42
2.39
2.56
3.26
3.27
3.5
3.48
3.32
3.49
3.66
3.83
3.71
3.37
3
3.33
3.4
3.64
3.64
3.75
3.67
3.65
3.66
3.69
3.6
3.9
4.47
4.42
4.14
4.56
5.03
5.12
5.1
4.83
5.27
5.52
5.75
5.58
5.04
4.73
4.77
4.91
4.94
4.78
4.47
4.79
4.71
5.05
5.29
5.3
5.28
5.27
5.64
5.59
5.44
5.05
5.16
4.92
4.95
4.72
4.95
4.99
5.24
5.13
5.1
4.58
3.97
3.88
3.41
3.25
3.75
3.7
3.9
3.91
4
4.13
3.99
3.95
4.06
4.07
4.24
4.01
3.94
4.1
4.09
4.12
4.16
4.47
4.89
4.88
4.65
4.71
4.51
4.32
4.59
4.65
4.54
4.79
5.14
5.1
5.12
5.12
5.22
5.05
4.71
4.6
4.49
4.29
4.27
4.47
4.63
4.6
4.7
5.2
5.18
5.07
5.49
5.75
5.62
5.79
5.45
5.79
6.35
5.88
5.9
5.76
5.87
5.99
5.96
8
7.9
9.31
9.42
9.1
9.08
10.3
11.04
10.44
11.01
11.2
10.97
11.37
11.04
11.2
11.24
11.37
12.83
13.11
13.03
13.4
13.6
13.79
13.29
11.71
11.5
10.98
10.35
10.54
11.37
11.42
11.16
10.82
10.95
11.35
11.2
10.97
11.14
10.92
10.95
11.27
11.08
10.76
10.78
11.01
11.98
12.69
13
13.23
13.88
13.53
14.33
14.59
14.68
14.67
14.45
13.5
14.04
14.01
13.6
12.92
12.85
12.95
12.7
12.39
11.45
14.5
15.05
15.22
15.08
15.17
16.200001
15.35
16.01
16.09
15.24
15.07
14.39
14.1
15.2
15.32
15.08
16.040001
15.51
15.39
15.89
15.74
15.9
15.45
14.81
14.96
15.26
14.73
14.37
15.22
15.02
15
14.11
12.68
12.3
13.3
13.41
13.6
13.54
13.14
13.25
14.65
14.4
13.99
14.06
15.26
15.16
14.53
14.69
14.24
14.01
14
13.5
13.93
14.44
14.11
13.96
13.31
12.99
12.89
11.84
12.28
12.79
12.91
12.48
12.4
11.87
12.18
12.83
12.96
12.71
12.52
13.05
13.62
13.49
13.6
14.08
15.14
14.85
14.86
14.86
15.76
15.75
15.56
15.56
16.35
16.309999
15.71
15.38
14.91
15.69
15.48
15.41
15.32
15.07
15.38
16.27
16.02
17.450001
17.6
17.75
17.950001
17.68
17.280001
16.379999
16.690001
15.24
15.71
15.35
14.85
14.64
14.54
14.64
13.97
15.17
13.99
14.55
13.93
13.75
14.54
14.04
14.79
14.93
14.67
14.01
13.75
12.96
12.63
12.44
12.78
12.82
12.59
12.52
12.72
13.1
13.71
14.26
14.23
13.88
13.9
14.38
13.94
14.13
13.64
13.45
13.3
13.52
13.17
13.47
13.41
13.55
14.21
14.26
15.35
14.7
14.9
14.93
14.61
14.68
14.5
14.47
14.19
13.59
13.91
14.02
14.05
14.5
15.24
15.14
15.72
15.44
15.13
15.28
15.34
15.44
15.47
14.98
15.44
15.12
14.88
15.3
15
14.89
15.01
16.42
14.57
13.85
13.99
14
13.97
13.73
13.49
12.91
12.6
12.7
13.19
13.23
13.54
13.14
13.05
13.45
12.8
12.62
12.9
13.35
13.3
12.75
12.95
13.03
13.03
13.11
13.37
13.28
12.58
12.5
12.73
12.45
11.95
12.69
12.38
12.01
12.05
12.3
12.37
12.45
12.93
12.93
13.24
13.21
13.03
12.82
12.2
12
11.94
12.15
12.13
11.67
12.08
12.26
12.54
12.86
12.25
12.31
12.2
12.12
12.26
12.77
12.66
12.69
13.1
13.08
12.99
12.76
12.08
11.89
11.75
11.47
11.23
11.4
11.42
11.38
10.98
10.76
12.21
12.04
11.56
11.27
11.09
11.01
10.97
11
11.05
11.4
11.48
11.38
11.13
10.95
11
10.9
10.79
11.47
12.14
12.09
12.06
12.35
12.55
12.35
12.45
12.13
12.7
12.73
12.51
12.84
12.7
12.42
12.4
12.41
12.51
12.92
12.9
12.68
12.29
12.5
12.32
12.47
12.75
12.5
12.91
12.57
12.42
12.21
11.81
11.57
11.52
11.67
11.54
11.49
11.56
11.43
11.45
11.53
11.74
11.45
11.39
11.99
12.36
12.3
12.57
12.85
12.76
13.79
13.79
14.04
14.06
13.91
13.74
13.95
14.14
13.89
13.88
13.97
14.05
14.06
14.22
14.65
14.18
14.07
13.99
14.03
13.7
13.59
13.2
13.61
13.38
13.13
13.16
13.21
13.76
13.81
13.97
14.32
14.32
14.33
14.69
14.54
14.5
14.89
14.84
14.46
14.57
14.46
14.48
15
15.19
15.27
15.38
15.35
15.21
15.06
15.12
15.27
15.04
14.49
14.6
14.49
14.48
14.34
14.55
14.88
14.85
15.03
14.69
14.14
13.84
13.74
13.87
13.98
13.84
13.91
13.87
13.96
13.94
13.56
13.65
13.63
13.64
13.55
13.73
13.91
13.84
13.92
13.54
13.95
13.94
14.22
14.3
14.63
15.16
15.95
16.67
16.49
16.02
16
16.049999
16.07
15.92
15.52
15.89
16.1
16.950001
16.6
17.1
17.360001
17.25
17.299999
16.969999
16.889999
16.629999
16.84
17.34
16.700001
16.450001
16.59
16.690001
16.690001
16.42
16.68
16.93
17.02
17.360001
16.959999
16.959999
16.99
16.99
17.049999
19.209999
19.68
20.5
19.75
19.76
19.959999
21.049999
20.879999
21.01
21.559999
21.66
21.85
21.790001
21.17
20.27
20.719999
20.59
20.540001
19.48
19.66
20.049999
20.43
20.1
20.27
20.299999
20
19.93
20.799999
21.32
21.6
22.469999
22.129999
23.01
22.92
22.93
22.799999
22.58
22.91
23.68
22.709999
22.540001
22.969999
22.4
22.379999
22.389999
22.290001
21.879999
21.84
21.49
21.83
21.950001
22.120001
22
26.01
25.540001
24.93
25.1
25.77
26.67
26.719999
26.700001
27.309999
27.059999
27.08
26.389999
26.5
27.01
26.09
26.110001
26.049999
25.23
25.18
25.290001
25.530001
25.370001
26.26
27.32
27.190001
28.42
28.99
29.08
28.74
28.68
28.59
29.219999
28.959999
31.42
30.77
32.889999
33.189999
31.93
31.780001
31.790001
30.889999
30.030001
31.209999
30.98
31.059999
30.91
32.549999
33.419998
33.009998
33.84
34.02
34
33.34
34.150002
33.689999
35.18
34.450001
34.619999
33.93
35.189999
36.02
36.389999
35.959999
34.84
34.389999
32.459999
32.549999
32.029999
32.560001
34.139999
31.5
31.15
29.52
32.32
31.67
30.700001
31.290001
32.099998
31.34
30.26
30.440001
30.1
29.719999
30
28.5
27.51
28.610001
31.76
30.889999
30.129999
31.35
33.529999
33.25
34.52
35.27
33.77
33.459999
35.849998
36.189999
36.68
35.389999
35.41
35.25
33.02
33.16
31.35
31.26
32.540001
32.389999
32.919998
32.950001
31.299999
29.5
31.299999
31.98
30
36.830002
36.59
39.630001
38.41
38.66
40.290001
39.419998
38.959999
38.27
38.48
38.98
37.400002
37.209999
39.91
39.77
39.529999
39.98
38.73
38.650002
38.189999
38.240002
37.869999
38.939999
39.02
38.830002
39.200001
40.630001
41
39.419998
39.41
41.150002
43.389999
43.299999
44.200001
45.880001
47.18
46.439999
45.470001
46.169998
46.16
46.189999
48.990002
49.34
48.25
50.07
49.990002
49.830002
51.150002
51.970001
52.34
51.369999
50.060001
49.950001
50.48
50.169998
50.700001
50.669998
49
46.130001
46.290001
46.189999
47.349998
49.599998
49
49.830002
46.450001
45.810001
46.860001
46.470001
46.650002
45.970001
48.049999
49.830002
50.639999
48.02
50.07
49.549999
49.900002
48.099998
49.200001
49.25
50.369999
50.650002
51.009998
50.450001
47.619999
47.82
48.599998
48.869999
47.709999
49.150002
49.400002
49.709999
53.380001
53.779999
54.380001
54.400002
54.970001
55.900002
56.389999
55.09
56.029999
55.099998
54.139999
53.41
53
54.52
53.59
53.119999
52.07
53.299999
53.189999
53.009998
52.669998
53.790001
54.59
54.639999
55.16
54.810001
52.84
54.099998
52.669998
52.66
54.450001
53.66
54.290001
55.139999
55.869999
56.18
55.509998
55.549999
58.18
55.150002
56.950001
59.150002
56.16
55.099998
55.540001
56.599998
56.389999
55.990002
56.959999
57.310001
57.07
56.400002
55.48
51.369999
51.57
50.130001
47.779999
47.82
48.209999
48.099998
50.080002
50.41
52.580002
51.5
51.849998
51.43
51.080002
52.049999
51.889999
53.029999
52.450001
51.369999
51.439999
50.959999
49.41
50.099998
49.919998
49.52
50.990002
51.169998
50.970001
51.66
52.099998
52.580002
53.290001
53
54.259998
53.580002
53.59
53.650002
52.900002
54.720001
54.59
48.970001
46.549999
44.799999
44.080002
43.16
44.610001
44.369999
46.080002
44.560001
44.330002
44.349998
44.189999
45.700001
44.27
42.299999
42.869999
43.209999
44.470001
45.209999
44.66
43.59
42.52
43.139999
41.959999
42.610001
44.209999
43.619999
43.830002
44.049999
43.700001
42.23
45.599998
46.52
45.59
46.959999
48.049999
48.849998
47.810001
46.900002
46.82
48.16
47.48
47.830002
47.599998
48.240002
49.200001
48.639999
48.200001
48.09
48.150002
47.540001
47.529999
49.450001
50.32
50.970001
50.299999
48.919998
49.139999
49.48
50.02
49.16
48.700001
46.25
47.18
38.27
36.709999
36.110001
33.959999
33.66
34.810001
32.900002
33.09
33.77
34.490002
34.48
34.18
33.830002
32.349998
31.75
28.700001
30.51
31.18
31.02
31.889999
30.83
32.860001
32.610001
31.5
32.470001
32.919998
32.220001
32.09
31.91
31.59
30.26
29.49
30.17
30.08
30.280001
31.32
30.620001
31.98
32.259998
30.370001
30.16
29.66
30.139999
29.790001
28.280001
28.73
28.75
30.969999
31.07
30.01
31.290001
33.919998
35.619999
37.130001
35.360001
36.740002
35.099998
33.299999
33.700001
34.380001
33.080002
32.779999
34.400002
32.970001
37.130001
37.810001
39.23
39.740002
39.189999
38.02
38.619999
38.740002
39.700001
37.970001
36.950001
36.549999
35.540001
37.02
37.73
36.369999
36.150002
35.810001
36.189999
35.880001
36.349998
35.630001
36.639999
37.919998
37.689999
38.060001
37.169998
36.700001
38.209999
39.220001
39.009998
38.509998
37.099998
34.939999
35.540001
35.369999
33.799999
33.450001
34.740002
35.900002
35.950001
36.450001
36.799999
35.459999
35.349998
