Adjusted
11.361206
11.472436
11.758451
11.619416
11.400935
11.698866
11.551886
11.698866
11.520104
11.142721
11.603528
11.460521
11.281756
11.154642
11.214228
11.051356
10.495216
10.391929
10.542882
10.260838
10.427684
10.654111
10.550824
10.193306
10.292619
10.25289
10.280698
9.982768
9.911263
10.002626
9.950986
9.923182
9.851675
9.613331
9.847702
9.533877
9.605385
9.45046
9.434571
9.728532
9.577579
9.247865
9.180332
9.156495
9.081022
8.973763
8.938013
8.906034
9.297771
9.153869
9.441676
9.737481
9.741475
9.705495
10.217158
9.833414
9.593573
9.737481
9.601571
9.665527
9.733477
9.721492
9.953335
9.865391
9.693505
9.917355
9.813426
9.653533
9.717489
9.609565
9.825416
9.857401
9.877381
9.845402
9.833414
10.041272
10.029283
10.337075
10.257131
10.572918
10.580912
10.79277
10.448999
10.64487
10.712826
10.672853
10.584909
10.373051
10.572918
10.772785
10.61689
10.472984
10.401034
10.381043
10.301101
10.357063
10.237144
10.321085
10.341074
10.504964
10.544935
10.456992
10.700831
10.78877
10.844735
11.032611
11.004629
10.880711
10.664858
10.780776
10.79685
10.921414
10.905341
11.270997
11.44378
11.367433
11.234833
11.307163
11.150451
11.303144
11.170538
11.391539
11.323234
11.238851
11.399579
11.48396
11.379488
11.608521
11.696924
11.576381
11.411635
11.467894
11.447796
11.419671
11.351357
11.254926
11.451818
11.295108
11.500037
11.150451
11.005795
11.058032
11.029906
10.929448
11.009813
10.965612
10.824981
10.833014
10.680326
10.808906
10.599959
10.69238
10.772743
10.893288
10.79685
10.901323
11.02187
11.001778
11.214741
11.254926
11.250905
11.230813
11.102231
11.170538
11.226796
11.283051
11.230813
11.411635
11.536198
11.552268
11.355378
11.487979
11.604502
11.34734
11.415991
11.448297
11.367535
11.504829
11.367535
11.456371
11.415991
11.424067
11.456371
11.367535
11.173701
11.096972
11.230232
11.084857
11.496753
11.504829
11.609825
11.589636
11.617901
11.41195
11.428107
11.403878
11.460411
11.424067
11.436183
11.476564
11.516947
11.395799
11.238311
10.777956
10.644699
10.438745
10.527587
10.765842
10.693151
10.943523
10.83045
11.000056
10.923332
10.983906
11.121202
11.12524
10.923332
10.826411
11.105048
11.117164
11.04044
10.975828
10.814301
10.943523
10.773918
10.858719
11.226195
11.266576
11.436183
11.428107
11.569441
11.508869
11.323113
11.448297
11.290812
11.852118
11.710782
11.722897
12.004957
12.163238
12.057718
12.126712
12.025252
12.155122
12.187593
12.228172
12.313402
12.297168
12.353988
12.345874
12.317461
12.163238
12.276878
12.358045
12.353988
12.374279
12.366162
12.094246
12.248465
12.313402
12.443274
12.366162
12.260643
12.305285
12.422981
12.297168
12.337753
12.301226
12.297168
12.289054
12.171357
12.009014
11.931907
11.802036
11.696511
11.672164
11.806094
11.822325
11.728981
11.810149
11.741158
11.664047
11.78986
11.530112
11.343429
11.213556
11.144563
11.262259
11.221673
11.241965
11.46518
11.684341
11.78986
11.737101
11.846677
11.895379
11.78986
11.676224
11.489532
11.46924
11.692453
11.421205
11.449755
11.657783
11.580282
11.457911
11.188696
11.298834
11.205014
11.600679
11.466068
11.694494
11.914761
11.8291
12.102396
12.135028
12.114634
11.926997
11.890285
11.808704
12.090159
11.861732
11.714892
11.849493
12.012656
12.033051
11.83318
11.714892
12.196214
12.114634
12.298189
12.473582
12.179896
12.053448
11.931076
11.992264
11.873973
11.792393
11.665944
11.360017
11.319228
11.478306
11.55581
11.482386
11.270282
11.156069
11.196859
11.188696
11.31515
11.34778
11.3437
11.690413
11.686336
11.747524
11.739363
11.898443
11.820946
11.727127
11.812784
12.082003
12.057525
11.780154
11.869895
11.785855
11.966232
12.072811
12.146601
12.376169
12.240891
12.343377
12.441764
12.478656
12.708222
12.851705
12.8968
12.97469
12.80251
12.814809
12.593443
12.708222
12.507353
12.61804
12.597537
12.671329
12.663129
12.679527
12.605738
12.503255
12.605738
12.298284
12.712324
12.552447
12.515553
12.597537
12.556547
12.806611
12.626237
12.864001
12.9009
13.015683
12.568846
12.445863
12.700027
13.073075
13.015683
12.794312
12.728721
13.077174
13.007481
13.228851
13.003383
13.179658
13.007481
13.183761
13.372328
13.417424
13.421527
13.528111
13.634695
13.82327
14.044637
14.061033
14.335701
13.958547
14.114327
14.015941
13.997412
13.840974
13.923312
14.215614
14.182677
14.120921
14.219732
14.162092
14.083868
14.0427
13.717468
14.067402
14.129161
14.446155
14.549076
14.557314
14.409101
14.816681
14.248544
14.063287
14.236194
14.162092
13.65983
13.791574
13.853326
13.890376
13.997412
14.022114
14.20326
14.092107
14.306189
14.450272
14.684932
14.726104
14.759043
14.907248
14.787861
15.273655
15.697689
15.520664
15.154257
15.479496
15.681229
15.994104
16.138193
16.092909
15.763564
15.985875
15.829428
15.763564
16.092909
15.920004
16.245232
16.142315
16.199955
16.401684
16.599287
16.376976
16.323456
16.269938
16.035273
16.121731
16.125853
16.121731
16.241583
16.45648
16.563934
16.547394
16.452351
16.353163
16.179596
16.543264
16.448208
16.241583
16.40276
16.328365
16.13826
15.997748
15.724988
15.084414
14.720738
15.005898
15.059622
14.948038
14.795125
14.778603
14.588492
14.080168
14.228942
14.084301
14.05537
14.109097
14.05537
14.104968
14.133896
14.142158
14.121488
14.509966
14.629818
14.695945
14.530629
14.729003
14.894313
15.092679
14.939769
14.939769
14.873648
14.877784
14.724872
14.836459
14.514104
14.481042
14.150424
14.398384
15.365441
15.836566
15.704325
15.865499
15.774584
15.795243
16.0804
15.935757
15.972956
15.638195
15.588613
15.414339
15.630097
15.476579
15.256672
15.572014
15.725532
15.468284
15.045061
15.06996
15.177844
15.049215
14.671633
15.107298
15.086554
14.928884
15.003567
15.111445
15.02017
15.053365
14.758764
14.667482
14.733867
14.306498
14.240114
13.46836
13.613583
13.821047
13.472508
13.874981
13.551341
14.00361
14.829305
14.812699
14.767064
15.190284
15.310611
15.360404
15.725532
15.476579
15.551264
15.609355
15.227622
15.484882
15.310611
15.040918
15.435089
15.55957
16.053324
15.767022
15.737978
15.970335
15.962036
15.820967
15.982789
15.995238
15.783624
16.020128
15.671589
15.43924
15.389445
15.360404
15.099001
15.007715
14.879094
14.945755
14.99992
14.99992
15.020758
15.04159
14.924925
14.795758
14.833257
14.458266
14.583258
14.699924
15.183255
15.249923
15.195755
15.279096
14.916595
14.687428
14.866591
15.291594
15.499924
15.54576
15.541592
15.304093
15.341591
15.483256
15.97909
15.416589
15.42075
15.524925
15.666589
15.749924
15.883251
15.983251
15.874916
15.683258
15.820755
15.816592
15.633256
15.533256
15.570755
15.583254
15.52076
15.562418
15.54576
15.387424
15.187425
15.07909
15.029094
14.983259
15.179087
14.708259
14.524931
14.787429
14.770761
14.966586
14.937428
15.129095
14.954092
14.904096
15.037425
14.995757
15.008258
15.054094
14.908257
14.954298
15.050565
15.071488
15.088232
15.079858
14.502276
15.050565
15.067295
15.402132
15.2975
15.30587
15.155194
15.30587
15.778811
15.862524
15.728589
15.25146
15.318424
15.272389
15.393761
15.590472
15.075676
15.121709
15.213792
15.289126
14.862223
14.828734
14.858035
14.878962
14.996158
14.552505
14.48554
14.029332
14.313938
14.686431
14.765956
14.908257
15.042189
14.987787
15.029641
15.205418
15.2389
15.385391
15.561175
15.544432
15.427247
15.456542
15.569549
15.632326
15.644885
15.649073
15.590472
15.68255
15.527696
15.561175
15.402132
15.640698
15.824858
15.732778
15.904369
15.933671
15.753706
15.695106
15.669994
16.086128
16.0525
15.976842
15.951618
15.682603
15.6784
15.6784
16.023073
16.334122
16.224834
16.355135
16.342527
16.119753
17.221022
16.876348
16.876348
16.758657
16.775465
16.737633
16.67038
16.649372
16.65778
16.733437
16.619946
16.792286
16.321508
16.607338
16.914186
16.615742
17.838913
18.55768
18.229822
18.397951
18.494629
18.973804
18.187784
18.519852
18.213011
18.208801
17.973417
18.179382
17.96921
18.128944
18.061687
18.095314
18.074297
18.149956
17.813694
17.759045
17.679188
17.843109
17.843109
18.402159
18.477818
18.414768
18.28446
18.002844
17.847322
17.733824
17.666574
17.702448
18.031591
18.609722
18.402943
18.301666
18.006273
17.980955
18.078018
18.078018
18.103329
18.082233
18.018929
18.259464
18.706779
19.137211
19.318657
19.453695
19.415716
19.090794
19.154085
18.997952
18.947309
19.031713
19.086565
19.154085
19.369303
19.369303
19.749088
19.609829
19.711109
19.896793
20.639488
20.162643
20.179518
20.086685
20.331436
20.542427
20.48757
20.854702
20.73233
20.73233
20.694344
20.52977
20.251253
20.07402
19.951649
19.407276
19.048588
18.643482
18.390284
18.567524
18.774302
19.238487
19.584518
19.622499
20.255484
20.51289
20.571966
20.145767
20.023386
19.622499
19.470575
19.284904
18.824936
18.869404
19.030359
19.894415
19.78853
19.314144
19.322617
19.627579
19.44968
19.737698
19.869003
19.555569
19.479328
20.152782
20.27985
20.347614
19.885939
19.974892
19.830877
19.932531
19.640282
19.610628
19.123545
19.038832
18.755047
19.292965
19.771584
19.322617
19.102364
19.33532
21.266737
21.558989
20.966011
21.152374
21.35568
21.309088
21.707228
21.961367
22.321386
22.338326
22.177383
22.046072
22.067253
21.897831
21.779232
22.050308
22.613647
22.592464
22.575521
22.744942
22.478094
22.279034
22.143499
22.359512
22.939783
23.138847
23.333683
23.253214
23.333683
23.549698
23.274391
22.914366
23.079554
22.448452
22.702585
22.61759
22.957577
22.991575
23.212568
23.433561
23.833038
23.522797
23.501556
23.556805
23.416557
23.480299
23.233809
23.089319
23.178566
22.953325
23.11907
23.476051
23.701294
23.807545
23.714045
23.544052
23.990284
23.926537
24.096531
23.607801
23.765043
26.0387
26.242695
26.378693
26.310694
26.178949
26.476439
26.799419
27.623896
27.636639
27.071413
27.169159
27.241404
27.725885
27.623896
27.543142
27.836374
28.074369
28.690599
28.609848
28.89884
28.53335
29.043327
29.544811
29.600065
29.646812
29.676567
29.145332
29.026337
29.502319
29.638313
30.161041
30.297029
30.552011
30.492535
30.611517
31.070499
31.151237
30.862267
31.075281
31.228651
30.806873
30.483089
30.666279
30.71316
30.495865
30.376575
30.960236
31.220127
30.819651
30.5896
30.666279
30.525684
29.993145
29.839766
30.014439
30.16357
30.794104
31.211599
31.203085
31.254213
31.019896
30.973019
30.777054
30.777054
32.809273
33.005226
33.00098
33.307713
33.452579
33.222527
33.763588
33.635777
33.985123
34.538982
35.105606
35.569992
34.841461
34.990566
35.51033
35.569992
35.352707
35.523129
35.855438
36.681957
36.298519
36.392242
36.396503
34.824417
34.918133
34.913895
34.858505
33.887131
34.577324
34.645489
34.969276
35.131176
36.315567
35.072712
35.004375
35.645016
35.286266
35.71336
35.388771
35.371677
34.995838
34.773762
34.961662
35.662109
35.346066
35.645016
35.311893
35.892738
36.268581
36.447952
36.567547
36.78109
36.68713
36.456486
36.917759
36.764008
37.216713
37.549847
37.122753
36.866501
37.327755
37.652355
34.526035
36.55899
36.157528
36.208778
36.260029
36.294201
36.003788
36.371078
36.157528
35.875664
35.875664
36.379623
35.235023
35.593761
35.414402
35.346066
35.696262
35.892738
36.456486
36.465031
36.567547
36.072113
34.594387
34.825005
35.123981
35.704819
34.713963
35.388771
35.62793
35.619408
35.141064
34.397919
34.338123
34.312508
33.612072
34.053154
34.001759
34.147358
33.042519
32.049011
31.894861
32.280262
32.83696
32.30595
32.374474
32.819832
32.982563
32.999695
33.265186
33.599224
34.575592
34.541336
34.943878
34.789719
34.99527
35.740398
36.45126
35.714699
36.160076
36.279972
35.997341
36.065861
35.457748
34.832531
35.646183
34.943878
34.155922
34.224438
34.455688
34.549892
34.095978
32.605724
32.845528
32.400177
31.817766
30.07057
32.297382
32.777004
31.612223
30.747198
30.104837
30.687231
31.766388
31.723568
32.528645
32.545761
33.21381
33.085346
32.71706
34.155922
34.087399
34.661243
34.704052
34.781147
35.594791
34.686932
32.580029
33.839031
33.156326
32.580971
33.542767
33.75745
35.423424
36.024548
36.582745
36.642849
35.912907
35.835617
38.643742
38.798317
37.956738
37.853683
38.094135
37.862278
37.784981
38.360352
37.647583
38.205776
40.378418
40.936604
40.850731
40.386997
38.944294
39.983398
39.991959
39.957619
40.893665
39.244862
39.699997
40.060669
39.682823
40.155148
40.215256
41.013885
39.519669
40.790607
39.579781
40.01775
38.643742
38.557873
37.123749
36.410984
36.943428
37.012112
36.119019
36.076073
34.444454
34.650539
33.740276
34.221172
32.769886
33.199261
35.801277
36.840374
37.905212
38.514927
38.403294
37.518784
37.699112
37.870865
37.99968
36.926235
36.93055
36.878895
36.164391
35.243275
35.105537
35.088318
35.269108
36.414028
36.990807
36.543171
35.79422
36.233253
