Adjusted
29.270802
28.946533
29.025633
29.025633
28.788355
29.421059
29.800694
29.856058
29.460615
29.262888
28.946533
28.313837
27.44385
26.811132
26.613417
26.391966
26.573872
26.123058
26.099333
25.917437
25.743433
25.61689
25.688078
25.648531
26.22588
26.55805
26.890232
28.701365
29.405245
29.262888
28.693451
29.341974
29.43689
28.914902
29.192549
29.68438
29.486052
29.367065
29.319469
30.04929
30.874289
30.866346
31.207464
31.104343
31.596172
31.731035
31.667578
32.984413
33.436577
34.483704
34.467834
34.824802
33.753872
33.35725
34.35677
34.293297
34.523357
34.594753
34.396439
34.626484
34.713749
34.213982
33.975998
32.944725
32.675022
33.52383
32.770226
32.976471
32.960602
33.262051
33.262051
32.444965
32.56398
32.397373
32.524311
33.396908
34.444038
34.848606
34.586823
35.768803
35.427704
35.062782
35.031059
34.808933
34.531292
33.571434
33.793537
33.476242
34.507496
34.491623
34.277435
34.348843
33.634895
32.960602
32.364063
32.809486
33.811676
33.88324
34.463882
34.638874
34.845661
34.933151
34.654762
34.105961
34.949066
34.416161
34.543419
35.012691
34.933151
36.158047
36.921608
36.794346
37.223873
36.17395
36.500053
35.450161
34.996777
34.018471
34.718407
34.471844
34.463882
34.440025
34.837704
35.81604
36.102375
36.627316
36.508018
36.070549
34.933151
35.195629
35.036552
35.195629
35.362663
34.304806
34.129807
35.633087
35.83989
35.521732
35.792171
35.871708
35.736488
35.155861
36.094421
36.030781
36.229626
36.17395
36.054646
37.223873
37.899929
37.581776
37.478355
37.311352
37.557915
38.774857
39.76907
39.005505
38.766891
38.257843
38.281708
38.416935
38.615768
39.165829
39.52457
39.213665
38.544014
37.866413
38.185284
37.746845
36.216232
35.83358
35.753864
35.044373
35.219749
35.052326
35.411072
35.458908
35.498768
36.487282
37.180836
37.05328
36.048809
36.040852
36.152466
36.008965
35.538631
34.773319
32.971676
33.22678
33.442017
33.481876
33.641319
33.585514
33.744946
33.481876
33.434059
34.008034
33.370262
33.681175
35.259613
35.610382
36.048809
34.534176
34.996532
34.015999
34.063831
33.936279
33.314465
33.107204
32.915878
33.027485
33.274616
34.637798
33.864525
33.051403
33.649292
34.10368
35.339321
34.884933
35.506752
35.554558
35.59444
36.670631
36.4235
35.888103
35.520493
35.224842
35.552467
35.680328
35.504532
35.152927
35.880104
36.295639
36.055912
36.015961
36.479443
36.591316
36.463463
36.247711
35.920052
36.343605
36.079884
36.151802
36.543373
36.279648
36.894981
35.640373
35.448582
35.544483
35.160908
36.15979
36.383553
36.679226
37.398418
37.534275
37.630169
37.366455
37.262573
36.926918
37.086769
37.470341
37.294537
37.270557
37.478325
37.909855
38.173557
39.028606
38.996662
39.028606
38.812843
38.724941
38.509178
38.91674
38.940704
39.38821
39.47612
39.611965
39.396206
39.91563
39.587978
39.635929
40.666786
40.714725
40.754684
41.513844
41.15424
40.40308
40.115398
40.235531
41.765186
41.901329
41.845268
40.980324
41.004356
41.364754
42.349823
42.397861
42.942455
42.774281
43.382931
43.182705
43.198742
42.742241
41.693104
42.181637
42.45393
43.326866
42.982506
43.719307
44.047653
43.727314
43.927517
44.287914
43.999596
44.023624
43.863457
43.863457
43.847439
44.127743
44.055653
43.975582
43.815392
43.767345
43.911514
43.903488
43.847439
43.647217
44.223835
44.512165
44.448082
45.00069
45.272968
45.457176
46.29808
46.434227
46.506317
46.482288
46.169952
46.12991
45.577305
46.12991
47.139008
46.009773
46.834656
46.073841
47.034885
47.219082
47.371536
47.94923
48.133774
49.112663
49.241039
49.208946
48.222042
48.342396
49.04044
50.19585
49.939098
50.035385
50.468655
50.340279
50.484703
50.252014
49.216984
46.641376
46.898136
46.617321
45.863087
44.844093
46.456837
46.079731
46.721615
46.849995
46.745686
43.760895
44.178127
44.539192
44.250343
46.151951
46.264263
47.54805
46.866032
46.866032
46.159977
46.151951
45.437836
45.975414
45.847034
46.609295
46.537086
47.572128
47.772713
48.077618
48.013428
47.80481
47.596191
47.981335
48.526939
47.844921
48.526939
47.941216
48.855907
48.599155
48.021446
49.10463
49.176853
48.559032
47.716549
47.877026
48.52858
48.721626
49.332962
49.276649
48.866428
49.011208
48.062031
49.083603
48.496399
49.115788
49.574284
49.365131
49.421444
50.016678
49.630592
49.493835
49.107731
49.429482
49.727116
49.670799
50.555626
50.917599
52.124184
51.520893
51.247395
51.022171
51.046303
51.416325
50.483238
52.067875
52.26897
53.145737
53.322716
53.853611
52.590721
53.467491
51.802422
51.319798
51.046303
51.641548
51.874817
51.134785
52.389614
52.872261
52.470055
52.82399
52.582684
50.917599
51.641548
53.089432
53.153782
52.679214
53.370972
52.655075
53.370972
50.83717
51.464569
49.727116
49.357079
48.48835
46.461308
48.850323
48.480301
47.273731
47.17696
44.362469
46.467289
47.346313
48.757595
46.314053
47.305984
46.410828
44.515686
44.257633
44.709244
47.128578
46.935024
47.402767
49.628548
49.144676
49.943062
49.435005
47.426956
49.257591
48.451141
49.201138
49.822094
48.644684
49.112423
47.491474
46.547932
47.588249
47.749538
48.007599
47.54792
47.596317
49.410816
49.846291
49.459194
49.378559
49.628548
48.991459
49.652744
50.765636
50.894665
51.701103
51.959183
51.612396
52.443043
53.201088
52.814011
53.95108
53.338192
52.273693
53.410778
52.273693
52.539818
51.233372
52.015629
49.120502
50.943054
52.749496
53.063999
51.031765
51.451115
50.451126
49.926949
50.789825
48.938663
48.833572
46.844986
48.413223
45.495003
47.022827
46.586308
47.208755
49.868286
50.304802
48.235386
47.289593
44.993813
45.365669
45.050407
46.869236
43.821686
45.301003
47.766537
46.52972
47.443172
46.917736
45.357586
47.540184
49.01141
47.968624
48.817406
45.721359
46.133614
45.664776
43.999523
44.104614
43.813587
43.732769
44.233967
45.325253
46.432728
45.567764
44.87257
44.225864
