Adjusted
28.287798
27.952894
27.783215
27.327755
27.305422
27.283098
26.952673
27.077696
26.608843
26.546322
26.666882
27.229513
26.925875
27.238441
27.908237
27.350073
26.832104
27.126814
27.492964
27.350073
27.720699
26.680279
25.930107
26.010483
25.898849
25.81847
25.854197
25.077234
24.206495
24.55925
24.282408
25.054905
25.282633
25.05937
25.858662
25.01918
25.461243
26.059608
26.323051
26.617767
26.34985
25.943504
26.604368
26.756193
27.015182
26.327518
26.19803
26.077465
27.006247
26.345381
27.372402
27.622469
27.988619
28.14937
27.899315
27.823402
28.265469
28.086855
28.211884
29.002245
29.582735
29.895311
29.890844
30.176622
29.600597
29.698841
29.497904
29.203182
29.229979
29.810474
30.404354
30.26593
28.908466
29.886381
29.475573
30.453472
30.328442
30.091787
30.051598
30.274866
30.006945
30.649954
31.096478
31.136667
31.703762
32.20388
31.77968
31.498367
31.569798
32.016331
31.685902
31.726091
32.002937
32.864742
32.55217
33.333599
33.498817
33.489906
33.338089
33.418446
33.146057
32.85582
32.753109
32.360165
32.319969
32.503048
33.070156
33.110336
32.668278
33.213043
34.347237
34.092712
34.123974
35.293884
36.106575
36.624538
35.342999
35.414444
34.771442
35.195644
34.668739
35.226906
34.784824
34.449932
34.115036
34.641945
34.315964
34.878609
35.271549
35.610916
34.950047
35.499287
34.905396
34.441002
33.646175
34.115036
34.762508
34.673195
34.820564
35.776131
35.262627
35.811855
36.178013
36.19141
35.262627
33.717625
33.262165
33.154999
32.266399
30.542782
31.569798
31.94043
32.422672
32.587894
32.306591
32.507523
32.467339
32.699528
32.578953
32.190483
31.833256
31.587667
31.663576
31.985077
32.043125
32.10564
32.686131
33.096939
33.351463
32.820091
32.328903
32.739719
32.820091
32.891533
32.811161
33.405045
33.079079
33.052284
32.998714
33.498817
33.351463
33.288956
32.954056
32.016331
31.458164
30.891077
31.43585
31.85112
32.360165
32.480721
32.583439
32.337845
32.266399
32.253006
32.753109
32.860291
32.74865
32.489662
31.815393
32.127968
32.605762
34.333839
34.624088
34.570488
34.338295
34.499054
31.726091
30.833031
30.917866
30.006945
30.556175
30.587435
30.319517
30.636553
30.015877
29.716703
29.118349
29.417513
29.877443
30.457941
30.685671
30.310579
30.26593
30.841959
30.632086
30.444544
30.873215
31.538546
32.239594
32.20388
32.53878
33.315742
33.132664
33.154999
32.462872
32.55217
32.060989
32.150291
32.788841
32.770973
32.373573
32.605762
32.797768
33.043358
32.596832
32.543236
32.534309
32.596832
33.02103
33.159458
33.186253
33.489906
34.061455
32.913872
33.092476
33.266621
33.163925
32.824562
32.610218
32.797768
33.958752
34.315964
34.985771
34.557095
34.918793
36.097633
35.485893
35.700226
35.052761
35.231373
36.615616
36.517376
37.209511
37.678349
37.307739
36.905853
37.191647
36.963909
37.517616
36.995159
37.745331
37.597988
37.499744
36.98624
36.883533
36.713856
36.579903
37.276493
37.673889
38.12043
38.379417
38.772366
38.540169
38.982235
39.433231
40.103031
39.638626
39.129589
39.339462
38.727715
39.241211
39.741329
40.143219
40.161083
40.214664
39.9646
39.326069
39.741329
39.067081
39.348396
39.384113
40.031593
40.442394
40.47366
40.723705
40.853199
41.80431
41.581055
41.817719
41.848976
42.353554
41.179161
40.723705
39.652031
39.004562
39.468948
39.04475
39.946739
42.308895
42.130276
41.460491
41.679287
41.018414
40.714783
39.553795
40.165543
39.656498
40.549564
40.28611
39.419838
38.397274
38.473186
39.250156
39.2948
39.76366
39.455563
39.384113
38.861664
38.165077
38.424068
38.94651
38.794685
39.227829
39.317135
39.531471
39.585049
39.513607
40.018173
39.982468
41.156845
40.813011
40.41114
40.518303
40.187866
40.138752
40.339691
40.335224
40.22805
39.071537
38.272243
38.486588
38.991158
39.214424
38.549107
39.035816
39.99139
39.59399
39.428768
38.580364
39.384113
39.049217
39.049217
39.482342
40.77282
40.991634
41.47834
41.706078
41.518539
41.259552
40.862125
40.187866
39.652031
39.366253
36.517376
36.19141
36.754032
36.825489
36.749573
36.329834
35.959217
35.378735
35.168846
35.164379
36.285179
36.553101
36.124432
36.19141
36.311985
36.602222
37.1068
36.387882
36.709381
36.611156
36.343227
36.124432
35.834187
36.356625
36.178013
36.27626
36.102104
36.570957
36.79422
37.531006
37.593513
37.687298
37.736423
38.03112
38.428535
39.142979
39.02689
38.450851
38.267773
38.383877
38.446407
38.182934
38.763435
38.357086
39.035816
38.678589
38.959908
38.727715
38.392807
38.12936
38.098106
38.361553
37.999855
37.848038
38.044514
37.464027
36.669197
36.410206
36.169086
32.909389
34.039131
32.913872
33.302349
32.596832
34.311512
36.222664
35.901169
35.901169
35.115265
35.057213
36.41914
38.044514
38.607143
38.625011
40.737114
41.47834
42.112415
42.313362
43.081398
42.429455
43.15731
43.581512
43.233219
43.630646
43.679749
43.733345
44.228985
44.474575
45.247074
48.716625
47.452946
47.542252
47.689613
45.948128
47.274323
48.337082
50.502754
52.244232
52.244232
52.132599
51.757515
51.476196
51.17255
52.15493
51.13237
50.993935
50.386658
51.261864
50.985008
51.422619
51.35117
50.234837
49.565041
51.449406
51.529789
51.708393
53.896393
53.543644
54.34293
54.177708
54.700146
55.102036
55.191341
53.601696
53.784767
53.123901
52.914036
52.936363
53.539162
53.851749
54.253628
55.548565
54.910023
54.994869
55.767376
53.963379
54.003567
53.195347
54.262554
53.583828
54.097347
54.753738
55.169022
54.454559
54.00803
52.020966
53.539162
53.941051
54.651035
54.503685
54.423309
54.409908
55.356564
56.655956
56.093334
55.213676
55.615551
55.526241
54.838589
54.253628
53.918732
53.391819
53.811554
54.168789
53.713318
54.521542
54.418842
54.94128
54.92342
54.945747
56.204967
55.972778
55.660191
56.584522
56.776535
56.897091
57.459717
56.932816
56.673832
56.986408
56.441628
54.92342
54.119667
53.052448
53.637409
52.253159
52.905109
52.588066
53.704391
52.704159
55.570892
55.503922
57.044445
57.638336
58.040215
58.56712
59.28157
59.812946
60.72834
60.460411
60.196964
59.996025
58.8797
59.737034
60.281818
59.745983
59.500378
59.428925
59.987099
60.330921
59.929047
59.946907
59.83527
59.388748
59.486973
60.40683
61.085564
60.549732
60.478275
59.576286
61.67498
60.549732
61.17487
62.317974
61.800011
61.344555
62.192955
62.2019
62.273335
62.496609
61.389202
60.898033
60.344322
61.165951
62.210838
62.192955
62.353706
62.827026
62.398354
62.434074
63.184261
63.595097
62.639481
61.933979
60.906944
61.532085
61.505302
60.799782
60.281818
59.58522
59.853127
59.799541
60.987331
59.924576
62.960995
63.175335
64.988243
65.524117
66.050995
64.863228
63.336079
62.987789
64.166634
65.354416
65.443718
64.75605
64.693542
64.836433
65.309753
65.015045
65.193665
65.327614
64.809647
64.747147
65.10434
64.764961
65.220436
65.533012
66.309998
65.908112
66.068863
68.140755
68.578392
68.096115
68.560516
67.470993
65.282959
65.640182
65.943832
66.122437
65.452667
64.488129
64.541718
65.363342
66.747597
67.060158
66.988716
66.702927
67.256622
67.712097
67.721039
67.774612
66.202805
66.202805
66.265327
66.140312
65.92598
64.255936
63.532558
65.711639
66.131371
66.11351
68.203285
67.497757
69.658981
69.739365
67.953209
64.050522
65.407997
66.711853
66.694016
66.988716
66.622566
65.997429
65.550873
65.282959
64.550636
64.077316
66.086716
65.88131
66.497543
67.604912
67.988922
68.694473
68.855209
70.051926
70.105522
70.132301
69.792931
67.86393
68.390831
68.614082
69.39106
69.033821
68.631927
70.614555
68.623024
69.516068
70.909264
70.462746
71.123596
70.185867
70.373444
69.873306
68.444412
69.096359
68.703392
69.6054
69.926895
69.444649
70.38237
71.445099
71.257545
70.873535
71.016426
70.543098
70.489517
69.39106
69.301735
68.712341
68.712341
66.881531
68.078262
68.569427
67.88176
65.399055
63.996971
65.363342
65.068619
66.533241
67.426308
67.390602
68.587318
69.36425
68.864151
69.033821
68.096115
68.355103
68.12291
69.149933
69.34639
69.36425
70.471649
70.391289
69.426781
69.087425
68.774849
70.150177
69.194595
69.02491
69.382118
68.578392
68.399757
67.872856
67.587074
67.006584
68.319366
68.873085
68.792686
69.149933
68.587318
69.569649
70.176949
70.936058
71.105751
71.239708
69.95369
70.310921
70.319809
70.105522
69.337479
68.364037
68.917747
68.953461
69.149933
68.15863
69.060623
68.748055
67.381668
67.506676
66.265327
64.90786
65.363342
65.184731
64.506012
64.898933
64.077316
64.300583
64.050522
63.854057
63.175335
62.907417
60.281818
63.407524
64.014832
64.345238
60.326466
61.407066
62.523403
63.943363
62.737732
63.407524
63.416466
64.077316
64.273804
65.07756
65.470505
65.336555
64.211281
63.898716
63.148552
62.8717
64.827477
64.37204
63.264629
63.92551
65.238312
65.050766
63.943363
63.505768
64.077316
64.622101
64.157692
63.461117
63.461117
62.353706
64.005875
63.452183
63.193199
62.237621
63.693298
63.809414
64.488129
64.541718
64.532799
64.068413
65.059715
64.988243
65.711639
64.800705
64.827477
64.425613
65.649124
67.488846
66.979813
66.935135
66.586838
66.899429
67.381668
68.899864
69.033821
68.926666
68.944519
69.641129
69.319595
68.703392
67.042305
66.533241
67.024452
67.988922
66.533241
66.694016
66.551117
66.836891
66.854767
67.051231
66.82798
66.676178
67.220901
67.649582
68.212204
67.872856
68.283653
68.444412
68.890953
69.480362
69.02491
69.114189
69.560745
69.81971
69.132065
68.882004
68.497993
67.783546
67.774612
67.738892
69.248177
70.623512
71.025375
70.168007
70.221619
69.230316
69.292816
69.426781
68.739128
68.524796
69.28389
69.533951
68.890953
68.426552
68.810577
68.801636
69.06955
69.444649
70.578835
70.025154
69.658981
68.364037
68.051468
69.033821
68.265785
67.88176
68.131836
68.506935
68.471214
69.712555
70.087654
70.212669
68.346169
68.506935
68.453339
68.462265
68.15863
67.095886
67.21199
65.908112
66.202805
66.658264
65.479439
64.032661
65.095421
65.390144
65.595535
65.488365
65.470505
65.122223
64.336304
63.68438
64.032661
64.657806
63.90765
65.783066
65.247246
67.578117
67.828201
67.470993
67.381668
67.846069
67.88176
68.283653
68.587318
68.614082
68.855209
68.864151
68.882004
69.060623
70.141235
69.864365
70.150177
69.855453
70.078712
69.658981
70.105522
70.275192
69.828644
69.542885
70.096581
70.516304
68.060387
68.149689
69.06955
69.480362
70.06086
70.35556
68.614082
69.051704
68.59623
68.792686
67.872856
67.872856
67.854988
68.274734
69.525017
69.998344
70.828888
70.29306
71.355797
71.579063
73.052628
72.784676
72.052399
72.061325
72.222084
72.32032
73.597397
73.454468
73.141914
72.954376
73.016891
72.784676
72.454262
69.569649
70.90033
72.16848
71.498688
71.704102
71.516548
71.230766
71.007492
69.944771
70.552048
69.569649
69.739365
69.935814
70.373444
70.543098
70.569893
71.311157
72.257797
72.936516
73.132988
72.731102
72.891861
71.811264
72.427467
72.364952
73.391983
73.731339
73.159805
73.454468
73.17765
72.29351
73.106201
73.445572
74.615479
75.07093
75.553223
74.168938
73.990318
74.088585
73.445572
70.409149
70.569893
70.72171
70.525253
71.19503
72.418541
72.525719
72.722206
73.284821
73.204445
73.365211
73.365211
74.570831
74.570831
74.615479
75.7854
75.910416
75.972954
75.401382
75.544266
75.437111
75.446045
74.999489
75.20491
75.374596
72.704338
73.034752
72.534653
72.731102
72.740028
72.364952
72.83828
72.615005
72.275658
72.668594
72.543579
72.373894
72.338173
72.329216
71.748741
71.65052
71.007492
71.516548
72.123817
71.980927
71.775528
71.293282
72.400681
72.373894
72.96331
73.43663
72.802559
71.838074
72.338173
73.43663
73.034752
73.240166
73.186577
74.186813
73.09726
72.516762
72.865082
73.383049
71.43618
69.792931
67.810341
67.426308
67.086952
66.488594
67.72995
67.024452
68.140755
68.667679
69.042763
67.676392
68.783775
69.453552
68.739128
70.007256
69.694702
71.043236
70.596687
69.319595
69.158867
69.096359
69.81971
69.739365
69.658981
70.685997
71.150375
71.972023
72.945435
72.338173
71.230766
70.605629
70.766388
71.19503
70.757469
71.070023
70.837807
70.605629
72.043457
71.373642
70.703873
71.346863
72.097038
72.034531
71.052147
71.13253
70.480591
70.507385
69.149933
68.372955
69.944771
70.069794
70.471649
71.13253
71.570137
70.159081
71.078934
70.516304
70.096581
70.453812
71.141464
70.35556
70.275192
70.980698
69.962631
70.23053
70.284103
70.623512
70.569893
70.757469
69.712555
69.935814
70.301994
70.560974
69.703629
70.578835
71.355797
72.248863
72.865082
72.874016
72.481041
72.900772
73.222313
73.418762
72.579308
73.016891
73.365211
74.686935
74.820869
75.285309
75.20491
75.231697
74.892349
75.437111
76.901703
76.77668
76.60701
75.838982
75.687157
77.366127
76.946373
75.874687
76.919594
77.312515
79.027214
79.893478
80.125694
79.991714
78.357407
78.678925
