Adjusted
24.581207
24.49416
24.436127
23.234007
23.329342
23.752163
23.461994
24.087925
24.473429
25.435122
25.712852
25.92045
25.779295
25.721151
25.658878
25.202166
24.363482
24.579378
25.218775
25.01948
25.912151
25.617357
26.07406
25.712852
25.766829
25.575834
25.824959
25.775135
25.168953
25.222927
25.94121
26.194469
26.49757
26.6761
27.28643
27.7722
27.120356
27.319637
26.858788
27.103745
27.257368
26.987495
27.220003
27.64764
27.631039
27.748331
27.386488
26.767447
26.357643
26.305332
26.052477
26.593065
26.601776
27.155439
26.440481
26.205061
26.366365
26.157103
26.649736
27.203392
26.915667
27.055166
26.728209
26.357643
26.623575
26.074278
25.655764
25.926062
26.418674
26.514595
26.261734
26.087357
25.777836
26.480894
26.865192
27.070438
26.769114
26.651213
25.642458
25.598782
24.873888
25.000519
25.131521
25.419752
25.681763
24.991789
25.459038
25.262541
26.031111
26.105343
26.428499
26.694887
27.096628
26.991835
26.572607
26.362997
27.690533
28.035522
28.253868
28.85214
28.454742
27.873938
28.786625
29.201487
29.319393
29.162167
28.900162
28.681818
28.494043
28.843395
29.760445
28.843395
28.406708
28.035522
27.542061
27.708
28.057356
27.996218
28.288797
28.358667
28.795368
28.34557
28.376143
28.411076
27.939449
27.703634
28.275698
28.175259
27.71674
28.397972
28.018055
28.223295
27.721102
27.419783
27.175238
27.411051
28.220215
28.207094
27.712849
27.428545
27.257967
27.64287
27.559769
26.969292
26.820587
27.100508
27.209854
26.789961
26.759346
27.511652
28.495779
28.242088
28.500147
28.845663
29.147476
28.679476
28.950651
29.278696
29.068752
28.906923
29.353058
29.064375
29.191214
29.178101
29.44928
30.149092
30.170971
29.974138
30.070364
30.013514
29.18685
29.764181
29.304932
29.217464
29.073118
29.514889
29.322441
29.580486
29.108122
29.195593
29.523636
29.497391
29.786062
30.219093
30.035374
29.842924
30.048496
30.328424
30.704575
30.792051
31.360653
31.885508
31.767427
31.395645
30.910152
31.360653
31.509371
31.041367
30.455273
30.835796
30.757059
30.384659
30.551144
30.949841
30.437223
30.340826
30.077963
30.248821
30.647533
30.310158
30.546761
30.48103
29.836987
30.362749
30.669424
30.625622
30.691345
30.700109
31.085655
31.401123
31.681538
31.326633
31.256548
31.090038
30.800892
30.41094
30.984884
31.370453
31.510656
31.458078
31.891842
32.229176
32.347492
33.429684
33.188717
34.091259
33.78019
33.604946
33.464745
33.867828
33.333294
34.086884
34.21833
35.488922
35.357468
35.182217
35.042034
35.664177
35.576546
36.189934
36.019062
35.532707
35.22604
35.734272
35.892017
35.707985
35.870098
36.593018
36.584263
36.869049
36.715698
35.821884
36.330139
37.207668
37.339302
36.87421
37.374405
37.023407
36.575851
35.496498
34.627712
33.767715
33.758953
33.873032
33.214882
32.723442
32.670799
33.688751
34.750572
34.952404
34.987495
34.671574
34.987495
34.408329
34.109959
33.925694
33.978329
34.443436
35.110355
35.698318
36.128307
37.040943
36.87421
37.137478
36.531979
37.084831
37.207668
36.777676
36.02301
35.233208
36.224831
37.076057
36.87421
37.611362
37.874603
36.953213
36.654831
37.014629
35.540352
35.786064
36.444218
36.93565
37.699097
37.883392
37.251572
36.821552
37.032177
37.040943
37.137478
37.330532
37.927269
38.137875
38.602962
39.357647
39.9105
39.515606
38.74234
38.724773
38.285404
37.731834
37.731834
38.900509
38.285404
36.61586
36.791611
37.802128
37.600006
37.714268
37.503361
36.475277
34.919952
35.904121
35.280231
35.148418
36.123791
36.281963
34.761795
34.779362
34.691494
34.243336
35.851379
36.800396
35.94804
35.183567
35.464756
36.114994
36.60709
36.097424
36.10622
36.396187
36.018341
35.499912
36.60709
35.7635
36.668583
37.520924
38.338131
38.549023
38.540237
38.46994
39.234421
38.663254
38.584171
37.494568
37.687901
38.267853
38.57539
38.426014
39.80558
40.394318
39.893459
39.893459
39.770432
40.069191
40.262512
40.745804
41.202736
41.123638
40.912495
39.953468
40.314194
40.094227
39.504753
40.349384
40.718933
40.595734
40.938889
40.762913
41.264431
39.988647
38.888859
37.701069
38.510525
38.695297
37.929832
37.437122
38.308163
38.431347
37.489914
38.202583
38.369751
39.012043
38.290585
38.061794
38.211376
38.44014
38.792072
38.800865
39.319981
40.657337
40.613338
40.666138
40.595734
40.49017
41.396389
41.106056
41.405197
41.545967
40.974068
41.264431
42.214649
42.346615
43.72797
43.32325
43.244061
43.578392
43.296852
44.15028
43.771957
44.088707
44.370247
44.229473
45.179691
46.041946
46.191513
46.138729
45.760395
45.434872
44.502216
45.338074
45.901165
44.933357
45.003731
46.272682
46.845486
46.475357
46.845486
47.629753
45.620586
44.122517
44.677677
44.924427
43.584984
44.245872
44.545502
45.083038
43.593796
42.624443
43.620216
43.54092
44.519058
43.496853
43.047443
43.558533
44.554314
45.461964
46.02594
46.396057
46.898342
47.312511
47.13628
47.638573
45.691093
43.928646
44.686497
44.527889
43.937473
43.814098
44.545502
43.928646
44.8363
45.074226
45.532463
44.501446
44.457382
44.792244
45.056625
44.325211
44.624821
43.664295
44.334019
44.598377
44.536697
44.563126
42.545139
42.201466
42.060467
42.739006
42.465816
42.765438
43.135563
43.805275
45.065426
45.893761
46.210999
45.919754
45.56673
45.346092
45.76973
46.21983
46.855282
48.011421
47.808437
48.029076
48.664524
49.088158
48.867523
48.655712
47.861397
48.346798
48.452721
50.27079
50.720898
50.835636
50.817978
52.591938
50.879768
52.424244
52.265385
53.01556
53.783401
55.354362
55.495575
53.88047
54.701256
56.042759
57.975586
56.898846
56.792931
55.46909
53.633343
54.277634
54.983677
54.22467
54.233509
55.230797
55.716194
55.274918
54.551224
52.689026
52.653706
52.512501
51.674072
52.415432
54.03933
55.372005
55.892731
55.18668
55.910366
54.79834
53.448021
53.712784
52.441898
50.888592
51.400471
49.044037
50.632633
51.744678
50.631126
52.248417
52.053997
53.026146
52.107029
51.011143
50.038998
49.747353
50.542751
49.164066
49.402695
50.136219
50.03017
50.701817
49.561768
50.304127
47.431881
46.663002
47.122566
48.209599
47.732353
48.695667
48.624966
49.358509
50.295292
50.666473
51.09951
52.239578
51.930267
52.902409
52.49588
53.052658
53.635944
53.043812
53.432659
54.96159
55.094151
55.571392
56.092819
56.667278
57.391956
58.885529
60.060951
58.072445
58.275715
58.381775
58.019436
58.903214
57.06496
57.162178
57.09148
59.124123
61.271721
60.485168
61.528011
61.315907
61.660553
62.120148
61.65173
59.115311
59.053436
58.249195
58.973892
59.354397
58.478405
61.893837
62.575176
61.778809
62.371651
61.884991
60.522327
60.885128
61.93811
60.991314
61.053253
60.548889
61.654945
61.44257
63.645824
63.928951
63.999741
62.911419
61.300987
59.66407
59.637516
60.876316
60.893967
61.424873
62.61055
62.575176
61.796513
61.699165
62.61055
63.371544
63.283012
62.318562
62.522072
61.982342
62.433563
63.583878
62.008884
62.212376
62.822903
63.796238
64.964203
67.777946
66.89315
68.361954
67.016983
65.353546
66.990463
66.671936
67.450569
67.831039
66.556908
66.494972
63.451153
61.159435
58.151012
58.894279
58.389915
60.124176
58.142181
56.266323
57.053833
57.584732
55.26646
56.31942
53.838001
53.199913
55.787685
57.311993
55.539528
53.687328
55.805412
56.567562
57.037273
59.235088
60.209942
59.19965
58.402027
59.10215
58.650204
57.072712
57.37402
57.249943
57.675327
59.181911
58.667896
58.526119
60.626453
61.494957
60.963219
61.592419
58.694481
58.490662
57.852562
59.589573
60.422634
60.741669
61.645618
61.388615
62.904053
61.858318
63.036976
63.949802
64.995567
63.116734
61.592419
61.299984
62.434345
62.886322
63.054695
62.310276
59.855434
60.635326
60.316292
60.723923
62.833138
62.655918
61.308861
62.150791
62.416641
62.61161
62.921764
62.133041
63.249664
65.022118
63.878899
64.988213
65.751419
64.863968
64.784096
62.707462
61.784485
63.328648
64.952728
67.029335
65.582825
64.908348
65.139107
65.760284
63.222187
63.231052
61.340775
61.491634
60.737293
60.568703
60.621933
62.299232
62.077374
62.7607
60.755062
60.435543
61.38517
59.823231
59.388378
60.524342
61.793365
62.130611
59.548138
58.598553
57.63121
57.009983
56.930134
57.968445
57.888584
58.07494
58.935783
58.634037
57.258476
56.79702
56.770393
57.418236
58.234684
58.527534
58.900272
59.281879
59.042274
58.13707
58.314548
59.131008
60.275818
60.142704
59.477104
60.826046
61.21653
60.1782
60.968063
61.136654
62.325867
65.525246
66.022903
66.849434
66.280655
66.102882
64.32547
63.614498
63.134579
63.916679
64.494316
63.8811
62.859058
63.765591
63.392311
63.667809
64.5121
64.041069
61.161629
59.935196
59.935196
58.43327
57.08242
57.393475
56.815792
56.886887
55.349411
56.842442
57.437897
57.08242
57.660084
58.006668
58.557678
56.442524
56.398098
54.274063
54.789501
54.416252
53.225357
50.86137
52.496624
54.75396
54.425137
52.345535
52.425518
53.909676
54.034107
55.953724
56.815792
56.326992
58.104458
58.895397
60.655045
61.161629
61.072758
61.099438
60.281788
60.157391
61.161629
61.090527
59.997421
60.192944
58.913174
58.157764
58.113266
56.929459
55.905861
57.881828
59.715389
61.15731
60.988213
61.78928
62.723888
62.083
62.261013
61.9762
61.593441
62.447922
63.204491
63.275719
62.171993
61.513359
60.32066
60.507587
60.222725
59.857822
60.53426
60.827991
61.210712
59.697601
60.516453
60.391865
59.49287
59.145752
58.620594
58.10437
59.127964
59.216938
58.424786
58.077652
57.641514
55.799042
56.199581
57.419006
56.484402
56.057178
56.520016
55.38961
54.188007
54.980179
54.001083
53.840893
55.57653
56.413197
56.208496
56.252983
55.175987
54.0723
55.015781
56.831539
56.617931
56.297489
57.44569
56.422104
57.05407
57.507996
58.798607
58.202259
57.944134
59.889015
58.827343
58.782734
60.406425
61.476997
60.852516
59.344765
58.274231
58.274231
57.07877
57.230434
58.568634
58.800594
57.899529
58.202854
59.335842
58.158253
57.596203
57.765717
58.568634
57.141216
58.425873
57.792473
58.613224
58.042274
58.140404
58.399124
58.916553
61.807091
62.386974
62.047958
61.432388
61.682182
61.664345
61.414543
61.628654
61.155842
61.20937
61.566204
62.315613
61.414543
59.389404
60.531319
59.790848
59.85331
59.487518
59.139606
59.103924
59.532139
59.335842
57.58728
56.828968
58.211769
58.586464
57.569435
56.668381
56.347214
57.355331
58.024418
58.889816
58.702034
60.722824
60.722824
62.850948
62.994022
62.162449
62.430695
62.716843
65.032715
65.247337
63.995483
63.226509
62.251862
62.502243
61.876297
62.707893
62.591656
61.4203
62.22504
61.92997
61.447094
61.518669
61.152058
61.804783
62.949345
63.011906
63.30698
61.617012
61.214649
61.232498
60.096928
59.962799
60.803337
61.366634
60.964268
61.134151
60.704941
60.0522
61.160973
60.570816
60.186352
61.080502
61.617012
62.198219
62.949345
62.61845
62.850948
62.636387
62.663181
63.932899
63.217548
63.7183
64.236931
64.20118
64.460449
64.549858
65.363564
65.175781
66.740593
67.169785
66.812126
66.847878
66.883659
66.328148
67.268913
67.277885
67.358521
68.451584
66.677574
65.880157
64.957336
65.665138
66.390877
66.964287
67.295792
67.304726
66.677574
66.381927
65.360504
66.238556
66.220657
65.942886
67.152443
68.397812
69.696976
70.521255
70.243538
70.243538
69.490898
69.903061
70.136017
72.698463
72.349037
72.976227
74.535179
74.857712
73.881119
72.277374
73.836334
74.803978
73.952812
75.153389
77.20517
78.217567
78.020477
77.8592
75.807426
76.981155
76.103134
74.983154
72.062302
72.590919
72.662621
73.101631
74.02446
74.651657
74.741241
75.404266
75.386322
74.562057
74.911484
76.058319
77.223045
76.748192
76.658638
78.486382
79.760818
77.660683
77.526039
75.713089
76.063118
73.594994
72.491066
72.805191
72.553886
72.885979
72.5
70.094742
70.363983
71.521767
72.868027
73.110344
73.128288
72.553886
71.306381
68.766418
67.868942
68.847229
68.245911
66.953491
66.765007
67.958687
68.497208
67.608681
66.04702
67.725334
68.452301
69.44854
71.288414
71.117889
72.159004
70.714005
70.965324
72.024368
73.747559
73.577049
74.663048
75.569496
77.983772
79.114632
79.706963
79.69799
78.737686
78.881271
79.123604
81.259644
80.828835
82.534096
81.322479
80.272392
80.469856
80.864716
80.021103
82.767433
83.332863
84.149597
85.262489
86.070259
86.851082
85.756134
87.275284
83.90435
82.133514
82.160469
83.688622
84.524605
87.598892
91.554077
89.001183
93.315971
89.153984
93.324951
91.94062
95.248627
92.812576
94.133965
92.426048
86.726952
89.11805
89.189957
87.374168
89.351768
89.432655
91.635017
88.9832
91.329369
88.794426
86.951675
87.778687
88.093292
87.005623
86.54715
85.95388
88.434883
89.873131
89.387733
91.230507
89.783241
94.268814
95.347504
94.286804
90.817001
92.497948
93.028305
94.502533
97.20826
97.10936
96.51609
95.904831
97.486893
