Adjusted
27.832533
27.793289
28.774456
28.682873
27.819456
28.656723
28.414694
28.650171
28.702507
28.133427
28.519352
28.159599
27.577419
27.145718
27.512012
26.831745
26.144915
26.406567
26.445814
26.498146
27.113022
27.09992
26.851364
27.034515
26.975645
26.759789
26.79249
26.452349
26.216869
26.28228
26.419636
26.040258
25.490814
25.183376
25.399239
25.026394
25.111416
24.882483
25.209534
25.353441
25.451551
24.947893
25.078707
24.784363
25.189905
24.902105
24.581596
24.522715
25.778612
25.837492
27.113022
27.583965
27.577419
27.603592
28.107267
27.126091
27.45315
27.446619
27.230745
27.37537
27.237316
27.658075
28.41412
27.842148
28.052532
28.01309
27.434546
26.948053
27.112413
26.862581
27.414829
27.927622
27.36223
27.829002
27.697517
28.243187
28.40097
28.144585
27.125561
27.750126
28.006519
28.315506
28.105127
28.335222
28.335222
28.394407
28.052532
27.822432
28.236614
28.775702
28.894045
28.736267
28.95322
28.808578
28.006519
27.960493
27.92104
28.052532
27.809277
28.302355
28.203754
27.717251
28.657368
28.775702
28.466715
28.854599
28.663933
28.611349
27.815861
27.861887
27.644936
27.875027
27.98023
28.466715
28.966364
27.98023
27.730394
27.953909
27.322786
27.467415
27.105833
27.349079
27.150763
27.501133
27.514359
27.772181
27.606913
28.076286
28.149
27.79862
27.639956
27.527578
27.567236
27.40859
27.349079
27.944073
29.08112
29.629816
29.814938
29.755419
30.013271
30.892506
30.370251
30.661131
30.535524
30.727226
30.614843
30.376839
29.695946
29.80171
29.881042
30.244633
30.4694
30.568567
30.476021
30.985062
30.899122
31.156937
31.176765
31.183369
31.527147
31.19659
31.143713
30.985062
30.991659
31.189983
31.28253
31.831236
32.15517
32.135338
31.586624
32.049408
31.699036
31.16354
31.480862
32.082447
31.679184
31.897358
31.798193
32.036182
31.639523
31.077591
30.700798
30.178534
29.814938
29.828157
30.313223
29.967695
30.565723
30.784994
31.27006
31.38303
31.648819
31.6621
31.814932
31.54915
31.728552
31.828222
31.688686
31.615595
31.555784
31.163755
30.804928
30.479343
30.93784
30.931183
30.638817
29.569014
30.173685
30.173685
30.173685
30.167036
29.801573
29.814865
30.286644
31.097301
30.731844
30.499281
30.585663
30.29994
30.565723
30.240128
30.000912
30.173685
30.080658
30.213554
30.31987
31.19698
31.84816
31.854795
32.512623
32.466122
32.62558
33.535912
33.290062
33.575771
33.781761
33.801712
34.160507
34.459515
34.459515
34.592422
34.38644
34.858212
34.805058
34.805058
34.61235
34.452888
34.758537
35.263542
35.12339
35.256863
35.150089
35.570526
35.470436
35.216827
35.65728
34.68961
35.049988
36.01099
36.511509
36.618294
36.705032
36.291283
34.896496
33.268124
32.160294
33.301502
33.087948
33.087948
33.194714
33.308159
33.208065
32.740906
32.447277
32.780945
33.208065
33.368225
33.721924
34.415989
34.042274
33.575111
33.848721
33.294804
33.368225
33.121288
32.934448
33.001175
32.967808
32.700855
32.193657
32.894398
32.88773
32.874386
32.807636
33.268124
33.034546
32.560715
31.799925
31.519623
32.006798
31.37948
31.566347
31.993452
31.799925
31.826628
31.519623
31.472925
32.0602
33.214733
32.934448
33.301502
33.522743
33.603191
33.556274
34.561939
34.863651
34.883774
34.474796
34.42115
34.83012
34.561939
34.736267
35.272636
35.32626
35.165367
34.776493
34.924
35.393303
35.446949
34.991039
35.165367
34.159672
33.422176
33.395359
33.301502
33.180817
33.187511
33.107067
32.684673
32.58411
32.932747
32.858994
32.852299
32.751728
32.195244
32.403091
32.282394
32.215363
32.59082
32.852299
33.355137
33.428883
33.844563
33.502628
33.455692
33.154003
32.463417
32.570686
33.180817
33.402061
33.254555
33.328304
33.053425
33.167404
33.154003
33.281387
33.65683
33.636723
33.992058
34.508308
34.280357
34.863651
34.709442
35.113991
35.363457
34.702705
34.399315
34.385818
34.419533
34.3521
34.547642
34.527409
34.71619
34.797096
34.507172
34.43977
34.406052
34.803844
34.170059
33.758789
33.489094
33.050842
32.889034
33.57674
35.026333
34.891491
35.073528
34.925201
35.329762
34.675739
33.758789
34.068924
34.453236
34.217266
33.954304
33.408188
34.756649
34.3521
35.053303
34.999371
35.437618
35.478081
35.410648
35.410648
35.599438
35.26907
35.093765
35.316254
36.253445
36.920914
37.022064
37.082733
36.314125
36.206238
35.983742
35.424137
35.585949
35.417393
36.172523
36.226467
36.422005
36.428745
36.003967
35.127472
35.471333
35.714062
36.664715
37.064655
36.861305
36.969749
36.983311
37.07822
37.464577
36.888412
36.678284
36.813847
36.197002
35.837738
35.89875
36.474926
36.386787
35.607277
35.600513
35.803848
35.878422
35.790291
36.474926
36.468151
36.000435
36.047874
35.790291
35.45816
35.993649
36.2309
36.251232
36.000435
36.827396
37.281555
37.430695
37.579823
37.498482
37.430695
37.94585
38.284763
37.898407
37.796722
38.013638
38.61013
38.4949
38.542358
38.806717
39.321892
39.159187
39.423546
39.348995
38.461029
38.657597
39.294769
38.915176
39.206638
39.165966
39.193085
38.64402
38.772812
39.369331
39.721798
39.904823
39.782814
39.423546
39.816715
39.755703
39.680756
39.490025
39.544537
38.788376
38.822426
39.060863
39.27203
39.29929
38.590824
39.088104
38.720242
39.29929
39.530907
38.958672
39.081287
38.672565
38.141228
38.761124
39.469574
39.306107
39.62627
40.13036
40.436916
40.491405
40.096302
40.191677
40.804768
40.811584
40.477802
40.818386
41.349739
41.213501
41.199875
41.247566
40.906956
41.479168
40.8797
41.710789
42.371567
43.05278
42.657677
43.168583
42.950588
43.65905
44.374329
43.992851
44.204029
44.190407
43.665867
43.38657
43.747608
43.250332
42.882481
43.209465
43.107277
43.202652
43.066406
43.189014
43.427441
43.202652
42.473747
42.939362
43.336506
43.295425
43.274879
43.528225
43.357044
43.452911
42.89143
42.932507
42.740791
41.795868
40.39901
38.755672
39.200745
39.892307
39.104885
40.015575
39.591034
39.885464
38.858372
38.392761
39.378777
40.214138
40.734528
40.604427
41.268623
40.912552
41.124817
40.912552
40.5839
40.775616
39.803307
39.597885
40.419563
41.008419
41.66576
41.590439
41.152218
41.775314
41.604134
41.111145
41.254921
41.33709
41.241234
42.193008
42.323105
42.069756
42.062908
42.384727
42.131382
41.939651
41.905426
42.001282
42.008125
41.891727
42.316269
42.51482
42.480595
42.446358
42.40527
40.92625
40.755077
41.083755
41.439804
41.501762
41.508636
40.77898
40.957943
40.599991
39.939156
40.496758
41.37096
41.205757
41.412266
41.364067
41.164455
40.90976
41.026783
41.164455
40.723892
40.944164
40.558693
39.849667
40.820263
41.543064
41.136932
41.047428
41.474224
42.148819
41.701393
41.508636
41.543064
41.976727
41.722046
42.128185
41.825287
41.87347
41.219524
41.164455
40.978596
41.033661
40.964828
40.097473
39.835896
39.553673
39.202591
39.181965
38.624367
38.135628
37.71571
38.238892
38.589954
38.156288
37.805214
38.190701
38.534889
38.410988
38.755184
38.548653
38.789577
38.548653
38.445396
37.860279
37.915352
38.431633
37.860279
37.95665
37.633129
37.730061
38.180138
38.581745
38.900261
37.799294
37.543118
38.007027
37.563877
37.460011
37.522335
37.83392
37.494621
37.383854
36.926849
37.279991
37.390778
37.577732
38.602501
38.360168
39.308777
38.907177
39.731167
39.634205
39.793472
40.167381
39.925045
39.606518
39.315704
39.031807
39.017967
39.751942
39.911182
39.855804
40.056599
40.229713
40.825184
41.545292
41.711479
41.843033
41.496826
41.621471
41.365276
41.586845
40.970589
42.320808
42.507759
42.175415
42.016155
41.704567
42.154644
42.009212
42.210033
42.466217
42.403912
41.44836
41.074459
41.060612
40.942898
41.586845
41.808418
41.76688
41.579929
41.690712
41.474911
41.203426
41.495796
41.022434
40.667404
41.614136
41.085091
40.611729
41.405293
41.085091
40.918015
41.600204
41.314804
42.247601
41.454021
41.607178
42.505169
42.811466
42.449482
43.243069
43.187382
42.943733
43.020306
42.386829
42.3381
43.779072
43.117748
43.333553
43.229137
43.403168
43.277866
43.946152
44.015759
44.377739
44.530888
44.120174
44.579613
44.837193
44.899834
44.927685
44.663155
44.774529
44.837193
44.461273
44.419502
44.927685
43.716419
43.625938
44.565689
44.489117
45.185238
45.540264
45.804783
45.763016
45.651649
46.535709
47.071732
46.528755
46.34079
46.125
45.804783
46.507881
46.304958
47.011642
46.521854
46.535854
47.389473
47.186554
46.920677
46.451885
46.018089
46.116051
46.05307
46.283974
48.424988
48.138119
47.935219
48.438999
48.369019
48.390018
47.676331
47.991192
47.942211
47.235538
47.424442
47.830273
47.501419
47.977192
47.851254
47.830273
47.214546
46.955658
46.116051
46.479877
45.84317
45.12949
44.975563
45.017551
44.492779
44.870609
44.702694
45.115505
45.731216
44.541744
45.374382
46.402916
46.458897
45.479324
44.709686
43.800102
43.331306
43.226353
42.848515
41.498131
42.568657
43.751129
43.737122
43.08643
43.709141
44.282867
44.079971
44.352848
44.373837
43.513233
43.338314
44.478046
44.970531
45.470051
44.907207
45.061993
44.288078
44.52729
45.667038
44.970531
43.915207
43.584553
43.274975
43.549351
44.653934
43.422729
43.204632
43.359417
43.48605
44.449894
43.9715
44.836849
44.977566
44.597656
45.477085
45.596676
45.674084
45.519302
45.308231
45.118271
44.984592
44.900166
44.991634
46.215794
46.87714
46.673107
46.553501
46.307266
46.433907
46.433907
46.068043
45.82885
46.208748
46.743458
46.595715
46.637928
47.432945
47.432945
47.067085
46.152477
46.729389
45.772572
46.46204
46.222832
46.469067
46.982658
47.179649
46.553501
47.3274
45.645935
45.990669
46.954521
48.037979
47.566608
47.573658
46.930218
47.538307
47.156479
47.856514
47.4464
47.389828
47.573658
47.898937
47.870647
48.330269
48.478752
49.002007
48.719181
48.62019
48.400963
48.641384
48.846451
48.83939
48.53532
48.613102
48.556541
49.362621
49.263634
49.376778
49.306061
49.058575
49.765671
49.673752
49.999027
48.881805
48.980793
49.221207
49.298996
49.122215
49.687901
49.482845
49.36969
49.199997
50.571777
50.451565
49.030304
49.016155
49.348488
48.88887
49.002007
49.779823
50.168728
49.977806
49.963669
50.472782
50.345497
50.310146
50.762676
51.00312
51.229385
51.00312
51.038467
51.017258
50.402065
49.801025
50.211151
50.861694
50.662746
49.930981
51.089016
49.966511
49.270267
49.206318
49.099747
49.497593
50.378563
50.691166
50.485142
50.506447
50.208057
50.627228
50.335957
50.634338
52.538368
52.15472
52.076572
52.431782
52.161819
53.042786
53.078312
53.263031
53.270138
53.248825
53.355396
53.326977
53.291439
53.497486
54.193722
54.53476
54.364235
54.47081
55.081802
54.833134
54.094265
55.181259
55.678589
53.00016
53.149361
52.474419
51.799488
51.756851
52.517052
52.282589
52.88649
53.135166
53.142258
51.906044
51.742645
52.055252
51.934479
52.751511
53.021465
53.639584
53.596947
53.689312
54.072952
53.355396
52.566788
52.666759
52.816727
52.802452
52.873859
52.673889
53.173786
53.737953
53.530857
52.638206
52.75959
52.623909
53.195202
53.395176
53.302326
53.302326
53.587975
53.680824
53.438011
55.837479
55.658955
55.744625
54.6306
54.309261
54.809135
54.930527
55.030521
55.551815
55.680367
56.244545
55.64468
55.287594
54.794861
55.030521
55.994587
56.187408
56.101704
55.673225
55.894608
55.608948
55.223331
55.944592
55.973152
56.101704
55.694645
56.194542
56.001724
55.823196
55.658955
55.201912
56.70871
56.53019
56.330238
57.71563
58.17268
58.344063
58.272659
58.358356
58.086987
58.993908
58.736832
58.072685
58.336941
58.208382
57.383286
57.663113
58.000332
58.057701
58.158169
58.150982
58.674717
57.6703
59.0765
61.637886
62.312313
62.771503
63.058468
63.001072
63.804646
63.496132
63.388523
62.671047
64.644089
64.141853
61.752674
63.072819
61.967926
62.814545
62.699749
61.250435
62.053997
63.854889
65.060211
63.661144
63.539162
63.653996
62.219025
59.5644
58.739319
60.984982
61.845959
61.709641
63.696995
62.613647
63.883583
63.63245
62.010983
63.410049
63.445911
64.579536
65.081741
65.160675
65.892494
63.732899
63.331108
63.223488
63.237877
63.431549
63.331108
63.331108
66.401886
66.96151
66.638649
67.270012
66.351662
68.439491
69.702271
70.458549
70.415337
71.200455
69.464569
68.254486
68.97477
69.723869
70.134415
70.566597
70.228081
70.062401
70.047981
70.220856
69.010773
69.738266
70.825897
69.017975
68.261665
69.983162
68.888329
70.753891
70.753891
70.861938
70.047981
70.480156
68.917137
69.709465
69.615822
72.165649
70.732231
72.424957
70.055191
68.693832
69.961578
70.033592
68.837906
68.304901
66.396133
67.714264
66.569016
67.296486
66.720276
67.339714
69.709465
70.249672
71.337303
71.106819
71.114021
72.208862
73.606224
73.303688
74.247269
73.836708
73.274895
74.124825
73.029991
71.294083
73.397331
71.474182
70.660248
72.619438
72.662613
73.685455
72.641014
73.270058
