Adjusted
41.222771
41.660397
42.67564
42.67564
38.24704
39.384819
39.909954
40.032475
40.540112
38.859695
38.719639
38.772163
37.00423
36.409069
37.984474
36.251534
35.271294
35.46384
35.603874
34.781178
34.60614
34.921207
33.818424
35.000385
34.33004
34.559357
34.92984
34.947483
34.876907
34.912193
35.370872
36.958584
36.217659
35.72369
36.641045
35.194462
35.882458
35.776611
36.111797
36.164738
36.058872
35.265022
35.300297
33.90662
33.74786
33.165699
32.759945
33.289188
35.070961
35.176819
36.711624
37.293774
37.487827
37.399601
38.59922
36.74691
37.628956
36.65868
35.688419
35.988319
34.188904
34.241821
35.459072
35.123882
35.353222
38.158192
38.052349
37.752441
37.487827
37.540741
38.899136
39.851768
39.463657
40.063461
40.134033
40.010532
40.063461
38.828571
38.6698
39.64006
40.063461
40.72052
40.471912
40.986923
41.164505
41.2533
40.951385
40.383125
41.004665
41.324326
40.791561
40.32983
40.400875
40.365372
39.015701
39.335346
40.702782
42.123463
42.336563
43.348804
43.242256
42.673981
43.703983
44.929314
44.520878
46.136902
45.888283
46.048119
45.284481
46.083637
46.314491
46.421028
45.426556
46.669655
47.237946
47.237946
46.793964
46.598629
44.520878
44.32552
43.526382
44.822758
44.556393
45.284481
45.284481
45.337765
44.929314
45.657417
45.835018
45.231216
44.307766
44.876053
44.591896
43.952599
43.686218
43.171204
43.863789
42.958096
44.165695
45.550877
45.888283
47.433289
47.823978
47.841728
47.859489
49.315697
48.143642
48.605354
47.628624
47.235748
47.325043
47.914368
48.557281
48.396538
48.253685
49.646652
49.46806
50.325272
50.093094
50.468128
51.057449
50.23595
49.62878
49.55735
49.325188
50.628868
51.003883
51.111031
50.521713
50.164536
49.985954
50.360966
51.021751
49.860958
50.414555
52.111099
50.968166
50.25383
50.021664
50.539562
50.807438
49.396629
49.378757
49.021595
48.503693
47.646484
48.860859
46.717842
47.664341
48.450123
50.27169
50.485989
50.343128
51.200344
53.004047
53.093342
53.77195
54.879192
54.932774
55.039913
53.789814
53.932678
53.807686
52.950462
52.77187
52.075386
53.557652
54.396992
55.879272
57.415092
56.379307
57.486526
57.200794
57.344334
57.757019
59.156532
57.541687
56.375423
58.690006
59.443592
58.079964
58.474709
57.864643
57.541687
56.285728
56.267765
56.841934
58.026142
58.510593
58.869457
60.878994
61.273731
61.847893
63.606274
62.762959
63.731873
62.727085
60.520145
62.170849
62.493858
62.691204
62.762959
63.893368
65.274933
66.925629
67.67923
67.069168
66.423248
67.266586
69.814407
68.378983
68.181618
67.374191
69.581123
69.060799
68.540474
69.365822
66.835915
64.539299
63.068012
64.521339
63.642155
62.870632
64.987854
65.131393
65.364662
63.51656
63.426857
63.265366
60.609856
59.748615
61.327583
60.071575
61.184021
61.274143
61.940918
63.202469
62.968204
64.049477
67.38353
66.500465
66.698685
68.03231
68.10437
68.014313
66.374306
67.005112
67.149254
66.338264
66.987038
67.527695
69.203766
67.96022
66.716751
66.860901
66.987038
65.635422
64.247726
61.634575
61.760715
63.292576
61.472382
61.940918
62.842052
62.733891
62.823982
61.508446
60.967781
59.688229
62.17522
62.427502
62.409508
63.166428
62.517647
62.409508
64.698296
64.680229
65.779602
62.44556
61.021832
61.742722
60.246906
59.507999
59.471962
61.256134
60.697437
59.61615
57.201218
59.670177
58.949322
58.282524
58.210434
55.885609
55.489136
55.417053
55.020576
56.408241
56.08387
55.232723
52.769894
53.349396
54.073742
54.61702
54.200508
53.928867
51.973095
53.856457
53.530483
53.059639
53.385624
54.689457
56.808216
56.138184
56.355495
56.681458
56.609013
56.572811
55.069748
55.450039
56.717686
57.224743
55.90276
56.319267
55.450039
56.391705
56.518475
56.681458
58.908871
57.912865
57.98531
59.144302
59.488354
60.647312
59.524574
59.651356
59.814335
58.492382
58.275055
57.912865
59.343502
59.216721
58.709675
58.256947
58.293163
58.58292
59.542713
59.669472
58.65535
58.22073
56.409832
55.993305
55.486267
54.816204
56.446033
57.079865
58.419933
58.003422
58.021523
56.934986
56.516479
55.479309
54.496735
54.387566
55.188171
54.860645
53.750694
53.914471
56.061573
56.862198
57.55365
57.46265
58.69997
57.862984
57.444469
58.299667
58.772755
59.77354
59.173088
58.91832
58.991127
59.591587
59.77354
60.17384
59.864529
60.574158
55.952404
56.025177
55.861431
55.333744
55.224545
55.770458
56.097969
56.898602
56.571075
56.571075
56.825798
57.06237
59.500603
60.501373
61.12006
61.88427
61.847866
61.065468
62.157207
62.01165
60.774315
60.683357
60.392204
58.572617
59.227676
59.264053
59.118488
56.953186
56.880413
57.772003
57.608212
58.336071
60.119293
60.719711
58.972927
59.136684
59.809959
58.372463
58.683247
60.694206
60.950123
60.913582
60.602783
60.602783
61.169521
62.650307
61.809368
61.443748
61.919037
62.083572
61.443748
61.516861
61.388882
61.699684
63.326721
63.034229
62.12014
62.686859
61.114666
60.072636
59.268246
57.933697
58.24448
58.664944
58.683247
59.067154
58.043388
57.220745
56.78196
56.21526
56.416344
57.147614
57.220745
57.385258
57.494961
57.915428
58.299335
57.494961
57.421822
56.654003
55.630257
55.301182
55.538849
56.105556
55.703377
54.204296
53.802109
53.93008
54.661339
54.423679
53.3451
52.467575
52.888042
52.668671
51.864277
52.35788
53.125694
52.96117
53.948364
54.039772
54.168396
53.543663
53.96627
54.425632
55.123886
53.727386
54.150024
54.848248
54.921757
54.774765
56.226349
57.034821
57.145096
56.428474
56.942944
57.806568
58.118938
59.019291
58.174065
57.512573
57.475838
58.431316
57.604454
57.402328
56.814339
56.005856
56.961342
57.292091
58.045437
57.659573
57.990311
58.210793
57.806568
56.887852
55.840488
55.785339
55.21574
54.333767
54.940128
55.840488
55.619991
55.270866
55.087116
55.087116
57.82494
58.082207
57.273685
57.549328
55.858841
54.940128
53.837646
54.370502
54.003033
53.102654
54.29702
53.653915
54.094891
53.010784
52.790283
52.496284
53.32317
53.635532
53.837646
54.410191
54.207039
54.151627
54.207039
52.877254
52.452465
50.882584
49.312698
49.128002
50.254635
51.436649
51.104214
50.697895
51.233482
50.716377
50.162277
50.494732
50.734829
50.05146
51.085747
51.288902
50.45779
50.476269
50.383911
50.383911
49.811356
50.05146
50.605541
50.36544
50.901062
51.584423
52.175423
51.713696
51.344307
51.141151
50.217682
48.869431
48.186085
48.703209
48.573933
48.259956
48.278416
48.389248
48.019867
48.186085
50.236153
51.141151
51.085747
50.642487
50.919521
50.790222
51.104214
51.898392
52.711033
52.877254
52.840324
52.378586
52.212364
51.990742
52.76643
51.806034
51.54747
53.117344
53.284451
52.170483
51.502106
52.059074
53.135914
53.60006
55.271004
55.178177
54.287003
53.507229
52.7089
52.114784
52.170483
52.653198
51.390713
50.852306
51.000828
50.666634
51.019402
50.276756
49.738335
50.462425
49.979691
50.053959
49.311333
49.051388
49.831169
50.351021
49.756897
49.292763
48.977119
49.534115
48.940002
48.56868
48.420147
48.085972
45.338184
44.929756
44.576988
44.688377
45.39389
45.338184
44.317062
43.370205
42.608978
42.53474
42.776081
42.070572
42.423321
42.163399
41.847786
42.646126
43.073132
43.221668
44.038574
43.370205
43.351639
44.447037
44.094273
44.261368
44.317062
44.595554
45.096832
45.67239
46.307503
46.942619
47.017338
48.455688
48.549095
48.94136
49.090805
49.837994
49.707241
49.053455
49.184189
49.408352
49.314972
49.894032
49.875366
50.230282
51.052208
51.556568
52.060913
51.20163
52.826782
52.490551
52.247719
52.752068
53.405857
53.106979
52.583942
52.434498
53.256435
53.21907
52.733368
52.733368
53.331142
52.864132
54.153061
54.78817
55.012329
54.638733
55.311218
55.385925
55.2365
55.852921
56.170506
56.618797
56.432014
57.104477
55.292542
54.545334
53.816826
54.078335
54.395912
54.078335
55.087063
53.798138
54.50798
54.750828
55.55405
57.496761
58.468113
57.029758
58.84174
58.391247
57.527878
57.396473
60.118042
57.940788
58.522633
58.316174
57.92202
56.75832
58.879257
57.978325
57.002323
57.021107
56.683243
56.870937
56.476788
56.608181
55.482018
55.031563
55.463253
56.120167
57.058647
55.932491
54.806316
54.018036
54.074326
54.862614
54.599854
55.557098
56.120167
56.739536
56.514324
55.932491
54.693699
55.106628
55.406929
55.988773
56.927265
56.626942
57.64048
57.659256
57.35894
57.997097
57.92202
59.442341
60.362041
61.000191
61.619576
63.984497
63.984497
63.271255
63.815556
65.992821
65.598648
65.260803
66.424507
66.687248
65.880188
65.617439
62.689423
63.402649
63.94696
64.341103
63.568184
65.000916
66.169739
68.092621
68.978638
68.281128
67.904083
65.623047
63.096905
63.417374
60.627308
59.024918
60.287964
58.723282
58.13887
58.478218
59.684727
60.891243
59.383099
59.797848
61.400257
61.400257
59.156883
57.856102
56.649597
56.687302
56.894653
56.046318
54.575901
55.725857
57.045479
56.724995
54.858669
55.028355
56.234859
56.53648
56.894653
57.743015
57.271698
57.592178
60.137161
61.004372
62.380531
61.90926
63.002651
63.247688
62.983772
59.910938
60.419952
58.421665
58.044613
56.970074
57.328266
58.421665
56.498787
55.725857
56.065189
56.517632
56.140598
55.273403
56.046318
56.46106
55.216854
56.183243
56.08849
56.031651
55.709507
55.046318
54.648399
54.818928
53.568302
52.924061
53.985188
54.402058
54.023079
53.871498
54.515751
55.065266
54.818928
54.326263
54.818928
54.667332
54.572594
53.928341
54.174675
54.970516
54.743137
54.553658
54.781025
54.345207
51.464977
51.919758
53.056694
52.791416
53.303036
53.966228
53.208282
52.412437
52.431385
52.090294
51.71133
52.431385
52.582962
52.848255
53.132484
52.336639
51.351299
51.464977
52.241879
52.564022
53.037746
53.606201
50.877583
50.403854
50.479649
51.768162
52.147156
51.881855
52.166092
52.033455
52.090294
52.507175
52.620869
52.317673
53.625153
53.549355
54.781025
53.961975
54.285801
54.266739
54.895321
54.971508
54.723885
55.257225
54.30484
54.266739
54.114376
54.381035
53.923889
53.847691
54.228653
55.600082
57.961983
58.495312
57.447697
57.523888
59.028667
59.37151
58.800087
59.390572
58.742947
58.57151
58.685795
59.257236
59.142944
58.304855
58.000076
58.590561
59.123898
57.942951
58.05722
57.21912
56.08968
55.974812
56.223682
57.468006
57.468006
57.448856
56.147102
55.725956
55.055958
54.519939
54.596504
57.869999
58.329445
58.942013
58.540031
58.444309
58.004013
60.10976
59.669472
60.435211
60.875492
60.243782
61.392334
60.875492
61.851784
62.159702
63.121941
62.429138
62.660065
63.218155
61.871056
62.814034
62.583076
63.314388
67.355728
66.528214
66.797615
66.93235
67.105522
67.644371
66.874603
67.509682
68.048523
65.027115
64.295845
63.98793
62.929474
61.062756
62.37138
62.332878
62.525326
63.891708
64.315094
63.025719
64.122643
65.200317
64.430557
65.354279
65.565994
65.142586
64.834679
65.796913
65.758415
65.431282
64.623009
64.815422
65.238831
65.277321
66.624451
66.393494
66.566689
67.105522
67.163246
67.509682
67.490425
67.586639
67.240265
66.913094
66.335739
66.066315
66.143311
65.719948
65.335052
68.818298
68.914551
69.26091
68.298706
66.893845
67.454697
67.80278
68.963142
74.706833
76.389305
74.900238
72.772919
73.546486
74.165314
75.983215
75.499733
75.712456
76.834137
75.403046
75.325661
78.071838
77.762413
79.096786
78.071838
79.754311
79.831688
80.179794
79.270836
78.497284
77.066193
75.287018
76.698753
76.002579
76.079948
78.284584
79.599609
80.450539
80.992058
80.411865
77.83979
78.013824
77.3563
76.215271
74.842216
75.364365
76.002579
78.381271
79.464249
80.257133
79.967056
80.566582
81.920319
80.566582
82.055679
87.586639
91.570518
90.448837
90.139404
89.829987
86.290932
83.312714
82.09436
79.773651
79.116165
73.488464
72.347443
73.971939
73.875259
73.719833
73.583893
70.281532
69.290802
71.116837
72.049248
68.84404
67.387138
69.038292
67.717377
65.463989
62.006256
64.667564
66.668404
67.212311
70.35923
69.485077
71.272217
71.835571
68.688652
70.689484
70.223267
70.961441
70.728333
70.864288
70.903145
67.736809
66.143906
66.435272
65.366875
66.862633
68.921761
68.436096
71.660744
72.418358
72.418358
72.651459
71.893852
71.87442
74.72995
75.759514
75.992645
76.050896
75.468124
73.117653
73.156502
75.351585
74.399734
77.158188
75.235031
73.972366
74.069504
74.22493
72.437744
73.758698
74.555145
72.729164
73.292488
74.32206
74.205482
74.574554
76.439423
78.537361
76.478287
77.239136
73.942017
75.229652
73.942017
75.249168
72.966537
73.47377
72.361717
69.981514
71.464256
71.912987
70.878967
70.839973
68.420761
69.02552
68.615845
68.576813
68.050072
68.362213
70.644836
71.308174
70.957008
69.240128
68.771912
69.474258
69.962021
72.010559
73.84446
70.48877
71.952003
70.878967
68.654854
66.138069
67.113594
67.289162
69.045082
70.917992
72.205635
72.986046
72.166618
71.912987
