Adjusted
25.957253
26.049271
26.96242
26.601418
26.403204
26.96242
27.026123
27.280958
27.203091
26.665113
26.452753
26.141296
25.447598
24.831755
24.966246
23.854902
23.65671
24.789284
24.88839
24.576927
25.15029
25.270628
24.562771
24.527382
23.897385
23.883224
23.762886
23.479742
23.005474
23.040867
23.465591
24.279623
24.244234
23.833677
23.819515
23.345255
23.401878
23.168283
23.416035
23.769966
23.472668
23.189518
23.458508
23.040867
23.408957
22.56661
22.361326
22.290539
23.387726
23.699177
25.242323
25.525465
25.695343
25.978487
26.799612
25.730738
24.959173
24.902542
24.371656
24.223001
23.522217
23.798281
24.649738
24.607161
25.174801
25.380573
24.997416
24.408493
24.74198
24.564592
25.267048
26.182364
25.792118
26.310087
25.877258
26.884823
26.622284
26.288803
26.03336
26.601007
26.771286
26.863527
26.785484
27.289251
27.182825
27.743376
27.679502
27.154451
28.240061
28.679985
28.594816
28.672895
29.084421
28.821878
28.162001
28.140707
28.445826
28.346497
28.374874
28.892847
29.53853
29.112806
29.559816
30.070696
30.049408
30.837013
30.865389
30.63833
30.347408
30.58157
30.971838
30.964725
30.81572
31.638792
31.227261
31.156294
30.539009
30.460932
29.893305
30.17713
30.13455
30.219692
30.099072
29.666248
29.808496
30.078772
30.064541
30.989178
31.451485
31.15988
30.790024
31.266554
32.290771
32.105854
32.390331
31.878239
32.390331
31.622189
31.842665
31.778669
31.579508
32.433018
32.013359
31.899567
31.543959
31.415926
30.882492
31.060289
30.19257
30.974939
31.465714
31.565285
31.351908
31.935141
31.856897
32.397446
32.361904
32.433018
32.56815
32.340561
32.667721
32.304996
32.098724
31.686205
31.629309
31.970697
32.041836
32.4188
32.475681
32.354794
32.148514
32.504131
32.404564
32.041836
32.312099
31.935141
31.750198
32.184067
32.255203
33.485645
33.464317
33.158478
33.435883
32.646393
32.440132
31.906677
32.4188
32.048935
32.833061
32.911469
33.203724
33.175224
33.367683
33.160957
33.581532
33.866657
34.330006
34.935913
34.42979
34.486805
34.101894
34.158913
34.501068
33.53162
33.952206
33.945076
33.324905
33.888042
33.752605
33.160957
33.453217
33.667072
33.588642
33.724094
33.766865
33.146698
32.847313
32.419617
32.804539
32.647728
32.312691
31.314726
31.706779
31.991907
31.649744
32.006165
32.18438
32.326946
32.59782
32.583569
32.825939
32.647728
32.783157
32.840187
32.433872
32.897217
32.576427
32.212883
32.255653
32.220028
32.298431
32.269917
32.077461
33.339176
33.652821
33.816769
33.987854
34.130413
34.094769
34.572369
34.493778
34.450916
34.108074
34.408085
34.465214
34.565216
34.465214
34.208065
34.07235
34.19379
34.822365
35.486675
35.650963
35.886692
36.000984
35.715252
35.68668
36.393848
36.058128
35.536674
36.393848
37.029572
37.529602
37.508156
37.329578
37.201012
37.90102
37.936745
37.751019
38.365326
38.10817
38.322456
38.343884
38.143887
38.143887
37.972458
37.90102
37.98674
38.272469
38.136745
38.158169
38.322456
38.151024
38.208172
38.115314
37.693874
37.958176
37.98674
37.279587
36.808155
37.229576
36.393848
36.179535
36.429558
36.829548
36.486706
35.86525
35.86525
35.736679
35.679546
35.736679
36.329563
37.079575
37.108208
37.358688
37.523308
37.637825
37.501842
37.487522
37.315742
37.401634
36.786144
35.641052
35.605263
36.199291
35.934464
35.433495
35.698307
36.342426
35.977413
35.984566
35.891533
35.097134
35.097134
35.032703
35.34761
35.290356
35.440662
35.197319
34.703518
34.531738
34.453014
34.503117
34.689198
34.968304
34.903893
35.061348
34.953999
35.30468
35.519402
35.734089
36.1134
35.963112
36.514187
36.285164
36.213596
36.442612
36.320961
36.485554
36.821918
36.979374
36.664467
36.643013
36.53566
36.657314
36.864883
36.829098
37.186939
36.857716
36.857716
36.778996
36.471245
36.750366
36.456944
36.693108
36.843704
36.807838
36.743301
36.449295
36.578365
36.047726
35.86129
35.64616
35.488415
35.316311
35.065323
34.943436
34.742638
35.223076
34.670937
34.656593
34.498848
35.065323
35.452522
35.775227
35.825432
36.033398
36.054905
35.789577
36.004711
35.531437
35.380852
35.35215
35.918644
35.94733
35.474072
35.38802
35.438198
35.660492
35.875622
35.732227
35.85413
35.638985
35.674866
35.818249
35.940178
35.85413
35.588799
35.868454
35.933006
36.191147
36.040554
36.56403
36.528175
36.499493
36.807838
36.922569
36.807838
36.499493
36.499493
36.85804
36.685925
36.915413
36.477982
36.477982
36.721786
36.32021
36.449295
36.843704
36.901062
37.0373
37.740044
37.833267
38.28606
38.142315
37.552971
37.754215
37.883583
37.481087
37.164864
37.732635
37.876381
37.495468
37.452343
37.581711
37.17923
36.762386
37.215179
37.768589
37.912312
38.142315
38.027321
38.810734
39.055088
39.493504
39.615688
39.356941
39.263519
39.364136
39.809742
39.982235
40.248154
40.075649
40.276924
40.269726
40.032543
40.334412
40.391911
40.42783
40.327217
40.118782
40.039719
40.571587
40.355976
40.42783
40.435024
39.852859
40.018166
39.74506
39.658791
39.558205
40.212227
40.348789
40.205029
40.183472
40.140343
40.564384
40.909378
40.557213
40.42783
40.499714
40.449398
40.355976
40.514088
40.183472
39.579754
39.21241
39.010723
38.722622
38.801842
38.441704
38.355263
38.088772
37.973518
38.283245
38.218414
37.743027
37.404495
37.887085
38.492115
38.247238
38.016724
38.031139
38.427303
40.876274
40.170395
39.911091
40.206417
40.019127
39.666195
39.4501
39.695
39.752621
39.327663
39.255634
39.342072
39.255634
38.989136
38.737026
38.888275
39.147587
39.313248
39.003532
39.363667
39.399681
39.406883
39.579758
39.579758
39.198006
38.643383
38.917099
38.564152
38.787457
38.535347
37.944714
37.77903
37.743027
37.66378
36.864269
36.316856
36.216019
36.799458
36.669804
37.160744
37.088558
36.74921
37.03801
36.980255
37.204071
37.362904
37.211285
37.052464
37.65892
37.601162
36.900845
36.619255
36.770889
36.496525
36.121094
36.388226
35.96225
36.799751
37.218521
37.615612
37.326813
38.048786
38.301498
38.265381
38.640831
38.395348
38.265381
38.113777
37.889942
37.817764
37.644489
37.362904
37.875511
38.005474
38.655262
38.438683
38.308716
38.301498
38.193203
37.998238
38.178757
38.445904
38.879089
39.045158
39.16787
39.117348
39.088467
39.471107
39.384472
39.485569
39.499989
39.680496
39.709366
39.702156
39.651604
39.586632
39.435017
39.528881
39.550529
38.756329
38.705799
38.532532
38.987385
38.719646
38.517056
38.741367
39.038036
38.538761
38.690704
39.023575
39.052505
38.951218
39.023575
39.132114
38.900562
38.350628
38.64006
39.00909
39.313007
39.486664
39.479431
39.276821
39.761642
40.137909
39.797821
39.674809
40.087254
40.145138
40.412872
40.383911
40.304333
40.224735
40.883202
41.100288
41.006226
40.904926
40.564831
40.543133
40.608238
40.593769
40.724018
40.521412
40.116192
40.326042
39.80505
40.44183
39.942528
39.971481
40.014912
40.058304
41.216057
41.512745
41.505505
42.106091
42.395535
41.780464
41.223297
41.650219
43.025059
42.713905
42.33041
41.245007
41.245007
41.172642
41.245007
41.027943
40.970051
41.614044
41.563396
41.95422
41.276352
41.491791
41.491791
41.284622
40.646538
40.754272
39.950466
39.983604
39.734997
39.875877
39.685272
40.58025
39.246086
39.072056
41.052593
41.201759
41.549793
40.522247
41.052593
41.243198
40.729408
41.408936
41.210037
40.936581
41.268055
40.712841
40.878586
41.317791
41.806686
42.187885
42.204468
41.500088
41.019459
41.359211
42.179592
42.883968
43.422611
43.6049
43.78722
43.198868
42.610504
43.082851
42.76796
42.58564
42.6768
42.353619
41.972412
42.386772
42.287327
42.071857
42.643654
42.618793
43.033142
42.486206
42.883968
43.414318
43.339745
43.348026
42.486206
42.618793
42.353619
42.643654
43.571777
43.148186
43.604988
43.754498
44.842541
44.709652
44.4688
44.477089
44.385735
43.987061
43.829262
43.679741
42.691368
42.724586
43.870777
43.937218
44.28606
44.269447
43.754498
43.563473
43.704655
43.654827
43.463802
43.372437
43.247849
43.796036
44.053497
44.020283
44.036911
44.443871
45.008656
45.249527
45.224606
44.734577
45.548527
45.32428
45.573463
45.465481
44.751179
44.950527
44.668121
44.643208
44.643208
44.510323
44.717972
44.186398
45.041889
44.717972
44.817623
44.867474
44.950527
45.390724
44.950527
44.510323
44.477089
44.10334
44.169769
44.319286
43.663143
43.604988
43.297688
43.646538
43.54686
44.211304
44.036491
43.512058
43.037563
43.162422
42.662949
42.613022
42.629665
42.454838
43.537022
43.17907
43.653576
43.495411
43.104156
42.712902
43.204052
44.702473
44.794033
43.961594
43.728497
43.603638
43.911625
44.744087
44.619221
44.594234
44.635868
43.878326
44.028175
44.227951
44.103088
43.287304
43.212368
43.478767
43.204052
43.470451
44.461052
45.027111
45.293491
44.785706
45.251877
45.601498
45.551559
44.619221
44.336159
44.51931
44.444405
44.502674
43.978226
43.470451
43.903309
44.594234
44.053143
43.470451
43.894978
44.227951
43.911625
43.778439
44.111423
43.545361
43.437145
44.860619
44.302883
44.669159
43.826015
43.85944
43.391945
43.492119
43.817673
43.5756
42.782551
42.799244
42.782551
42.532127
43.492119
43.233337
42.256638
42.290031
42.440296
43.199932
42.815964
43.567253
43.458729
43.500465
43.21664
43.517151
43.58395
43.492119
43.634026
43.458729
43.391945
43.24168
43.24168
44.084808
44.268463
44.669159
44.460468
44.493851
44.31855
44.243416
44.35194
44.176628
44.193325
43.867764
43.800976
43.85944
43.867764
43.951248
43.675774
43.659065
43.926189
43.809338
43.91785
44.585686
44.644115
44.869514
44.652458
44.585686
45.295246
45.278564
45.170017
45.8629
46.714367
46.7728
46.73941
46.814552
46.06324
46.73941
47.342075
47.417423
47.36718
47.30859
48.262806
48.087036
48.455318
48.56414
48.246056
48.631092
48.4888
48.52227
48.58086
47.417423
47.459255
47.593185
48.396721
47.936367
47.969833
48.388348
48.254425
48.095398
47.760582
48.681309
48.924057
49.443005
49.30909
49.267227
49.359303
49.668999
49.78619
49.861504
50.087513
49.869896
49.727589
50.129375
50.137741
49.233738
49.300724
49.191895
49.150047
49.007751
50.129375
50.095882
49.945221
49.526703
50.079155
49.643906
49.48484
50.196327
51.811794
51.594151
51.702969
51.518814
51.334675
50.941257
50.932907
51.192387
51.535564
51.175644
50.782249
50.647984
50.278778
49.615891
50.085789
49.76693
49.733368
49.884407
49.515213
49.615891
49.691414
49.506813
48.74324
48.71806
48.281727
49.448074
48.474724
48.541851
48.365639
48.676102
48.852325
48.72644
48.801975
48.835529
48.71806
49.238293
49.078873
48.273346
47.828632
48.332066
49.246677
49.380955
49.523594
49.263477
49.112427
48.793583
48.684513
47.946095
46.645473
47.719536
47.451023
46.519623
46.066521
47.299988
46.87204
47.677586
47.744709
47.585278
45.940643
46.746189
47.081825
46.611916
47.023094
47.207684
48.239796
48.197819
48.189434
47.996437
47.350327
46.87204
47.375519
47.325169
46.87204
47.048725
47.376869
47.082378
47.41893
47.460987
47.158104
47.545128
48.260281
49.26992
49.000687
49.168968
49.598049
51.32283
51.449024
51.247108
52.433418
52.281975
52.281975
51.045181
51.592056
52.786804
53.392574
53.333679
53.232712
53.232712
53.241127
52.795208
52.980301
52.517555
53.022385
53.830082
53.476707
53.813251
54.074062
54.074062
53.83849
53.863724
53.535599
54.132969
54.688255
54.671432
54.747158
54.705067
54.511574
53.628151
52.786804
53.0392
53.056019
52.265156
53.131756
53.123344
53.653381
53.123344
53.131756
52.206268
52.71949
51.987499
51.995918
51.600475
51.768749
51.507927
51.474281
51.987499
52.645344
51.768215
51.877865
52.66222
50.857346
50.840477
53.412846
52.991146
52.189919
54.602047
54.863514
55.285202
54.408073
54.534576
51.591091
52.063404
50.823601
49.381367
50.722397
49.372955
50.292259
51.371807
48.487366
50.798302
50.966984
53.1008
51.152527
51.262157
50.140438
48.327118
47.854824
49.060875
49.668133
49.491024
49.878983
50.713955
50.629627
51.354942
50.570583
48.369297
49.035587
48.681355
49.440426
51.253735
50.030796
50.098282
48.706657
49.516312
50.072971
50.165741
51.110363
49.710323
49.086193
51.279037
51.405556
50.705528
49.997063
49.246433
49.617538
49.769337
50.24165
50.072971
51.135662
51.127216
50.611458
50.52692
51.659889
51.31324
52.860497
52.327839
52.801319
53.4608
52.251747
50.924316
50.797485
49.596886
48.286346
48.083431
49.596886
49.833611
50.52692
51.296329
51.161049
50.98349
51.533062
49.368584
49.393951
49.182571
49.520775
46.815182
47.432407
47.76215
47.423946
50.019619
49.968906
49.241779
49.605331
48.506187
48.193363
45.944328
47.035023
45.267933
47.026562
48.540001
48.100346
49.867439
49.54615
48.286346
48.979671
50.332455
48.159538
48.683746
46.130337
45.724503
45.521591
44.21106
44.118065
43.779846
43.889774
43.145721
43.923592
45.014275
44.726803
43.204914
42.985096
