Adjusted
73.550003
72.980003
71.059998
69.68
67.889999
68.959999
68.699997
66.449997
65.5
64.349998
65.099998
66.150002
63.700001
61.099998
62.700001
60.830002
58.610001
60.75
61.200001
64.360001
65.709999
66.089996
65.5
65.589996
64
64.150002
62.990002
64.300003
64.230003
63.799999
65.699997
66.660004
65.25
66.25
66.559998
64.5
64.959999
64.860001
65.5
65.800003
66.029999
63
64.5
64.059998
65.129997
64.25
64.209999
64.5
68.970001
69.970001
72.339996
71.199997
71.18
71.139999
73.150002
70.370003
72.050003
72
70.849998
69.82
68.709999
69.5
72.199997
75.410004
76.379997
76.610001
75.57
74.040001
74.900002
75.239998
76.489998
77.790001
75.099998
76.989998
75.790001
78.5
80
79.309998
78.129997
79.32
80.339996
80.809998
80.959999
82.470001
83.599998
85.629997
84.989998
85.099998
86.849998
87.410004
86.599998
84.980003
85.550003
84
83.010002
83.150002
84.209999
85.599998
84.919998
87.410004
83.739998
83.449997
83.68
82.290001
81.870003
82.400002
83.629997
81.870003
80.139999
81.040001
81.050003
81.690002
79.080002
77.800003
79.150002
76.449997
76.830002
76.650002
76.959999
76.07
75.589996
75.449997
77.029999
75.970001
75.389999
75.629997
75.980003
76.830002
79.279999
78.279999
76.260002
77.330002
78.860001
79.449997
78.370003
78.93
79.419998
77.639999
77.75
78.839996
78.769997
80.169998
82.970001
83.75
83.580002
83.260002
82.650002
82.139999
80.029999
80.580002
80.629997
82.910004
82.879997
83.879997
85.699997
86.449997
86.830002
87.050003
87.650002
88.610001
90.550003
89.760002
90.5
89.330002
90.07
89.870003
91.800003
91.639999
89.800003
89.18
88.739998
89.790001
86.029999
87.5
87.330002
87.870003
87.290001
87.5
87.599998
88.809998
89.690002
89.730003
94.089996
94.510002
92.059998
91.099998
91.599998
89.529999
92.68
92.629997
93.07
93.550003
93.650002
92.489998
92.760002
92.650002
93.019997
94.419998
93.57
93.940002
93.059998
93.879997
94.690002
94.230003
95.580002
95.449997
97.970001
100.339996
101.650002
103.529999
96.099998
96.599998
97.309998
96.629997
96.120003
93.300003
90.550003
92.900002
93.629997
93.139999
91.519997
90.879997
91.099998
90.900002
91.360001
92.949997
95.32
96
95.949997
95.660004
97.760002
96.150002
94.25
93
91.629997
92.330002
91.339996
80.25
81.099998
82.160004
81.480003
80.879997
81.599998
82.330002
82.709999
82.839996
83.110001
83.620003
83.699997
84.5
84.709999
85.209999
84.18
83.199997
84.93
84.599998
84.410004
83.860001
83.900002
85.620003
85
85.550003
84.669998
84.230003
86.050003
86.480003
85.739998
85.510002
85.900002
84
84.730003
84.32
84.599998
85.309998
86.25
86.690002
88.620003
89.800003
89.660004
91.25
90.389999
88.839996
89.150002
89.349998
88.959999
90.300003
90.330002
88.790001
90.18
90.550003
89.699997
89.68
88.400002
83.639999
83.68
85.010002
85.32
85.699997
84.459999
82.75
83.019997
82.5
83.57
83.699997
84.449997
83.68
84.559998
84.93
84.389999
85.699997
85.519997
85.449997
85.870003
85.970001
86.709999
85.599998
86.260002
85.599998
84.900002
84.25
83.410004
81.699997
81.489998
83.019997
83.260002
82.629997
86.089996
84.669998
87.099998
85.949997
85.849998
86.75
88.010002
87.660004
87.57
88.330002
86.050003
86.470001
85.040001
83.5
83.510002
84.25
84.790001
84.300003
84.25
83.059998
84.050003
83.699997
82.720001
82.639999
84.300003
83.379997
83.790001
84.690002
86.75
87.440002
87.029999
87.82
87.529999
88.650002
88.949997
89.199997
89.18
89.379997
88.760002
88.709999
87.849998
88.760002
88.529999
88.489998
88.800003
89.32
89.800003
89.599998
88.220001
80.099998
80
78.800003
79.089996
78.93
77.809998
78.279999
78.089996
77.68
77.5
76.720001
75.349998
75.080002
77.050003
76.550003
75.870003
76.370003
75.959999
77.25
76.220001
76.709999
77.199997
77.550003
75.260002
74.599998
72.25
73.809998
74.169998
75.389999
75.760002
73.599998
74.150002
77.099998
77.849998
77
77.059998
77.730003
76.080002
75.449997
75.290001
75.940002
75.360001
74.730003
74.059998
73.760002
75.400002
75.690002
75.510002
76.599998
74.940002
75.480003
76.400002
77.029999
75.93
76.150002
76.050003
75.510002
75.599998
74.760002
74.730003
75.730003
75.639999
75.900002
75.809998
77.25
77.050003
77.040001
77.25
77.25
76.800003
77.099998
77
77.410004
76.639999
76.349998
78.269997
79.5
78.910004
80.589996
80.610001
80
80.099998
81.510002
82.089996
81.690002
81.809998
81.860001
81.800003
83.419998
84.720001
85.830002
85.339996
84.279999
84.68
84.720001
85.129997
86.459999
85.720001
87.209999
87.099998
86.300003
86.599998
86.540001
86.449997
86.900002
85.75
85.599998
87.050003
87.970001
86.139999
85.029999
84.669998
84.870003
88.099998
88.739998
87.279999
88.5
88.370003
88.68
89.25
88.809998
89.599998
91.089996
90.129997
89.279999
89.82
90.400002
90.690002
91.309998
90.75
89.699997
90.290001
89.550003
89.730003
90.739998
90.410004
90.410004
90.410004
90.690002
91.25
91.169998
90.269997
90.029999
89.050003
89.620003
89.93
89.699997
88.550003
89.25
89.75
91.599998
93.349998
95.949997
95.279999
95.019997
93.879997
94.5
94.93
95
95.139999
95.080002
95.940002
94.989998
93.059998
94.459999
95.760002
96.889999
96.900002
97.330002
98.330002
98.370003
98.400002
99
98.970001
97.029999
98.059998
98.300003
85.75
85.25
87
87.230003
86.519997
85.230003
84.959999
85.129997
85.18
84.989998
83.800003
84.879997
85.699997
85.029999
85.339996
87.199997
86.550003
86.900002
85.290001
85.480003
85.510002
84.589996
83.989998
82.779999
83.230003
83.470001
82.720001
83.07
82.339996
83.160004
83
84.309998
82.690002
83
83.830002
84.309998
85.449997
85.349998
84.769997
85.349998
84.610001
84.529999
83.839996
82.720001
83
84.25
87.68
89.889999
88.830002
88.699997
87.209999
86.800003
88.410004
90.660004
90.519997
91.120003
91.980003
91.760002
91.610001
92.160004
91.389999
91.989998
91.480003
91.610001
94.419998
94.269997
95.190002
94
94.790001
94.43
93.220001
91.660004
90.779999
91.419998
93.559998
94.080002
92.459999
93.190002
95.040001
95.099998
95.739998
96.900002
97.129997
97.620003
98.019997
98.080002
98.099998
98.400002
98.800003
99.349998
98.360001
99.139999
98.129997
97.610001
97.849998
99.379997
97.440002
97.889999
98.760002
103.800003
101.900002
100.489998
99.800003
100.690002
100.190002
99.07
98.339996
99.160004
98.099998
98.239998
98.290001
95.639999
95.07
95.699997
95.989998
96.919998
95.449997
95.370003
93.900002
94.5
93.389999
92.650002
94.980003
96.300003
94.720001
95.459999
96.870003
94.239998
93.559998
93.300003
93.019997
91.510002
90.269997
86.110001
88.720001
88.059998
88.25
87.760002
86.739998
86.849998
83.25
82.580002
82.769997
81.360001
82.18
82.32
81.349998
82.18
80.82
81.449997
82
82.190002
80.239998
81.099998
78.980003
78.400002
79.5
78.959999
79.5
77.760002
79.730003
80.900002
80.5
85.290001
86.5
86.040001
87.650002
86.410004
85.650002
86.230003
86.739998
86.07
85.309998
85.879997
88.010002
88.099998
89.220001
88.519997
88.610001
88.940002
88
88
89.059998
89.449997
89.040001
86.949997
92.75
94.160004
94.029999
94.279999
92.949997
92.529999
94.559998
92.830002
92.160004
91.980003
92.620003
92.199997
92.099998
92.419998
91.580002
92
92.389999
91.75
92.760002
91.900002
91.980003
91.010002
92.459999
92.459999
93.330002
95.93
95.779999
94.93
94.949997
95.370003
94.779999
94.480003
95.519997
95.029999
94.949997
95.82
96.519997
97.75
97.610001
97.040001
97.199997
96.400002
97.120003
97.279999
98.230003
98.050003
98.419998
100.230003
99.75
99.370003
99.300003
98.18
99.010002
98.940002
99.419998
98.910004
96.68
100.290001
97.68
95.809998
95.400002
95.93
95.870003
95.199997
96.830002
97.239998
97.519997
97.589996
97.779999
97.220001
97.32
96.809998
97.25
98.220001
98.260002
98.849998
98.769997
98.919998
99.480003
99.690002
99.559998
99.879997
101.059998
100.860001
99.5
99.029999
96.18
96.099998
95.830002
95.779999
96.629997
96.169998
96.239998
95.190002
94.260002
93.400002
92.910004
94.239998
93.610001
93.120003
92.120003
92.010002
91.410004
92.699997
93.970001
93.599998
93.550003
92.519997
91.349998
90.75
90.050003
89.949997
90.269997
90.5
88.489998
87.900002
90.150002
88.879997
88.919998
89.300003
90.730003
91.68
91.699997
89.760002
89.699997
90.459999
93
92.940002
91.110001
91.139999
92.400002
93
92.540001
92.260002
93.110001
94.110001
93.849998
93.519997
93
92.550003
92.269997
89.800003
88.199997
88.970001
87.279999
86.419998
86.279999
85.940002
85.800003
85
85.25
84.419998
85.480003
84.669998
86.349998
85.040001
85
86.440002
88.470001
87.550003
86.379997
87.150002
87.870003
87.150002
87.849998
88.699997
89.010002
89.040001
87.730003
86.32
88.269997
88.669998
86.699997
87.610001
88.120003
88.190002
89.349998
88.449997
88.139999
88.339996
86.400002
87.209999
88.150002
88.379997
90.169998
90.300003
91.25
92.610001
91.269997
90.129997
90.489998
94.32
95.75
95.849998
95.610001
95.610001
94.099998
98.669998
101.279999
100.18
100.660004
103.440002
104.150002
105.379997
104.190002
103.300003
104.150002
105.650002
108.010002
108.260002
107.480003
108.550003
109.029999
108.330002
109.540001
108.769997
108.959999
110.5
111.620003
112.370003
112.220001
114
113.269997
109.269997
111.860001
110.900002
111.43
112
109.959999
109.919998
109.300003
111.68
111.540001
113.18
112.870003
113.129997
112.589996
114.040001
113.900002
114.720001
114.790001
114.510002
114.529999
114.940002
114.919998
113.68
113.169998
113.110001
113.610001
113.379997
114.470001
119.290001
119.410004
117.650002
117.730003
117.790001
117.089996
117
117.5
116.989998
116.220001
117.400002
117.050003
116.599998
116.5
116.620003
116.790001
116.410004
115.559998
118.610001
119.599998
118.830002
118.849998
121.610001
120.82
124.860001
124.610001
123.739998
123.559998
123.870003
125.089996
124.709999
124.949997
125.519997
124.440002
124.75
124.519997
123.389999
125.629997
126.739998
126.849998
126.410004
127.449997
127.349998
126.620003
125.559998
126.699997
127.559998
127.790001
127.489998
126.82
127.959999
128.270004
129.830002
131
131.410004
124
125.459999
124.800003
122.529999
121.57
123.699997
125.669998
126.309998
127.279999
127.339996
125.580002
124.32
125.059998
124.599998
125.010002
126.470001
127.410004
128.100006
129.059998
129.020004
128.679993
127.529999
127.68
128.139999
128.979996
129.339996
129.380005
129.630005
130.179993
130.419998
130.419998
130.820007
130.610001
132.539993
131.929993
131.649994
132.009995
133.729996
134.110001
133.570007
135.490005
133.880005
133.190002
133.039993
133.5
132.710007
132.979996
132.300003
132.520004
132.460007
135.100006
133.669998
134.800003
133.690002
130.259995
131.669998
132.850006
134.509995
133.990005
132.110001
126.330002
126.010002
127.029999
127.599998
128.570007
128.630005
130.089996
131.789993
132.169998
131.699997
131.440002
131.679993
134.419998
134.210007
137.740005
136.610001
137.389999
139.309998
139.199997
137.720001
137
137.089996
137.039993
136
137.190002
136.919998
136.619995
137.779999
138.470001
140.100006
139.919998
138.470001
134.960007
135.5
134.649994
135.880005
135.149994
135.600006
134.429993
135.660004
133.720001
133.610001
131.309998
129.050003
127.230003
127.449997
129.389999
126.809998
126.309998
127.879997
122.040001
124.370003
123.739998
122.279999
116.690002
115.879997
118.809998
115.68
114.169998
113.160004
118.169998
118.75
119.800003
122.760002
120.699997
123.260002
121.099998
115.599998
121.349998
120.230003
121.290001
118.970001
114.57
114.690002
111.489998
110.480003
110.849998
108.360001
109.120003
109.900002
108.620003
113.120003
114.540001
114.029999
113.910004
115.379997
113.75
114.470001
115.440002
116.139999
116.519997
119.309998
121.849998
120.5
124.589996
123.370003
122.970001
123.309998
123.339996
123.699997
122.139999
120.989998
121
121.290001
118.669998
120.160004
119.660004
122.010002
122.5
123.080002
123.599998
123.639999
124.410004
121.660004
121.150002
118.879997
121.18
118.919998
117.669998
113.68
114.610001
117.75
114.75
113.970001
111.639999
108.43
106
105.410004
107.239998
103.43
105.029999
108.769997
109.379997
111.629997
107.870003
128.800003
126.220001
128.190002
129.869995
132.169998
127.5
124.190002
120.580002
120.07
119.889999
120.300003
123
122.900002
122.389999
124.019997
121.699997
120.279999
118.849998
