Adjusted
24.874638
24.719782
25.07523
25.113956
25.011892
25.339186
25.268799
25.472919
25.508114
25.145622
24.987247
25.156181
24.892235
24.952061
25.198414
24.501587
24.149656
24.318584
24.491024
24.181328
24.65291
24.64588
24.156691
24.107414
24.079264
23.910337
24.005365
23.836426
23.649904
23.790678
24.237631
24.568457
24.547337
24.445271
24.762014
24.167244
24.308022
24.047594
24.353769
24.367844
24.135582
23.949049
24.279449
24.211948
24.510378
23.746542
23.316662
23.391268
24.016552
23.913523
24.556566
24.279449
24.691578
24.698671
25.04685
24.442883
24.624065
24.354055
24.26169
24.364716
23.746542
24.158667
24.805267
24.581444
24.869207
24.670256
25.171198
24.926056
25.299095
25.345272
25.579754
25.821344
25.576208
25.892408
25.863979
26.375576
26.485712
26.133991
25.785812
26.173069
26.197935
26.308071
26.379124
26.613609
26.340044
26.435972
26.382677
26.18018
26.29031
26.471497
26.403996
26.268988
26.43952
26.347157
25.746738
25.760942
25.952793
25.977669
26.201487
26.642031
26.411106
26.141094
26.361366
26.336496
26.897818
27.467531
27.489023
27.560684
27.170135
27.625187
28.087399
28.105297
28.123217
28.624844
28.606932
28.567524
28.094559
28.273701
27.918995
27.786417
28.180555
28.54244
28.524523
28.316704
28.664268
28.807585
28.667852
28.986744
29.194555
29.327124
29.237547
29.696175
29.903986
29.918322
29.660341
29.208881
29.792919
29.445358
29.807247
29.868164
29.366533
29.929071
29.678259
29.696175
29.649593
29.585106
28.929403
29.237547
28.592598
28.87924
28.854164
29.126465
28.882824
29.176634
28.947321
29.173044
29.201719
29.047646
29.097816
29.276966
29.018978
28.083799
27.825832
27.908241
27.815083
28.055153
28.395531
28.460028
28.231993
27.594965
27.562393
27.86281
27.547916
27.099102
27.363316
27.446571
27.870049
28.10169
28.221142
28.843702
28.673578
28.449167
28.612043
28.376774
28.412975
28.521555
28.492601
28.24649
28.673578
28.662725
28.793024
29.118776
29.082581
29.07896
29.198397
29.361296
29.585695
29.86076
29.701511
29.654465
29.571213
29.46624
29.325085
29.328707
29.600161
29.629124
26.628571
26.367964
26.914505
27.207684
27.410378
27.50448
27.341608
27.580494
27.812141
27.562393
27.366945
27.330744
27.439327
27.294563
27.044819
26.99053
26.766102
26.918123
26.784208
26.9109
27.109951
27.164253
27.316259
27.3018
27.634783
27.728884
27.597218
27.608191
27.472857
27.798382
27.582594
27.64842
27.758162
27.743511
27.955675
28.347038
28.486032
28.859116
28.895699
28.917637
29.009077
28.987131
29.111496
29.371195
29.444342
29.418741
28.928617
29.01273
28.965199
28.899353
28.913986
28.657938
28.712807
28.639656
28.987131
28.77865
28.903
29.287075
29.938124
29.883266
29.725981
30.080774
29.993008
29.444342
29.597973
29.795481
29.828403
29.813772
29.883266
29.993008
30.270983
29.875946
29.854006
29.989342
29.864981
29.835722
29.94179
29.835722
29.762573
29.751583
29.993008
29.791826
29.886921
29.993008
29.963737
30.040546
30.17588
30.515684
30.331017
30.559999
30.449205
30.201733
29.544292
29.381786
29.66618
29.32268
29.588612
29.71419
29.577538
29.492584
29.078917
29.005039
28.923792
29.451956
29.584919
29.932114
30.201733
29.909948
30.090929
29.736364
30.009678
30.286682
30.083536
29.935814
30.275606
29.732666
29.581226
29.651413
29.836084
29.976433
29.577538
29.762211
30.06138
30.083536
30.009678
30.20912
29.880407
29.788057
29.728968
29.909948
30.109398
30.127874
29.584919
29.012432
28.779734
28.968103
29.673578
29.614479
29.621857
29.499966
29.861935
29.788057
30.035519
30.090929
30.120481
30.449205
30.633869
30.511988
30.704052
30.670801
31.002724
30.965433
31.178022
31.562145
31.383139
31.159363
31.405516
30.786427
31.41297
31.301077
31.204119
31.517387
31.677753
31.521118
31.614347
31.86422
31.327202
31.595707
31.53977
31.558413
31.319736
31.41297
31.200399
31.41297
31.181757
31.293623
31.644201
31.74861
31.439079
31.271252
31.502472
31.841845
31.797102
31.293623
31.651648
31.647926
31.800823
31.700132
31.674015
31.688934
31.703865
31.949999
32.002216
31.737421
31.289888
31.293623
31.301077
31.700132
31.897802
31.815742
31.685204
32.110355
32.401257
32.613838
32.692158
33.00544
32.930855
33.07629
33.072552
32.893539
33.195633
33.244118
33.549934
32.886925
33.037609
32.85677
33.354046
33.233498
33.429371
33.602654
33.512264
33.414303
33.278694
33.406776
33.647869
33.429371
33.66293
33.090336
32.826645
33.135536
33.014999
32.909527
32.841709
32.645817
33.271152
33.414303
33.693069
34.0924
34.228008
34.009525
34.212948
34.303345
33.91156
33.301292
33.896496
33.888973
33.421848
32.939644
33.082794
32.999924
32.8643
33.052666
33.421848
33.542393
33.745808
33.986916
34.032116
34.38623
34.845821
34.619781
34.634869
34.604721
34.830746
35.493759
35.742386
35.659515
35.237591
35.101978
34.96637
34.544453
34.853348
34.958832
35.004036
35.011566
34.913624
34.860878
35.446728
35.317375
35.241295
35.37825
34.883713
35.081535
35.14999
34.90654
34.967396
34.8685
34.944565
35.066299
34.389179
34.632645
35.233677
35.606495
35.530411
35.499977
35.735828
35.652138
35.72821
35.751041
35.347797
34.860878
34.457642
34.404392
34.031586
34.457642
34.373955
34.282661
33.856606
34.153309
34.792412
34.214169
34.472878
34.305485
34.404392
34.685905
34.822834
34.640263
34.769581
35.279343
35.515194
35.553238
35.302155
35.674961
35.484772
35.674961
35.332603
35.705395
35.621704
35.705395
35.80431
35.583675
35.271729
34.800034
34.389179
34.792412
35.14999
35.598885
35.492363
35.819519
35.77343
35.589073
35.934746
35.696617
35.535309
35.105129
35.228027
35.158905
35.181942
34.982231
34.413784
34.398407
34.521317
34.02969
33.538067
33.783901
33.607201
34.022022
33.71476
33.814617
33.876053
33.806934
33.922146
34.037376
34.260147
34.436821
34.321602
34.552044
34.966854
34.651913
34.321602
34.014328
34.360001
34.51363
33.975918
34.098831
34.083469
34.436821
34.267826
34.467556
34.329277
34.598137
34.82859
34.843948
35.312531
35.220345
34.943806
35.128178
34.85931
35.074398
34.82859
34.667263
35.220345
35.443115
35.834885
35.681248
35.77343
35.75808
35.804169
35.750385
35.880966
35.834885
35.581383
35.907185
35.821857
35.511574
35.60466
35.573635
35.612408
35.752041
35.682236
35.620171
35.658962
36.147652
36.015797
36.17868
36.232983
36.520004
36.512238
36.147652
36.264
35.992516
36.201946
36.388111
35.379704
34.891018
34.991871
34.673813
34.658306
35.022888
35.038387
35.146999
35.488308
35.534859
35.666706
34.968594
34.766899
34.797928
34.596245
34.790169
34.642792
34.541943
34.247189
34.138577
33.820549
33.867088
34.084286
33.960182
33.905869
33.549053
33.308578
33.27755
33.161201
33.192242
33.114662
33.494762
33.913639
33.921391
33.975689
33.836063
33.92915
33.618862
33.285328
33.409424
33.231022
33.634377
33.432701
33.770157
33.825089
33.675976
34.021309
33.989914
33.770157
33.707394
33.511177
33.479786
33.464092
33.534718
34.280289
34.052689
33.746609
33.165863
33.110935
33.142323
32.961811
32.899029
32.647884
33.040302
33.040302
33.001049
32.891171
32.93042
33.142323
33.173702
33.032452
32.86763
32.875488
32.961811
33.001049
33.001049
32.624348
33.307102
33.118767
33.165863
34.044861
33.887878
33.903584
33.887878
34.515728
34.327381
34.233189
34.594215
34.539265
34.711929
34.892433
34.837502
34.955219
35.551662
35.677242
35.802803
35.512421
35.29269
35.583076
35.755722
35.975464
36.179504
36.658253
36.877983
36.540527
36.713177
36.403805
36.39587
36.5942
36.83218
36.736965
36.380001
36.316532
36.411751
36.284798
36.887707
37.109829
37.03051
37.260544
36.911507
37.038418
36.998764
37.220879
37.236755
36.935307
36.705242
36.6418
36.610046
37.347813
36.951164
36.998764
36.943245
36.967033
36.657642
36.570377
36.332409
36.332409
35.943703
35.904034
35.808838
35.05521
34.872757
35.094898
35.404263
35.618462
35.539116
35.285267
35.086952
34.864834
34.460258
34.182617
34.404724
34.49992
34.642719
34.76963
34.84103
34.666508
35.031425
35.190075
35.451859
35.428055
35.340805
35.761234
35.991302
36.268936
36.475197
36.372074
36.572578
36.211662
36.243744
36.259785
36.588627
36.660797
36.532475
36.853291
36.845264
37.101933
37.214211
37.502934
37.615215
37.615215
37.350548
37.687408
37.454811
37.615215
37.55106
36.941525
36.869324
36.580589
36.524452
36.636742
37.125984
37.334507
37.053802
36.684868
36.636742
36.540489
36.668816
36.676853
36.47633
36.861301
36.933495
37.117954
37.59116
37.751556
37.767605
38.264854
39.331573
40.037354
39.443848
39.668419
39.540085
40.053394
40.478477
40.189747
40.253906
40.237846
39.852879
39.459885
39.740604
39.812782
38.946587
38.593689
38.714012
38.705978
38.681927
38.882416
39.227306
39.604263
39.058872
39.220943
39.464058
39.917847
39.496464
39.326275
39.585602
39.731464
39.53698
39.22905
38.143169
37.794727
38.823883
38.426804
38.199898
38.151287
38.337646
38.524033
38.418697
38.459221
38.329556
38.613182
39.383026
38.97784
39.553196
39.60181
39.755791
39.545086
39.820602
39.828709
39.358692
38.8806
39.148006
39.075069
39.253357
40.476982
40.233879
40.630959
40.979404
41.173885
41.319756
41.344059
41.86269
41.757343
41.757343
42.105778
42.113884
42.397522
42.267849
42.186825
41.765434
41.749237
41.652
41.433205
42.25975
42.381306
42.251652
42.535282
42.510963
42.543381
42.535282
42.551479
42.243546
42.292183
42.373203
42.348625
42.160233
42.315876
42.389584
42.307671
42.192989
42.315876
41.922691
42.348625
42.512455
42.537029
42.143867
42.41415
42.618938
42.995731
42.790958
42.946594
43.388905
43.806667
43.610073
43.839447
43.880394
43.921341
44.568455
44.904301
44.658558
44.429211
44.65036
44.748657
44.265381
44.445599
44.552074
43.99506
43.970512
44.076973
43.626469
43.921341
43.954105
43.765713
44.232613
44.380043
43.986885
44.167095
44.126133
43.888577
43.864014
43.765713
44.404625
44.576637
44.732281
44.65036
44.863331
44.609409
44.912487
44.62579
44.969833
44.928879
44.969833
44.822384
44.748657
44.691315
44.167095
44.453773
44.710361
44.569645
44.279961
43.576466
43.692329
43.60955
43.444031
42.757072
43.493679
43.700588
43.940628
44.006832
44.130993
44.387569
44.346188
44.412388
44.288242
44.155815
44.445507
44.503445
44.404106
44.188927
44.139263
44.420658
44.064785
44.238583
44.279961
44.346188
44.081333
44.180641
44.230305
44.130993
44.106159
44.354454
44.404106
44.130993
44.031673
43.369541
43.071579
42.591545
43.137794
43.518517
43.733715
43.650948
43.766804
44.039951
44.164097
44.130993
43.857857
43.89925
44.470329
44.73518
44.569645
44.73518
44.73518
44.619308
44.445507
43.750259
43.692329
42.045273
42.539028
42.162457
41.852798
41.543148
42.631107
42.338192
42.488823
42.639477
42.756634
41.392509
41.651947
41.928104
41.526402
42.154076
42.480473
43.401031
43.216923
43.258762
43.149963
43.384296
42.488823
42.840324
42.698059
42.204292
42.564144
42.589249
42.555779
42.564144
42.739891
42.271233
42.078754
42.195915
42.873787
42.932388
43.367558
42.606007
42.71479
42.271233
42.363285
42.873787
42.446987
42.488823
42.597622
42.622719
42.689686
42.873787
42.882168
43.032814
43.016071
43.057915
42.329803
42.639477
42.4972
42.631107
42.781738
42.790104
42.915634
42.873787
43.099773
42.974224
42.723156
42.848694
42.840324
42.992634
42.908024
42.967251
43.026482
42.8657
42.586479
42.129555
42.527264
42.349564
42.01955
42.611866
42.374939
42.374939
42.231087
42.772625
42.290325
42.214172
41.418793
41.334175
41.291878
41.621876
41.53727
41.368023
41.731869
41.926487
41.774174
41.588028
41.300335
40.919582
41.04649
41.909557
41.884174
41.985729
42.13802
41.76572
41.689564
40.877266
40.74189
39.895741
40.555729
39.963417
40.115742
40.361099
40.124187
40.301876
40.428799
39.768806
40.750328
41.181881
42.05341
40.911095
41.114189
41.038036
40.496494
40.809578
42.180328
43.796463
43.449539
43.407242
43.7034
43.855705
43.889549
43.0434
42.01955
42.772625
42.48494
42.882626
43.2211
42.801212
42.664108
42.004311
41.952904
42.372772
42.321373
42.72411
42.801212
42.424183
43.880871
43.760937
43.521
43.90659
43.349621
43.032581
43.195381
43.358192
43.075417
43.392467
44.317905
44.497833
44.900574
45.166203
44.926281
45.046249
44.814888
44.917702
44.617802
44.060837
43.015434
42.869766
41.858658
40.761829
40.941788
40.941788
40.684719
40.273415
41.156006
41.113159
41.121735
41.37022
39.168034
38.653904
38.088367
39.039501
37.111523
37.274323
37.685631
37.685631
39.647892
39.185169
37.771317
38.01981
36.691654
36.648808
36.108971
36.97443
35.886177
36.794483
38.431129
38.242599
39.527935
38.962387
38.311157
39.319561
39.954182
39.44128
40.545319
38.815357
37.754787
37.424438
36.650753
36.250851
36.076996
36.155231
35.998768
36.442116
36.75507
36.772446
36.042225
35.729256
