Adjusted
11.720831
11.663634
11.970037
11.82705
11.863818
12.378569
12.419423
12.676801
12.746248
12.435766
12.52564
12.398997
12.349977
12.072172
11.949611
11.765769
11.639124
11.82705
11.708572
11.459369
11.512479
11.565588
11.52065
11.430773
11.443028
11.234678
10.973215
10.907849
10.719925
10.642301
11.067178
11.365405
11.234678
11.193826
11.475713
11.279611
11.475713
11.500224
11.553332
11.598269
11.671803
11.692233
11.753513
11.700405
11.724915
11.541079
11.336809
11.140713
8.824328
8.027687
8.25238
8.346345
8.579209
8.41988
8.362683
7.950065
8.007261
7.982749
7.986833
7.827508
7.615065
7.582385
7.839762
7.749884
7.619153
7.672259
7.749884
7.802993
7.868358
8.064454
8.170677
8.211525
7.823417
7.913298
8.011344
8.256467
8.750792
8.87335
8.812073
9.122557
9.053104
9.396276
9.441215
9.576027
9.490234
9.371761
9.367679
9.192007
9.192007
9.285972
9.457554
9.580112
10.062182
9.192007
9.17975
9.351336
9.424872
9.547432
9.735358
9.698591
9.763954
9.731271
10.352241
10.184744
10.352241
10.478888
10.630047
10.658647
10.384927
10.536083
10.805714
10.458463
10.225599
10.621878
10.789375
10.732181
10.446205
10.585105
10.299136
10.254198
10.213341
10.368586
10.274621
10.621878
10.450293
10.217426
10.213341
10.315475
10.262367
10.213341
10.172488
10.360415
10.205173
10.11121
9.800724
10.013158
10.621878
10.670898
11.005894
10.965046
11.009981
11.541079
11.234678
10.956874
11.189737
11.279611
11.565588
11.565588
11.152969
11.267358
11.402177
11.336809
11.577844
11.561503
11.49614
11.52065
11.569673
11.635036
11.577844
11.369493
11.295958
10.99364
11.136627
11.263275
11.009981
11.332724
11.479796
11.692233
11.639124
11.639124
11.753513
11.908757
11.765769
12.006805
12.174304
12.52564
12.464364
12.243752
12.256009
12.460276
12.313203
12.100768
12.243752
11.867905
11.916927
11.794363
11.741257
11.871988
12.215158
12.211069
12.129365
12.174304
12.435766
12.5093
12.215158
12.256009
12.260094
12.313203
12.30095
12.117109
11.8965
12.023149
11.79845
11.643211
11.749428
11.835223
11.643211
11.80662
11.581927
11.23059
10.858824
11.001811
10.801632
10.822056
10.875165
10.997728
10.932364
10.9487
11.001811
11.414429
11.492054
11.287786
11.083516
11.21425
11.071263
11.026322
11.169309
11.177481
11.279611
11.365405
11.561503
11.49614
11.536989
11.626869
11.52065
12.051746
12.01089
12.340981
12.482684
12.578547
12.524366
12.71192
12.766099
12.961987
12.778605
12.878631
12.666072
12.466017
12.499355
12.607722
12.649399
12.720257
12.574379
12.63273
12.682744
12.916143
12.761933
12.628567
12.582716
12.491024
12.757766
13.091194
13.195385
13.228732
12.957821
13.024506
12.8828
13.00784
12.253459
11.995047
11.986718
12.149261
12.270127
12.403497
12.532701
12.411833
12.407665
12.441013
12.69108
12.795279
12.86613
12.791108
12.795279
12.703583
12.503528
12.26179
12.070073
12.099245
12.099245
12.061737
12.136759
12.253459
12.232619
12.195108
12.357653
12.495193
12.320143
12.428508
12.274298
12.132586
12.303469
12.236783
12.424339
12.407665
12.59105
12.566044
12.315977
12.386827
12.399332
12.703583
12.753596
12.870296
12.84529
12.874469
12.86613
12.999501
13.15788
13.128698
13.024506
12.970325
13.037012
12.920312
12.69108
13.116199
13.149543
13.220395
13.683027
14.153993
14.066465
13.878911
13.524648
13.628844
13.278748
13.162047
13.191222
13.337098
13.428788
13.695533
13.608009
13.424621
13.2329
13.18705
13.212061
13.282913
13.399614
13.2329
13.241238
13.074521
13.162047
13.170381
13.087029
12.916143
12.799444
13.141208
13.103698
13.220395
13.30375
13.249572
13.370436
13.603838
13.637179
13.587167
13.670521
13.645516
13.57883
13.687194
13.678855
13.678855
13.628844
13.737208
14.379056
14.18733
14.308197
14.279028
14.358214
14.383221
14.149821
14.024793
13.849741
13.916423
13.970611
14.037293
14.012288
13.983109
13.970611
13.887251
13.562157
13.574658
13.595501
13.449629
12.83279
12.557711
12.311806
12.549375
12.503528
12.382659
12.532701
12.636898
12.649399
12.836953
12.63273
12.474354
12.482684
12.795279
12.97866
12.966159
12.945316
13.17455
13.124536
13.274582
13.228732
13.316256
13.166217
13.212061
13.228732
12.849464
12.757766
12.549375
12.72859
12.84529
13.00784
13.082859
13.003669
12.961987
13.070353
13.162047
13.282913
13.40795
13.412118
13.357935
13.428788
13.362099
13.40795
13.378772
13.337098
13.378772
13.220395
13.287082
13.357935
13.40378
13.50381
13.507979
13.412118
13.441288
13.166217
12.97866
12.999501
12.899472
13.020338
13.078682
13.00784
13.057851
12.999501
12.92448
12.774438
12.507697
12.370158
12.528537
12.741096
12.69525
12.820283
12.870296
12.782773
12.891136
13.107866
13.162047
13.103698
13.295419
13.2329
13.257904
13.337098
13.32876
13.249572
13.266242
13.316256
13.2329
13.370436
13.378772
13.424621
13.46213
13.316256
13.191222
13.40795
13.48714
13.345432
13.312087
13.420452
13.633531
13.59957
13.578352
13.59957
13.786332
13.837265
14.23201
14.219279
14.134385
14.23201
14.389064
14.630999
14.486685
14.630999
14.643733
14.68194
14.660711
14.694668
14.664956
14.822002
14.88143
15.059702
15.038478
15.093658
14.983299
14.60129
14.580069
14.872943
15.004522
14.872943
14.843229
14.855955
14.626756
14.715886
14.495168
14.312654
14.329637
14.40179
14.418773
14.635246
14.898404
14.805022
14.826252
14.635246
14.490931
14.60129
14.56733
14.592796
14.558838
14.60129
15.034235
14.843229
15.119124
15.263438
15.382282
15.1361
15.080923
15.004522
14.889916
14.966319
14.974809
14.93236
14.877186
15.000278
14.877186
14.792291
14.575827
14.227764
14.439996
14.384812
14.333878
14.164095
14.338123
14.473949
14.342365
14.29568
14.550354
14.423018
14.325392
14.316904
14.56733
14.507905
14.762577
14.622506
14.669202
14.838987
14.737115
14.762577
14.652224
14.461212
14.316904
14.444234
15.318608
15.547827
15.505374
15.598756
15.709121
15.450202
15.747316
15.653937
15.619976
15.878901
15.819481
15.912852
15.929834
15.980767
16.129326
15.9553
15.857679
15.81099
15.83221
15.849188
15.704874
15.734586
15.921351
15.760046
15.64545
15.679405
15.679405
15.662431
15.721854
15.675162
15.65818
15.675162
15.628469
15.496892
15.53509
15.501132
15.479916
15.441707
15.445953
15.611491
15.721854
15.908614
15.934085
15.887387
15.603004
15.704874
15.76854
16.010479
15.87465
15.747316
15.738824
15.921351
15.760046
15.912852
16.17178
16.142059
16.235445
16.086884
16.282133
16.243931
16.142059
16.07839
16.375517
16.62594
16.515583
16.477385
16.422209
16.596226
16.897594
16.668398
16.651409
16.812702
16.808456
16.876369
16.702343
16.68112
16.787231
16.872128
17.215935
17.101337
16.918816
17.024929
16.910332
16.774504
16.808456
16.931553
16.787231
16.668398
16.61746
16.502855
16.850903
16.833931
17.118311
16.969751
16.749039
17.033422
17.126801
17.012199
17.088604
17.04191
17.084362
17.007952
17.381475
17.296587
17.156511
17.075867
17.058889
17.029179
16.957016
16.961269
16.952774
16.863636
16.91457
16.923063
16.931553
16.995214
16.812702
16.430693
16.451923
16.320332
16.001991
16.176018
15.883146
15.870406
15.925592
16.091122
16.269403
16.065662
16.176018
16.44767
16.371271
16.468893
16.328819
16.536804
16.226952
15.530847
15.929834
16.086884
15.912852
16.103863
16.252419
16.214222
16.231199
16.405222
16.337315
16.494362
16.192997
16.405222
16.362778
16.456154
16.553783
16.507093
16.587738
16.591982
16.638676
16.485872
16.774504
16.804214
16.770254
16.791481
16.770794
16.788034
16.697571
16.611403
16.723415
16.663105
16.654482
16.589867
16.327085
16.357241
16.318468
16.378778
16.352932
16.14184
16.180611
16.253847
16.219381
16.525246
16.753569
16.607103
16.706177
16.732029
16.723415
16.719107
16.585558
16.447702
16.611403
16.831114
16.986197
16.654482
16.538168
16.568327
16.460627
16.361546
16.219381
15.87475
15.87475
15.698122
15.711046
15.517194
15.271643
15.448266
15.607656
16.13323
15.973834
15.844599
16.103075
16.443401
16.551094
16.512321
16.33139
16.581253
16.443401
16.589867
16.568327
16.305538
16.421858
16.400318
16.585558
16.624334
16.495092
16.63294
16.469248
16.495092
16.598484
16.520943
16.486477
16.482176
16.654482
16.589867
16.568327
16.624334
16.723415
16.697571
16.805264
16.650179
16.63294
16.559713
16.719107
16.611403
16.533871
16.236612
16.124609
15.98245
15.866134
15.801512
15.973834
15.723968
15.637816
15.891981
15.95229
16.589867
16.611403
16.714796
16.54248
16.37447
16.318468
16.240925
16.081532
16.029837
16.003986
16.421858
16.452007
16.650179
16.770794
16.490784
16.447702
16.383087
16.421858
16.309851
15.93506
15.90921
15.754127
15.896289
15.706738
15.883366
16.128918
16.512321
16.236612
16.240925
16.443401
16.417553
16.184921
16.202154
16.430471
16.262465
16.305538
16.33139
16.081532
16.258158
16.63294
16.370157
16.232309
15.995367
16.318468
16.184921
16.04707
15.87475
15.61197
15.637816
15.90921
15.835981
15.82737
15.900592
15.831666
15.693817
15.711046
15.861823
15.797201
15.939366
16.296928
16.391701
16.447702
16.620026
17.373913
17.865009
17.830555
18.028715
18.002874
17.977028
17.964098
18.093342
18.455198
18.252731
18.106258
17.852091
17.959791
18.274269
18.093342
18.437975
18.468117
18.567213
18.541359
18.325972
18.575829
18.61891
18.631828
18.713675
18.442282
18.786913
18.623213
19.036779
19.2651
19.226324
19.118629
19.368486
19.493418
19.140169
18.894611
18.873077
19.166016
19.3771
19.351254
19.385725
19.626963
19.60112
19.471872
19.532188
19.398653
19.575266
19.562346
19.502028
19.506344
19.35556
19.583885
19.463264
19.484798
19.398653
19.278025
19.747583
19.644201
19.527878
19.661425
19.838051
19.79928
19.747583
19.816511
20.199919
19.359873
19.816511
20.33777
20.044834
19.92421
20.092222
19.962986
19.928522
19.803587
19.665735
19.786358
19.700201
20.148224
20.044834
19.747583
19.476185
19.450342
19.394333
19.540804
19.549417
19.876818
19.868208
19.605427
19.34264
19.127243
19.127243
18.765375
19.066935
19.299555
19.27371
19.312483
19.527878
19.527878
19.585476
19.541843
19.716398
19.415291
19.410923
19.642218
20.135338
20.314262
20.18335
20.283722
20.23135
20.318628
20.170252
20.226988
20.405907
20.34918
20.244442
20.292448
20.501919
20.419008
20.467007
20.21826
20.414639
20.554281
20.75066
20.859755
21.112871
21.392162
21.326706
20.938314
20.973225
21.012506
21.649645
21.274336
21.139053
21.584181
21.671459
21.955116
21.710737
21.815472
21.584181
21.667095
21.723825
21.710737
21.776192
21.793648
21.937662
21.994394
22.020573
22.099129
22.081667
21.955116
21.736919
21.885292
21.427078
21.824196
21.640913
21.304886
21.165239
21.173964
21.392042
21.755514
21.886885
22.079567
21.873745
22.219704
22.425518
22.491205
22.797745
22.802122
22.907223
23.047358
23.012316
23.231276
23.240038
23.104286
23.305723
23.064867
23.121796
23.621021
23.550957
23.66481
23.80933
23.883766
23.638538
23.695465
23.64291
23.699846
24.093971
24.023903
24.38299
24.483709
24.685146
24.781487
25.136206
25.337641
25.044235
24.799006
24.987305
25.109926
25.179989
25.149334
25.201881
25.258818
25.29385
25.140574
24.851551
25.228167
25.114298
25.298223
24.961029
25.079268
25.144955
25.009201
25.02672
24.943518
24.947895
24.654493
24.531879
24.890965
25.02672
25.250055
25.144955
25.034271
24.485273
24.81468
24.51602
24.696093
24.81468
25.073803
25.420769
25.38563
25.4559
25.051847
24.942041
24.454533
24.18223
23.9231
24.674137
24.713659
24.744404
25.38563
25.341709
25.433945
25.491039
25.420769
24.990355
25.512997
25.679895
25.715029
25.81605
25.811657
25.736992
24.401831
24.357912
24.849817
24.195408
23.470732
23.097408
22.85146
23.400465
23.101805
23.057882
23.760603
23.497087
23.703508
23.470732
23.936275
22.904165
22.833893
23.202816
23.035923
22.684568
22.372742
22.350773
22.030161
22.205843
22.763622
23.053497
23.12376
23.12376
22.69335
23.172081
23.628843
24.050467
23.822086
23.628843
23.729286
23.213818
23.390045
23.84384
24.033285
24.205109
24.086151
23.945175
24.38575
24.843941
24.680927
25.011351
24.791071
24.993734
24.548756
24.742603
24.795477
24.949678
24.887997
24.650082
24.821915
24.804291
24.566376
24.478262
24.513512
24.777859
25.284513
24.760231
24.650082
24.363712
26.249369
25.553261
25.632566
26.002647
26.029079
26.359514
26.41238
26.372728
26.641479
26.438814
26.108381
26.099579
26.007051
26.064325
25.817612
25.663401
25.487177
25.15234
25.645788
25.733902
25.469547
25.667814
25.526827
25.438709
24.896809
25.504799
24.887997
25.720682
25.976213
25.813196
26.377138
25.998238
26.051113
26.302233
26.319033
26.641827
27.013269
26.120054
26.120054
26.341148
25.686707
25.447935
25.664598
25.925489
26.071419
26.314615
26.283667
26.159851
25.766302
25.94318
