Adjusted
35.643639
34.718342
35.515678
35.633801
35.043179
36.214569
36.037384
36.106285
35.830669
34.767555
35.161301
34.570686
33.231953
33.320549
33.901325
33.389454
33.172901
33.674923
33.458363
32.493687
32.976025
32.976025
32.680721
32.385418
32.119637
31.903076
31.903076
32.296822
31.903076
31.204182
32.060574
33.458363
32.710247
32.838215
33.852108
32.916965
32.729939
32.011356
32.828369
32.52322
32.168854
31.302616
30.879341
30.416695
31.066372
29.826077
30.190292
30.879341
32.887432
33.281178
35.023491
34.826618
35.328644
35.259743
36.440971
34.757717
35.683014
35.938946
35.220364
34.373814
33.999756
33.694607
34.92506
35.683014
35.781452
35.879883
36.598473
35.899574
36.549255
36.874081
37.947037
38.517967
37.602516
38.901871
38.704998
38.508125
38.163597
38.11438
37.326889
38.43922
39.394047
38.852654
38.281723
39.325142
38.911705
39.974819
39.354671
38.990463
39.522011
40.673714
40.526062
39.856697
39.866535
39.364517
37.76001
37.602516
38.281723
39.640133
38.8428
40.063416
40.161846
39.925602
41.13636
40.772144
41.343075
42.288063
43.114922
42.219154
41.539951
41.982914
42.868835
42.740864
42.012444
42.317596
41.392296
41.766357
39.935444
38.537655
38.82312
38.882179
38.990463
39.403889
38.458904
38.212818
37.828918
38.527809
37.986412
38.773903
39.403889
39.09874
38.488434
39.128265
39.20702
38.547501
37.828918
37.011898
37.956886
37.868294
37.120178
36.519714
37.464703
38.488434
38.390003
38.222664
37.917511
38.222664
37.681263
38.242348
37.26783
37.730484
38.685307
39.226707
38.764061
38.773903
39.069206
39.846855
39.896065
40.752464
40.466999
41.343075
41.884476
41.923851
41.864784
41.62854
41.992752
42.681805
42.455406
42.406193
42.081345
41.313549
40.240597
40.703247
39.876381
39.492485
40.043724
39.984661
40.358719
40.732777
40.45715
40.683556
40.781998
39.797638
39.561386
38.803429
39.09874
38.202976
38.19313
37.671413
39.551548
39.147953
39.82716
40.152
40.447315
39.433418
39.659824
39.630291
40.161846
40.949329
40.427624
40.801682
40.112625
40.476845
40.171692
39.718887
40.073254
40.634338
40.801682
42.238846
42.101036
42.307747
41.559639
42.671963
42.33728
41.953381
41.776196
41.480885
40.978867
41.549797
42.219154
41.52026
40.624496
39.925602
39.522011
39.138111
39.453114
39.34483
40.841053
40.654026
41.362762
41.579327
42.534153
41.8451
41.687603
41.441513
41.402138
41.087151
39.886227
39.374359
40.112625
39.6992
38.980618
38.390003
39.334988
41.510418
41.776196
42.012444
42.573532
42.376656
41.992752
42.494778
42.543995
42.671963
41.707287
41.549797
41.746662
41.904163
41.471046
40.969017
40.51622
39.177486
38.665619
39.118431
39.128265
39.000305
39.433418
39.226707
39.354671
39.886227
39.620453
38.567188
39.305454
39.94529
40.358719
40.407936
40.890274
40.171692
41.421829
41.402138
41.313549
41.795879
41.13636
40.722927
41.05761
40.860741
40.270126
39.984661
39.590919
39.226707
39.275928
40.496529
40.289814
40.368561
40.329189
40.978867
41.126522
40.890274
39.984661
39.915756
39.443268
38.636089
39.197174
38.419533
38.508125
38.429375
38.49828
37.661572
37.346581
38.19313
38.232498
38.832962
38.773903
39.620453
40.673714
41.244644
39.925602
38.990463
39.374359
39.029835
38.49828
38.163597
38.527809
37.720634
38.025791
38.537655
37.927349
37.750168
36.864243
36.401596
37.100487
37.720634
37.061119
37.238304
36.283478
35.663322
36.52956
36.037384
35.742081
36.52956
35.998013
35.121933
34.836472
35.899574
35.998013
35.722389
35.732227
35.259743
35.988167
35.515678
35.466454
35.771606
36.440971
37.061119
36.647678
37.15955
36.677216
36.746124
36.815025
36.637844
35.71254
36.844559
37.523766
37.228462
37.435169
37.090645
37.169395
37.445019
36.450809
35.879883
36.116131
36.480347
37.041428
36.942993
39.128265
38.429375
37.76001
37.848606
37.257988
37.750168
37.011898
37.336742
36.588619
36.106285
36.244099
36.155506
35.505825
34.757717
34.600216
34.993961
35.141617
35.102245
34.767555
34.344284
34.600216
35.486145
34.984116
35.486145
34.836472
34.639591
34.462406
34.915215
34.314754
33.359928
34.236008
34.806934
34.245853
33.871796
34.019447
34.363972
35.289272
35.407398
34.895527
35.279423
34.600216
35.033337
36.421284
36.726437
36.883938
36.726437
36.834713
36.775654
37.769852
37.405643
37.287518
37.238304
37.15955
37.051277
37.445019
37.189083
37.326889
38.143909
38.636089
38.567188
39.266083
38.960934
37.002056
36.883938
36.431126
36.145664
36.687057
36.52956
37.907669
38.094696
37.976574
38.49828
38.124222
38.222664
38.577023
38.636089
38.547501
37.553291
37.986412
38.616402
38.124222
38.488434
38.882179
38.429375
37.887978
39.374359
39.787788
40.171692
40.152
40.772144
40.742622
40.211067
40.900116
40.752464
41.776196
41.854946
42.622746
43.400391
42.809772
42.937737
42.209312
42.44556
42.47509
41.726982
41.303703
40.45715
40.811523
40.663872
40.240597
39.305454
39.817322
39.216862
39.266083
39.177486
38.872337
39.453114
39.896065
39.364517
39.640133
40.053566
39.6992
39.019989
38.429375
38.153751
38.43922
38.675468
38.734528
38.773903
39.295605
39.34483
39.177486
39.20702
39.28577
39.039677
39.384201
39.334988
39.177486
39.28577
39.600758
40.279964
40.112625
40.526062
40.929653
40.860741
40.339031
39.522011
39.275928
39.246395
39.246395
39.039677
39.019989
39.659824
40.260284
39.659824
39.305454
39.82716
39.738571
39.167645
38.616402
38.19313
38.832962
38.704998
38.704998
38.852654
38.153751
37.297363
36.568939
36.411438
36.834713
36.815025
36.933151
38.350624
37.897816
37.651733
37.632042
38.271873
38.065159
37.897816
37.799389
36.942993
37.346581
36.657536
36.244099
35.978325
35.623943
35.230213
35.574734
35.230213
35.013653
35.545204
35.761765
35.948792
35.968475
35.830669
36.401596
36.716591
36.165352
40.161846
39.20702
39.118431
39.325142
38.577023
38.153751
37.366268
37.553291
37.445019
36.716591
36.903618
36.490189
36.874081
36.460659
37.218616
36.598473
36.627998
36.637844
36.490189
36.91346
36.519714
36.253948
36.480347
36.116131
36.736275
36.647678
36.795341
37.445019
38.134075
39.147953
39.029835
38.911705
38.852654
38.793587
38.8428
39.09874
39.787788
40.014198
40.102791
40.732777
40.496529
40.978867
40.703247
40.604809
41.087151
40.575279
41.106831
40.575279
41.333237
43.233044
42.740864
43.420074
43.183826
43.676006
41.303703
40.594967
40.781998
41.746662
41.579327
41.126522
40.762306
42.189629
41.923851
42.120724
42.819618
43.233044
43.410229
43.203518
43.922096
44.296158
44.128819
44.571777
44.837555
44.620995
45.280518
45.41832
45.644726
45.723473
46.107376
45.182083
44.886768
45.310043
44.44381
43.065704
43.183826
42.731022
43.144463
42.957424
43.32164
43.636635
42.878677
41.618698
41.697449
41.73682
41.402138
41.175739
41.52026
41.59901
41.343075
40.624496
40.053566
39.403889
39.915756
39.787788
39.197174
40.575279
40.614651
39.866535
39.915756
40.240597
40.319344
39.482639
38.734528
39.42358
38.586876
38.094696
36.834713
39.079056
39.472794
40.033878
39.807476
38.852654
39.482639
39.551548
39.649979
39.620453
38.4786
37.769852
38.015945
37.83876
37.592667
36.696899
36.588619
37.208767
37.179237
36.431126
37.966728
37.887978
38.360474
39.295605
39.266083
38.567188
37.602516
38.901871
39.964977
40.122471
40.939491
40.811523
41.284016
41.795879
41.274174
40.673714
41.60886
41.096989
41.392296
40.762306
40.398094
41.411983
41.648232
41.953381
42.386497
42.406193
42.504616
41.776196
41.825413
41.933689
42.652275
42.553837
42.58337
42.563686
42.356968
41.638386
41.333237
41.313549
41.50058
41.510418
41.914005
41.313549
40.526062
40.181534
40.594967
35.702698
35.968475
36.145664
36.185032
35.9291
35.584579
35.830669
35.850349
35.003811
35.171146
35.338486
35.0924
35.742081
36.519714
36.706749
36.52956
36.519714
36.096443
35.407398
35.52552
35.633801
35.594421
36.667374
36.972527
36.952835
36.824871
36.805183
36.588619
36.076756
35.998013
35.781452
35.909416
35.318802
35.259743
35.535355
35.840508
35.79129
35.436924
34.993961
34.944744
34.974274
35.033337
35.161301
35.427078
35.476299
36.086605
35.781452
35.446762
35.240051
35.604267
35.938946
36.194881
36.204727
35.623943
36.125977
36.519714
36.519714
36.234253
36.706749
36.608307
37.02174
37.326889
37.986412
38.025791
38.0061
38.449062
38.616402
37.799389
37.356422
37.563145
37.720634
40.181534
39.738571
39.541698
39.226707
38.586876
38.143909
38.045475
38.232498
38.301411
38.291565
37.435169
37.730484
37.405643
37.513924
37.543449
37.750168
37.464703
37.661572
37.366268
37.37611
37.730484
37.720634
37.868294
37.917511
37.277676
36.677216
36.992214
36.53941
35.673172
35.466454
35.535355
35.417236
34.944744
35.151459
34.688816
34.669128
34.196632
34.619907
35.614109
35.623943
34.797092
34.964432
34.728188
34.964432
34.757717
34.206478
34.048981
34.442726
35.771606
35.899574
35.80114
36.027542
36.342533
34.167099
33.694607
33.635551
32.690563
32.542908
33.0154
32.651188
32.798843
32.286972
31.814484
31.844013
31.942448
31.88339
31.706205
31.716047
31.243553
30.92856
30.977777
31.371521
32.385418
32.109791
32.483845
32.907124
33.005554
33.064617
33.251648
32.956345
32.700409
33.231953
34.186787
34.275383
34.245853
33.812733
33.625702
34.472252
34.196632
34.265537
34.767555
35.200676
35.732227
35.082554
34.728188
34.728188
34.157265
33.0154
32.493687
32.76931
32.867752
33.054771
33.202427
33.714294
33.930859
33.182743
33.271332
33.576481
35.377861
35.978325
36.086605
36.549255
36.726437
36.726437
36.322849
36.55909
37.809227
37.799389
38.321098
38.596718
38.11438
38.19313
37.661572
37.966728
38.862492
39.571236
39.325142
38.911705
39.364517
39.305454
38.547501
38.330936
37.750168
37.769852
37.464703
38.537655
38.449062
38.291565
39.364517
38.8428
38.980618
39.679516
39.079056
39.522011
39.659824
38.665619
38.19313
37.956886
38.606564
38.665619
39.059364
38.645935
39.364517
38.970772
40.112625
40.594967
40.45715
39.896065
39.216862
39.28577
38.783745
38.636089
38.468754
38.271873
38.685307
38.173443
38.340782
38.675468
38.980618
39.029835
38.586876
39.28577
39.059364
39.443268
40.240597
40.417782
40.043724
40.014198
39.630291
39.305454
37.937195
37.445019
37.641891
37.651733
37.523766
37.504074
37.691109
38.173443
38.262035
39.088894
39.42358
39.659824
40.51622
40.939491
41.323395
41.352921
41.50058
41.274174
40.811523
40.555592
40.890274
40.191383
40.063416
40.555592
40.398094
41.530102
41.254486
41.165894
40.634338
41.264328
41.274174
41.549797
41.205269
41.215115
41.530102
42.288063
42.327438
41.933689
42.307747
41.982914
42.347126
41.904163
41.786041
39.964977
39.266083
39.138111
38.9314
38.517967
38.773903
38.852654
39.059364
39.462955
39.522011
38.222664
38.311249
38.340782
38.468754
39.029835
39.177486
40.102791
40.171692
40.555592
39.817322
39.522011
38.862492
39.059364
39.541698
39.768105
40.122471
40.211067
40.565434
40.742622
40.526062
40.092937
39.374359
40.092937
41.018238
40.742622
40.801682
40.309502
40.998554
41.165894
40.988708
40.978867
40.634338
40.683556
40.102791
39.915756
40.555592
40.053566
39.905918
40.152
40.122471
40.988708
40.033878
40.506371
40.053566
39.325142
39.413738
39.187336
39.935444
40.575279
40.230755
40.171692
39.817322
40.024036
40.024036
40.417782
40.024036
39.866535
39.837013
37.671413
37.287518
36.755962
37.031586
36.91346
36.844559
37.070957
37.169395
37.366268
37.139866
37.336742
36.893776
36.972527
36.55909
36.440971
36.37207
36.972527
35.52552
35.427078
35.52552
35.486145
35.899574
36.145664
35.988167
34.993961
35.082554
35.71254
35.69286
35.427078
35.318802
35.427078
35.781452
36.253948
35.742081
35.0924
34.905369
34.501785
34.147415
35.043179
34.098198
34.836472
35.033337
33.694607
34.531315
34.59037
35.968475
35.171146
34.806934
34.186787
33.379616
33.044933
33.655231
33.714294
33.320549
34.039135
33.980076
33.832417
34.708496
34.088348
32.316509
34.029289
33.50758
34.098198
33.793045
33.281178
32.789001
32.257442
31.962137
32.434628
32.286972
32.749622
32.907124
32.326347
34.363972
34.383663
33.576481
32.907124
34.127724
32.680721
33.300869
32.926807
33.58633
34.255688
34.885685
35.0924
34.688816
35.495987
35.023491
34.777409
34.521469
34.511627
34.511627
33.72414
33.793045
33.694607
33.409145
32.641346
32.877594
32.76931
32.848061
32.690563
32.995716
33.537109
33.241806
33.409145
32.188545
32.070415
31.154964
31.135273
30.70216
30.958092
30.160759
30.633251
31.962137
31.19434
31.086058
30.918716
30.337944
29.924515
29.786705
30.141075
28.831877
29.166557
29.806391
30.1017
30.958092
30.82028
30.839968
31.489645
31.686516
31.834171
32.218071
30.367474
29.924515
29.885139
29.048435
28.90078
29.50124
28.910624
28.684221
28.694065
29.491394
28.969687
28.585787
28.65469
