Adjusted
22.660378
22.606705
23.042133
22.881079
22.696167
23.000376
22.815464
22.696167
22.845291
22.394512
22.394512
22.460625
20.6996
20.254837
20.513279
19.942303
20.014427
20.08654
20.038462
19.768002
20.170687
20.302923
19.864162
19.611727
19.55162
19.377329
19.575674
19.221058
19.088833
19.100849
19.575674
19.774008
19.659819
19.563646
19.749966
19.323231
19.629761
19.413389
19.761992
19.731936
19.545618
19.263134
19.587688
19.509562
19.743963
19.148935
18.836401
18.722208
19.329243
19.287174
19.786026
19.78002
19.761992
19.653809
20.038462
19.365314
19.581686
19.347277
19.299189
19.287174
18.890491
19.239084
19.557636
19.299189
19.635769
19.533596
19.581686
19.254204
19.527102
19.49678
19.611998
19.739349
19.411873
19.527102
19.430075
19.884892
19.812122
19.733284
19.587738
19.884892
19.87883
19.769674
19.921284
20.370039
20.151724
20.21237
20.06076
19.745417
20.06682
20.285141
20.224497
20.091082
20.04863
20.000114
19.611998
19.642315
19.769674
19.739349
19.793932
20.121405
20.206303
20.163855
20.733896
20.867313
21.043179
21.461617
21.497997
21.279688
21.02499
21.188723
21.449482
21.564709
21.400974
21.770903
21.607166
21.528324
21.158396
21.182659
20.915829
20.86125
20.7157
20.891569
20.721771
20.800608
21.231174
21.279688
21.21298
21.328203
21.297876
21.236681
21.267277
21.383564
21.5182
21.334606
21.004112
20.667511
21.053078
20.942915
21.230564
21.132641
21.071444
21.499846
21.432524
21.273399
21.346846
21.359081
21.261158
21.365206
21.010239
21.218325
21.450888
21.573286
21.524324
21.72629
21.579411
21.983318
22.032295
22.15469
22.026173
22.020052
21.964966
21.505957
21.640608
21.836447
21.830324
22.15469
22.350531
22.815657
22.717751
22.925823
23.164507
23.348114
23.115547
22.570858
22.595339
22.576979
22.528017
22.644299
22.583097
22.742222
22.8585
22.674904
22.595339
22.228127
22.044533
21.909891
22.203655
21.977219
22.540255
22.375015
22.350531
22.60146
22.711626
22.564743
22.687147
22.681023
22.968657
22.999264
22.752354
22.696806
22.702976
22.814077
22.937544
22.838776
22.962225
23.042471
23.289379
23.542459
23.604183
23.71529
23.869604
24.227621
24.221445
24.11034
24.141205
24.11034
23.974545
24.023926
24.209099
24.184414
24.165901
24.116518
23.956024
24.128851
23.999233
24.172066
24.33873
24.320208
24.394278
24.295517
24.480698
24.128851
24.073303
23.826387
23.659742
23.838739
23.690592
23.46221
23.665913
23.560966
23.017784
23.08568
23.08568
23.24
23.295547
23.381977
23.523945
23.505428
23.530109
23.702948
23.80171
23.851095
23.641212
23.641212
23.511589
23.388138
23.332586
23.320234
23.326416
22.61039
22.691339
22.847015
22.778515
22.50453
22.722477
22.635296
22.529434
23.220631
23.35763
23.139692
23.083639
23.102322
23.388775
23.17705
22.977779
22.946655
23.114771
23.040049
23.295364
23.3514
23.314039
23.270456
23.401228
23.289141
23.251778
23.027603
22.903061
22.840794
22.94042
22.927956
23.133467
23.127226
23.033829
23.189501
23.295364
23.419907
23.413677
23.270456
22.946655
22.641525
22.921741
22.541883
22.672665
22.809658
22.660202
21.993908
21.663879
21.626509
21.5767
21.900511
21.726143
21.83824
22.000139
21.981459
22.14959
21.925409
21.919186
22.043724
21.819548
21.83824
21.732382
21.50197
21.250559
21.338558
21.457983
21.219135
20.948866
21.062008
21.646536
21.822523
21.809954
21.948229
21.715673
21.589968
21.677963
21.973373
21.967087
22.061361
21.791096
21.369982
21.080862
21.200281
21.470541
21.703102
21.728252
21.527115
21.715673
21.6654
21.960802
22.080229
22.212208
22.627039
23.739544
23.161291
23.682968
23.356148
23.431562
23.31214
23.343563
23.488131
23.58869
23.287003
23.249285
22.96645
22.96645
22.972734
23.249285
23.343563
23.425276
23.469269
23.53841
23.418991
23.173862
23.280704
23.199005
23.236723
23.016729
23.255571
23.023012
22.979025
23.004162
23.054441
23.494402
23.418991
23.469753
23.590305
23.755268
24.028093
24.212099
24.250177
24.300926
24.345345
24.491276
24.675282
24.529339
24.567413
24.573755
24.967138
24.554726
24.567413
24.11058
23.774303
23.970991
24.332649
24.503958
24.389759
24.47224
24.738729
24.72604
24.833904
24.814869
25.017902
24.884659
24.92907
25.208248
25.201902
25.144796
25.25901
25.37322
25.34783
25.379559
25.29073
25.582602
25.34783
25.385902
25.51281
25.538185
25.627008
25.379559
25.430323
25.538185
25.316111
25.430323
25.024239
24.789488
24.85928
24.719681
24.935421
24.7768
25.182867
25.493773
25.468386
25.607971
25.677769
25.576246
25.51281
25.6968
25.607971
25.275154
25.012741
25.300756
25.710375
25.454367
25.300756
25.415964
25.287949
25.550375
25.838383
26.09441
26.222414
26.312017
26.606438
26.702444
26.856052
27.246475
27.214472
27.246475
27.105667
27.105667
27.291281
27.521698
27.572903
27.272079
27.272079
27.412884
27.048061
27.214472
27.31048
27.329678
27.304081
27.304081
27.169672
27.681698
27.553696
27.227272
27.176069
26.894459
26.913664
26.798452
26.862452
27.169672
27.316885
27.086458
26.945658
26.77285
26.964861
27.188862
27.163265
27.144068
27.073669
27.092859
27.035267
26.977665
26.913664
26.708834
26.753643
26.913664
26.881659
26.574429
26.638437
26.408022
26.240196
25.930346
25.64632
25.768963
25.439758
25.317112
25.078262
25.091171
25.084723
25.175089
25.168642
25.155733
25.478485
25.833517
25.762512
25.66568
25.859341
26.014256
25.98844
25.697958
25.794779
25.975534
26.065899
25.943253
25.917437
25.652773
25.401024
24.942705
25.10409
25.265459
25.446201
25.271921
25.510757
25.478485
25.426846
25.833517
26.091724
26.27247
25.64632
25.859341
25.46558
25.710875
25.452667
25.168642
25.304201
25.020166
24.665138
24.374653
24.910435
24.949165
25.013712
24.955618
25.291283
25.226736
25.000807
25.265459
25.19445
25.46558
25.28483
25.155733
25.16218
25.536585
24.696434
24.338232
24.149357
24.800644
24.787619
24.377302
24.800644
24.865774
25.152325
24.911352
25.438889
25.139299
25.536583
25.784067
25.855711
26.520004
26.213903
25.875244
25.953398
25.679857
25.894775
25.627754
25.484476
26.025036
26.187855
26.630722
26.59165
26.389755
26.226927
26.122728
26.057592
26.187855
26.161808
26.012003
26.513498
26.213903
25.914322
25.920834
25.810114
25.823139
25.784067
25.829655
25.725445
25.77755
25.907816
25.920834
26.305086
26.194378
26.064114
26.187855
25.933859
25.985952
25.855711
26.311604
26.435352
26.031551
26.148788
26.396261
26.083647
26.018522
26.520004
26.728424
27.086626
27.573009
27.914799
28.000233
27.770189
27.934521
28.204002
27.888504
27.96081
27.79648
27.914799
27.803068
27.875351
27.487558
27.770189
27.750486
27.697887
27.270655
26.981462
26.968309
27.099768
26.988033
27.112907
27.066914
27.277233
26.869713
26.777699
26.679102
26.948586
27.152348
26.836847
26.633093
26.685684
26.186144
26.429337
26.278162
26.665953
26.784262
26.626509
27.001165
26.830276
26.508204
26.672527
26.725109
26.58708
26.462194
26.41618
26.955158
26.442478
26.311024
25.758907
25.962664
26.034969
25.732616
25.726051
25.522284
26.107271
25.666883
25.758907
25.246222
25.088478
25.180504
25.36454
25.062193
24.911013
25.103559
25.309376
26.112751
26.099459
26.039713
27.062172
27.068815
27.088741
27.46718
27.507008
27.599968
27.626532
28.157684
28.111204
28.277185
28.350224
28.210785
28.350224
28.502935
28.443169
28.463095
28.801699
28.874733
28.715397
28.390047
28.190882
28.536127
28.682188
28.854824
29.060633
28.89465
29.000875
28.702099
28.682188
28.250626
28.449814
28.383411
28.23735
28.131126
27.925297
27.739397
28.157684
28.131126
28.602522
28.662273
28.582609
28.801699
28.436527
28.363504
28.356857
28.416609
28.483007
28.27055
28.250626
28.044813
27.825714
28.091284
28.310389
28.310389
28.23735
28.303749
28.27055
28.096375
27.707808
28.049469
27.915491
27.969082
27.520235
26.548857
26.52206
26.388077
26.327784
26.816814
26.823519
26.515364
26.153601
26.146906
25.704763
25.878941
25.845444
25.744959
26.046423
26.140211
26.321096
26.066519
26.52206
26.401474
26.85033
26.615843
26.54216
27.118282
26.756527
26.756527
26.823519
26.481871
26.595755
26.428268
26.193806
26.079918
26.354584
26.54216
26.300983
26.455069
26.602449
27.051292
27.165186
27.0245
27.178581
27.198679
26.863714
26.924009
26.67614
26.595755
26.716343
26.388077
26.515364
26.260799
26.260799
26.455069
26.656046
26.72304
26.54216
26.535456
26.924009
26.788752
26.545277
26.775225
26.565557
27.336563
27.12015
28.195488
28.35779
28.323982
28.209003
28.391613
28.709473
29.040871
28.844736
28.871778
28.91238
29.000288
29.182894
29.162601
29.182894
28.959715
28.810932
28.553923
28.790636
28.743298
28.323982
28.242823
28.418667
28.540394
28.236063
28.303684
28.438961
28.45248
27.945236
28.114323
28.608021
28.614792
28.242823
28.411898
28.689188
28.952955
28.919138
28.743298
28.560688
28.398371
28.932653
28.526875
28.351028
28.310452
28.323982
28.161655
27.769402
27.93848
27.512411
27.769402
28.378086
28.127848
28.283401
27.952011
27.918194
27.796453
27.769402
27.897896
27.604097
27.255632
27.576763
27.802244
27.952564
28.642672
28.519684
28.676836
28.83399
28.888639
28.772486
28.410358
29.011637
28.690504
28.895479
28.704159
28.997976
29.155113
29.223444
29.148283
28.874969
29.141459
28.970634
28.868147
29.346432
29.243938
29.325935
29.387424
29.353262
29.332769
29.23711
29.291765
29.189285
29.353262
29.23028
29.353262
29.243938
29.319109
29.305437
29.312277
29.025295
29.148283
29.168777
29.469433
29.558247
29.667572
29.729052
29.599237
29.708563
30.022873
29.975037
29.98871
30.289349
30.207355
30.139029
30.125359
29.913551
29.886213
29.968204
30.1322
30.077534
29.954546
30.145859
30.22102
30.434855
30.41416
30.372772
30.262403
30.269312
30.352083
29.979584
29.841616
29.655369
29.717445
29.613972
29.820921
29.682957
29.931297
30.020975
29.924402
29.655369
29.517405
29.662266
29.648466
29.779533
29.703657
29.703657
29.807127
29.951986
30.055454
30.296892
30.193424
30.158939
29.931297
29.931297
29.779533
29.407021
29.393232
29.689861
29.669165
29.786432
30.09687
30.076155
30.165838
30.09687
30.262403
30.262403
30.41416
30.283094
30.462463
30.462463
30.476255
30.572815
30.538336
30.476255
30.338285
30.531443
30.786667
30.538336
30.303802
30.352083
30.117542
29.717445
29.600178
29.545
29.698263
29.942081
29.691301
29.830616
29.774895
30.081415
29.795784
29.781866
29.802755
29.956011
29.40567
29.391718
29.294197
29.370831
29.4405
29.698263
29.614656
29.705227
29.837593
29.872416
29.851521
29.82366
30.025684
30.374012
30.513344
30.478502
30.541206
30.757181
30.659639
30.617838
30.485468
30.387938
29.538031
29.572868
29.315107
28.973738
28.458227
29.015541
28.750811
28.959814
28.918009
28.827436
28.061119
28.16563
28.339785
28.249228
28.590591
28.799583
29.503199
29.224535
29.245424
29.12701
28.897102
28.444288
28.813511
28.576653
28.054163
28.534851
28.388552
28.423384
28.151699
28.37463
28.008591
27.87484
28.093058
28.670269
28.550598
28.895506
29.465679
29.571257
29.402321
29.226351
29.55719
29.479759
29.620543
29.296747
29.585342
29.683893
29.866905
29.880991
30.085127
29.986578
30.162554
29.662773
29.817646
29.655735
29.754278
30.056967
30.021776
30.169596
30.19775
29.965454
29.852829
29.655735
29.627567
29.599432
29.648687
29.641661
29.831715
29.810598
29.761318
29.374165
28.888474
29.240429
29.367132
28.965904
29.437525
29.346025
29.381214
29.39529
29.641661
29.416405
29.458645
28.965904
28.87439
28.846249
29.148924
28.94479
28.635069
29.15597
29.423447
29.015179
28.97998
28.789921
28.297195
28.510809
29.315424
29.315424
29.301197
29.294064
28.916681
28.574894
27.912676
27.983881
27.122293
27.634974
27.093805
26.780504
27.079571
26.645224
27.428486
27.421354
26.353275
28.047972
28.347034
29.429361
28.539288
27.991011
27.186384
26.445839
26.602495
28.119171
29.087576
28.411121
28.752913
28.923805
28.603374
29.108938
28.667467
27.727543
28.247343
28.005239
28.290071
28.325676
27.94116
28.30431
27.727543
27.898434
28.425358
28.225977
28.81699
28.973648
28.938049
30.262472
30.447603
29.870834
29.600256
28.966522
28.966522
29.044857
29.18726
28.760027
29.543301
29.664347
29.607384
29.906429
29.999004
29.934925
29.942034
29.769262
29.488485
29.128515
28.725353
27.818233
27.760641
26.745541
25.92481
25.953611
26.47196
25.960806
26.076004
26.81753
26.644751
26.169588
26.615955
25.269672
24.780121
24.520943
24.895309
23.592228
24.132179
24.614529
24.765718
25.730427
25.521654
24.664925
24.26897
23.844204
23.808205
23.613825
24.477747
23.433844
24.175371
25.932011
25.528843
25.975214
25.86722
25.557652
26.025602
26.155197
25.92481
26.579952
24.427351
24.153778
24.182575
23.520229
23.426643
23.131472
22.879494
22.274752
22.994688
23.25386
23.066679
22.425936
22.375542
