Close
11.756667
11.82
12.063334
12.07
11.846666
12.1
12.15
12.2
12.266666
12.086667
11.973333
11.833333
11.603333
11.41
11.486667
11.153334
11.1
11.193334
11.23
10.956667
11.113334
11.216666
10.99
10.953333
10.803333
10.656667
10.706667
10.613334
10.486667
10.486667
10.78
10.983334
10.933333
10.86
10.94
10.71
10.776667
10.673333
10.87
10.89
10.723333
10.516666
10.643333
10.506667
10.676666
10.35
10.133333
10.266666
10.703333
10.693334
11.18
11.296667
11.343333
11.373333
11.636666
11.243333
11.333333
11.366667
11.3
11.256667
10.97
11.116667
11.426666
11.403334
11.57
11.62
11.6
11.44
11.46
11.356667
11.656667
11.843333
11.64
11.786667
11.713333
11.976666
11.916667
11.75
11.6
11.81
11.783334
11.626667
11.52
11.763333
11.626667
11.733334
11.686666
11.483334
11.666667
11.79
11.706667
11.67
11.913333
11.856667
11.573334
11.55
11.606667
11.523334
11.533334
11.816667
12.013333
12.026667
12.456667
12.65
12.6
12.766666
12.91
13.02
12.883333
13.133333
13.34
13.36
13.263333
13.536667
13.466666
13.333333
13.15
13.2
12.973333
13.166667
13.146667
13.18
13.033334
13.023334
13.243333
13.276667
13.3
13.62
13.846666
13.883333
13.833333
14.01
14.413333
14.526667
14.45
14.21
14.42
14.283334
14.62
14.6
14.47
14.713333
14.583333
14.42
14.433333
14.483334
14.133333
14.333333
14.093333
14.416667
14.593333
14.68
14.673333
14.753333
14.713333
14.813334
14.68
14.713333
14.72
14.646667
14.67
14.523334
14.45
14.433333
14.323334
14.41
14.396667
14.8
14.683333
14.45
14.296667
14.58
14.516666
14.383333
14.81
14.68
14.76
15.053333
15.153334
15.6
15.54
15.243333
15.296667
15.093333
14.93
14.813334
14.91
14.736667
15.133333
15.186666
15.313334
15.396667
15.466666
15.326667
15.566667
15.533334
16
16.120001
16.076666
16.01
15.726666
15.74
15.78
15.156667
15.396667
15.53
15.8
16.116667
16
15.92
15.806666
16.116667
15.783334
15.453333
15.946667
16.15
15.783334
15.876667
16.326666
16.216667
15.416667
15.28
15.11
14.86
14.52
14.966666
15.243333
15.623333
15.936666
15.943334
15.953333
15.893333
15.793333
15.97
15.766666
15.916667
16.299999
16.166666
16.336666
16.34
16.506666
16.459999
16.43
16.506666
17.033333
16.9
17.110001
17.046667
17.049999
17.333334
17.26
17.353333
17.396667
17.686666
17.666666
17.893333
18.023333
17.91
17.916666
18.126667
18.543333
18.77
19.046667
19.163334
19.83
19.92
19.66
20.016666
19.683332
19.139999
19.356667
19.256666
19.376667
19.186666
18.883333
18.700001
19.006666
18.946667
18.966667
19.656666
19.530001
19.483334
19.763334
19.466667
18.873333
18.686666
18.593334
18.463333
18.6
18.67
18.833334
19.233334
19.253334
19.373333
19.653334
19.666666
19.516666
19.416666
19.003334
18.530001
18.799999
18.423334
18.666666
19.059999
18.943333
18.813334
18.406666
18.316668
18.15
18.473333
18.566668
18.743334
18.596666
18.559999
18.806667
19.006666
19.043333
19.016666
18.966667
18.959999
19.02
18.536667
18.25
18.26
18.376667
18.040001
17.66
17.486666
18.136667
18.136667
18.450001
18.716667
18.383333
18.416666
18.276667
18.370001
18.356667
18.323334
18.026667
17.583334
17.5
16.790001
16.783333
16.613333
16.453333
16.16
16.416666
16.376667
16.256666
16.333334
16.416666
16.806667
16.773333
16.833334
16.76
16.736666
16.636667
16.566668
16.75
17.063334
16.876667
16.796667
16.846666
16.700001
16.616667
16.806667
16.613333
16.446667
16.15
16.643333
16.666666
16.780001
16.809999
16.646667
16.696667
16.693333
16.586666
16.533333
16.216667
16.049999
15.876667
15.816667
15.846666
16.176666
16.173334
16.063334
15.966666
15.946667
16.366667
16.5
16.296667
15.933333
15.79
16.110001
16.026667
16.163334
16.083334
16.17
16.166666
16.256666
16.106667
15.916667
15.9
16.15
16.253334
16.213333
16.173334
16.530001
16.773333
17.003334
17.076666
17.236666
17.436666
17.576666
17.91
17.933332
17.756666
17.693333
17.756666
17.706667
18.110001
17.886667
18.223333
18.049999
17.846666
18.336666
18.376667
18.536667
18.356667
18.496666
18.293333
18.166666
18.773333
18.459999
18.18
18.24
17.946667
18.030001
18.333334
18.586666
18.983334
19.003334
18.826666
19.213333
19.290001
19.129999
19.106667
19.683332
19.633333
19.26
19.343334
19.200001
19
18.963333
19.32
19.09
19.003334
19.166666
19.75
20.266666
20.206667
20.200001
19.943333
20.32
20.573334
20.713333
20.403334
20.793333
21.09
21.33
21.5
21.333334
21.07
21.16
21.16
20.766666
20.856667
20.833334
20.959999
21.25
21.823334
21.876667
22.083334
22.266666
22.166666
22.216667
21.996666
22.136667
22.17
22.616667
22.996666
22.766666
22.690001
22.343334
22.833334
23.01
23.433332
23.583334
23.453333
23.299999
23.32
23.32
23.443333
23.216667
23.176666
23.023333
22.693333
22.776667
22.556667
22.953333
22.916666
23.116667
22.209999
22.623333
22.783333
22.559999
22.216667
21.663334
21.656666
21.620001
21.956667
21.983334
22.366667
22.620001
22.646667
22.5
22.379999
22.793333
22.379999
22.313334
22.713333
23.190001
23.476667
23.440001
23.6
23.633333
23.549999
23.370001
22.833334
22.946667
23.136667
23.290001
23.396667
24.063334
23.983334
23.946667
24.286667
24.413334
24.153334
24.243334
24.333334
23.84
23.799999
23.826666
23.913334
24.093334
23.963333
23.853333
23.309999
23.006666
22.983334
23.093334
22.299999
22.75
22.883333
22.716667
22.809999
22.813334
22.790001
22.85
22.74
22.596666
22.620001
22.026667
22.113333
21.52
21.623333
21.903334
21.459999
22.01
21.536667
22
22.086666
22.16
22.33
22.893333
22.836666
22.75
23.206667
23.290001
23.173334
23.486666
23.033333
23.123333
22.763334
22.713333
23.363333
23.476667
23.823334
23.833334
23.793333
23.986666
24
23.783333
23.843334
24.123333
24.046667
24.183332
24.42
24.096666
24.273333
24.233334
24.02
24.466667
24.35
24.166666
24.23
24.17
23.983334
23.916666
23.933332
24.016666
24.25
24.096666
24.683332
24.73
25.453333
25.736666
25.66
25.9
26.446667
26.673334
26.833334
27.620001
28.003334
28.113333
27.916666
27.916666
27.333334
27.316668
27.383333
27.5
27.27
27.4
27.196667
26.959999
27.086666
27.243334
26.940001
26.906666
27.59
27.546667
27.243334
26.806667
26.756666
27.333334
27.283333
27.483334
27.193333
27.299999
26.926666
27.013334
26.9
27.136667
27.263334
27.346666
27.113333
26.946667
26.77
26.950001
26.623333
26.813334
27.073334
27.15
27.516666
27.446667
27.466667
27.643333
27.676666
27.173334
26.863333
26.860001
26.799999
27.173334
27.360001
26.5
27.053333
27.046667
26.98
27.163334
27.219999
27.633333
27.986666
27.790001
27.4
27.24
27.126667
27.1
26.893333
26.9
26.43
26.08
26.9
26.969999
26.866667
27.666666
27.42
27.846666
29.280001
28.823334
29.24
29.559999
28.873333
29.456667
29.626667
30.063334
29.796667
30.383333
30.546667
30.876667
31.059999
31.566668
31.666666
31.6
31.059999
31.283333
31.966667
31.833334
32.283333
32.283333
32.200001
32.676666
31.986666
31.533333
30.959999
31.58
31.576666
31.790001
32.333332
32.233334
32.060001
32.633335
32.133335
32.446667
32.490002
32.513332
32.336666
31.823334
31.913334
31.993334
32.016666
32.156666
31.556667
31.666666
31.493334
31.336666
31.966667
32.006668
31.633333
31.946667
32.59
32.603333
33.193333
32.91
32.676666
32.299999
32.07
32.626667
32.323334
32.43
32.643333
32.433334
33.599998
33.633335
33.299999
32.833332
32.983334
32.706665
32.023335
32.299999
31.526667
31.733334
31.393333
31.546667
31.709999
32.233334
32.846668
33.119999
32.849998
32.653332
33.366665
33.643333
34.016666
34.509998
34.226665
34.456665
34.463333
34.360001
33.763332
33.369999
33
32.433334
32.416668
32.459999
33.233334
33.706665
34.049999
33.816666
33.856667
33.123333
33.216667
32.689999
32.466667
32.48
31.256666
31.783333
31.476667
31.413334
31.583334
32.080002
32.080002
31.953333
31.66
31.916666
31.346666
31.373333
31.546667
31.483334
32.450001
32.516666
32.416668
32.286667
32.119999
32.016666
32.566666
31.059999
31.040001
29.456667
29.700001
29.556667
30.133333
31.190001
30.700001
31.116667
31.266666
30.456667
29.766666
29.583334
29.663334
29.23
28.913334
29.583334
29.186666
29.26
28.950001
29.59
30.129999
29.233334
29.983334
30.216667
30.23
29.379999
29.176666
29.41
29.196667
28.986666
27.953333
27.306667
27.076666
28.33
28.346666
28.156666
28.463333
28.959999
29.013334
28.896667
28.566668
27.809999
27.916666
28.846666
28.936666
29.073334
28.133333
28.133333
27.5
27.813334
27.906666
28.186666
27.886667
27.68
27.643333
27.766666
28.690001
28.469999
28.153334
28.576666
28.466667
28.113333
29.066668
30.333334
30.483334
30.186666
30.543333
30.6
31.049999
30.813334
30.523333
30.696667
30.98
30.723333
30.93
31.91
32.353333
32.703335
32.946667
32.373333
32.396667
32.683334
32.59
32.376667
32.509998
32.463333
32.549999
32.803333
32.653332
32.826668
32.900002
32.793335
33.086666
33.5
34.52
34.713333
34.700001
34.923332
34.623333
34.763332
35.263332
34.886665
34.540001
35.203335
35.033333
34.900002
35.156666
35.25
35.103333
35.459999
35.936668
36.083332
35.889999
36.006668
35.596668
35
35.583332
35.139999
35.34
35.09
35.389999
35.09
35.240002
36.029999
36.056667
36.486668
37.323334
36.966667
37.82
37.986668
36.849998
36.650002
36.150002
36.736668
36.860001
36.713333
35.573334
35.666668
35.799999
36
36.060001
36.283333
36.166668
36.243332
36.123333
36.306667
35.900002
34.623333
34.84
35.32
35.580002
35.596668
36.41
37.006668
37.323334
37.296665
37.453335
37.216667
37.466667
37.436668
38
37.746666
37.886665
37.343334
37.240002
37.213333
36.806667
36.616665
36.98
37.016666
36.723331
37.793335
37.959999
37.256668
38.313332
38.990002
39.396667
40.040001
39.973331
40.139999
40.083332
39.816666
39.263332
39.306667
39.226665
40.063332
39.556667
39.366665
39.076668
39.173332
39.703335
40.466667
40.253334
40.41
40.733334
41.136665
41.326668
40.633335
40.886665
40.970001
41.863335
42.033333
42.006668
41.976665
41.93
41.849998
41.25
40.806667
38.66
39.096668
38.453335
38.153332
37.240002
38.450001
38.236668
39.18
39.906666
40.226665
38.713333
39.103333
39.143333
38.186668
38.983334
39.113335
40.436668
40.5
40.959999
40.963333
40.473331
39.75
40.156666
40.276669
40.240002
41.439999
41.84
41.93
41.906666
42.116665
41.956665
42.193333
42.18
43.156666
43.646667
44.330002
42.990002
43.43
43.393333
43.150002
43.669998
43.553333
43.779999
43.77
43.869999
44.326668
44.873333
45.066666
45.076668
44.869999
45.426666
44.669998
45.34
45.116665
44.950001
45.626667
44.833332
45.330002
45.540001
45.103333
45.029999
44.486668
44.650002
44.843334
45.113335
45.666668
45.376667
45.736668
44.553333
43.846668
42.536667
42.756668
42.970001
42.643333
43.259998
43.413334
44.093334
44.456665
44.816666
44.970001
44.943333
44.200001
43.756668
44.166668
44.5
44.806667
44.156666
44.686668
44.986668
45
45.139999
45.509998
44.206665
44.943333
46.276669
46.743332
46.906666
47.983334
47.343334
47.400002
45.98
46.316666
44.773335
45.333332
43.216667
43.383335
44.183334
42.456665
41.873333
42.400002
40.163334
42.040001
41.906666
41.823334
40.613335
40.676666
41.34
40.356667
39.650002
41.213333
43.833332
43.110001
43.439999
44.236668
44.23
44.783333
43.939999
41.806667
43.376667
42.75
43.923332
44.293335
43.486668
43.709999
42.046665
41.673332
42.016666
41.036667
41.126667
42.040001
41.273335
43.846668
44.366665
43.103333
43.43
43.310001
42.263332
41.889999
42.18
42.5
43.476665
43.763332
42.896667
42.463333
43.376667
43.036667
45.726665
45.276669
46.09
46.773335
45.666668
44.976665
45.706665
46.133335
44.279999
44.873333
47.23
47.403332
46.213333
43.993332
43.166668
43.09
43.226665
41.07
41.41
40.586666
40.656666
38.84
39.669998
39.076668
39.256668
41.27
41.18
39.233334
39.650002
38.486668
39.056667
38.366665
39.686668
38.169998
39.113335
41.16
40.843334
41.060001
40.186668
39.066666
40.323334
41.313332
40.346668
40.5
38.32
38.676666
38.363335
37.013332
36.816666
37.093334
36.950001
36.43
38.373333
38.443333
38.353333
37.953335
38.046665
