Adjusted
34.34
33.689999
34.23
34.240002
33.029999
33.150002
33.869999
34.040001
34.049999
33.419998
36.049999
35.049999
35.369999
34.580002
34.150002
32.48
31.889999
32.220001
31.5
31.57
32.080002
32.41
30.709999
30.98
30.709999
30.860001
30.75
30.9
30.27
29.459999
29.9
30.65
30.370001
29.5
29.99
29.1
29.51
28.57
29.16
28.75
29.1
28.719999
28.67
28.719999
28.6
28.690001
28.09
28.379999
30.49
30.34
32.619999
34.080002
33.830002
34.5
34.369999
32.880001
34.299999
34.369999
35.540001
35.360001
34.220001
34.099998
35.139999
37.259998
36.950001
34.84
34.580002
33.939999
31.59
31.629999
31.389999
31.35
30.07
31.879999
31.85
32.950001
33.860001
33.849998
32.220001
33
33.150002
32.75
33.060001
34.18
34.150002
32.549999
32.799999
32.349998
33.029999
33.700001
33.459999
33.380001
34.439999
34.18
34.130001
33.529999
33.299999
35
37.759998
39.650002
38.77
37.189999
38.220001
38.57
38.310001
38.560001
40.939999
39.5
38.360001
39.139999
40.290001
41.220001
40.139999
41.450001
41.57
40.34
39
38.970001
36.959999
36.52
37.02
36.549999
35.290001
33.959999
35.32
35.98
35.830002
36.900002
37.959999
38.549999
37.290001
37.82
36.709999
36.549999
36.349998
35.799999
35
35.470001
35.5
36.049999
34.110001
34.59
33.869999
33.290001
33.27
33.759998
33.25
33.459999
32.509998
31.889999
32.459999
32.220001
32.279999
33.099998
33.02
32.700001
33.16
33.860001
33.220001
33.43
33.740002
32.84
33.490002
33.439999
33.41
33.709999
34.720001
34.880001
34.16
34.529999
34.41
35.900002
35.779999
34.59
35.68
35.990002
35.549999
35.540001
36.790001
37.5
37.77
36.77
37
35.330002
34.84
34.25
33.880001
33.290001
33.68
34.360001
34.779999
33.939999
34.450001
33.869999
33.310001
33.169998
34.029999
34.130001
33.650002
33.740002
32.599998
32.599998
33.43
32.240002
32.450001
32.73
32.419998
34.27
34.849998
34.73
35.139999
35.200001
33.259998
34.009998
34.48
34.049999
33.07
33.400002
33.419998
35.25
35.75
35.259998
34.43
35.189999
35.939999
36.25
37.529999
38.18
38.099998
38.18
39.240002
38.799999
38.57
38.5
38.27
37.34
36.75
35.970001
36.900002
36.939999
36.639999
36.77
37
37.330002
37.48
36.82
36.950001
37.220001
37
37.490002
36.889999
36.700001
36.939999
37.099998
38.59
40.790001
41.25
42.380001
41.490002
40.799999
40.419998
41.849998
43.189999
43.52
44.779999
44.48
44.32
45.610001
44.470001
42.830002
43.400002
42.98
44.279999
44.91
43.18
42.18
43.5
44.060001
43.41
44.139999
44.41
43.529999
44.259998
53.23
58.880001
56.869999
55.700001
55.029999
54.759998
55.650002
55.450001
56.110001
57.639999
58.279999
59.02
59.209999
57.5
56.189999
55
53.990002
54.700001
52.91
51.779999
54.169998
53.509998
52.880001
52.32
52.73
54.630001
54.630001
53.18
55.93
56.029999
55.599998
56.5
57.970001
57.630001
56.939999
55.25
55.029999
56.599998
55.830002
56.91
57.689999
59.459999
60.619999
57.900002
58.73
60.77
60.68
60.09
59.990002
57.799999
57.009998
59
59.509998
57.75
58.93
57.490002
56.84
56.369999
57.57
58.02
58.48
58.5
58.150002
59.209999
59.220001
60.650002
61.400002
62.650002
63.540001
63.09
63.080002
62.150002
62.849998
62.73
61.150002
61.450001
63.139999
62.099998
60.330002
59.549999
59.279999
59.389999
59.77
58.470001
58.040001
57.48
58.25
59.860001
60.580002
62.369999
62.700001
62.77
63.25
61.860001
62.009998
61.689999
62.77
62.259998
61.509998
61.330002
61.189999
60.509998
59.439999
57.34
56.560001
57.139999
55.130001
55.59
55.389999
53.830002
56.509998
58.450001
59.650002
60
58.34
57.84
57.560001
57.32
55.970001
55.23
56.810001
58.07
58.27
57.450001
59.07
58.34
60.09
59.049999
59.77
59.02
59.049999
59.830002
59.630001
60.459999
58.630001
59.330002
60
61.220001
60.470001
60.900002
60.549999
61.360001
62.09
62.25
62.310001
61.400002
61.049999
61.720001
61.540001
61.52
59.57
59.310001
59.669998
59.279999
60.009998
60.720001
61.169998
62.869999
62.439999
61.880001
62.299999
60.150002
58.950001
60.259998
59.82
57.889999
56.880001
58.02
58
57.060001
58.07
58.27
56.779999
55.799999
56.68
58.52
59.610001
58.16
57.650002
57.080002
60.290001
59.900002
60.860001
60.400002
60.5
59.639999
60.119999
59.040001
58.75
58.310001
57.060001
57.52
55.34
57.139999
57.43
58.59
58.43
58.900002
58.68
60.560001
61.900002
61.560001
61.389999
61.470001
64.529999
66.120003
65.529999
66.290001
66.190002
64.910004
65.889999
64.800003
65.839996
65.919998
65.639999
66.309998
65.550003
67.860001
67.919998
67.209999
66.610001
66.290001
64.760002
64.839996
65.190002
66.089996
66.82
65.800003
67.110001
64.870003
66.580002
67.800003
66.93
64.830002
64.830002
63
63.080002
63.470001
63.689999
62.200001
64.959999
64.720001
65.5
65.18
66.949997
66.150002
66.230003
65.029999
65.919998
66.699997
66.989998
67.040001
67.290001
67.57
66.970001
65.339996
65.580002
66.68
67.279999
38.650002
41.259998
40.880001
39.330002
37.529999
37.59
38.349998
39.310001
38.610001
38.029999
39.41
38.07
37.189999
38.16
38.259998
38.27
38.099998
38.099998
38.799999
38.099998
37.689999
38.349998
34.509998
34.740002
34.610001
34.77
35.400002
36.529999
36.080002
35.75
36.700001
36.450001
36.040001
35.790001
35.73
35.470001
34.799999
35.419998
35.380001
35.349998
36.209999
35.84
35.98
36.240002
37.32
37.720001
38.720001
38.52
38.450001
38.700001
38.91
38.77
39.34
38.900002
38.549999
38.650002
39.259998
39.950001
39.060001
39.110001
38.349998
37.990002
39.34
39.639999
39.099998
39.77
38.07
36.400002
35.369999
35.07
33.349998
35.130001
35.009998
34.790001
34.759998
35.029999
36.25
35.939999
35.400002
35.25
34.889999
34.189999
34.080002
33.990002
34.360001
34.880001
34.450001
34.080002
34.09
34.650002
34.759998
35.43
36.32
36.34
36.380001
37.759998
37.82
38.099998
38.240002
39.259998
38.860001
38.459999
38.5
38.82
39.48
39.900002
39.290001
40.419998
40.84
40.689999
39.48
38.119999
38.419998
41.240002
41.27
41.73
41.580002
41.709999
41.080002
40.549999
40.599998
40.240002
40.169998
39.849998
39.869999
40.919998
41.049999
40.990002
40.900002
42.139999
42.799999
42.419998
42.41
42.470001
42.439999
41.860001
41.880001
41.299999
40.669998
40.439999
41.240002
40.290001
40.23
39.419998
38.91
38.560001
38.459999
38.049999
38.150002
38.599998
39.48
39.919998
40.259998
38.860001
37.240002
37.709999
37.52
36.57
35.939999
37.060001
38.02
38.630001
38.650002
39.27
39.009998
39.09
39.650002
40.419998
40.009998
38.349998
38.490002
40.630001
40.290001
41.16
41.389999
41.98
41.84
42.919998
42.630001
43.98
44.91
43.740002
43.810001
43.720001
44.810001
45.330002
45.119999
44.759998
44.830002
44.490002
43.419998
43.029999
42.810001
43.419998
43.450001
42.75
42.360001
42.779999
44.93
44.669998
44.759998
45.119999
44.779999
45.110001
45.310001
44.09
43.790001
44.389999
45.470001
45.52
44.919998
45.18
44.66
45.279999
46.740002
47.27
47.119999
47.18
47.549999
47.959999
47.529999
47.060001
46.209999
46.389999
45.919998
46.049999
44.93
44.84
44.419998
43.610001
44.360001
45.23
44.73
44.75
45.27
45.150002
44.919998
44.240002
44.59
44.529999
44.240002
44.27
43.709999
44.380001
45.720001
47.330002
47.060001
46.099998
47.32
48.5
49.580002
50.099998
47.25
46.950001
46.360001
45.5
45.509998
45.509998
45.509998
47.540001
47.779999
47.919998
48.959999
49.23
49.099998
49.189999
49.25
48.310001
48.099998
46.470001
46.459999
47.18
45.860001
47.220001
47.200001
47.099998
46.34
46.080002
45.360001
45
44.369999
44.75
44.310001
44.810001
45.040001
45
45.860001
45.490002
44.830002
44.279999
44.75
44.080002
44.07
44.959999
44.849998
45.43
45.900002
46.09
46.779999
46.919998
46.16
47.02
46.869999
46.669998
45.959999
47.139999
46.950001
45.91
45.349998
45.689999
45.049999
44.259998
45.419998
46.990002
47
45.27
46.630001
48.119999
47.709999
45.389999
46.169998
46.73
46.360001
46
45.669998
45.400002
46.68
46.900002
46.27
45.290001
45.029999
45.580002
44.880001
44.990002
45
44.049999
44.98
46.970001
46.32
47.029999
46.279999
47.040001
45.66
46.290001
46.009998
45.560001
45.209999
43.240002
41.98
41.119999
42.009998
41.389999
40.73
41.200001
41.549999
40.970001
41.330002
41.84
42.049999
41.029999
42.169998
42.650002
42.389999
41.970001
41.73
41.860001
41.580002
41.450001
41.830002
42.290001
43.080002
43.32
42.91
43
42.880001
43
43.759998
44.279999
44.740002
44.330002
44.700001
44.200001
44.25
44.560001
43.25
43.5
43.98
44.009998
43.869999
43.669998
43.389999
43.900002
43.57
43.18
43.66
43.66
44.23
44.709999
44.68
44.599998
44.740002
44.68
44.240002
44.880001
46.18
45.689999
45.66
45.580002
45
45.209999
45.68
45.84
45.560001
45.439999
45.950001
45.919998
45.009998
45.290001
44.91
44.939999
44.41
44.02
43.91
47.599998
47.77
47.709999
47.52
48.41
48.799999
48.66
47.07
47.5
48.27
48.310001
48.970001
49.950001
50.790001
51.27
51
51.98
51.509998
51.09
51.029999
51.509998
52.259998
52.16
51.779999
51.5
51.889999
51.360001
50.669998
51.34
50.740002
50.169998
51.060001
51.360001
50.23
49.52
49.34
49.66
49.029999
48.970001
49.16
49.34
49.189999
49.330002
49.75
49.759998
50.02
49.5
49.279999
50.439999
50.970001
51.799999
51.900002
51.52
51.84
50.18
49.130001
48.790001
47.790001
47.52
47.68
48.049999
48.34
49.389999
49.299999
49.029999
48.939999
49.32
49.639999
49.5
49.310001
49.169998
50.490002
48
48.25
47.200001
47.02
47.18
46.900002
47.169998
45.880001
45.189999
44.57
43.66
43.41
44.18
43.779999
43.130001
43.299999
44.09
43.16
44.110001
44.099998
43.549999
44.400002
44.709999
45.810001
45.529999
45.900002
45.639999
45.139999
44.84
44.279999
44.380001
44.310001
44.810001
44.91
45.02
44.389999
44.419998
43.68
45.07
45.57
45.459999
45.619999
45.790001
45.860001
46.639999
48.860001
48.279999
48
48.110001
47.990002
47.209999
48
48.02
47.279999
46.91
47.419998
47.369999
47.25
46.029999
46.639999
46.599998
46.400002
47.189999
46.450001
46.380001
46.900002
47.009998
48.130001
47.91
49.470001
49.209999
52.130001
52.220001
52.290001
52.25
52.02
51.919998
50.860001
51.529999
51.209999
51.07
51.490002
51.209999
51.330002
51.630001
51.849998
51.369999
52
51.580002
51.75
52.360001
53.57
53.549999
53.5
53.810001
54.549999
54.450001
54.5
54.779999
54.509998
54.849998
55.5
55.919998
55.34
54.759998
55.18
55.02
54.939999
54.75
56.240002
59.009998
58.189999
57.009998
55.43
56.540001
55.630001
56.490002
56.650002
56.740002
58.279999
58.889999
58.130001
57.849998
58.830002
59.450001
58.459999
59.099998
60.200001
59.959999
59.599998
59.560001
59.970001
62.889999
62.93
62.080002
62.860001
64.589996
63.82
63.549999
62.869999
66.529999
65.779999
65.220001
65.5
64.709999
65.400002
65.419998
64.5
66.800003
67.459999
67.099998
67.389999
68.449997
68
68.150002
66.449997
66.330002
67.940002
65.660004
65.349998
65.879997
67.629997
66.419998
67.239998
67.410004
67.120003
69.43
82.510002
79.290001
79.260002
79.309998
80.220001
80.110001
78.93
76.720001
76.300003
76.720001
74.82
73.790001
74.440002
72.870003
73.980003
73.519997
73.440002
71.129997
74.989998
72.290001
69.879997
70.830002
70.010002
69.919998
70.040001
70.25
70.209999
68.629997
69.510002
68
69.75
70.279999
72.769997
74.120003
73.82
72.550003
74
73.93
74.940002
73.970001
75.389999
75.879997
57.91
58.790001
55.57
55.990002
55.5
56.959999
57.669998
58.41
59.34
58.330002
57.84
