Adjusted
5.820949
5.837452
5.954067
5.874857
5.786845
5.662525
5.699931
5.782444
5.748337
5.725236
5.791242
5.807745
5.761542
5.714233
5.748337
5.639422
5.385285
5.43039
5.801146
5.726335
5.775843
5.772542
5.803348
5.884759
5.819849
5.778045
5.772542
5.710934
5.654825
5.716435
5.77034
5.902361
5.873757
5.820949
5.834152
5.75494
5.761542
5.731836
5.732938
5.871799
5.909268
5.859676
5.74506
5.634855
5.710897
5.50481
5.521341
5.519139
5.770409
5.742857
5.914779
5.955555
6.029394
5.973187
6.157235
6.148416
6.188092
6.139601
6.193602
6.234377
6.1385
6.271847
6.426136
6.366627
6.328052
6.299398
6.297194
6.226663
6.250908
6.304909
6.332459
6.340176
6.183682
6.173761
6.094415
6.205725
6.192498
6.265236
6.171561
6.283971
6.22556
6.18919
6.216746
6.211235
6.270747
6.300501
6.194703
6.083395
6.170458
6.094415
5.973187
5.898249
5.939024
5.888329
5.791348
5.762695
5.709795
5.785838
5.758286
5.662406
5.400115
5.438758
5.467463
5.52046
5.348222
5.235604
5.273143
5.190337
5.237814
5.195859
5.373616
5.421093
5.305163
5.435445
5.349328
5.365886
5.213523
5.151696
5.053429
5.078824
5.05122
5.094282
5.078824
5.024724
4.951852
4.994914
4.979455
5.077718
4.983872
4.935293
4.869047
4.858006
4.777406
4.701224
5.001539
4.968416
5.050117
4.902171
5.078824
5.365886
5.499482
5.553583
5.561312
5.486234
5.460838
5.487338
5.34491
5.396803
5.338285
5.354846
5.394594
5.419989
5.410052
5.408948
5.431029
5.529295
5.532605
5.53371
5.537022
5.485128
5.52046
5.440966
5.365886
5.365886
5.404531
5.60831
5.847526
5.849739
5.891825
5.865244
5.908436
5.88961
5.833129
5.692479
5.63378
5.823162
5.905113
5.911758
5.919511
6.002574
5.980424
5.922834
6.002574
6.035798
5.980424
6.029154
5.990391
5.980424
6.077882
6.141009
6.175342
6.185308
6.234037
6.228499
6.265047
6.212995
6.283875
6.25065
6.225179
6.212995
6.093388
6.091171
6.025831
5.937233
5.984853
5.990391
6.049087
6.239575
6.255081
6.371366
6.224072
6.226284
6.186417
6.23293
6.218534
6.17977
6.142116
6.180878
6.136578
6.113323
6.113323
6.090064
6.075668
6.044658
6.063486
6.069023
6.073453
6.180878
6.175326
6.213083
6.283043
6.254169
6.364105
6.529566
6.446281
6.530677
6.504028
6.39742
6.447392
6.407416
6.305251
6.375211
6.476263
6.495142
6.534008
6.607298
6.579538
6.544003
6.555107
6.522902
6.507356
6.615071
6.494031
6.551776
6.479596
6.44073
6.51513
6.400752
6.365216
6.349669
6.410744
6.386316
6.484035
6.498473
6.518462
6.530677
6.530677
6.555107
6.707243
6.640614
6.764985
6.948212
7.120337
7.044825
7.079249
7.10701
7.170308
7.168087
7.171416
7.191407
7.205842
7.118116
7.115895
7.128109
7.184743
7.114785
7.094795
7.145878
7.118116
7.139263
7.187126
7.262815
7.21829
7.234988
7.243893
7.362992
7.393044
7.375236
7.354087
7.256138
7.331825
7.223858
7.24612
7.256138
7.1849
7.269495
7.0402
7.199369
7.249458
7.401949
7.467622
7.546649
7.619
7.544425
7.626792
7.723629
7.747002
7.847179
7.769266
7.782619
7.871665
7.804883
7.741437
7.768148
7.758132
7.75257
7.75257
7.696916
7.868328
7.803769
7.768148
7.75257
7.593401
7.315131
7.346297
7.440908
7.395271
7.318468
7.168204
6.826491
6.97453
7.035747
7.204937
7.295094
7.275058
7.098079
7.239439
7.186014
7.240554
7.238328
7.301774
7.34073
7.384139
7.487892
7.620648
7.536977
7.591642
7.548133
7.642959
7.83261
7.809185
7.752288
7.785757
7.727746
7.735551
7.722166
7.745595
7.881698
7.842651
7.905127
7.974293
7.930784
7.982101
7.914049
7.982101
8.037881
7.955323
7.893969
8.044576
8.104818
7.988795
7.927436
7.987676
8.076928
8.104818
8.182905
8.187367
8.062422
8.039
7.87612
7.819222
7.811411
7.67085
7.762327
7.92074
8.078044
8.052383
8.134941
8.201875
8.199643
8.120436
7.995486
8.074697
8.150555
8.127126
8.032303
8.052383
8.131595
8.204106
8.301162
8.238688
8.319011
8.267693
8.362522
8.291122
8.295585
8.279964
8.275491
8.353792
8.389588
8.407487
8.414194
8.411963
8.555143
8.255356
8.13007
8.18824
8.26878
8.031636
8.183765
8.150205
8.062956
8.031636
8.020446
7.863844
8.042821
8.08085
8.147968
8.105464
8.373931
8.398539
8.436568
8.499216
8.631208
8.521586
8.414194
8.407487
8.333657
8.156919
8.313524
8.427625
8.400777
8.273254
8.416434
8.530532
8.434333
8.423144
8.420908
8.418675
8.964556
8.915335
9.049573
8.977981
9.078653
9.311328
9.398581
9.365021
9.463456
9.454503
9.541758
9.642433
9.629012
9.590976
9.626774
9.62006
9.586505
9.698363
9.566368
9.687179
9.810226
9.79453
10.029978
9.967191
9.859556
9.790046
9.559087
9.758649
9.839375
9.73847
9.765379
10.00307
10.02773
10.077062
9.976159
9.749681
9.922344
9.985127
9.94253
9.91786
9.868524
9.890948
9.902163
9.88871
9.861802
9.72726
9.72726
9.496296
9.572537
9.498544
9.507511
9.404363
9.384183
9.498544
9.585995
9.664472
9.680171
9.476117
9.594965
9.485087
9.417817
9.375215
9.491815
9.325883
9.579267
9.704836
9.866287
9.875256
9.855074
9.855074
9.877497
9.736227
9.816956
9.884224
9.881979
9.881979
10.018764
10.005308
10.045673
9.814709
9.79229
9.92683
10.012228
9.978518
9.836928
9.94256
9.976274
10.268435
10.308887
10.272929
10.272929
10.187531
10.21
10.268435
10.135836
10.108866
10.230228
10.252701
10.192019
10.034703
10.030207
9.969528
9.875135
9.670621
9.286312
9.322271
9.362726
9.252604
9.126746
9.173944
9.270581
9.178439
8.848068
9.225636
8.969432
8.81436
8.697491
8.652544
8.949204
8.857059
9.097532
9.05034
9.146978
8.764915
8.931225
8.760415
8.877282
8.836831
8.902006
8.94246
8.760415
8.80537
8.854813
8.652544
8.742439
8.405331
8.295206
8.371618
8.349147
8.510958
8.360378
8.335661
8.506461
8.528937
8.432297
8.5177
8.553753
8.461365
8.468127
8.474885
8.461365
8.517699
8.470379
8.461365
8.456861
8.445591
8.646142
8.675436
8.592061
8.6529
8.646142
8.436576
8.366723
8.28335
8.240536
8.118855
8.22476
8.299121
8.143641
8.103078
8.012945
8.251804
8.303633
8.74979
8.806129
8.950344
8.797116
8.657408
8.646142
8.666421
8.576284
8.725009
8.810635
8.688952
8.819647
8.711491
8.648394
8.657408
8.565019
8.551502
8.569529
8.673181
8.655159
8.569529
8.540236
8.614594
8.556007
8.682192
8.830913
8.794864
8.78585
8.612342
8.585298
8.549249
8.657408
8.655159
8.556007
8.490661
8.535723
8.506433
8.490661
8.472581
8.474842
8.565215
8.551662
8.55844
8.499695
8.492918
8.517773
8.621699
8.5607
8.375433
8.359617
8.447733
8.337024
8.278275
8.160794
8.147236
8.122384
8.203724
8.289575
8.2715
8.294097
8.30087
8.298612
8.282798
8.142719
8.144978
8.382211
8.244389
8.321207
8.183385
8.149495
8.135942
8.2715
8.190169
8.282798
8.068158
8.077195
8.212757
8.264724
8.370911
8.526812
8.947048
8.895083
8.854416
8.890562
8.872489
8.845379
8.788892
8.687224
8.775336
8.736923
8.834081
8.718853
8.736923
8.709816
8.863454
8.892825
9.118758
9.247544
9.195577
9.240763
9.229469
9.358566
9.335916
9.444633
9.442366
9.347242
9.372158
9.240789
9.213615
9.15699
9.111693
9.061862
9.034685
8.973536
9.091308
9.027891
8.989388
9.102633
9.123019
9.215878
9.041482
9.007507
8.996182
8.996182
9.107166
9.508052
9.471813
9.537492
9.433308
9.388011
9.295147
9.154725
9.290621
9.263441
9.120753
9.290621
9.15699
9.193232
9.344976
9.539759
9.025625
9.116223
9.098104
9.172848
9.136607
9.123019
8.959946
9.002975
8.817254
8.971269
8.99165
9.111693
8.862553
9.15699
9.546556
9.58732
9.433308
9.591849
9.725477
9.897613
9.936116
9.684135
9.670518
9.656896
9.870283
9.829424
9.818073
9.76359
9.795373
9.815801
9.833964
9.883906
9.963359
10.033729
10.042811
10.063246
10.167665
10.072324
10.129072
10.081399
10.079131
9.988328
9.942928
10.022381
10.017839
9.949737
9.836235
9.904336
9.872555
9.704572
9.631924
9.516153
9.504805
9.591065
9.538854
9.579714
9.997408
9.852126
9.7477
9.818073
9.881639
9.852126
9.917954
8.898693
9.075761
8.637631
8.510509
8.751143
9.032626
8.891884
8.79427
8.807885
8.780648
8.569535
8.596773
8.471916
8.378846
8.258534
8.172271
8.21994
8.101898
8.038334
8.079197
8.43333
8.43333
8.360492
8.517545
8.492505
8.467468
8.198878
8.192052
8.153356
8.219366
8.137421
7.900698
7.980364
8.016783
8.185221
8.121484
7.964432
8.01223
8.178391
8.233021
8.212539
8.237576
8.164736
8.17384
8.426499
8.43105
8.412847
8.376422
8.380977
8.237576
8.317243
8.235298
8.260338
8.112382
8.128319
8.085069
8.412847
8.638184
8.421946
8.408293
8.567623
8.635911
8.701918
8.765653
8.726956
8.71785
8.55624
8.665498
8.929538
8.845322
8.840767
8.806625
8.649566
8.852148
8.701918
8.726956
8.854425
9.038795
9.013758
9.0001
8.938647
8.959128
8.808904
8.849874
9.052456
9.041073
9.12074
9.091075
9.205172
9.214298
9.182355
9.054564
9.020335
9.127587
9.088792
9.259936
9.278191
9.348927
9.362622
9.383158
9.246244
9.412822
9.294165
9.218863
9.239401
9.440206
9.344363
9.310141
9.230273
9.170943
9.218863
9.227987
9.465308
9.449333
9.40826
9.472151
9.54974
9.691216
9.716317
9.773365
9.572556
9.54289
9.583966
9.481283
9.488126
9.565711
9.497254
9.360343
9.415106
9.467588
9.490408
9.426516
9.453897
9.472151
9.581686
9.49269
9.540608
9.581686
9.602222
9.625042
9.645577
9.583966
9.572556
9.583966
9.66155
9.698059
9.71175
9.663835
9.490408
9.417385
9.630116
9.781092
9.794813
9.900037
9.884021
9.863438
9.872588
9.96866
9.886313
9.840562
9.897753
9.945787
9.952648
9.829125
9.842849
9.824553
9.74449
9.824553
9.929772
10.00526
10.00526
9.973231
10.09218
10.089896
10.044145
10.08303
10.110477
10.208841
10.284327
10.368961
10.355241
10.42157
10.508492
10.522223
10.380397
10.391838
10.407848
10.51307
10.583982
10.620579
10.483336
10.595419
10.650317
10.686916
10.604569
10.645744
10.579407
10.529081
10.446729
10.426151
10.661757
10.698353
10.686916
10.659469
10.732664
10.815015
10.73495
10.796708
10.794424
10.450583
10.617919
10.53998
10.439121
10.319919
10.395568
10.338256
10.489552
10.521642
10.533103
10.319919
10.443706
10.434536
10.365767
10.533103
10.51935
10.565197
10.53998
10.544566
10.542273
10.544566
10.535393
10.585827
10.51018
10.750874
10.842567
10.911332
11.007608
11.060331
11.158897
11.163485
11.142852
11.195575
11.349161
11.330824
11.154314
11.259761
11.445436
11.2483
11.227669
11.30561
11.748022
11.651746
11.619651
11.752604
11.80762
11.814497
11.883266
11.890142
11.894727
12.123959
11.899314
12.158341
12.09645
12.376109
12.424247
12.465508
12.603047
12.605339
12.591585
12.550324
12.360064
12.440295
12.463216
12.571155
12.713537
12.777838
12.64694
12.630863
12.405806
12.132521
12.300165
12.224377
12.199119
12.396619
12.55278
12.561969
12.516036
12.566559
12.403504
12.458623
12.405806
12.300165
12.079701
12.160076
12.139406
12.210601
12.28409
12.277195
12.417285
12.46781
12.16467
12.040657
12.23586
12.612491
12.493073
12.249639
12.226675
12.325427
12.396619
12.203711
12.272606
11.976354
11.712254
11.549203
11.693882
11.86612
11.774264
11.92124
11.898273
11.618099
11.769668
11.645655
11.675508
11.138125
11.925829
11.767374
11.47112
11.147311
11.16109
11.606616
11.641061
11.666327
12.003916
12.231266
12.125629
12.033767
11.666327
11.86842
11.861514
12.052495
12.089311
12.179047
12.15834
11.96966
11.932842
11.948953
11.886827
11.965059
11.948953
11.948953
12.5357
12.584018
12.577119
12.590924
12.517293
12.526497
12.632341
12.699067
12.367733
12.607032
12.655352
12.655352
12.623139
12.818719
12.788809
12.827924
12.280292
12.114622
12.008777
12.091611
12.123822
12.41375
12.457468
12.15834
12.363128
12.275688
12.20666
11.654428
11.433536
11.479553
11.470348
11.408223
11.168921
11.219543
11.012455
10.968737
10.706429
10.92732
10.61899
10.586776
10.812269
10.683416
10.582175
10.522347
10.250832
10.361279
10.209415
10.462528
10.211714
10.478631
10.697222
10.724893
10.66494
10.551947
10.372085
10.491996
10.607291
10.577314
10.688001
10.38131
10.485076
10.759481
10.577314
10.413594
10.319049
10.215282
10.305213
10.625738
10.632658
10.62113
10.44357
10.436651
