Adjusted
13.348862
13.748829
14.037693
13.943254
13.415522
14.054359
13.971032
13.998808
13.965479
13.993255
13.815491
14.115462
14.054359
13.943254
13.821047
13.259983
12.937792
13.060001
13.243317
12.837799
13.104438
13.221089
12.95445
12.97112
12.987783
12.854465
13.109992
12.960006
12.865569
12.443384
12.215631
12.554485
12.426724
12.526712
12.854465
12.832241
13.159988
12.848903
13.137769
12.943337
12.960006
12.687808
12.860012
12.515602
12.665587
12.504485
11.943426
11.910095
12.026752
12.032305
12.454494
12.465604
12.560042
12.287843
12.404498
11.921207
12.193407
11.854543
11.943426
11.976758
11.73789
12.137856
12.362946
12.537388
12.661188
12.63868
12.700574
12.458608
12.520505
12.492373
12.689319
12.683692
12.464229
12.678064
12.829999
13.387088
13.955434
13.89354
13.477128
13.707842
14.186153
14.371848
14.371848
14.546296
14.506906
14.501278
14.546296
14.405613
14.591309
14.81077
14.73199
14.782633
14.838908
14.52941
13.758487
13.139493
13.499637
13.651571
13.859779
14.011712
14.011712
13.97232
14.405613
14.630703
14.585682
14.608194
15.137153
15.154032
14.93457
15.063991
15.221553
15.221553
15.249694
15.801152
16.24008
16.217575
15.896821
16.144415
15.671729
15.55919
15.486032
15.78427
15.491662
15.277823
15.45409
15.624663
15.499571
15.653088
15.69289
15.528007
15.408603
15.442716
15.414292
15.169796
15.2096
15.11294
15.164114
14.783165
14.930995
14.709243
15.03334
14.982166
14.822959
14.879823
15.056079
14.896878
14.709243
14.925307
14.641018
14.487494
14.834335
14.794537
14.948052
14.965108
14.777476
14.726303
14.720614
14.731986
14.65807
14.783165
14.805902
14.419269
14.675124
14.504552
14.424947
14.311235
14.424947
14.76041
14.606897
14.65807
14.731986
15.141364
15.152736
15.03334
14.953734
15.010592
14.919624
15.08451
15.061766
15.391549
15.493888
15.260765
15.488205
15.351742
14.669439
14.430635
14.532984
14.589841
14.963497
15.009488
14.86577
14.980745
14.888767
14.785292
14.693316
14.658828
14.566852
14.480623
14.532353
14.388646
14.35415
14.342652
14.428885
13.940254
14.428885
14.359897
14.434628
14.612842
14.365647
14.3714
14.584094
14.578345
14.308162
14.3714
14.520866
14.411636
14.377151
14.359897
14.658828
14.923255
15.377395
15.262424
15.296918
15.325659
14.946257
14.974996
15.348657
15.147452
15.089964
15.147452
15.411888
15.388897
15.434881
15.055474
15.089964
15.038227
14.888767
14.900266
15.066972
15.239429
15.181943
15.388897
15.498115
15.64183
15.630332
15.68207
15.762548
15.825786
15.860276
16.090214
16.502489
16.607006
17.042507
16.990242
17.071541
17.187675
17.059923
16.845079
17.147028
17.14122
17.17025
17.402521
17.536074
17.669622
17.791563
17.408325
17.15864
17.385096
17.367678
17.17025
16.734749
16.287643
16.589592
16.636036
16.519901
16.525709
16.752174
16.665079
17.17025
17.437361
17.356068
16.78121
16.723141
16.589592
16.560556
16.41539
16.514101
16.485067
16.595392
16.39216
16.154087
16.397968
16.328285
16.334095
16.368938
16.39216
16.200548
15.794075
15.137923
14.853398
14.998573
14.626942
14.661785
14.824367
14.806952
14.632751
14.197251
14.104345
13.935946
13.953373
14.011441
14.127568
14.057886
14.234132
14.281125
14.310496
14.474991
14.29875
14.29875
14.110763
14.316373
14.146014
14.392738
14.668847
14.615975
14.410366
14.193009
14.322246
14.51023
14.62772
14.545483
14.521987
14.968451
14.862707
14.745215
15.044822
15.144684
15.303305
15.379675
15.273928
14.909701
14.950827
15.021326
14.968451
15.074192
14.939076
15.009574
14.974327
14.7511
14.727597
14.645349
14.7511
14.715845
14.833337
14.845088
14.839213
14.856834
14.786339
14.962578
15.215186
15.215186
15.056571
15.185812
15.144684
15.179935
15.097696
15.097696
14.862707
14.862707
14.780466
14.69234
14.539606
14.422115
14.533732
14.48086
14.558106
14.451151
14.350137
14.219412
14.195642
14.154043
14.308539
14.308539
14.385785
14.201583
14.029262
13.999554
14.053033
13.98173
13.845063
13.946074
13.969843
13.904484
14.070853
14.005491
13.411283
13.607379
13.761869
13.749989
13.845063
13.666795
13.470708
13.369691
13.494479
13.797522
13.660855
13.488535
13.643026
13.696502
13.815348
13.761869
13.940126
13.845063
13.815348
14.124336
14.124336
14.397671
14.16593
14.100569
14.047086
14.112452
14.088684
14.053033
14.183757
14.148108
14.261005
14.362023
14.421442
14.415504
14.504631
14.665061
14.403612
14.528395
14.326363
14.201583
14.373902
14.142163
14.171877
14.346242
14.232001
14.514596
14.64086
14.526622
14.538641
14.129786
13.973453
13.949405
13.889277
13.865221
13.829155
13.835163
14.12377
14.045606
14.03959
13.979468
14.057635
13.799084
14.00953
14.406368
14.436429
14.087693
14.045606
13.937374
14.286115
14.268074
14.370291
14.340227
14.400352
14.538641
14.592761
14.646879
14.616812
14.538641
14.604789
14.310161
14.129786
14.111748
14.099718
14.093709
14.051619
14.159844
14.129786
14.268074
14.526622
14.388331
14.394338
14.25004
14.286115
14.219974
14.316176
14.550673
14.622824
15.049728
15.368395
15.16396
15.133898
15.218081
15.362377
15.530741
15.290229
15.410488
15.392446
15.422508
15.404469
15.290229
15.121873
15.07323
15.048912
15.042832
15.188759
14.957703
14.994184
14.836099
14.854339
14.854339
14.909062
14.860421
14.69625
14.5564
14.586802
14.653687
14.647606
14.26454
14.252383
14.386153
14.592882
14.495594
14.66584
14.684086
14.592882
14.398308
14.453034
14.653687
14.671927
14.55032
14.59896
14.544243
14.811774
14.811774
15.121875
15.042832
15.15836
15.219161
15.377254
15.298208
15.237404
15.200912
15.194837
15.200912
15.030669
15.121875
15.048912
15.048912
14.878661
14.744886
14.69017
14.854339
14.726647
15.024592
15.39549
15.213082
15.231327
15.243483
15.704664
15.655468
15.335715
15.557082
15.673923
15.544784
15.747705
15.538634
15.427952
15.56938
15.852243
15.87683
15.956774
15.790746
15.760008
15.710813
15.833786
15.809195
15.901433
15.796889
15.839939
15.803051
15.987515
16.036711
16.264221
16.282669
16.061302
15.975221
15.950614
15.72311
15.637023
15.612425
15.557082
15.655468
15.692362
15.612425
15.649323
15.821491
15.919878
15.901433
15.741549
15.741549
15.698514
15.593972
15.667768
15.680064
15.507891
15.630872
15.507891
15.403354
15.41566
15.366464
15.56938
15.655468
15.49559
15.53249
15.637023
15.741549
15.809195
15.760008
15.667768
15.520189
15.311124
15.544784
15.675361
15.532347
15.669147
15.712672
15.470173
15.296073
15.488825
15.507478
15.482607
15.482607
15.588308
15.694011
15.625619
15.606962
15.706449
15.532347
15.513694
15.414209
15.39556
15.606962
15.650488
15.532347
15.569659
15.544784
15.606962
15.563438
15.45152
15.414209
15.613178
15.594529
15.613178
15.544784
15.457735
15.42664
15.501253
15.470173
15.345811
15.383122
15.184144
15.084659
14.997604
14.904342
15.016262
14.960301
15.215234
15.177931
15.209018
15.513694
15.650488
15.470173
15.613178
15.376904
15.457735
15.383122
15.296073
15.551004
15.358244
15.264982
15.115748
15.0287
15.047348
15.003831
15.016262
14.966515
14.947866
14.960301
14.891907
14.835947
14.577983
14.58427
14.471024
14.345187
14.194186
14.169017
14.124974
14.036892
14.143852
13.980264
13.873306
13.634222
13.495798
13.615342
13.621634
13.659382
13.634222
13.300754
13.319632
13.23155
13.23155
13.325922
13.41401
13.401424
13.483216
13.60276
13.684553
13.898472
13.678263
13.684553
13.747478
13.822973
14.030599
14.02431
14.055767
14.093522
14.005437
13.911056
13.778932
13.583885
13.609052
13.766346
13.716009
13.609052
13.552425
13.627929
13.476926
13.4203
13.558717
13.8041
13.753764
13.85443
14.150146
14.118684
14.238232
14.389228
14.433273
14.52765
14.408105
14.552816
14.458444
14.622026
14.411862
14.411862
14.507388
14.5456
14.399132
14.335444
14.303599
14.278127
14.201703
14.125285
14.367285
14.220813
14.074337
13.583958
13.991539
14.405493
14.64113
14.539238
14.51376
14.660233
14.367285
14.176233
14.246284
14.303599
14.481917
14.38639
14.265388
14.590183
14.590183
14.711185
14.64113
14.698448
14.571079
14.876765
14.77487
14.628393
14.781238
14.711185
14.501021
14.488287
14.583814
14.526499
14.38639
14.539238
14.456446
14.590183
14.609287
14.590183
14.501021
14.532865
14.596548
14.65387
14.539238
16.074034
16.239616
16.252354
15.991247
15.851137
15.882983
15.889352
15.672823
15.736505
15.76198
15.807076
15.980983
15.787754
15.633155
15.562296
15.497885
15.485005
15.749099
15.99387
15.929457
15.903688
15.974543
15.839277
15.903688
16.084051
16.27729
16.348143
16.103373
16.096926
16.032516
16.122698
16.283726
16.174227
16.142017
16.071165
15.858601
15.646041
15.755533
15.826398
15.542974
15.555859
15.568744
15.369063
15.452799
15.439911
15.852161
16.071165
15.819949
15.813514
16.199993
16.27729
16.206436
16.103373
16.038956
16.264404
16.071165
15.76842
15.987426
15.942336
16.27729
16.219318
16.373913
16.464085
16.567152
16.50918
16.431883
16.567152
16.290176
16.264404
16.554272
16.657328
16.58003
16.42374
16.534449
16.495371
16.527933
16.593056
16.332573
16.137209
15.993938
16.059061
16.03952
16.638636
16.69725
16.612598
16.905642
16.860058
16.925179
15.655298
15.935325
15.609718
15.499012
15.427376
15.492496
14.815228
14.828251
13.812355
13.753744
13.56489
13.180669
13.291381
13.538842
13.727693
13.988183
14.092376
14.033766
14.222622
14.085868
14.092376
14.118424
14.144469
14.281229
14.313793
14.164013
14.945477
14.834765
14.737079
14.789181
15.095255
15.232006
15.837643
16.156736
16.072081
16.228378
16.202322
16.091616
16.208836
16.091616
16.319544
16.326059
16.345598
16.28047
16.182793
16.228378
16.072081
16.163256
16.215946
16.150082
16.084219
16.057871
16.130316
16.005178
16.202776
16.16984
16.150082
16.110563
16.288399
16.235704
16.130316
16.183008
16.301569
16.24229
16.156668
16.262053
16.024939
16.301569
16.215946
16.117146
16.156668
16.288399
16.51893
16.341087
16.189596
16.084219
16.077631
16.097385
16.136906
16.24229
16.334511
16.16984
16.136906
16.288399
16.117146
16.19619
16.222527
16.327921
16.354261
16.360847
16.624308
16.657244
16.723108
16.63089
16.69676
16.742861
16.769209
16.802141
16.854836
16.868008
16.815317
16.894354
16.973392
17.157812
17.124889
17.164394
17.315893
17.329058
17.335646
17.562002
17.768372
17.428856
17.375593
17.44882
17.442171
17.66852
17.475451
17.688484
17.888203
17.75506
17.728434
17.628571
17.75506
17.968098
17.495426
17.44882
18.261017
18.660456
19.16641
19.173065
19.066553
19.126469
19.13978
19.213009
19.106497
18.98666
18.367537
18.367537
18.454077
18.487368
18.400822
18.25436
18.047979
18.034666
18.008036
18.10124
17.548685
17.562002
17.735094
17.588625
17.542027
17.9814
18.05464
18.081268
17.921494
18.214418
17.841602
17.98807
18.05464
17.854921
17.934809
18.074612
18.447418
18.500677
18.374191
18.387506
18.507338
18.387506
18.580572
18.480707
18.560595
18.52025
18.681646
18.708544
18.600943
18.68837
18.506792
18.526964
19.044783
19.138931
19.024612
19.004433
19.112036
19.280151
19.172552
19.35413
19.972816
19.656734
19.6164
19.407927
19.286882
19.300323
19.730719
20.188007
20.248535
20.315775
20.342684
20.093859
20.33596
20.235081
20.329229
20.228361
20.315775
20.477184
20.383028
20.322508
20.174557
20.194735
20.208187
20.241806
20.25526
20.383028
20.497355
20.470449
20.457005
20.288879
19.6164
19.683645
19.623121
19.293602
19.999714
20.060234
20.68565
20.383028
21.237082
21.001715
21.53298
21.116034
21.223639
21.311058
21.553154
21.270708
21.223639
21.411934
21.554409
21.649389
21.405149
21.269459
20.98451
21.452641
21.72402
21.751158
21.778296
21.805431
21.744371
21.730804
21.398363
21.798653
21.303385
21.432281
20.251785
19.430849
19.471561
19.274813
19.451206
19.417282
18.996641
19.349443
19.620819
20.306053
19.118771
19.552979
19.647959
19.335869
18.922016
18.569225
18.76597
19.078062
19.091631
19.505486
19.675093
20.048246
19.946472
19.505486
19.681881
19.539408
19.776865
19.804003
19.57333
19.451206
18.867735
18.996641
19.152691
19.22732
19.539408
19.254456
19.050922
19.614031
19.614031
19.363012
19.675093
19.532625
19.363012
19.600468
19.681881
19.552979
19.695448
19.749723
20.373114
20.373114
20.612879
20.530668
20.448465
20.297758
20.2087
20.393667
20.366266
20.030594
20.434769
20.263504
20.085394
19.804527
19.551065
19.468859
20.112795
20.379967
20.366266
20.564926
20.544376
19.975794
19.783979
19.95524
20.023743
19.681223
19.681223
19.379803
19.208544
19.153738
19.256496
19.009884
19.037279
19.201696
19.256496
18.811216
19.235945
18.907129
19.26335
19.95524
20.1402
20.297758
20.222404
19.907286
20.044291
19.92099
20.023743
20.078545
19.660669
19.790831
19.736021
19.235945
19.050983
19.297596
19.153738
19.105791
19.167439
19.194847
19.153738
18.763268
18.612558
