Adjusted
1
1
1
1
0.8
0.5
0.8
0.8
0.8
0.8
1
1
0.6
0.6
0.6
0.6
0.6
0.6
0.6
0.6
0.9
0.9
0.9
0.9
1
1.4
1.2
1.2
1.2
1.6
1.5
1.2
1.2
1.2
1.2
1.2
1.2
1.4
1.3
1.3
1.3
1.3
1.3
1.3
1.3
1.4
1.5
1.5
1.4
1.4
1.3
1.2
1.2
1.2
1.3
1.3
1.3
1.2
1.1
1.1
0.9
0.9
0.9
1
1
1
1
0.95
0.95
0.95
0.95
0.9
0.9
0.9
0.9
0.85
0.85
0.85
0.9
0.9
0.9
0.9
0.9
0.9
0.85
0.85
0.85
0.85
0.95
0.95
0.95
0.7
0.7
0.8
0.8
0.8
0.7
0.7
0.9
0.7
0.65
0.65
0.65
0.65
0.6
0.6
0.6
0.6
0.6
0.6
0.6
0.6
0.75
0.75
0.6
0.6
0.6
0.6
0.65
0.8
0.6
0.6
0.6
0.75
0.75
0.75
0.75
0.75
0.75
0.9
0.7
0.7
0.7
0.7
0.7
0.6
0.6
0.6
0.6
0.9
0.9
0.9
0.75
0.75
0.7
0.7
0.7
0.7
0.7
0.8
0.8
0.8
0.7
0.7
0.7
0.7
0.8
0.8
0.85
0.85
0.9
0.9
1
1
0.8
0.9
0.8
0.8
0.8
0.8
0.8
0.8
0.6
0.6
0.9
0.8
0.8
0.8
0.8
0.7
0.75
0.7
0.7
0.6
0.6
0.6
0.6
0.6
0.75
0.75
0.65
0.5
0.5
0.7
0.7
0.7
0.7
0.7
0.7
0.7
0.7
0.85
0.85
0.7
0.7
0.7
0.7
0.7
0.7
0.7
0.7
0.95
0.95
0.8
0.7
0.75
0.75
0.75
0.75
0.9
0.8
0.8
0.75
0.75
0.7
0.7
0.7
0.7
0.7
0.65
0.7
0.55
0.55
0.65
0.65
0.6
0.55
0.55
0.55
0.7
0.7
0.8
0.7
0.6
0.6
0.6
0.6
0.6
0.6
0.6
0.65
0.65
0.65
0.6
0.6
0.5
0.5
0.6
0.6
0.55
0.6
0.5
0.55
0.45
0.45
0.5
0.5
0.5
0.55
0.55
0.55
0.5
0.5
0.55
0.5
0.5
0.45
0.45
0.45
0.45
0.45
0.5
0.5
0.55
0.75
0.5
0.5
0.55
0.55
0.45
0.4
0.4
0.4
0.45
0.45
0.45
0.4
0.4
0.4
0.4
0.4
0.4
0.4
0.4
0.4
0.4
0.4
0.4
0.4
0.4
0.4
0.4
0.4
0.3
0.35
0.35
0.35
0.35
0.35
0.35
0.35
0.35
0.4
0.25
0.25
0.25
0.25
0.25
0.25
0.25
0.25
0.25
0.25
0.25
0.25
0.25
0.25
0.25
0.2
0.2
0.2
0.2
0.2
0.2
0.25
0.25
0.25
0.25
0.25
0.25
0.25
0.25
0.2
0.2
0.2
0.2
0.2
0.2
0.2
0.2
0.2
0.2
0.2
0.25
0.25
0.25
0.25
0.25
0.25
0.25
0.25
0.3
0.3
0.3
0.3
0.3
0.3
0.3
0.25
0.25
0.25
0.25
0.25
0.25
0.25
0.25
0.25
0.25
0.25
0.25
0.25
0.25
0.25
0.25
0.4
0.3
0.3
0.3
0.3
0.35
0.35
0.35
0.25
0.3
0.25
0.25
0.25
0.2
0.2
0.2
0.2
0.2
0.2
0.2
0.2
0.3
0.3
0.3
0.3
0.3
0.3
0.3
0.3
0.3
0.3
0.3
0.3
0.3
0.3
0.3
0.3
0.3
0.3
0.3
0.15
0.15
0.15
0.15
0.15
0.15
0.15
0.15
0.15
0.15
0.2
0.2
0.2
0.2
0.2
0.2
0.15
0.25
0.25
0.25
0.25
0.25
0.25
0.25
0.15
0.15
0.25
0.25
0.25
0.25
0.15
0.15
0.2
0.2
0.2
0.2
0.2
0.15
0.15
0.15
0.15
0.15
0.15
0.15
0.15
0.35
0.4
0.75
0.6
0.45
0.4
0.4
0.4
0.4
0.45
0.45
0.3
0.7
0.6
0.6
0.7
0.6
0.6
0.6
0.65
0.65
0.65
0.55
0.5
0.6
0.6
0.5
0.7
0.7
0.5
0.7
0.45
0.55
0.55
0.45
0.75
0.75
0.8
0.85
1
1
0.85
0.9
0.9
0.9
0.8
0.8
0.8
0.7
0.7
0.7
0.7
0.6
0.6
0.65
0.65
0.65
0.55
0.65
0.55
0.6
0.6
0.55
0.55
0.55
0.5
0.5
0.9
0.75
0.65
0.65
0.65
0.8
0.8
0.75
0.55
0.55
0.55
0.55
0.55
0.55
0.6
0.55
0.55
0.55
0.45
0.45
0.45
0.45
0.5
0.5
0.45
0.45
0.45
0.45
0.45
0.45
0.45
0.45
0.45
0.45
0.45
0.45
0.45
0.45
0.45
0.45
0.45
0.45
0.45
0.45
0.45
0.45
0.45
0.45
0.45
0.45
0.85
0.6
0.45
0.45
0.45
0.45
0.45
0.4
0.45
0.45
0.45
0.45
0.45
0.45
0.5
0.4
0.45
0.45
0.55
0.35
0.35
0.35
0.35
0.35
0.35
0.35
0.3
0.35
0.35
0.35
0.3
0.3
0.3
0.3
0.3
0.3
0.3
0.3
0.4
0.45
0.35
0.35
0.35
0.4
0.4
0.4
0.5
0.55
0.6
0.4
0.5
0.6
0.6
0.6
0.6
0.5
0.5
0.7
0.6
0.5
0.65
0.7
0.7
0.6
0.65
0.65
0.8
0.8
0.7
0.9
0.8
0.75
0.65
0.55
0.6
0.8
0.8
0.9
0.9
0.8
0.8
0.8
0.8
0.8
0.7
0.8
0.8
0.95
1
1
0.9
1
0.95
1
1
0.85
0.9
1.05
0.95
0.95
1
0.95
0.95
0.8
0.95
0.95
1
0.9
1
0.9
1
1
0.85
0.8
0.8
0.85
0.85
0.85
1
1
1
1
0.85
1
0.85
0.95
0.85
0.95
0.9
0.9
0.9
1
1
0.95
0.95
0.95
0.95
1
1.1
1.4
1.45
1.6
1.7
1.6
1.55
1.6
1.6
1.7
1.6
1.7
1.95
2.4
2.1
2
2
2.05
2.05
2.2
2.1
2.2
2.4
3.2
3.1
3
2.5
2.6
2.95
2.9
2.7
2.5
2.4
2.6
2.45
2.65
2.3
2.3
2.5
2.3
2.5
2.7
2.5
2.7
2.7
2.5
2.6
2.7
2.3
2.25
2.3
2.3
2.3
2.5
1.9
2.75
2.7
2.5
2.65
2.7
2.8
2.65
2.6
2.75
2.65
2.6
2.65
2.6
2.6
2.4
2.7
2.6
2.6
2.6
2.6
2.6
2.55
2.4
2.5
2.7
3
3.95
3.65
3.85
4.3
4.9
4.55
4.2
5
5
5.5
5.1
5
5.4
5.7
6.4
7.4
8.1
7.5
7.4
6.9
7.2
7.1
7.4
7
6.8
6
6.9
7
6.9
6.5
6.5
6.1
5.8
5.8
5.8
5
5
5
5
5.6
5.5
5.4
5
4.6
4.3
4.6
4.9
4.6
4.05
4.3
4.4
4
3.5
3.95
4.2
3.8
3.5
3
3.8
4.1
4.1
4.8
4.5
4.5
4.6
4.15
4.15
4
3.8
3.8
3.7
3.5
3.85
3.65
3.5
3.6
4.05
3.8
3.7
3.9
3.8
3.6
3.1
3.5
3.5
3
3.3
3.1
3.1
3.45
3.45
3
3
3
2.9
3.1
3
3
2.9
2.75
2.95
2.7
2.5
2.8
2.95
2.9
2.9
2.75
2.7
2.7
2.45
2.05
2.4
2.4
2.25
2.5
2.2
2.2
1.95
2.2
2
2.3
2.2
2.5
2.5
2.05
2.5
2.5
2.5
2.2
2
2.4
2
2.2
2.2
2.2
2.2
2.2
2.2
2
1.9
1.9
2
2
2
1.9
2.1
2.4
2.8
3
3.15
2.9
2.9
3.35
2.9
2.8
2.65
2.55
2.45
2.4
2.8
2.4
2.4
2.65
2.5
2.3
2.7
2.8
2.5
2.5
2.8
2.8
2.8
2.6
2.45
2.65
2.6
2.5
2.7
2.4
2.4
2.55
2.75
2.8
2.45
2.7
2.7
2.5
2.5
2.45
2.95
2.9
3
3
2.75
2.7
2.6
2.9
2.6
2.9
2.8
2.7
3
2.75
2.7
2.8
2.8
2.6
2.65
2.8
2.9
2.85
2.65
2.65
2.8
2.7
2.5
2.55
2.8
2.6
2.6
2.7
2.5
2.65
2.65
2.95
3.3
3.25
3.25
3
3.05
3.1
3
3.15
3.2
3.2
4.1
4.3
4.3
3.7
4.5
4.75
4.7
4.8
4.5
4.6
4.3
4.3
4.6
4.3
4.1
4.1
4.4
4.25
4.3
4.15
4
3.7
3.8
3.5
3.75
3.9
3.6
3.7
3.65
3.3
3.3
3.25
3.45
3.1
3.4
3.5
3.4
3.25
3.8
3.6
3.6
3.3
3.2
3.35
3.55
3.55
4
3.9
3.9
3.9
4.05
4.05
3.7
3.65
3.5
3.5
3.5
3.45
3.6
3
3.8
3.4
3.4
3.5
3.3
3.3
3.2
3.15
3
3
3
3.05
2.95
3.4
3.6
3.3
3
3.2
2.8
3.2
3.2
2.85
3
2.95
2.95
2.8
2.95
2.95
2.95
3
3
2.9
2.9
3.2
3.2
3.2
2.8
3.1
3.05
2.9
2.7
2.5
2.6
2.7
2.7
2.55
2.75
2.5
2.7
2.7
2.55
2.3
1.95
2.2
2.15
2.1
2
2
2.3
2.05
2.1
2.1
2
2
1.75
1.9
2.15
2.3
2.2
2.2
2.25
2.1
2.1
2
2.1
2
1.95
2
1.8
1.8
1.7
1.8
1.75
1.75
1.7
1.9
2
2.6
2.6
2.9
3.1
2.85
2.9
2.9
2.85
2.65
2.65
2.65
2.65
2.65
2.65
3.05
3.2
2.9
2.5
2.65
2.7
2.5
2.55
2.6
2.8
2.9
2.8
2.45
2.75
2.5
2.5
2.5
2.6
2.35
2.2
2.5
2.7
2.7
2.6
2.7
2.7
2.7
2.75
2.5
2.4
2.2
2.2
2.5
2.35
2.2
2.25
2.15
2.3
2
1.9
1.93776
2.35
2.35
2.35
2.45
