Adjusted
279.837585
277.989868
287.227966
284.687592
282.454956
285.072449
288.382874
285.149475
292.001068
288.305847
285.688385
283.301758
278.220947
276.373291
285.919312
275.526428
270.137482
272.985931
273.678772
264.775574
265.936829
268.259521
260.440002
260.517517
256.646332
254.788223
254.633499
248.130219
243.252884
246.504471
251.923843
257.343201
258.272339
254.401245
257.033508
251.072144
254.633499
249.756149
254.401245
258.117401
255.872284
250.607773
256.801392
253.85939
256.723969
249.29158
244.259338
245.110931
258.504517
261.291534
264.775574
268.878815
274.530426
277.394836
288.001526
276.388519
277.937012
277.859375
277.937012
274.452972
266.710999
275.614319
286.762756
282.736847
288.233643
288.15625
291.175568
286.762756
286.065948
289.16272
297.524109
303.872528
296.207977
302.246704
299.614349
309.214539
311.924103
303.098389
297.678925
303.950043
302.711243
303.872528
303.483368
308.930603
307.607666
310.875977
311.420685
305.117584
303.872528
306.518311
305.584442
302.705292
306.985168
304.650635
297.491638
299.748199
302.393982
301.304596
304.183624
312.665833
320.136139
317.256927
319.202332
321.925995
328.773682
334.765503
338.500732
339.979279
333.520508
336.166199
343.091888
342.936249
343.169678
352.04071
354.530853
349.47287
340.757477
342.78067
335.388123
337.333405
334.998993
340.212708
334.687775
333.05365
340.913086
345.504211
341.457733
349.706299
353.052368
357.876953
351.729462
359.122009
366.670227
364.413483
354.219604
348.77243
355.931549
349.784149
353.674866
355.153381
349.16153
355.85379
356.398499
353.597137
351.963013
351.335602
340.748566
344.042175
337.768402
341.297516
345.845856
348.198547
349.375
354.394012
352.668793
353.923615
352.119934
350.15921
348.276947
346.316376
344.355896
338.003601
336.59198
339.650604
336.905731
337.925201
339.964233
346.473419
348.983002
348.276947
347.728119
349.13974
347.25766
344.669495
346.708588
347.414459
346.316376
350.551392
352.433624
365.843903
368.510254
363.726379
369.921722
364.90271
360.511047
355.727295
361.295319
356.903625
368.588654
370.549164
369.451355
371.019836
375.097717
372.980377
375.489868
375.646759
383.724396
384.273254
383.332184
384.273254
379.411011
377.52887
373.058685
370.157074
374.705566
373.294037
366.236053
373.137268
373.215576
375.427734
374.479675
379.535919
381.748047
383.170135
386.251251
377.244843
378.824799
374.400726
374.400726
372.109589
366.816254
365.789185
359.942841
362.944946
361.60199
366.105225
369.26532
370.608429
370.92453
371.556458
375.743683
373.057617
370.92453
372.820679
368.001373
374.242676
372.030548
374.163757
375.822784
375.664764
377.481812
378.745972
375.190735
378.350861
381.352997
383.170135
379.772949
378.035004
378.113892
382.143066
382.617065
383.486084
387.120331
393.361694
393.756714
394.309723
395.968811
394.151703
393.835663
391.860535
395.020691
391.070557
391.070557
389.411377
397.864868
400.472076
397.54892
402.368073
395.573822
388.937378
394.114807
394.114807
392.123474
389.335693
386.866577
383.202637
392.760742
391.486298
389.654297
396.026398
394.353851
394.194397
397.460083
394.751984
391.247284
389.415314
392.840424
393.796265
396.982147
398.256714
400.327515
401.920624
396.424744
396.822876
393.318298
398.256714
397.778687
396.982147
391.964142
387.264801
392.760742
391.247284
398.177002
404.788025
408.452087
400.964874
395.150238
396.663574
396.583954
400.327515
398.734558
408.770599
413.709015
411.797394
416.496796
412.593994
416.018982
416.098511
411.877014
410.443207
414.664825
407.814789
405.823486
397.619476
399.053009
398.097412
391.964142
391.406616
395.548492
391.725189
390.211823
389.9729
385.751373
386.875763
386.233246
390.008057
392.256866
390.57019
381.575012
375.230164
364.708954
366.957794
371.937286
369.126373
366.636475
360.291565
362.620728
361.416016
363.664886
364.146698
364.467926
373.463135
373.784454
373.623779
372.901031
375.631805
377.719879
372.338867
373.864807
381.735565
382.297882
377.880646
380.289948
375.390808
377.639618
377.639618
378.121429
381.494812
378.924652
377.398621
379.406494
381.012848
375.872711
373.623779
372.0979
373.463135
369.688416
367.52005
365.030182
366.475922
362.781372
361.656982
360.612854
363.825531
362.219177
355.071167
350.332642
353.304291
353.786163
352.902679
358.203461
355.87442
351.858521
352.581451
354.268066
358.887848
357.347961
359.212067
356.942749
359.860504
355.240601
350.053528
352.322906
358.077332
359.4552
355.807922
356.699554
362.859253
366.020294
369.910675
368.451752
372.423187
371.369568
372.180115
375.259949
376.556671
378.664154
376.151489
377.529327
376.475616
381.095459
379.636566
382.635406
379.474579
380.528198
382.87851
380.93335
382.473328
380.771301
382.392303
380.528198
367.965515
369.991699
359.698364
355.645874
357.834198
353.45755
359.131073
362.291962
357.591187
363.669861
362.535095
360.83313
362.61618
362.778229
361.157257
363.588715
363.102539
357.51004
354.187042
356.132141
358.401611
353.295441
350.863922
348.108246
344.947357
345.109406
351.269257
356.213226
362.020569
362.92038
362.429596
367.255524
370.445435
376.988953
377.316101
378.297638
377.970459
376.661774
378.379486
385.004791
381.732941
376.661774
377.725006
375.516632
369.300476
369.463867
369.791016
372.326721
371.508759
367.746277
366.028564
375.761932
374.289703
373.390076
377.643311
376.252808
378.624939
379.851746
375.516632
382.551025
383.368835
386.967804
384.841217
381.324036
381.896606
385.986298
395.147156
398.746124
395.147156
395.474396
392.69339
392.857025
394.083923
394.820068
391.466461
396.374054
400.218475
397.928314
395.392578
394.411041
393.184235
389.339783
388.603638
394.002106
392.938782
390.730316
392.039032
395.556244
396.783203
396.537689
397.192017
395.719757
401.199951
404.717102
406.352997
405.610321
410.809326
410.396667
408.333649
405.85788
404.207306
407.673462
406.435516
407.673462
405.85788
402.721924
400.823883
395.707336
399.255829
398.595612
398.430603
393.809174
395.129639
397.192688
395.872375
399.420898
399.998505
399.998505
395.129639
397.357788
394.386902
397.935547
394.469421
390.920837
389.847992
386.629578
377.634338
366.740997
366.823608
367.401276
369.464386
365.998352
370.702301
370.867279
368.226593
367.979034
370.867279
372.600342
375.1586
374.663361
376.396423
383.328613
378.046967
374.663361
377.55188
381.348053
382.503296
380.687775
381.843018
382.255707
386.051819
384.731445
388.279938
384.781311
391.195648
387.613525
389.862854
391.279083
390.529144
388.113403
390.279236
386.363983
389.029785
386.613983
382.448853
389.862854
392.861755
397.693481
398.52652
398.193176
396.527069
397.443542
395.277618
394.694427
393.861267
392.445282
397.526855
397.443542
396.193817
397.276917
397.026947
397.776611
397.193481
396.860291
396.527069
394.944397
394.861053
396.027283
395.36084
394.611206
394.19458
395.194275
390.529144
391.112427
389.612976
391.695496
389.696167
385.114471
384.531342
387.030487
385.697693
385.447693
387.44696
384.114777
383.198486
381.032684
387.363708
386.697266
374.868164
369.869812
368.287048
367.78717
370.036377
370.952728
371.535919
369.78653
369.029266
366.000275
367.683075
370.796234
370.627869
369.534058
367.094116
364.317535
366.841705
364.317535
366.084381
367.009918
368.440216
371.385162
371.048553
371.974121
371.553406
371.889954
366.505157
362.21405
364.065155
362.634796
366.336884
363.980927
368.272034
367.767303
369.19754
372.731354
374.077484
373.90918
375.33963
378.705139
379.462402
378.452698
378.873413
382.407227
381.650024
379.883118
377.106445
380.135498
380.640381
379.378235
379.378235
380.135498
384.005798
382.996246
382.912048
381.48175
380.892761
382.238983
382.07077
380.556213
376.938202
375.255524
376.265137
378.95752
377.022369
374.077484
377.695526
373.067841
372.815521
379.041656
380.051361
384.090027
382.07077
386.193451
385.183777
381.986511
383.248596
386.137238
387.41156
394.463196
395.907349
397.776489
405.507813
407.801666
409.840698
404.912964
405.16803
407.291962
411.285095
412.134552
415.617889
419.186127
420.715454
418.846375
417.062164
412.474365
415.023132
414.343506
415.023132
415.363068
413.748749
412.049591
415.532959
413.578827
420.035706
421.734924
417.147125
419.44104
417.741791
418.081665
418.591431
417.911743
418.336517
413.323975
411.79483
412.729218
412.304443
418.761353
411.030121
413.069214
413.069214
411.115082
412.389374
416.127594
416.552307
415.617889
411.454926
410.860229
407.291962
388.176147
390.809875
390.894867
392.764008
399.390778
398.201355
397.776489
395.737427
393.613678
387.946411
386.915924
387.860443
386.830078
389.491852
393.184296
394.644012
392.239655
396.017975
397.134094
398.765533
397.048248
396.447266
402.543732
401.856812
402.286163
401.685089
398.16449
399.538452
395.416748
394.300446
395.760284
398.422119
400.826385
399.194916
403.48822
402.200226
405.11972
403.659973
406.321899
407.094696
407.008759
405.463165
409.327209
410.185883
410.529327
409.069672
408.726135
408.983734
405.978333
405.549072
407.094696
413.964111
414.39328
410.872742
409.241394
411.559784
407.609894
408.726135
412.590118
415.16626
416.282501
414.135803
414.736908
412.246643
412.160767
407.523956
410.01413
417.735474
433.351715
429.100616
430.315216
432.484253
428.406555
436.995605
435.173676
436.822083
436.388306
429.274261
425.023163
429.534454
429.794769
423.634979
422.767487
423.374756
423.721771
421.032166
422.160156
425.717255
430.055115
425.283386
427.712646
432.310699
435.000214
430.488739
431.70343
433.351715
433.351715
431.790131
427.9729
418.256012
414.699036
422.333618
419.557465
414.872559
416.520905
419.644257
417.909149
414.178436
419.036926
414.352051
415.132782
423.895294
418.603058
424.849609
425.196625
427.45224
425.803864
428.05957
430.315216
423.634979
415.306396
412.790405
402.552979
403.85434
409.927399
408.712769
407.151031
411.74939
411.662445
412.356598
410.447906
419.297089
419.123596
420.858765
422.680695
424.783966
425.046875
422.680664
423.381805
419.17514
420.40213
417.51004
418.211029
424.258209
425.309814
425.660492
425.923279
424.959259
424.345764
425.748016
426.975006
426.273804
430.480469
431.707397
433.986023
432.496185
432.671509
433.10965
430.568146
425.485168
426.975006
428.727722
429.341187
432.057983
431.970337
431.093933
434.599487
435.563599
437.316284
436.001678
433.810852
438.893768
440.208405
437.92981
437.579132
435.300629
433.723114
438.981415
447.219452
446.868896
447.394775
447.657684
445.378967
441.522919
439.770203
441.522919
439.507263
438.63089
439.857819
437.053375
437.403992
443.62619
442.311707
445.817291
445.466736
441.347687
439.244385
439.59494
438.981415
440.220428
438.892944
444.468719
446.769836
447.566406
447.92041
448.097321
448.628418
449.159332
446.681274
448.362885
449.601898
448.9823
447.92041
449.336456
445.26532
441.547974
438.627502
441.282501
438.892944
437.034363
442.521637
447.035278
449.424866
448.805481
458.894867
468.010742
462.435059
463.054596
470.046387
478.542908
490.667969
488.809479
488.189728
484.649597
482.791046
487.835815
499.252838
494.562042
492.969086
488.986298
487.304779
484.738098
487.216309
482.96814
479.073883
479.427887
481.286407
484.738098
481.375092
481.375092
482.348541
483.941559
482.260132
485.269165
477.303711
483.85318
478.454346
480.312988
487.924377
489.175507
488.549957
489.354309
491.141998
491.141998
486.583557
477.288086
477.556244
480.058838
484.259735
484.527863
483.544708
484.349091
480.416382
478.986298
480.595154
470.852753
452.261719
450.206085
456.552094
446.630859
440.195526
452.083008
448.865326
451.367981
449.84845
450.116699
435.726501
438.676025
448.060913
442.698151
447.435272
452.619293
465.04306
463.34494
462.272339
460.663391
456.373169
455.479431
459.41217
458.875916
456.283844
459.501465
459.054565
460.93158
461.021027
468.350098
462.987396
461.646637
461.199707
473.087341
469.511963
473.623627
474.517303
477.466797
474.696075
472.014771
480.86322
478.718079
477.02002
479.254395
484.438446
485.332367
487.047546
488.311401
486.415649
484.971222
488.582275
480.276825
479.464294
477.207275
476.575378
495.714172
494.7211
496.526733
495.082367
497.24884
496.617065
495.894775
497.610077
495.714172
498.332245
491.922577
492.102966
488.853149
486.596161
481.450317
474.13797
481.450317
482.714233
474.860107
484.610016
484.519867
487.318451
487.137787
489.84613
482.44342
484.429504
473.144775
466.644806
461.769836
467.728088
467.728088
463.033691
466.193451
468.179504
464.929596
466.735107
465.832336
460.415741
464.116974
477.026764
474.13797
471.158722
473.596191
465.832336
461.589294
457.978149
459.151703
445.158813
444.256012
431.617188
424.033813
426.019958
420.422668
422.950439
431.444183
417.562042
441.581909
443.773773
451.9935
428.339111
429.252228
425.051056
417.014008
416.557343
434.275452
445.783081
441.947083
438.933289
442.312531
441.581909
442.951782
436.467346
421.397888
428.795593
422.219727
428.156281
431.170258
420.119385
417.014008
415.370056
413.726135
420.210632
417.927338
423.407227
425.964355
420.393188
441.764557
440.851288
431.078857
433.910095
425.507721
422.95047
425.142456
428.156281
426.238373
435.828064
437.10672
437.380615
435.006073
441.125214
436.558685
434.914734
430.530945
441.307922
437.198059
422.311218
409.068268
407.881073
400.300537
386.875
389.158386
387.605621
381.943298
376.554657
389.340912
389.888947
384.591705
382.67392
356.304993
349.088104
332.156433
324.56955
309.118347
304.399658
306.250122
310.598663
332.156433
333.451752
319.94342
314.577179
296.072571
290.521149
284.322113
293.296997
284.044647
280.528748
298.755798
298.755798
308.100586
305.880005
301.161407
311.708984
317.815399
317.445343
321.701385
307.452881
291.168884
286.912842
284.044647
284.692413
281.083862
279.511047
276.550293
279.788635
286.635315
281.731598
273.497101
270.998962
