Adjusted
18.017447
18.3127
18.108835
18.115858
17.687052
17.511297
17.539413
17.504272
17.567537
17.539413
17.701107
17.672987
17.258228
17.159805
17.166842
17.22308
17.012182
16.977037
17.012182
16.541183
16.941883
17.012182
16.449793
16.414646
16.295145
16.154539
16.119392
16.112366
16.06316
15.528889
16.344351
16.541183
16.337318
16.639601
16.766142
16.126427
16.091276
15.671075
15.798199
16.221924
15.897061
15.501577
15.452145
15.099031
15.438021
14.986034
14.703545
14.654116
15.586328
15.642826
16.560915
16.878714
17.267136
17.436626
18.891447
17.655561
17.754435
17.514317
17.58493
17.316578
17.02702
16.82222
17.839178
17.973358
17.938036
18.573645
18.326471
17.952169
17.909796
17.662619
18.255848
18.700766
18.368843
19.075062
18.863199
19.435242
19.272806
19.032688
18.49596
19.152746
19.562359
19.484671
19.534096
20.106144
19.894283
20.310953
20.360388
20.070835
20.303888
20.678185
20.607569
20.49457
20.981867
20.9748
20.565187
20.431013
20.23609
20.505434
20.470001
20.661371
21.20714
21.320545
21.689121
22.057701
21.986814
22.426266
22.575121
22.291597
22.149837
21.845058
22.539682
23.007477
22.759401
22.929512
23.014576
22.929512
22.36248
22.957863
22.723957
22.68852
21.972637
22.723957
22.596375
23.042921
22.986216
22.886984
22.915337
23.198854
23.376051
22.915337
22.773582
22.759401
22.681437
22.66017
22.383739
22.029339
22.355391
22.568026
23.283913
23.135059
23.106712
23.390228
23.815506
24.14156
23.886383
24.318745
24.254953
24.155731
23.808426
24.09903
24.262051
24.106104
24.006882
24.318745
24.233696
24.602261
24.758205
25.155127
25.233097
25.293526
25.457029
25.137121
24.881205
24.703478
24.319599
24.305376
24.589733
24.397791
24.831446
24.575518
24.525757
24.525757
24.212969
23.750881
23.850403
24.504436
24.810108
25.030489
24.874104
25.115803
24.952284
24.987831
25.385935
24.362255
24.291162
23.395437
23.622925
23.381229
24.070782
24.163206
24.092123
24.397791
24.340929
24.511543
24.454668
24.227177
24.43334
24.447565
24.212969
24.596846
24.198751
24.049461
23.793537
23.459421
23.729561
23.843302
24.276949
24.5613
24.760361
25.002058
24.817221
25.094475
24.739029
24.426235
24.760361
25.13002
25.016266
24.881205
25.307737
25.449913
25.016266
24.803001
24.319599
24.344568
24.258947
24.373108
24.594303
24.794077
25.029524
25.108019
25.186508
24.986719
25.036667
25.329199
25.150822
25.186508
26.442255
26.44939
27.127209
27.141491
27.405487
27.141491
26.94883
27.020185
27.912066
28.083317
28.069029
27.740826
27.769363
28.05476
28.0191
28.347294
28.411503
28.846748
29.075075
29.132141
29.424686
29.274851
29.281982
29.125013
30.166706
30.587683
31.144217
31.322592
31.179893
31.244102
31.179893
31.643671
31.051462
30.494926
31.672211
31.693598
32.021809
31.39394
30.930172
31.301168
31.558048
31.336859
31.294054
31.465282
31.236973
31.700739
32.564079
32.274315
32.052532
31.873665
31.68049
32.124069
32.302944
32.124069
31.744888
32.374493
32.353016
32.488956
32.624905
32.632042
32.367329
32.367329
31.773497
30.378345
30.721762
29.670044
29.269388
30.492823
30.528597
30.414124
30.027782
30.263878
30.657385
31.072346
31.387142
31.895121
31.973822
32.131222
32.632042
32.868134
33.01123
33.175789
32.896767
32.57481
32.732212
31.988129
31.558855
31.54455
31.980968
31.88796
31.566006
31.594631
31.880806
31.694799
31.315594
31.244061
31.086651
30.857716
30.528597
30.542904
30.771852
30.907774
30.528597
29.691517
29.119152
29.319469
29.276539
29.326639
29.426792
28.725641
28.89735
28.886593
28.922472
29.353079
29.647335
30.020514
30.164057
30.666424
30.580317
30.393721
30.120993
29.869806
30.228649
30.781254
31.05398
30.931965
31.111391
30.867376
31.290821
31.262117
32.446278
32.474983
32.754879
32.776409
33.443848
33.544331
33.680683
33.730923
33.716557
33.730923
34.312256
34.312256
34.204601
34.132832
33.55151
33.372089
33.436684
33.16396
32.941486
32.876892
32.783592
32.783592
32.991699
32.597
32.539574
31.857784
31.577873
32.625694
33.063492
33.565857
33.451023
33.307476
32.76923
32.76923
31.900839
31.290821
31.089851
31.577873
31.355408
30.824324
31.140095
31.549189
31.821896
32.120571
32.314892
32.20694
32.098988
32.091782
32.516418
32.566803
32.645966
32.552391
32.955429
32.847473
33.430458
33.437649
33.804695
33.775894
33.581573
33.775894
33.984623
34.135754
34.020615
34.58197
34.769112
34.265305
34.740318
34.474033
34.409241
34.502808
34.373257
34.250904
34.106972
34.035004
34.430832
35.287277
35.258503
35.337673
35.186531
35.121754
35.143349
34.913044
34.877064
35.172138
35.251305
35.37365
35.136162
35.798294
35.517597
35.38805
36.04298
36.316475
36.388447
36.460415
36.388447
36.705105
37.165722
37.424824
37.835049
37.784664
37.172928
37.547169
37.85664
38.144524
38.612347
37.871033
37.4608
37.258705
37.179302
36.739021
36.594666
37.51133
38.312508
38.160938
38.377476
38.26199
38.868298
39.200317
39.424072
39.748878
39.517914
39.532341
39.387989
39.445724
39.886017
39.987053
39.590088
40.29023
40.766598
41.105839
41.430645
41.805969
41.827629
41.676048
42.39785
42.094692
41.957542
41.596661
41.365681
41.178024
41.105839
41.401779
41.502827
40.990356
40.485092
40.513973
40.651108
41.315155
41.805969
42.188526
41.733803
41.004791
39.886017
39.792191
40.658337
41.105839
40.939831
41.575016
40.947052
40.80991
40.441795
40.788261
41.033653
40.347965
40.059238
39.496243
40.095345
40.218044
40.80991
40.780956
40.571083
40.267132
39.073006
38.892086
39.036823
39.623016
39.355251
39.369728
39.297356
38.870365
38.921017
39.434864
39.442104
38.682201
38.841431
38.986164
39.130901
39.449341
39.948696
40.093433
39.680923
37.336113
38.030861
37.553223
37.003193
37.299911
37.285454
37.560459
37.495327
36.749901
36.344616
36.981491
37.097279
37.104519
36.858463
36.547268
36.692005
36.279488
35.953827
35.208412
35.468937
35.425522
34.672867
36.170933
35.613674
35.584736
34.62944
34.086643
34.665627
35.374851
35.331429
35.382107
36.221592
36.257782
36.214363
36.069622
35.4617
35.758415
35.772911
35.946583
36.952545
37.632824
38.468315
38.52644
38.112316
38.693523
38.257618
37.945213
38.606342
38.38839
38.431988
38.584538
38.664459
37.996078
37.959759
37.828983
37.407608
37.509323
37.051613
36.978966
37.378544
37.792652
39.470875
40.34996
40.3209
40.190113
40.052071
39.347378
40.044819
39.688831
40.044819
39.979435
39.630714
39.754215
40.161064
39.332848
39.71064
39.768749
39.921307
39.85593
39.60165
39.485405
39.507214
39.223869
39.427277
39.507214
39.485405
39.100349
38.831551
38.831551
38.729836
38.809761
38.068737
37.603764
37.74181
37.51659
37.451202
37.603764
37.92342
38.119576
37.625576
37.160599
36.659317
36.492218
35.823837
36.319878
37.151455
37.151455
37.297348
37.443245
36.713791
36.684612
36.283398
36.546005
35.809242
35.991619
35.393463
35.189213
35.998901
36.378231
36.049973
36.254223
37.202515
36.633541
36.254223
36.225052
35.76548
37.042038
36.290688
35.597698
35.750893
36.203163
36.801319
36.173969
35.816536
35.79467
36.458473
36.101032
36.152088
35.378864
35.218388
35.065201
34.627518
34.649399
34.10231
34.022072
34.678585
34.36491
33.956417
34.875526
34.605629
34.831764
35.998901
36.458473
36.064556
35.27673
35.539349
36.232334
36.852367
37.837162
37.888206
38.01952
38.216469
38.172699
38.413425
39.091824
39.427364
38.880276
39.040768
38.381172
39.062752
39.048092
39.004116
39.443844
40.037491
39.693031
40.147419
40.184059
39.934879
40.645782
41.041542
40.389278
40.184059
40.052128
39.8396
39.993507
40.337963
40.982903
40.609142
40.191383
38.586361
38.872192
39.561111
39.363228
39.480488
39.509804
38.879532
39.121384
39.223984
39.187344
39.993507
39.8396
39.421864
39.561111
39.986183
39.377892
39.495155
39.868919
40.96825
40.396591
39.348579
39.82494
39.24596
39.311928
38.630348
38.798908
38.57172
38.40316
37.97076
37.934097
38.293217
38.659664
38.190617
37.897449
37.743542
38.109993
38.285889
38.256569
37.890133
38.2346
39.250835
39.729507
39.43494
38.168308
38.448151
37.962109
38.168308
38.698517
38.035755
38.381866
38.146217
38.131481
37.402443
36.739662
36.607113
36.695484
36.489292
36.931137
37.431908
37.535
36.842777
37.535
37.004776
36.481926
36.842777
34.972275
35.230026
35.443584
35.193199
34.670353
34.692436
34.883904
35.01646
34.743996
34.559879
35.259487
35.215294
35.311031
34.419968
34.773445
35.097469
34.832352
35.384682
35.075378
35.053284
35.075378
34.979641
34.662971
34.589344
34.611443
34.478882
34.596714
34.891281
34.839725
35.443584
35.546677
35.855968
35.6866
35.443584
35.01646
34.361046
34.272694
31.371214
30.393414
30.030443
30.156364
30.430441
29.830437
29.978592
29.711901
29.704489
29.519316
29.563755
29.711901
29.73414
29.126711
28.519291
28.482243
27.704447
27.608141
26.971088
27.415556
27.852596
28.27483
29.771173
30.704525
30.104519
30.741577
30.33416
30.215624
30.423035
30.304512
30.14896
30.423035
30.919355
31.163795
30.889715
31.060101
30.897133
31.008232
30.867495
29.963776
29.363768
29.423008
29.067453
28.956343
29.993395
29.445234
29.311905
29.489683
30.193407
29.637838
29.34894
29.408205
28.860035
28.222979
28.534109
28.37854
28.519291
28.11927
27.993349
27.852596
28.082237
27.84519
27.215549
27.541479
28.533367
29.666945
29.741516
29.607294
29.443207
29.249302
29.047947
29.100157
29.629656
30.278461
30.271019
31.247999
31.344933
31.158497
31.344933
31.397142
31.837143
32.083263
33.380898
32.70224
32.500885
32.672421
31.889355
31.934105
32.500885
33.373447
33.336155
34.357872
34.551773
34.574139
34.999233
35.073807
35.155853
35.819588
36.349094
35.998585
36.073147
36.020943
35.759937
35.073807
35.379585
35.759937
35.62569
35.45417
35.901619
35.80468
35.856884
36.095535
35.894165
36.117897
36.886051
36.401302
36.759277
36.408749
36.513157
35.938911
35.327366
35.901619
36.065689
36.460968
35.923985
36.006027
36.341629
36.662315
37.266041
37.423538
37.393532
37.431026
37.77602
37.933525
37.88102
37.251034
36.658562
36.501072
36.741043
35.316116
35.66111
35.766098
36.013588
35.533615
35.466118
35.66111
35.586102
35.8036
35.848587
35.766098
36.051086
36.066082
36.036091
36.793564
36.651066
36.59856
37.438522
37.243546
36.786064
38.211002
38.150997
37.408539
37.393532
37.821022
37.686028
38.098515
38.180996
38.211002
38.495995
38.960983
39.290958
39.133469
38.990963
39.193474
38.758488
38.968472
38.990963
39.110966
38.668488
39.110966
38.825977
38.083515
36.951057
37.416039
37.176033
36.33609
36.493568
36.568565
36.904198
36.700562
36.474289
36.881577
36.700562
36.677929
35.908619
35.712521
34.867802
35.026184
34.762203
34.46806
33.93256
34.671688
34.287045
34.882877
34.890415
34.996014
34.158817
34.045689
34.400173
34.354923
34.633976
34.641518
35.90107
36.082088
36.293278
36.24802
35.735153
35.018642
35.36557
35.342953
35.591843
35.765308
35.448551
35.259998
35.063885
34.724499
34.023064
34.196533
34.128651
35.282619
35.222271
35.003551
35.109135
35.599392
35.765308
35.991592
36.617588
36.557259
36.715641
36.874023
36.579884
36.881577
36.31591
36.165058
35.991592
35.674809
36.346066
36.300816
36.798611
36.353615
36.127357
36.385677
36.058956
37.365765
37.548126
37.897617
37.783657
37.662098
37.950809
38.277515
38.307899
38.323105
38.399082
38.543434
38.946106
38.125557
37.175842
37.229015
37.168243
37.760868
37.897617
37.821648
37.768459
37.730469
37.768459
37.525326
36.719971
37.472145
36.841541
37.039085
36.849136
36.879528
37.054272
36.454048
36.21851
36.514828
36.583214
36.043758
35.572712
35.397957
35.6031
36.264095
36.248909
36.195724
36.119747
36.020977
35.6031
35.633492
34.774944
34.698963
34.227905
33.673275
34.015171
33.665672
34.03796
34.113941
33.133831
33.764435
34.630589
35.565105
36.013386
36.21851
35.352367
33.756844
32.753937
33.042645
34.265888
33.832813
33.848011
34.552544
34.567871
35.111568
34.9967
34.054783
34.521915
34.460648
34.91246
35.440865
35.264732
35.348965
34.24622
33.848015
34.445335
34.146675
34.422363
34.108383
33.985859
35.762497
36.221981
37.163891
37.684639
37.669331
37.248131
37.424263
37.592731
37.087315
37.860771
38.297272
38.258987
38.2896
38.902241
38.863953
39.308109
39.086037
38.481056
38.465748
37.768864
37.102631
37.317059
36.941807
36.183689
37.156239
37.232822
36.681438
36.321529
36.505318
36.704422
36.535957
36.74271
35.839081
35.30302
34.966072
34.88184
34.177307
34.299835
33.610615
33.870983
34.698044
34.384075
34.230915
34.39172
33.618286
33.625999
32.721794
33.023201
32.636772
33.788307
34.622967
34.476139
34.870274
34.738884
34.228817
34.074249
34.978481
34.777538
35.194874
34.105171
34.483849
34.615246
34.792995
34.043339
34.391117
34.197899
34.012432
35.032562
35.395798
35.094391
34.383385
34.476139
