Adjusted
2.777703
3.074334
2.966312
2.940593
2.889154
2.803422
2.846288
2.914874
3.010893
3.000605
2.993746
2.995461
2.914874
2.920017
2.878866
2.786276
2.755413
2.811996
2.775989
2.798277
2.841144
2.758841
2.722835
2.6954
2.589094
2.626815
2.657679
2.709118
2.571946
2.487929
2.67311
2.657679
2.65082
2.597666
2.571946
2.539369
2.486216
2.412486
2.25474
2.299321
2.314753
2.151862
2.083277
2.04727
1.937534
2.119284
2.091851
2.057558
2.084991
2.198157
2.222162
2.251311
2.263314
2.244453
2.229021
2.289033
2.36962
2.331899
2.32161
2.28046
2.297607
2.319896
2.318182
2.323333
2.361111
2.410909
2.416061
2.534545
2.60495
2.713131
2.680505
2.716565
2.701112
2.661616
2.682222
2.659899
2.661616
2.65303
2.622121
2.666767
2.685657
2.716565
2.682222
2.596364
2.60495
2.594647
2.556868
2.541414
2.570606
2.59293
2.618687
2.570606
2.534545
2.634141
2.615252
2.627272
2.618687
2.632424
2.618687
2.627272
2.671919
2.773232
2.750909
2.816161
2.824747
2.797272
2.798989
2.81101
2.795555
2.84707
2.838485
2.738889
2.786969
2.831616
2.798989
2.877979
2.922626
2.90202
2.920908
2.881413
2.833333
2.898586
2.932929
2.908888
2.960403
3.005049
2.979292
2.926061
2.984444
3.001616
2.979292
2.974141
2.929495
3.041111
3.061716
3.168181
3.085758
3.025656
3.049696
2.991247
2.974055
2.920764
2.915606
2.901853
2.86919
2.898416
2.8881
2.896695
2.86919
2.853718
2.896695
2.870909
2.798707
2.891539
2.900134
2.922483
2.898416
2.846841
2.870909
2.915606
2.920764
2.934516
2.88982
2.903574
2.920764
2.893257
2.838247
2.774639
2.845123
2.851999
2.822774
2.920764
2.98437
3.077203
3.053135
2.992966
3.060011
3.04282
3.039382
2.974055
3.04282
3.223326
3.151124
3.077203
3.085797
3.029067
3.011877
3.010158
2.93443
2.898287
2.874192
2.979177
2.898287
2.920662
2.927546
2.851819
2.824281
2.839771
2.918941
2.951641
2.882798
2.939594
2.869029
2.82256
2.753717
2.705528
2.702085
2.636684
2.567842
2.440481
2.323448
2.430155
2.474903
2.45425
2.380244
2.363034
2.392291
2.337217
2.431876
2.409503
2.32517
2.302796
2.478346
2.45425
2.416387
2.414665
2.412944
2.366476
2.352707
2.375081
2.364755
2.295912
2.275258
2.244279
2.29247
2.43704
2.35787
2.381965
2.461134
2.552352
2.557515
2.5971
2.72618
2.78986
2.715854
2.636684
2.619474
2.650454
2.645289
2.567842
2.586773
2.555753
2.510944
2.576433
2.640197
2.666048
2.671218
2.629858
2.664324
2.674666
2.674666
2.671218
2.683282
2.753939
2.757386
2.745323
2.733258
2.741875
2.855618
2.860789
2.843555
2.852171
2.822875
2.878022
2.903872
2.903872
2.881469
2.898702
2.929723
2.921106
2.914213
2.874576
2.864235
2.919382
2.929723
2.979701
2.941787
3.019339
3.019339
3.046911
3.141697
3.136526
3.169271
3.207185
3.136526
3.283013
3.231312
3.264056
3.191675
3.245099
3.272673
3.207185
3.238204
3.241652
3.317481
3.3485
3.448456
3.45535
3.415713
3.439839
3.477754
3.484647
3.557029
3.560475
3.620793
3.570767
3.682894
3.657019
3.738094
3.712219
3.739818
3.741544
3.901969
3.964069
3.931295
3.941645
3.819169
3.824344
3.886444
3.924394
3.88817
3.927845
3.993394
4.02272
4.002019
4.031344
4.086545
4.05032
4.072746
4.098619
4.140019
4.071021
4.121046
4.234896
4.22627
4.305623
4.481574
4.552298
4.481574
4.422922
4.564373
4.614398
4.586796
4.557471
4.660973
4.683398
4.778273
5.007699
5.071526
5.071526
4.974925
5.052552
4.9456
4.992175
4.971474
4.885223
4.950774
5.430327
5.307852
5.261276
5.488976
5.444125
5.456202
5.433777
5.533827
5.589028
5.668378
5.749452
5.858129
5.920228
5.968558
5.928859
6.417321
6.633073
6.69003
6.831566
6.828113
6.429404
6.67277
6.558854
6.31031
6.420774
6.679674
6.722826
6.995534
7.042138
7.111179
7.01625
7.021428
6.988631
6.945481
7.199207
7.304493
7.45293
7.411507
7.216468
7.073205
6.6348
6.510526
6.693482
6.653786
6.733182
6.819483
6.931674
7.095647
7.131893
7.0197
7.194027
7.466739
7.646245
7.63934
7.594464
7.685942
7.509889
7.594464
7.625533
7.620356
7.663503
7.889612
7.43567
6.85055
6.645155
6.907509
7.087014
6.943756
7.102549
7.00589
6.947208
6.897129
6.947208
7.049092
7.087084
7.233871
7.296036
7.273587
7.41519
7.416918
7.173427
7.061182
7.318485
7.325394
7.66904
7.724301
7.997147
8.373608
8.435772
8.20092
7.991966
8.266539
8.418506
8.561833
9.00564
9.124798
9.49089
9.630769
9.90189
9.775826
10.45967
10.371597
10.15919
10.100479
9.850081
10.376779
10.342238
10.701431
10.83958
10.791226
10.875841
10.86721
10.487297
10.621993
10.489022
11.583862
11.366274
11.409445
11.352459
11.300654
10.996725
10.813678
10.033127
9.979594
9.433904
9.27503
9.967507
9.926065
10.084933
10.045217
9.542701
9.492617
9.881164
9.722292
8.444407
8.971101
9.636206
9.916065
9.128309
9.16113
9.425446
9.802049
9.950615
10.574256
10.456785
10.912855
10.724553
10.011083
10.474064
10.442964
10.940495
11.260091
11.419024
11.31019
10.88349
10.731463
10.985414
10.575987
10.899034
11.06315
11.351649
11.861272
12.056482
12.006385
12.697402
12.129043
12.711221
12.685312
13.115463
13.113736
13.127558
12.750957
11.944196
12.578203
12.607569
12.369169
12.668035
12.749227
12.277611
13.094734
12.934074
12.949621
13.010089
13.441972
13.638908
13.232936
14.079432
14.359293
14.632243
14.758353
15.204061
14.988115
15.185057
14.383479
15.468372
15.172966
16.097197
16.587814
16.663824
16.107557
13.818576
15.017787
15.434228
14.49594
14.668734
13.512722
14.380162
13.806479
14.21255
14.167625
14.713659
15.430769
15.237236
15.721062
16.443356
16.058029
16.521114
16.811417
16.367327
16.547039
15.684783
15.971625
17.00149
16.759579
16.681818
16.628254
16.890909
18.6206
19.177011
19.750694
20.141218
19.67639
19.351538
