Adjusted
12.201929
12.03299
12.152013
12.09442
11.921643
12.067546
11.902448
11.756546
11.706629
11.49546
11.491616
11.349559
11.05392
10.89266
10.911855
10.835068
10.746759
10.716043
10.915692
10.558624
10.758276
10.835068
10.719878
11.641357
11.718148
11.380274
11.57609
11.698953
11.618325
11.49546
11.714309
12.059864
12.040671
12.063707
12.136659
11.633682
11.833333
11.556891
11.741187
11.791099
11.937005
11.994593
12.113923
12.075431
12.060032
11.83677
11.805974
11.779029
12.456518
12.510413
12.833754
12.602792
12.887647
13.010823
13.226389
13.003122
13.207144
13.137851
12.910739
12.702876
12.587394
12.618188
12.949234
12.856849
13.037766
13.09936
13.287976
13.064715
13.107057
12.99928
13.257185
13.468897
13.172498
13.522789
13.488141
13.784543
14.165632
14.050152
13.911572
14.215674
14.26186
14.161773
13.926975
14.038604
14.450487
14.554419
14.558264
14.427387
14.589058
14.789228
14.642954
14.496677
14.477427
14.207974
13.838434
13.792243
13.846133
13.830741
13.830741
13.915426
14.023204
13.973164
14.342699
14.26186
14.142536
14.447296
14.219689
13.722041
13.563876
13.849343
13.710463
13.637165
13.502148
13.683462
13.509867
13.502148
13.340119
13.309258
13.598592
13.436564
13.544582
13.698894
13.768332
13.671885
13.660314
13.656458
13.428851
13.795335
14.211981
14.277553
14.219689
14.296844
14.563033
14.447296
14.659476
14.431868
14.563033
14.273705
14.346995
13.926502
13.868633
14.169535
14.03066
14.196538
14.157969
14.242834
13.926502
14.026804
13.914927
13.79148
13.934222
13.988223
14.238977
14.466586
14.362427
14.493587
14.466586
14.45501
14.431868
14.296844
14.574605
14.362427
14.231264
14.238977
14.188828
14.532164
14.624754
15.014388
15.172884
15.099432
14.736061
15.03758
14.944806
14.844296
14.906149
14.964136
15.033716
15.478277
15.153554
15.806857
15.312043
14.998923
15.246332
14.651013
14.465464
14.407475
14.674208
14.399745
14.948673
14.836561
15.076245
14.975725
15.053045
14.882951
15.145823
15.219264
15.431885
15.486007
15.373901
15.536258
15.254056
15.547852
15.513069
15.018258
14.998923
15.331375
15.29658
15.528523
15.261789
15.169015
15.211537
15.60198
15.613575
15.613575
15.806857
15.965343
15.996274
15.791389
16.274603
16.436966
15.578774
15.153554
14.855896
15.049179
14.821109
14.817231
15.045306
15.06851
15.114898
15.223132
15.833917
15.254056
15.013654
15.145491
14.885701
15.277321
15.005898
15.118346
15.420794
15.102845
14.800385
14.715095
14.594888
14.559987
14.342843
14.443663
14.540602
14.501834
14.432031
14.749986
14.804275
14.699572
14.70733
15.029167
15.11447
14.839169
14.850794
14.649176
14.567738
14.618153
14.571625
14.439784
14.89733
15.06019
15.141613
15.013654
15.168759
15.161006
14.839169
14.691817
14.850794
14.699572
14.843043
14.974884
15.544873
15.277321
15.626301
15.575892
15.773638
15.920989
15.657327
15.424671
15.444062
15.2657
15.269567
15.482832
15.230793
15.389776
15.424671
15.455691
15.358752
15.637937
15.471199
15.440179
15.537116
15.506102
15.382017
15.405279
15.083454
15.083452
15.452961
15.052335
14.986208
15.281817
15.27793
14.892868
14.63227
15.223471
15.783561
15.962477
15.830234
15.915802
16.118048
16.14139
16.561455
16.84539
16.950409
17.055424
16.790941
16.378658
16.507002
16.277525
16.258076
16.31642
16.199741
16.363092
16.331982
16.160841
16.328085
16.293081
16.153067
16.234743
16.110271
16.040266
15.962477
16.15695
15.91191
16.086939
16.110271
16.032482
15.88858
15.655202
15.740782
15.678546
15.627976
15.414058
15.379054
15.153459
15.192358
15.44907
15.554076
16.184174
16.051943
15.997481
16.17251
16.296976
16.406197
16.191647
16.254066
16.50371
16.784561
16.577826
16.683142
16.527111
16.827457
16.815758
16.768957
16.772856
16.612921
16.874273
17.229227
17.045904
17.521784
17.802624
17.634901
17.880644
17.755823
17.763626
17.72851
17.911848
17.439869
17.619295
17.607588
17.716812
17.67391
17.939154
17.685616
17.872841
18.188791
17.365755
17.307247
17.127811
17.010794
16.870365
16.874273
17.166821
17.057604
17.252636
17.174618
17.198027
16.710445
16.078539
16.390587
16.761154
16.745544
16.394489
16.226761
16.316473
16.456902
16.66754
16.4881
16.59342
16.394489
16.468599
16.706537
16.570024
16.698736
16.406197
16.644138
16.738016
17.066593
16.957069
17.410812
17.254349
17.340412
17.489044
17.543819
17.426464
17.410812
17.543819
17.680725
17.782421
17.923246
17.575104
17.45776
17.848925
17.755045
17.731567
18.150124
18.146219
18.631258
18.513903
18.686018
18.584318
18.283121
18.318323
18.290943
18.161858
17.970188
18.044506
18.502167
18.799463
18.255735
19.730436
20.446274
20.262428
20.473656
21.162104
21.060398
20.966515
21.099514
20.911755
20.48147
20.923496
21.248156
21.459383
21.447664
21.349863
21.306833
21.533714
21.314659
20.368034
20.160719
20.497124
20.493216
20.246778
20.56753
20.641859
20.872641
20.657497
20.813961
21.025192
21.37431
21.138948
21.405691
21.252705
20.813375
21.35862
21.237022
20.868292
21.162491
21.578287
21.389999
21.24094
21.354691
21.437069
21.664591
21.837172
21.821486
21.60182
22.111761
22.048996
22.048996
21.778341
21.539055
21.44491
21.637131
21.633204
21.342928
21.695965
21.656738
20.954584
20.421114
20.401499
20.507418
20.354429
20.240673
20.166145
20.021009
20.209301
20.315203
20.142609
19.911177
20.201443
20.2799
20.268133
20.126911
20.154381
20.527025
20.934977
20.393661
20.087688
20.534868
20.425037
20.970285
21.197792
21.013432
20.778065
20.381886
20.793758
21.272316
21.503761
21.456676
21.586119
21.452761
21.158558
21.284086
21.731264
21.609665
21.574265
21.279263
21.251734
21.330397
21.137667
20.787596
20.937065
20.7404
20.618467
20.429672
20.193668
20.453264
20.34313
20.099266
20.484732
20.268404
20.146469
20.052067
20.142534
19.997004
19.989136
19.517141
19.355875
19.623341
19.12381
18.899605
18.817009
18.974339
19.273272
18.962542
19.265406
18.773743
18.879942
18.604609
19.989136
19.977337
20.295931
20.618467
20.736465
21.424797
21.656868
21.696194
21.719791
21.54673
21.743395
21.637201
21.397263
21.794533
21.912529
22.561531
22.773924
22.813259
22.785727
23.316725
22.978455
23.238058
22.864401
22.486795
22.718864
22.545795
22.419926
22.490725
22.242926
21.89193
21.876156
21.686861
21.82489
21.884045
22.045736
22.499273
22.830547
22.751678
22.74379
22.799009
22.34547
22.183775
22.455894
22.759565
23.079014
22.952814
22.980421
23.177608
23.027742
22.952814
22.858154
23.445786
23.52071
23.485216
23.646912
23.733675
23.587759
23.386623
23.698185
23.650858
23.77706
23.402403
23.623245
24.455389
24.652582
24.676241
24.707794
24.5737
24.289753
23.757339
23.56015
23.54438
23.362963
23.264364
23.319582
23.288031
23.382683
22.992245
23.122396
23.244648
23.268312
23.627197
23.430002
23.753397
24.064957
23.77706
24.02552
23.844107
24.352852
24.755119
24.494829
24.711735
24.972652
24.450817
24.486403
24.589186
24.486403
24.545698
24.435011
24.241304
24.193859
24.114796
24.233393
24.150379
23.897367
23.87365
24.122709
24.142469
24.881721
25.352163
25.482618
25.253334
24.806616
24.58523
24.767082
24.897547
25.486572
25.221703
24.680111
24.656393
25.118925
24.35199
24.272924
24.035728
24.241304
25.269142
26.020269
26.431398
25.854227
27.269487
27.878284
28.313145
29.040545
29.459583
28.581963
29.190758
29.269833
30.02095
30.748343
31.388781
30.511145
29.894438
29.894438
30.835314
31.602243
32.535221
32.614288
32.73288
32.796116
32.195236
32.392891
32.021297
32.361263
31.546896
31.349251
31.475744
30.81735
30.666637
30.666637
30.214481
29.928923
29.365713
29.802002
29.19121
28.73114
28.532812
29.389509
30.01619
30.293808
29.667152
29.92099
30.270004
29.373652
29.587826
30.190683
30.309666
30.20656
29.603682
29.278458
29.016701
28.937374
28.98497
28.818382
29.333992
30.111366
29.21501
29.349857
30.975994
30.81735
32.038937
32.078602
32.070663
32.094475
31.531261
31.451956
31.420208
32.062748
32.292778
33.323986
33.268463
33.284313
33.014622
33.855465
34.069641
33.974464
34.204468
33.696823
34.918388
35.100842
35.108765
35.973392
35.55299
36.338295
36.0924
35.909962
35.608528
35.338825
35.068329
35.068329
35.680912
35.474056
36.468521
36.802658
36.166199
36.03096
36.381004
36.460548
37.630032
37.367504
37.415218
39.276844
39.300705
39.459816
39.356396
39.054085
39.284794
39.865555
40.923641
41.496452
41.599876
41.591927
41.671486
41.766949
40.915699
39.054085
38.799511
39.292759
39.610977
38.759739
38.727913
39.809868
36.508301
35.951401
35.283112
35.959347
36.834469
36.667408
38.377846
38.711983
39.539371
39.467766
39.372318
38.871101
37.550465
37.152699
36.953812
36.357132
35.458153
35.06036
35.768414
35.664982
35.800247
35.959347
35.919586
35.02853
35.03651
36.317364
36.587841
35.267231
34.535297
35.085892
34.591156
34.782669
34.15229
34.383694
34.479446
36.450378
37.18449
37.455795
37.50367
39.275127
38.245777
38.908073
39.402802
38.525059
38.469208
41.445557
42.53075
43.719715
42.091888
42.331284
41.421608
41.381718
41.269997
40.551853
38.572933
37.10471
36.992996
37.224388
38.277691
35.213558
35.524757
36.921169
36.458363
36.139168
34.942265
37.024895
36.530178
35.564651
36.36261
38.110119
37.511662
37.072773
36.274837
34.822563
36.745621
35.756157
35.995552
37.551556
38.221828
38.405369
38.237782
38.285667
37.551556
36.330692
36.482304
35.963638
37.376007
37.264294
36.203018
36.562103
36.737652
35.915741
34.651344
34.987446
34.595318
35.315548
36.627979
37.324215
36.299885
36.427917
35.731705
35.963764
36.051796
35.475624
34.739365
34.947433
35.923752
36.251858
35.611649
35.675682
34.403275
34.875423
36.011814
36.483948
35.299545
35.075481
35.539623
34.491291
34.611324
34.499287
34.931431
33.458958
32.570652
34.523296
34.779377
34.187187
34.059139
35.107487
34.987446
34.219193
34.379246
33.402939
33.194855
33.018806
32.978786
33.627003
33.779041
33.458958
32.810738
33.298893
34.139164
33.971119
34.331242
35.251534
34.883408
34.211185
34.267204
34.171196
34.107162
35.355572
35.427597
35.395584
35.219528
34.787392
34.411274
34.403275
34.459515
34.130032
33.816616
34.178234
34.266647
33.913044
34.853294
34.531834
33.390686
32.948692
32.972797
32.707607
31.69503
32.554913
32.771904
32.884403
32.860302
34.797039
34.949722
34.59613
34.805073
34.909542
34.716675
35.39975
35.841743
35.689068
35.504227
35.415836
35.785503
35.094379
34.957764
35.214935
34.467537
34.507736
34.612198
35.166714
42.75293
42.27076
42.503826
41.909122
41.772511
42.471661
42.190407
41.619839
41.322483
41.523396
42.688652
42.214508
42.359161
43.41996
43.701218
43.387802
43.323513
42.110043
41.507324
40.952827
40.960857
40.15723
40.15723
40.550999
40.784897
41.204266
39.212204
39.067036
37.695984
37.994381
38.341194
38.292793
38.389568
38.470219
39.639645
39.179943
39.817081
39.486423
39.010582
38.437969
38.373447
38.752491
38.308918
39.615452
39.518673
39.389633
39.317051
39.268665
38.591198
39.599339
40.18808
41.534931
40.986519
41.220398
41.381702
41.817215
41.744617
41.252666
45.777145
44.777084
44.527069
43.115677
43.470554
44.56739
44.817417
44.607723
44.962582
45.414223
44.970642
43.252789
43.228588
42.849537
42.526932
42.825348
42.043026
42.228539
42.309185
42.010769
42.059174
41.131695
41.204266
41.639786
42.276924
43.696365
43.777012
43.268925
42.454357
41.863579
41.51561
42.405792
42.624294
41.677452
42.907551
43.765377
44.315678
43.158417
43.344555
42.923737
43.692547
43.150326
42.964188
42.972282
43.101772
43.020851
42.502914
42.591934
43.093666
42.082088
42.082088
41.976879
41.580338
42.122551
42.284401
42.308685
43.109859
43.336441
43.474037
44.129547
43.716816
43.587334
42.49482
40.487823
40.22076
39.888966
40.625408
39.371037
39.78376
40.09127
38.068108
39.767574
40.058914
41.612709
41.758369
40.236942
39.759472
38.335152
37.752495
38.108562
39.063503
39.01495
38.488937
39.799938
39.492413
40.131744
39.492413
38.513203
39.468155
39.136337
39.686646
40.54446
40.081512
40.715027
39.106895
39.553604
41.039898
40.771893
41.104874
42.030769
41.226707
43.200333
43.858204
43.119114
43.817596
43.833832
44.914055
44.784096
44.930283
44.093746
44.694756
44.938412
43.58205
43.110989
44.061249
43.119114
43.460228
42.339405
42.201332
43.630791
43.403374
42.964802
43.240948
43.931297
42.038887
43.110989
42.10387
41.551582
41.413513
41.048035
40.122147
39.862228
40.54446
38.562729
38.530247
38.440907
38.465271
37.685577
38.570839
37.360691
36.686581
37.685577
37.783035
37.986092
37.864246
37.238876
37.287594
37.685577
38.083534
37.718048
39.139389
41.080532
40.828739
41.868347
41.60033
43.07037
43.600506
43.257969
43.943047
44.244797
42.638126
42.9725
42.817551
42.018299
42.001976
42.36084
42.148781
43.184555
44.040916
44.122463
44.440559
43.853333
44.057236
