Adjusted
29.976082
29.862621
31.030674
30.783712
30.523397
31.150833
30.810413
30.67692
31.124134
30.303148
29.175112
28.781313
28.520988
27.813471
28.113827
27.232773
27.085932
27.032539
27.306196
26.598675
27.032539
26.999165
26.838972
26.812265
26.805593
26.698792
27.199404
26.939087
26.638739
26.692127
27.206078
27.526472
27.446371
27.186054
27.466387
26.932415
26.925751
26.658747
26.912384
27.352926
27.312876
26.865669
27.032539
26.772223
26.745527
25.824411
25.610825
25.475565
25.901625
25.434986
26.199202
25.759611
25.664932
26.219477
27.051308
26.273579
26.408833
26.239769
25.982782
25.867817
25.617588
26.063932
26.503513
26.273579
26.483231
26.273579
26.233011
25.604069
26.239769
26.645536
27.342104
28.058968
27.091883
27.267731
27.294767
28.383581
28.539131
28.255093
28.113077
28.674391
29.147779
29.425064
29.654989
29.884939
29.709097
29.891689
29.844351
29.431818
29.607649
30.290707
30.730286
30.635593
30.398905
30.344803
29.587368
29.50622
29.621187
29.945803
30.277168
30.750576
31.014328
30.676193
31.291588
31.859676
32.732082
33.976456
34.88266
35.031429
33.7668
33.942635
33.819664
33.498619
32.78138
33.355167
32.836029
32.596947
32.344215
32.132442
31.579153
31.879692
32.25539
32.310051
32.105118
31.763577
32.248569
32.51498
32.21442
32.596947
32.836029
32.788216
32.555958
32.535465
33.539604
32.938488
31.695267
31.196615
31.203432
31.066818
31.45619
31.900196
31.920691
32.801865
32.685741
32.815529
32.77454
33.116093
32.76088
32.870174
32.105118
32.002678
32.00948
32.105118
32.00948
32.234898
31.934349
31.948021
32.077789
32.310051
32.617439
32.890675
33.020458
32.658421
32.767727
32.795029
33.013626
33.361996
33.703541
33.778683
33.39616
33.32785
33.273209
33.389339
33.184402
32.419331
32.515999
32.336506
32.633354
32.674786
32.654076
33.378941
33.744846
33.275402
33.296108
32.785225
32.585026
32.660965
32.481472
32.170818
32.446945
32.274376
32.75071
33.247761
33.303005
32.999245
33.296108
32.812847
33.178726
33.22707
32.419331
32.66787
32.709293
32.716198
32.536701
32.66787
32.550514
32.39172
34.635395
34.870113
35.125561
35.256721
35.539761
35.995407
35.829723
35.767601
35.767601
36.423431
36.119675
36.009216
36.347496
36.761703
36.112789
35.829723
35.263626
35.277451
34.994392
35.091053
35.450031
35.891876
36.078243
36.181828
37.017162
37.27948
37.04475
37.127602
36.906704
37.486576
37.334728
37.106895
37.378654
37.371693
36.786343
36.883911
36.981461
37.315945
37.601665
37.420475
37.984921
37.977943
38.012794
38.821129
39.239227
39.065022
38.737499
38.458763
38.437851
38.159138
38.319401
37.901283
38.403034
37.699215
37.19051
39.232265
39.448277
39.427391
40.152103
40.368118
40.207836
40.591106
40.382061
39.87336
39.789726
39.796707
40.03363
39.950016
39.580688
39.162571
39.650364
39.434341
39.511005
40.402954
40.166035
40.124249
40.124249
39.866364
39.984852
39.580688
39.580688
39.385567
39.531914
39.308922
40.096352
39.970905
39.817593
40.054543
40.047573
40.402954
40.284492
40.019707
38.814163
37.604286
38.427277
37.963032
38.307705
38.307705
38.230324
37.674641
37.449547
37.337002
37.013439
37.344021
37.337002
38.195156
38.202183
38.209232
38.44136
37.857506
37.970066
37.913803
37.723866
37.393269
37.0275
36.373325
36.056801
35.88797
36.929012
36.65469
36.239681
36.239681
36.978252
36.985294
36.879772
36.971222
36.197475
36.43663
36.317051
36.61248
36.921982
37.646492
37.315891
36.44368
35.937218
36.169346
36.070843
37.013439
37.041576
37.069698
37.892677
37.808277
38.307705
38.483551
38.511692
39.137722
39.805962
39.658253
39.820023
39.376877
39.327641
39.095531
39.17992
39.763756
39.890366
39.440197
39.72155
39.1465
39.174896
38.91222
38.685032
38.528851
38.791534
38.841221
39.110996
39.047112
38.812817
38.692108
38.401062
38.961918
38.472034
38.628235
38.230663
38.472034
37.939579
37.747894
38.521736
39.189087
39.366581
39.494373
39.920345
40.93557
41.375732
41.304745
41.318935
41.027847
41.169849
41.318935
41.191139
41.496426
41.510632
41.730698
41.361526
41.652618
41.361526
40.218506
40.282417
41.191139
41.439632
41.957893
42.163769
42.192181
42.206383
42.525848
41.922386
42.106979
42.227661
42.362572
42.582645
42.596832
42.497448
42.42646
42.703331
42.625252
43.292599
43.058308
43.555275
43.193203
42.880836
42.880836
43.031197
43.518166
43.711517
43.654221
43.367779
42.895168
42.823532
42.393871
42.035805
42.307926
42.035805
42.257816
42.150383
42.501282
43.067005
43.654221
43.324806
43.768806
44.334549
44.270081
44.527889
44.800007
44.398983
44.184158
44.635303
45.129417
43.460869
42.264965
42.737595
42.572899
42.551403
43.310497
44.062412
44.341694
44.04808
43.847569
42.787727
43.468037
44.578011
44.556534
44.885941
44.893105
44.613815
44.656788
45.444515
45.394375
45.115097
45.201027
44.957554
44.212803
44.706905
44.842972
44.771358
44.671112
44.363171
44.040932
44.893105
44.993351
44.542202
44.363171
43.138618
43.095661
42.773415
42.766243
43.401955
43.662029
43.640362
43.214142
42.982964
42.997414
44.268856
44.471107
44.673382
44.586697
44.817863
44.630051
44.478344
44.08102
43.654789
43.365841
42.910732
42.96851
42.809593
43.076885
43.069656
42.730125
42.15221
42.419498
43.026302
42.657898
42.824036
42.043835
41.978821
41.018044
41.372021
41.119175
41.22031
41.798233
41.559826
41.805443
42.036629
42.441166
42.563965
42.585651
42.260559
42.087185
42.195534
42.318356
42.556747
42.41227
42.405041
41.805443
40.981911
41.335896
41.140831
41.668198
41.23476
41.487598
41.263645
41.400902
41.964375
42.195534
42.368919
42.043835
42.188316
41.546562
41.933075
41.531982
41.079826
41.116314
41.130878
40.583935
40.139072
39.883839
39.562935
39.562935
39.198311
39.905704
40.16824
39.883839
39.759853
39.672344
40.438084
40.583935
39.942165
39.745266
40.39431
39.759853
39.161858
38.986828
39.643173
39.840088
39.497307
40.102608
40.525585
40.941277
41.036076
41.743458
41.181923
41.75806
41.78722
41.590313
42.567539
42.020588
41.510113
41.604893
41.313198
41.335072
40.824581
40.438084
40.999607
41.232979
41.422592
41.313198
41.48822
41.38612
41.371532
41.101707
41.298611
41.116314
40.751659
41.48822
41.305904
41.342373
41.15276
41.189224
41.378849
41.276733
41.072544
41.227196
41.661713
42.21405
42.434982
43.053623
42.862137
42.810596
42.898979
42.442371
42.376091
42.457088
43.009438
43.296665
42.567558
42.464458
42.884235
42.449726
42.464458
42.99472
43.399773
43.628063
44.084682
44.003662
44.195141
43.429211
44.23933
46.551823
46.176235
46.433987
45.807999
46.146767
45.822735
45.741718
44.997879
44.659119
44.666485
45.12307
44.467648
43.856384
43.893188
43.981575
43.893188
44.261425
44.364529
44.887413
44.614918
44.791672
44.762226
44.821133
44.850601
44.474998
44.416073
44.474998
43.804817
43.915283
44.092049
44.548645
44.975792
44.924248
45.358749
45.498672
44.924248
45.27774
45.535511
45.000496
45.25312
44.554653
45.438915
45.104523
44.584358
43.989918
43.975044
44.145954
43.923027
43.819004
43.469749
44.034496
43.766991
44.183105
43.261715
42.890175
43.209694
42.97934
42.429462
41.782978
41.701237
41.753254
41.946457
42.43689
42.028191
41.151375
40.668381
40.891285
41.099358
41.537773
41.664089
41.463463
42.905025
42.934746
42.637512
42.942181
42.838154
43.083363
43.440037
43.142803
43.506916
44.651249
44.383736
44.279713
43.722404
43.588657
44.101376
44.279713
44.5695
43.640663
43.796703
43.841305
43.774422
43.670387
42.853008
43.13538
43.113087
42.942181
42.897598
42.563217
42.32542
42.340282
42.355152
42.437683
43.540638
43.045437
43.330559
43.135479
43.09795
43.21801
43.443108
43.420586
43.285534
43.060448
42.797825
42.587742
43.21801
43.593155
43.855766
43.240532
43.525642
43.465626
43.338058
43.255531
43.36808
43.075447
42.752804
42.280132
41.087128
40.907047
41.627338
41.574821
42.220089
42.242615
41.882454
41.619843
41.46978
41.439766
41.289715
41.289715
41.079624
41.514801
41.672371
41.612335
41.567326
42.407665
42.370148
42.790329
42.602749
42.377666
43.345558
43.105461
42.932892
43.263023
43.007915
42.925377
42.662773
42.70779
42.272625
42.29512
42.452694
42.025017
42.317631
42.575443
42.992474
43.424675
43.72039
43.788631
43.765881
43.87962
44.160172
44.167763
44.144997
43.985764
44.129837
44.016109
43.826534
43.955444
44.417976
44.562035
44.698532
44.615124
44.137424
44.281487
43.712807
43.750721
43.826534
43.947865
45.547756
42.408623
41.771706
41.95369
41.407742
41.294003
41.445656
42.522362
43.121368
42.165985
41.991577
41.703461
41.703461
42.431374
42.347946
42.802921
42.833252
42.401047
42.279709
42.863583
42.461681
42.082584
41.620029
42.067425
41.991577
41.566986
41.73378
41.968834
41.893013
41.422897
41.513897
42.128075
42.00676
41.339493
41.294003
42.196308
42.446545
42.325211
42.097744
41.584259
40.78722
41.860149
41.39267
40.779537
40.756573
40.741234
40.496002
38.855907
39.438385
38.878906
39.407707
40.097454
39.844559
40.281395
40.342701
40.67226
40.7719
40.580288
40.42701
40.465336
39.744934
39.959518
39.87521
39.775589
40.779537
42.649548
42.182041
42.618889
43.431259
43.983063
44.021389
44.703472
44.872074
44.511875
44.496536
44.634495
44.948696
44.87973
44.435238
43.914082
44.266613
44.006039
43.921757
44.419903
44.565506
43.875767
43.891079
43.799133
44.052036
43.599865
43.592213
43.35463
43.776134
43.615204
44.013714
43.875767
44.006039
44.090363
43.799133
43.117046
43.546219
43.760803
44.090363
43.889027
44.152302
44.431065
44.678837
44.485256
45.027294
44.493008
44.500751
44.880173
44.702084
44.585918
44.771763
44.074886
43.672211
43.610264
44.059383
43.594772
43.486374
43.710926
43.656727
44.144558
44.214249
44.322655
44.671101
44.802734
44.640137
45.414463
45.213127
45.437691
45.104725
45.151188
45.236351
45.36026
45.662254
45.058262
44.988575
44.717571
44.764015
44.934376
45.143433
45.267334
45.352501
45.669983
45.592552
46.033936
45.801617
45.933247
45.824852
46.010693
45.507378
45.337025
45.313782
44.733044
44.725319
45.398987
45.104725
44.895668
45.367985
45.445435
45.786152
45.72419
45.793884
45.97197
45.933247
45.729912
46.019302
46.37907
46.261753
46.386871
46.425995
46.183529
46.042755
46.425995
46.551132
46.394703
45.894154
46.28521
46.308666
45.792473
45.722095
45.628235
45.565674
45.284111
45.401424
45.573483
45.401424
46.512024
46.613689
46.293034
46.128784
46.613689
45.831577
45.862865
45.745548
46.081852
46.37907
46.9109
47.301945
46.989109
47.60696
47.802486
47.622616
47.458378
47.411442
47.896351
48.256123
48.334339
48.553318
49.390175
49.421467
49.249397
49.272865
48.975666
47.403625
47.231567
47.028214
46.84832
45.784664
46.809219
46.37907
46.629333
47.059505
46.918713
45.558983
45.922646
46.428577
46.381145
46.895012
47.282368
48.144062
47.914799
47.906879
47.788311
47.321888
46.570881
47.108433
46.736893
46.262566
46.863373
46.839672
47.124264
46.974068
47.337704
46.887104
46.989868
47.0373
48.072918
49.45636
49.661903
49.930683
50.167858
49.661903
49.401016
49.922791
49.701427
49.654003
48.942516
49.021568
49.282436
49.242908
49.393116
49.661903
49.606571
49.859539
49.005753
49.3694
48.831829
48.966217
49.946495
50.017647
50.144127
49.954395
50.104607
50.144127
49.46426
49.511696
49.661903
49.875347
49.669819
50.373386
50.128315
49.717239
49.42474
48.839737
49.337776
49.748856
48.776489
49.239815
49.127979
49.567333
49.455502
49.727089
48.912292
48.824421
47.937714
47.785931
47.730022
48.2253
48.057549
47.506355
48.640682
48.688622
48.728554
48.592773
47.977673
46.81937
46.995102
48.113464
48.137428
48.544842
48.696613
46.771423
45.517269
44.958084
44.89418
43.528191
44.007488
42.721367
42.329937
42.945038
42.066322
41.866631
42.282009
40.149136
43.000957
43.384407
44.734421
42.545628
42.849186
42.545628
41.770763
41.323414
44.670498
46.763443
46.116398
46.779427
47.098946
46.467873
46.867283
46.060482
44.686493
45.101868
44.167248
44.558674
45.085899
43.839725
43.751869
43.320492
42.737331
43.552151
43.115654
43.261158
43.438988
43.115654
44.821205
45.087955
44.126057
43.350071
42.574081
42.275017
42.347748
42.113342
41.450516
42.994408
43.35815
43.390488
43.600647
43.899738
43.479404
43.972473
43.471306
43.139908
42.606407
41.959766
40.456295
39.664146
38.281933
37.611008
37.708019
37.562523
37.150272
37.150272
38.20108
37.990925
37.958595
37.732254
35.792305
36.059048
36.050957
36.180286
34.086742
35.137566
36.325802
36.899689
38.540581
37.465519
36.139877
35.194141
34.717239
34.458584
33.828098
34.830414
33.181431
34.385838
36.624882
35.962044
37.004765
37.134109
36.172203
36.867363
37.514019
36.867363
38.055588
35.565971
34.958984
34.655502
33.76963
33.539963
33.868057
34.483253
34.434025
36.254982
36.820942
36.714321
35.84486
36.197559
