Adjusted
5.834043
6.111597
6.41851
6.407837
6.4065
6.545283
6.537271
6.62134
6.551954
6.278399
6.05555
6.007512
5.931452
5.891418
6.062224
6.270394
6.171647
6.139619
6.205007
5.898093
5.671241
5.651225
5.604518
5.569829
5.5378
5.619199
5.737964
5.725951
5.725951
5.804683
5.938121
5.940792
5.974151
6.008847
6.052882
6.076903
6.100921
6.050215
5.777994
5.744634
5.75531
5.713944
5.637882
5.668676
5.667335
5.671352
5.659303
5.674032
5.692774
5.783814
6.151998
6.165388
6.285886
6.098442
6.305965
6.42646
6.484031
6.493402
6.546958
6.513487
6.446543
6.422448
6.447886
6.463948
6.480015
6.252412
6.220279
6.259108
6.308643
6.261783
6.360856
6.359519
6.374249
6.5657
6.522859
6.666117
6.761173
6.908446
7.022247
7.417209
7.450677
7.569835
7.468085
7.631422
7.604647
7.564482
7.443986
7.41453
7.460054
7.59126
7.845639
7.830909
7.848317
8.033076
7.838944
7.837605
7.921951
7.992911
8.057174
7.970151
8.093328
8.065209
8.231228
8.307541
8.34369
8.461509
8.436069
8.185147
8.31933
8.346168
8.366297
8.606483
8.65747
8.805071
9.312285
9.33912
9.124428
8.892288
8.857403
9.187492
8.991588
9.278739
9.33912
9.343143
10.006009
10.016743
9.909397
9.96307
9.984541
10.267664
10.399165
10.158978
10.379036
10.443442
10.264979
9.989907
10.036869
9.878537
10.428686
10.597755
10.185813
10.532007
10.452834
10.244854
10.114697
9.882563
9.641031
9.81547
10.020767
10.061027
10.070416
10.070416
10.083835
10.130801
10.329387
10.494434
10.533347
10.455522
9.607485
9.849014
9.64774
9.157972
8.911076
9.434389
9.775216
9.584676
9.445126
9.33912
9.524292
9.518927
9.439757
9.701937
9.691179
9.627984
9.606477
9.623954
9.586308
9.613198
9.728827
9.915712
9.86193
9.744962
9.445136
9.368497
9.207159
8.938257
8.936915
9.251526
9.283794
9.548662
9.646808
9.802774
9.80143
9.86193
9.754373
9.762437
10.043439
10.023271
9.996381
9.872688
9.492191
9.266312
9.412866
9.03775
8.789017
9.109009
9.14262
9.14262
9.274384
9.053886
9.1359
9.14262
8.87372
8.914058
8.920778
9.064642
9.082113
9.176232
9.320097
9.044474
9.095562
8.853555
8.920778
9.170856
9.129178
9.126484
9.228672
9.203122
9.209846
9.205814
9.274384
9.317407
9.189677
9.277069
9.496227
9.43959
9.349239
9.146959
9.250796
9.203598
9.163144
9.260237
9.273717
9.485437
9.705246
9.736263
9.763231
9.703896
9.643216
9.763231
9.80099
9.757839
9.830661
10.533232
10.22712
10.113842
10.038327
10.154301
10.111148
9.977643
9.903476
10.10171
10.747646
11.057805
11.087471
11.705093
11.544613
11.523042
11.563496
11.463705
11.461008
11.7887
11.772512
11.597208
11.377405
11.483931
11.543271
11.664637
11.529782
11.462358
11.388188
11.206142
11.510903
11.50281
11.541925
11.461008
11.711833
11.664637
11.812969
12.332149
12.574877
12.791993
12.729962
12.574877
12.810874
13.106194
12.906079
13.1089
12.98045
12.743822
12.861456
12.642412
12.362522
12.723546
12.638361
12.67892
12.450412
12.55858
12.473408
12.581566
12.801966
13.071039
13.426652
13.080501
13.588905
13.926938
14.523229
14.603005
14.85991
14.812587
14.876135
14.241983
14.340687
14.711175
14.870729
15.517044
15.699575
15.484591
15.84696
16.070065
15.861836
16.359419
16.022741
15.81992
15.860484
15.992998
16.401335
16.541956
15.949723
15.753668
15.794229
15.926736
15.799635
15.941607
16.043016
15.814507
16.602802
16.775869
16.728548
16.842131
17.071993
17.257229
17.57633
17.618244
17.469513
16.497337
16.658237
16.015982
16.308031
16.813736
16.895029
16.541391
17.208031
17.180925
17.056271
17.25139
17.235126
17.485794
17.617226
17.479021
18.095533
18.293358
18.752686
19.096846
19.064325
19.561602
19.962667
19.412558
19.194399
19.529079
19.199825
18.797401
18.267614
18.12941
17.736465
16.618616
15.881526
16.157932
17.045437
16.3666
16.957373
16.835415
16.630814
16.953295
16.900454
17.133503
17.004786
16.991234
17.118607
16.96413
16.42893
17.598253
18.348909
18.630745
18.605
18.048103
18.02236
18.292004
18.282515
18.278446
18.12534
18.283873
18.615835
18.483049
18.472208
18.735069
18.495245
18.044041
18.038622
17.926157
18.657843
18.562988
19.580568
19.484194
19.630789
19.566992
19.207277
19.531696
19.184208
19.112268
19.451611
19.830328
20.51989
20.640701
20.773731
21.395418
21.334335
21.623466
21.509439
21.894939
22.492205
22.865492
22.899431
22.885849
22.687666
22.520714
22.566862
22.417543
22.702595
23.305292
23.231989
23.172266
23.04059
22.668665
22.866844
22.816628
22.987658
22.492205
23.112539
23.584919
23.85368
23.863167
24.406139
25.386192
25.376701
24.478092
25.436411
25.941368
26.952627
27.066656
27.780655
28.559801
27.285198
27.496956
27.629978
27.286562
27.510529
27.840378
26.970272
26.853548
26.917337
26.565773
28.181086
28.46207
29.047108
29.385103
29.204569
29.248064
29.854185
30.226578
30.673712
30.441299
30.454901
30.23881
29.975155
29.597334
29.933018
30.075724
30.102901
29.708775
30.600311
30.975418
30.990355
31.081417
29.615002
29.151569
29.559286
30.102901
29.572887
29.280687
28.87162
28.145876
28.194799
28.231495
28.045309
27.758553
26.780037
26.124979
25.14782
25.244305
26.786823
28.526407
28.470686
29.151569
26.025759
26.415798
26.529963
27.853666
28.357874
28.594366
27.590021
28.026278
28.472044
28.709879
28.825401
29.370373
28.953148
29.154295
28.527761
28.246437
28.541355
28.69628
28.080641
29.899033
27.045036
26.319313
26.775949
26.464743
26.500158
26.128254
26.959238
26.877485
26.813465
27.040974
26.825737
26.400709
26.344852
27.051872
26.400709
25.957966
26.325781
26.566908
25.833998
26.365288
26.432039
24.997578
25.727745
25.720938
25.842171
25.595608
25.388546
25.230513
25.270023
25.30409
24.383188
23.301546
23.526329
23.819202
23.326065
23.153067
23.294735
24.249681
25.801304
26.986485
26.539656
26.635012
26.284922
26.122801
26.951063
26.961956
27.024618
27.149956
26.738552
26.598234
25.814934
26.039705
26.975588
27.395155
27.843346
27.912827
28.474081
28.854141
29.063929
28.689318
28.922264
28.989006
29.450813
29.152483
31.604551
33.537617
34.301838
33.355076
33.232239
33.984253
33.752247
34.449661
34.386879
35.237167
34.925983
34.815426
34.142582
34.632542
36.054703
34.72673
34.658482
34.871384
36.986885
41.756962
40.330723
40.146461
40.808399
40.150558
40.040016
39.653744
39.777954
40.760632
41.149612
41.164619
41.625942
41.320202
42.036747
41.600002
41.900269
41.396652
40.535439
41.422581
40.312977
41.013134
41.088192
41.402103
42.155487
41.636852
41.191929
40.424904
39.597809
40.00317
39.524113
39.649658
40.011345
37.42363
37.39632
36.285358
36.409546
37.328079
37.355392
37.603786
37.542366
36.954128
36.713909
36.720741
37.259861
37.887665
41.099113
40.768833
40.658268
41.021885
41.515331
41.582325
41.507141
41.26791
41.185925
41.076561
42.443489
41.828377
43.591728
43.759869
45.24572
44.644279
45.601128
44.903988
44.470665
45.525948
46.106899
46.931171
46.564819
45.929192
45.817135
45.86768
45.095364
45.344143
43.605392
42.429832
43.359337
44.097488
45.238873
45.546452
45.655811
47.569519
48.574223
49.075897
49.438133
48.283043
49.551582
49.91383
49.20985
50.952694
51.123562
52.203442
53.060513
53.037292
52.024368
53.559441
52.873234
52.508278
52.886932
51.662128
51.704533
51.383297
52.409874
52.204819
52.855476
54.253876
50.754494
50.590462
48.410206
50.371746
50.549446
49.483242
49.168839
47.493565
49.007332
49.266006
50.285698
50.538925
50.552601
50.384247
50.506058
50.251469
50.875626
51.195877
51.491489
51.976032
51.832306
51.187664
50.369175
50.298016
49.687592
48.971745
49.820335
51.31905
52.147114
51.947273
52.831459
52.030777
52.316833
52.283978
51.540775
52.281227
51.550362
52.622047
55.900066
55.055576
55.935642
54.972092
55.295086
57.92981
56.684338
56.959431
56.940262
57.18251
54.747631
55.281418
54.562855
54.781845
55.141792
56.342159
56.39006
56.253159
56.663803
56.410576
57.836754
57.097694
57.847713
59.538025
58.251484
59.045307
59.331371
59.435398
58.605957
57.895603
57.535103
57.112923
58.722153
58.105343
59.005913
59.285534
58.65361
58.180721
58.80714
57.813366
58.33836
58.900368
59.661125
61.323811
60.911224
61.419758
61.401928
61.340279
60.127174
60.990742
60.839966
62.424492
65.86367
66.373596
66.139183
67.152168
67.187813
67.479767
67.889595
68.317284
67.837532
68.551682
67.64563
65.144035
64.253075
64.087204
62.779518
62.164074
63.190731
61.828247
65.40448
66.617569
66.274902
65.95414
65.792412
63.430618
63.2593
62.616405
63.116741
60.949593
60.723438
61.63084
59.715939
59.900993
59.373264
60.856396
61.484177
59.887283
60.490421
62.532784
62.477982
60.867367
60.376625
61.09045
61.771297
62.221531
61.222214
60.552357
60.487831
61.565388
62.35466
61.050629
61.7603
65.616211
64.615509
65.587379
66.479645
65.00399
64.861237
66.949104
67.419937
68.202362
68.993034
68.736351
67.95665
67.05616
65.977226
64.983421
63.946995
63.715031
63.344391
63.279896
64.653969
63.555794
62.045834
63.830315
62.491959
61.771297
61.13163
62.25174
63.308704
63.330666
62.471344
62.879066
66.674561
66.822823
67.26207
66.603188
65.408943
63.817978
63.33617
64.104858
64.207832
63.830315
63.329285
62.478233
61.963486
61.16732
61.153564
61.56263
60.021118
60.048553
59.609306
60.398598
60.685474
61.001221
61.089169
60.623177
60.992962
60.888496
62.477596
62.821278
62.374496
64.91758
65.034401
64.286598
63.244621
63.790371
63.457714
64.506554
64.683884
65.893585
65.529282
65.742355
64.175285
65.43306
67.257233
67.598137
67.467567
71.686295
69.14325
68.594757
68.730827
68.854568
69.178955
71.000366
69.728798
68.869675
67.382317
69.178955
69.419533
68.251068
68.656601
69.460754
68.729454
68.869675
68.915031
68.890305
68.876534
70.359772
70.058731
69.381065
68.084763
68.157585
68.59201
70.618225
73.20118
74.237679
73.543472
74.450722
75.880356
76.136063
76.050827
73.236946
73.817001
74.098831
73.625946
73.048584
73.282288
74.479599
74.516762
74.131401
75.162224
74.749321
74.559418
73.205193
72.872147
73.353836
72.528107
73.623558
72.184006
70.743095
70.32608
69.936623
70.297188
70.594467
70.154083
71.977585
72.500565
72.840492
73.615318
74.040581
76.157249
76.611389
78.996429
78.411522
80.097443
79.478142
79.45475
78.44593
80.42083
81.41037
79.68457
81.041542
79.251068
78.205086
77.523827
79.522156
79.670776
79.491859
79.695564
80.833725
80.398811
78.893211
77.620201
78.721176
78.858803
78.802368
79.101021
79.409302
78.070221
75.693451
74.984711
73.847923
70.32473
74.200218
75.036964
74.351601
76.298996
77.695869
77.329231
78.247208
78.284454
78.221031
75.870956
77.734474
73.449196
72.638741
73.086716
73.389908
74.499519
74.999847
74.546379
74.182465
74.073586
72.948875
73.205223
73.391312
74.965355
75.932983
76.787552
76.291367
75.877838
75.877838
75.877838
76.270676
76.01429
77.013596
76.939163
76.994278
76.339577
76.620781
75.450569
73.231422
73.148727
71.501602
71.948166
71.225914
70.653938
71.02607
71.811722
70.970947
70.013
70.123268
69.875153
68.634644
73.920601
72.981926
72.142532
71.887543
72.197678
71.660118
70.984718
71.971588
71.589828
70.60569
70.777977
72.503647
72.755913
73.190063
74.017067
73.775864
74.329948
74.880798
74.476295
75.878929
76.906067
75.722916
76.102592
75.583511
76.30278
75.376442
75.416458
75.087891
75.826477
74.542572
73.638306
73.293182
74.847664
74.615746
73.770844
73.514061
74.459732
76.715546
79.353745
78.771172
77.421021
80.078545
81.148476
80.692886
80.941406
80.58934
79.745842
78.967232
77.586678
77.255318
75.791954
75.587639
74.204315
76.827377
78.90509
76.275139
77.49968
76.755585
77.020638
79.273682
79.933601
83.523003
81.969902
82.038918
80.21936
77.628105
74.53566
73.099892
75.080994
74.220886
76.482216
75.460625
76.627197
77.36026
77.117271
76.509834
77.324371
76.240639
76.592674
77.973213
77.931808
77.017883
75.306145
74.614822
75.790054
75.10704
76.149597
75.85231
74.677017
76.394287
76.309967
74.974312
75.250847
74.677017
76.379097
80.345909
81.36908
81.210075
84.106735
83.367012
84.419189
83.629715
86.989571
86.415749
87.217705
86.554016
86.070129
87.037964
86.096375
85.760384
85.911102
86.130936
84.846443
85.544693
87.743126
89.872391
92.934959
91.669846
91.531563
90.717201
92.119202
89.729988
89.83783
90.252617
92.513275
91.255043
91.573044
89.41613
87.494225
89.526718
90.071487
89.597267
90.252617
90.010666
89.720306
87.494225
88.31691
86.370132
86.139229
90.342491
91.116798
91.061478
91.365623
92.672241
96.405426
96.877495
97.874245
97.251282
94.295662
95.267494
97.043617
96.773659
95.728455
95.797676
96.005333
97.043617
98.393372
96.074562
95.520821
93.859589
94.482567
