Adjusted
4.23548
4.260393
4.260393
4.261979
4.304281
4.362449
4.441767
4.362449
4.33601
4.283132
4.388888
4.251403
4.1668
4.013454
3.965862
4.01874
3.595716
3.754349
3.675033
3.675033
3.685609
3.934135
3.754349
3.569277
3.58514
3.236144
3.267871
3.146251
3.014056
2.749664
2.670347
2.66506
2.538153
2.458835
2.405957
2.400668
2.379517
2.458835
2.511713
2.458835
3.066934
3.014056
3.156826
3.172689
3.384204
3.249909
3.266024
3.271396
3.276767
3.341229
3.37883
3.384204
3.464779
3.625931
3.690393
3.609817
3.787084
3.679648
3.615187
3.695763
3.787084
3.991212
3.958979
4.02344
4.050298
4.034185
4.061043
4.071787
4.077159
4.028813
4.08253
4.08253
3.975094
4.077159
4.061043
4.179223
4.216824
4.351119
4.372606
4.367234
4.281285
4.243683
4.216824
4.404835
4.345746
4.308146
4.351119
4.308146
4.281285
4.2974
4.146991
4.447808
4.88824
4.958926
4.812117
4.730555
4.648993
4.594619
4.915427
5.165548
5.296046
5.100299
5.192735
5.274296
5.252546
5.252546
5.24711
5.040488
4.953488
4.986113
4.920864
5.067674
4.839303
5.051363
4.991549
4.893679
4.920864
4.730555
4.648993
4.534809
4.534809
4.529373
4.415184
4.431496
4.382561
4.436936
4.415184
4.404312
4.431496
4.48587
4.42606
4.502184
4.415184
4.349935
4.257499
4.192249
4.415184
4.252062
4.420622
4.333623
4.371684
4.431496
4.409747
4.48587
4.404312
4.387997
4.349935
4.442373
4.431496
4.420622
4.398873
4.458685
4.464121
4.551122
4.501592
4.60065
4.512597
4.551122
4.545616
4.606151
4.666686
4.529107
4.551122
4.540113
4.633667
4.683197
4.67219
4.831779
4.886814
4.974863
4.903322
5.018891
5.035399
4.936343
4.925336
4.996875
4.88131
4.89782
4.80977
4.941846
4.980368
4.886814
5.062914
5.007885
4.996875
5.024394
5.161971
5.046404
5.090433
5.062914
5.095934
5.12345
5.112442
5.084927
5.19499
5.338073
5.382097
5.409616
5.228011
5.189488
5.200494
5.2115
5.475654
5.492162
5.371092
5.459143
5.442634
5.338073
5.497666
5.492162
5.39861
5.563703
5.3876
5.503169
5.503169
5.492162
5.503169
5.420622
5.415118
5.42068
5.376201
5.381761
5.281685
5.303924
5.331721
5.270565
5.331721
5.426238
5.365081
5.392879
5.448475
5.481834
5.454035
5.515192
5.292805
5.281685
5.226089
5.137135
5.087098
5.19829
5.137135
5.242767
5.270565
5.276125
5.214968
5.220529
5.270565
5.320604
5.342842
5.398439
5.376201
5.387319
5.403998
5.476273
5.52075
5.548551
5.559668
5.693101
5.72646
5.70422
5.754259
5.687541
5.687541
5.698661
5.809855
5.770936
5.709781
5.654184
5.737579
5.72646
5.715341
5.837652
5.73202
5.754259
5.693101
5.609707
5.620825
5.659744
5.770936
5.754096
5.8383
5.793392
5.866369
5.894438
5.888826
5.782162
5.770936
5.782162
5.8383
5.843915
5.871985
5.98426
6.068467
6.141443
6.298628
6.410902
6.309856
6.315472
6.062851
6.006713
6.096534
6.006713
6.02917
6.203195
6.236877
6.102146
6.118989
6.118989
6.07969
6.090919
6.248106
6.343538
6.371609
6.416518
6.601774
6.669136
6.556861
6.652296
6.52318
6.49511
6.326698
6.203195
6.113378
6.158286
6.253721
6.293015
6.231265
6.253721
6.394065
6.354767
6.315472
6.371609
6.27056
6.107762
6.057236
6.315472
6.298628
6.34915
6.118989
5.944963
5.787778
5.754096
5.799003
5.905668
5.950575
5.866369
5.950575
5.905668
5.956677
5.928336
5.939671
6.047356
6.132371
6.087029
6.143707
6.019019
6.109701
5.990681
6.024687
6.172044
6.109701
6.047356
6.115369
6.047356
6.064359
5.996348
6.041689
6.347742
6.387416
6.376081
6.455426
6.534771
6.4951
6.472429
6.398749
6.517771
6.393082
6.466761
6.461095
6.472429
6.551776
6.597117
6.631122
6.619786
6.608452
6.68213
6.772812
6.818154
6.920172
6.80115
6.466761
6.432755
6.353409
6.478095
6.393082
6.466761
6.580113
6.529105
6.602784
6.574447
6.438422
6.330739
6.234388
6.393082
6.336406
6.30781
6.256341
6.387877
6.399311
6.456502
6.31925
6.382156
6.267778
6.147686
6.147686
6.067623
6.084781
6.330687
6.256341
6.250625
6.107656
6.147686
6.193438
6.039028
6.119093
6.021872
6.130528
6.090497
6.004714
6.153405
6.101935
6.107656
5.99328
5.94753
5.781685
5.730216
5.747372
5.798842
5.798842
5.924653
6.119093
6.193438
6.244905
6.216311
6.199157
6.262061
6.22775
6.176279
6.090497
6.050466
6.107656
6.021872
5.976122
5.987561
5.964685
5.953247
5.953247
6.027591
5.976122
5.99328
6.010434
6.056183
5.981844
6.090497
6.22775
6.147686
6.27922
6.22775
6.153405
6.262061
6.439345
6.387877
6.365001
6.485095
6.433625
6.387877
6.376439
6.370667
6.503389
6.543785
6.451453
6.439913
6.457227
6.40529
6.509156
6.416831
6.312962
6.318734
6.324501
6.289881
6.347585
6.376439
6.543785
6.474535
6.462996
6.434144
6.462996
6.451453
6.428373
6.347585
6.462996
6.468767
6.468767
6.520701
6.382208
6.318734
6.203321
6.209094
6.174469
6.174469
6.145617
6.151386
6.197551
6.289881
6.284109
6.370667
6.376439
6.341814
6.40529
6.347585
6.434144
6.468767
6.40529
6.491848
6.60726
6.716898
6.751521
6.872704
6.791915
6.826539
6.826539
6.895784
6.918868
7.070161
7.163268
7.174906
7.174906
6.982877
6.819944
6.901413
6.866499
7.046889
6.971239
7.017794
7.064343
7.180726
7.256372
7.279649
7.337839
7.221457
7.186544
7.186544
7.273829
7.169086
7.070161
7.122533
7.139989
7.087619
6.889771
6.72684
6.889771
6.936327
6.755934
6.924684
7.000334
6.947964
6.942144
6.953782
6.953782
7.029429
6.953782
7.041068
7.017794
7.035248
6.947964
6.84322
6.878135
6.872315
6.796665
6.878135
6.895594
7.070161
6.907229
7.035248
6.942144
6.889771
6.895594
6.988698
7.017794
6.994515
6.971239
7.087619
6.959599
6.988698
6.942144
6.849039
6.936327
6.994515
7.000334
7.093439
7.02361
6.982877
6.988698
6.918869
6.953782
7.041068
7.134172
7.163268
7.15163
7.203999
7.215639
7.174906
7.273829
7.268011
7.268011
7.314827
7.36164
7.396752
7.437716
7.402604
7.390901
7.437716
7.426012
7.50794
7.461123
7.396752
7.572307
7.636678
7.730309
7.847344
7.829791
7.730309
7.782975
7.894161
7.917568
7.876605
7.970233
7.929271
8.040458
7.999493
7.964381
7.946826
7.812236
7.946826
7.958533
7.952678
8.028754
8.087273
8.040458
8.017054
8.104828
8.198459
8.180901
8.081418
7.630826
7.929271
7.911716
7.888308
7.841495
7.812236
7.689346
7.683496
7.665936
7.864901
7.976084
8.011198
8.022902
8.075569
8.093125
8.256978
8.239423
8.315495
8.473493
8.455938
8.532015
8.543717
8.579
8.608398
8.749517
8.808318
8.7848
8.7848
8.89652
8.767159
8.655437
8.443755
8.267355
8.426117
8.526077
8.573117
8.608398
8.690717
8.743639
8.714237
8.543717
8.214433
8.149754
8.167396
8.026272
8.061553
7.961592
7.885151
7.979236
8.055674
7.885151
7.996873
7.63819
7.438268
7.644069
7.585268
7.585268
7.479428
7.714629
7.78519
7.802832
7.773432
7.608789
7.644069
7.632308
7.685231
7.708749
7.738152
7.602908
7.608817
7.632446
7.726964
7.786042
7.791946
7.786042
7.797857
7.821484
7.862838
7.921914
7.780134
7.80967
7.797857
7.845113
7.774226
7.726964
7.697428
7.691522
7.679707
7.585185
7.661984
7.90419
7.892374
7.856928
7.685614
7.839205
7.667891
7.715151
7.709245
7.656077
7.537928
7.632446
7.591094
7.679707
7.679707
7.685614
7.73878
7.679707
7.656077
7.579279
7.679707
7.679707
7.803762
7.791946
7.845113
7.797857
7.591094
7.656077
7.555649
7.549744
7.661984
7.537928
7.549744
7.579279
7.53202
7.443407
7.478851
7.50839
7.484756
7.431592
7.472948
7.549744
7.567675
7.681249
7.735049
7.80678
7.788845
7.842647
7.884489
7.794825
7.884489
7.752982
7.788845
7.735049
7.681249
7.615495
7.603542
7.645385
7.513874
7.615495
7.561697
7.675273
7.651364
7.591582
7.478011
7.292704
7.262816
7.262816
7.232928
7.262816
7.12533
7.161194
7.304656
7.262816
7.131308
7.197063
7.256836
7.346504
7.149244
7.089463
7.089463
7.041645
7.011755
7.029689
7.02371
7.113374
7.179128
7.167173
7.226948
7.220974
7.131308
7.113374
7.179128
7.185105
7.059577
7.185105
7.179128
7.238906
7.388346
7.376391
7.406278
7.346504
7.340526
7.273957
7.43735
7.352627
7.267908
7.280009
7.310268
7.364731
7.334471
7.286065
7.322372
7.286065
7.177133
7.255804
7.413144
7.516016
7.388939
7.413144
7.376834
7.43735
7.4434
7.491811
7.328423
7.382884
7.534173
7.491811
7.413144
7.394986
7.388939
7.382884
7.382884
7.419194
7.516016
7.55838
7.552329
7.564432
7.594688
7.703616
7.685462
7.697566
7.776236
7.806494
7.727826
7.624946
7.709668
7.776236
7.848855
7.897263
7.988041
8.084867
8.163534
8.157483
8.157483
8.230103
8.25431
8.314823
8.308772
8.205897
8.25431
8.37534
8.296668
8.369287
8.399543
8.363235
8.393494
8.546435
8.66879
8.601496
8.583143
8.711615
8.687144
8.705498
8.736086
8.778909
8.846203
8.889028
8.858441
8.754438
8.840085
8.901263
8.699377
8.552555
8.515849
8.625966
8.607614
8.644318
8.564789
8.577026
8.650436
8.497496
8.509731
8.503613
8.479142
8.479142
8.687144
8.66879
8.785028
8.791146
8.760555
8.699377
8.809499
8.937969
8.944085
8.803381
8.82173
8.858441
8.889028
8.974675
9.011384
9.127621
9.17656
9.249973
9.262207
9.335618
9.353971
9.470212
9.494682
9.457973
9.427387
9.439621
9.470212
9.451859
9.464091
9.549738
9.598681
9.659859
9.739388
9.76998
9.837271
9.910685
9.990959
9.997132
9.984786
9.879813
9.879813
9.910685
9.904513
9.941562
9.774837
9.861288
9.997132
10.095933
10.040356
10.108281
10.071234
10.040356
9.978609
9.990959
10.034184
10.114455
10.114455
10.213256
10.213256
10.139156
10.207078
10.256478
10.18238
10.18238
10.324403
10.373802
10.29353
10.237956
10.528175
10.5467
10.367628
10.268826
10.312054
10.367628
10.417027
10.398502
10.435554
10.318228
10.19473
10.324403
10.404673
10.503473
10.68872
10.750469
10.799865
10.762817
10.787517
10.657848
10.806043
10.806043
10.972766
11.114788
10.991293
11.151835
11.083914
11.07774
11.232106
11.325608
11.331842
11.319374
11.394172
11.375472
11.369237
11.363007
11.450271
11.126145
11.113682
11.138612
10.907987
10.652428
10.851891
10.926684
10.93292
10.989017
10.982785
10.845654
10.870588
10.945386
10.883056
11.020183
11.113682
11.294442
11.207177
11.344307
11.331842
11.31314
11.207177
11.281973
11.182245
11.481435
11.456503
11.500134
11.525066
11.55
11.618564
11.61233
11.512601
11.387939
11.518834
11.687126
11.799326
11.643499
11.755692
11.774392
11.799326
11.936456
11.805558
11.880353
11.736991
12.054883
12.067351
12.223182
12.198243
12.173313
12.385237
12.478736
12.310444
12.385237
12.347517
12.328656
12.265788
12.278364
12.297224
12.297224
12.246925
12.096042
11.794271
11.762836
11.932584
11.989165
11.901146
11.762836
11.73769
11.517644
11.2976
10.958108
11.039838
11.184437
11.002117
11.247307
11.278741
11.354184
11.222159
11.25988
10.882665
10.882665
10.6249
10.637473
10.637473
10.863804
10.882665
10.939245
11.07127
11.134141
11.102707
11.178149
11.090134
10.907815
10.882665
11.008405
11.24102
10.976968
10.756926
10.756926
11.039838
10.832368
10.800937
10.675194
10.712919
10.543172
10.348276
10.461439
10.360852
10.731777
10.562033
10.065364
10.335704
10.549459
10.423721
10.159668
10.165956
10.134519
9.88672
9.626205
9.835889
10.147229
10.611068
10.674607
10.731791
10.85887
10.827098
10.43951
10.287015
10.477633
10.29337
10.306078
10.375972
10.299721
10.395034
10.166292
10.153583
10.29337
10.306078
10.210771
10.255247
10.204415
10.33785
10.541175
10.369617
10.528463
10.452217
10.395034
10.458572
10.369617
10.185351
10.420449
10.464926
10.464926
10.464926
10.719083
10.801682
10.909701
10.763562
10.668251
10.750854
10.579295
10.445866
10.407741
10.395034
10.147229
10.267952
10.198058
10.191706
10.331491
10.43951
10.445866
10.528463
10.649188
10.592004
10.871578
11.208337
11.570511
11.475202
11.761127
11.576864
11.227398
11.386248
11.437563
11.443978
11.328511
11.270779
11.405492
11.200215
11.219463
11.187388
11.16173
11.309267
11.290025
11.450394
11.508127
11.591521
11.719815
11.597933
11.649253
11.706985
11.559446
11.546618
11.78396
11.758303
11.649253
11.674907
11.610763
11.123241
11.1489
11.322096
11.290025
11.238706
11.206633
