Adjusted
11.632327
11.648829
11.868134
11.422462
11.222024
11.321064
11.009796
11.122987
11.257393
11.252678
11.377654
11.344645
11.177217
11.19137
11.212595
10.934342
10.684384
10.825869
11.321064
11.18901
11.363512
11.691279
11.80211
11.651195
11.519144
11.474336
11.50971
11.438968
11.290408
11.3022
11.488484
11.714357
11.766657
11.550301
11.873652
11.809457
11.878407
11.954491
12.054342
12.054342
12.303994
12.244557
12.216025
12.080498
12.268328
12.109036
12.056726
11.816589
11.949735
12.02582
12.125678
12.106651
12.216025
12.382453
12.280216
12.144695
12.368192
12.332525
12.517974
12.741471
12.743845
12.843703
12.684405
12.437137
12.506092
12.299239
12.185112
12.101904
12.125678
12.142321
12.197006
12.175606
12.070988
12.185112
12.142321
12.303994
12.265954
12.085253
11.985394
12.133983
11.994982
12.054901
12.062087
12.342485
12.354477
12.366463
12.438354
12.311332
12.174726
12.313727
12.474302
12.414385
12.462321
12.483887
12.404799
12.445544
12.737925
12.678013
12.740329
13.0375
12.900898
12.699585
12.934448
13.190889
13.265182
13.289145
13.226835
13.109402
12.948832
13.073456
13.250799
13.286748
13.015932
13.123785
13.140553
13.11659
13.121383
13.133373
13.147747
13.135756
13.008745
13.085436
13.111799
13.133373
13.188486
13.193282
13.085436
12.924862
12.79545
12.747521
12.678013
12.809827
12.855364
12.701979
12.678013
12.642065
12.869735
12.821805
12.927262
12.781069
12.622892
12.687596
12.689993
12.545104
12.557181
12.639283
12.564422
12.622379
12.600644
12.738295
12.958037
13.040149
13.025662
13.153643
13.15606
13.252654
13.199528
13.255067
13.262314
13.199528
13.240578
13.107759
13.127081
13.110172
13.235747
13.412025
13.484475
13.725963
13.704232
13.716301
13.542432
13.6994
13.783917
13.694567
13.631783
13.641443
13.595558
13.725963
13.47965
13.523112
13.525525
13.438595
13.486892
13.462746
13.317854
13.17538
13.098098
13.221257
13.378231
13.511041
13.506209
13.619709
13.692153
13.581072
13.670423
13.810479
14.001253
14.013325
13.904663
14.06162
14.006084
13.931221
13.870852
13.713891
13.85878
13.890169
13.849116
13.861192
13.861192
13.756572
13.904987
13.863626
13.873362
14.002312
14.089904
14.141
14.099637
13.831998
13.883092
14.002312
13.946351
13.907417
13.904987
13.875789
13.883092
13.734673
13.919587
13.922019
13.95365
13.805232
14.104498
14.282119
14.209128
14.498658
14.56192
14.586245
14.659242
14.664099
14.831984
14.836853
14.659242
14.831984
15.043666
15.559477
15.432955
15.437822
15.374564
15.547312
15.664095
15.780882
15.907404
15.95363
15.931738
16.362385
16.184776
16.099619
16.009592
15.919567
15.990131
16.02906
16.087452
15.761421
15.844143
16.196943
16.35022
16.39645
16.389153
16.525404
16.474314
16.136116
16.209097
16.02906
16.133673
16.01446
15.878211
15.883079
16.065557
16.099619
16.260197
16.625162
16.615429
16.698158
16.878199
16.692137
16.738646
16.679888
16.856167
16.875757
16.839029
16.856167
16.861063
17.284611
17.025093
17.071613
17.029993
17.218508
17.289503
17.29195
16.946747
16.657852
16.929617
16.78027
16.785164
16.868406
17.223408
16.96389
16.880644
16.760675
16.464441
16.168213
16.354271
16.508512
16.98348
17.091194
16.816994
16.875757
17.010408
17.056925
17.137709
17.411915
17.7155
17.490259
17.64205
17.801186
17.820768
17.884428
17.389879
17.287058
17.509846
17.585743
17.798742
18.082735
18.055809
17.46578
17.455982
18.092527
18.094978
18.413246
18.241873
17.906464
17.5735
17.918709
17.896675
17.719355
18.059214
18.110929
17.778458
17.546963
17.401659
17.354872
17.867117
18.165112
18.071524
17.847422
18.059214
18.522211
18.391684
18.443394
18.209438
18.667503
18.411381
18.248838
18.482805
18.187271
18.371984
18.719223
18.822655
18.88669
18.874378
19.007362
19.364462
19.233936
19.009823
18.731535
18.630558
18.788179
18.815268
18.763552
18.812805
19.054152
18.977814
19.049227
18.933481
18.908852
19.233936
19.435877
19.578714
19.485132
19.524534
19.130503
19.162519
19.004902
18.748777
18.93841
18.985458
19.342091
19.50802
19.542696
19.572411
18.995375
18.797237
18.306881
18.596636
18.38118
18.140947
17.97254
18.195438
18.391083
17.925488
18.116188
18.316788
18.366314
18.19791
17.918058
17.846233
18.004738
18.160763
18.123617
18.433182
18.760092
18.896305
18.86907
18.906212
18.987938
19.322277
19.238077
19.247978
19.411436
19.366861
19.389149
19.597181
19.678907
20.352535
20.184128
20.112303
20.23366
20.075163
20.607624
20.201462
20.518459
20.820608
20.969202
21.471949
22.004414
21.58091
21.813715
21.583391
21.149992
20.558086
20.634865
20.800793
20.352535
20.307955
20.694304
20.736406
21.001404
21.031115
21.405085
21.153494
20.670237
21.001547
20.91436
20.782335
21.29797
21.758802
22.010393
21.614321
21.544582
21.738874
21.611841
21.893314
21.547075
21.454903
21.60187
21.487286
21.77873
22.137434
22.344185
22.39151
22.508589
22.42639
22.665524
22.239571
21.410063
21.547075
21.571978
21.111151
21.327864
21.332844
21.111151
21.375189
21.584436
21.806126
21.68656
21.669127
21.920719
21.90328
21.65169
21.708986
21.434973
21.559525
21.748837
21.61931
21.629274
20.951725
20.814718
20.969162
21.273058
21.138548
21.330351
21.322874
21.738874
22.070173
22.174801
22.448807
22.237078
21.853458
21.746351
22.037796
22.144909
22.540977
22.668011
22.665524
23.113903
23.567261
23.684336
23.876143
23.968311
23.935925
24.087877
24.127733
24.77788
24.795408
25.278595
25.381241
26.114792
26.037188
26.600483
26.525379
26.838322
27.584391
28.120159
27.762146
27.163788
27.41415
27.689535
28.092607
27.989971
27.441679
26.688114
26.427738
26.435253
26.613008
26.214943
26.665569
27.031101
27.601906
27.313997
26.795767
26.312571
26.234966
26.350126
25.944548
26.395191
26.998554
27.609428
27.68203
27.118738
27.757139
27.626949
27.321512
27.621937
27.108721
26.36265
26.255001
25.053278
25.704203
26.174881
25.854425
26.460285
26.778236
27.21386
26.725664
25.962088
25.72674
26.249975
26.713148
25.912001
26.0497
26.290031
26.267506
26.728161
26.262516
26.532881
25.263664
24.807854
24.372179
24.906067
25.132711
25.525562
25.46261
26.026711
26.276022
26.527855
26.462368
27.084396
27.157425
27.739168
27.666136
27.706423
27.797087
27.520061
27.449554
28.335989
28.174831
28.205051
28.482061
28.874928
29.514568
30.562187
30.280144
29.328197
29.418867
29.217403
29.318132
29.977938
29.262728
29.096529
28.955505
29.766399
30.844233
30.209623
30.526922
30.340569
30.678024
31.01045
30.975187
29.988012
29.892315
29.816769
30.506781
30.496708
30.234806
30.84927
31.342861
31.091021
31.516237
32.067993
31.68329
31.890833
32.589394
32.346424
32.488148
32.270481
32.888042
32.70583
33.227207
33.611931
33.723286
33.328453
32.437527
31.232759
31.182154
31.926264
31.997128
31.74403
32.002205
31.911068
31.323885
31.926264
32.604588
33.379074
34.928051
33.799213
33.809341
33.753674
34.016895
34.938175
33.996651
33.510681
34.158619
34.188992
35.003983
35.525368
34.877434
35.651928
35.312756
34.568645
35.120396
34.917919
35.181164
35.894905
35.388702
34.90781
33.611931
32.017384
31.394747
32.194561
32.007256
32.70583
32.12875
30.90374
31.551676
31.900967
30.41271
31.156836
29.233263
29.43574
30.524078
31.607359
31.789587
30.980736
32.181301
33.259773
33.646393
33.936367
34.679085
33.702351
33.448002
33.885506
33.366608
32.247437
32.303398
32.216911
31.987988
32.913845
32.089733
31.657339
32.684933
32.76125
32.613701
32.557743
31.402969
31.179134
30.782324
32.033768
31.738724
32.02869
32.420383
32.135509
32.517056
32.084641
31.158775
29.607214
29.627548
29.897171
29.174799
29.810694
30.024349
30.192226
30.243088
30.09049
29.251108
29.652988
29.352852
29.597033
30.782324
30.522892
30.283787
30.975651
30.970558
30.909515
30.914593
30.914593
30.909515
32.705284
32.25761
32.664585
32.888409
33.020683
32.801949
32.323742
32.557743
33.107159
33.193634
32.913845
32.77142
32.715466
31.79467
31.926943
30.573769
30.624638
30.166784
30.192226
30.243088
30.11083
29.846291
30.660156
31.269266
32.159889
31.683851
31.448418
32.108696
31.678732
31.202717
31.617313
32.134281
31.98073
31.008209
30.445183
30.480991
30.271135
30.235306
30.793236
31.136164
31.566132
31.909084
31.407436
30.859777
30.450285
30.957031
31.284605
31.6122
32.298077
32.630791
33.168243
33.004452
32.323673
32.968616
33.347397
34.069096
34.422279
33.76199
34.14077
34.478588
34.463238
34.365982
34.975086
36.157478
36.229134
35.758236
37.10952
35.74799
34.934135
34.371098
33.879723
34.243145
34.703804
35.410164
34.550247
34.063992
34.217552
34.278965
34.381344
34.657742
34.232887
33.367867
32.513058
33.086353
32.507954
32.14246
32.286591
32.209377
32.276299
31.478403
32.30204
32.66753
31.905657
32.580017
32.791054
33.208042
32.193935
31.864473
31.154095
31.447506
31.179829
30.695942
29.81053
30.608427
31.787245
31.488705
30.474581
30.268686
30.809189
31.277634
31.535027
31.96744
32.30204
33.017578
33.959614
33.733116
34.397167
34.783245
34.783245
34.587635
34.664837
34.958263
34.978859
34.53101
34.721481
33.537495
33.676487
33.918407
33.166859
32.755032
33.861801
34.721481
35.313461
35.194439
35.163391
35.520458
35.535988
35.722275
35.592896
35.458363
34.987442
34.997791
35.655003
35.241009
35.385902
34.578625
34.656239
34.516529
34.299179
34.361298
34.604504
34.718342
34.149105
34.102535
34.309528
33.999035
33.476364
32.860561
32.824337
33.2435
33.264206
31.965302
31.835922
31.22529
30.428368
30.086811
30.614655
30.242064
30.066124
30.568092
30.169611
29.626249
30.123035
30.035076
29.657301
30.247238
30.583595
30.495632
30.806129
30.298996
28.994909
29.383028
29.952269
30.01955
29.74011
30.107508
29.822901
30.433535
31.064871
31.613409
31.463341
31.220116
31.634109
31.494381
31.416769
31.773819
32.472435
32.187813
31.849489
31.125998
31.35503
31.073946
31.073946
31.734991
31.776627
31.745398
32.463688
32.952961
32.838444
32.828033
33.03104
33.301697
32.41164
32.635448
32.69791
33.478661
33.567146
33.463047
33.411011
33.785744
34.58733
35.029762
35.066181
35.008942
35.440956
35.857361
36.273758
36.976429
36.825493
36.74741
36.95562
38.033051
37.876892
37.736362
38.012234
37.736362
37.51255
36.981644
37.314762
37.548981
37.824852
37.450085
35.493004
34.389534
35.092224
35.550262
34.618576
33.587971
32.17741
33.223618
32.692707
33.077877
32.588596
33.286079
32.989395
33.816986
34.155312
33.343319
33.712887
33.634819
34.170929
34.566517
35.034958
35.024544
34.894436
34.686222
34.472828
34.80595
34.868401
34.368713
35.014141
35.113041
34.646961
34.641731
34.343231
34.715046
35.024014
35.191589
35.589596
34.06567
34.207066
34.53698
34.002831
33.772415
34.468903
35.17065
35.385357
35.505798
35.212536
34.872147
35.563404
34.835484
34.217545
34.379883
34.72551
35.175877
35.96664
36.265148
36.427486
36.385597
36.259907
36.223248
35.793827
35.710052
35.526752
35.47438
35.589596
35.830502
36.369873
36.254669
36.914513
36.940693
36.972118
36.883091
36.57412
36.280853
37.312511
36.972118
36.469391
37.087334
37.040199
36.678844
36.31752
36.233727
36.354172
36.652668
36.757408
36.835957
36.788826
36.715511
36.176113
36.757408
37.034958
37.034958
37.626724
38.580029
39.422737
39.954689
39.949429
40.40237
39.601814
40.249638
39.686089
40.713139
40.78159
41.534763
41.824448
41.761238
41.292488
40.692047
40.707859
41.013348
40.618324
40.950134
41.724365
42.409069
42.498604
42.25634
41.187157
41.961384
41.471569
41.102879
39.923084
40.692047
40.418179
41.345154
42.140446
42.461742
42.514404
42.682949
44.268291
44.305145
45.079399
46.685787
47.491623
45.890476
45.28479
46.032681
46.011631
45.453335
45.100468
43.362373
44.394684
43.088501
42.241543
43.083199
42.792065
42.744423
42.485046
41.071701
41.791615
42.336826
42.702084
41.41048
41.399891
41.923931
41.743965
40.960537
40.907616
41.886879
42.273323
41.415783
41.765129
42.029823
42.739132
42.866173
41.717503
43.284355
43.030281
43.347874
44.189537
43.469624
44.26894
43.834869
43.506683
44.215992
44.914719
45.052349
45.137051
44.8512
46.470985
46.735672
46.799191
47.079735
47.206779
46.206322
46.211617
46.560986
46.460411
46.259262
45.242928
44.496548
44.433025
44.570656
44.639469
45.459949
45.909897
45.375248
45.375248
45.714039
46.476292
46.296318
46.587456
45.031193
43.998978
44.051899
43.22084
44.300694
44.893555
45.015892
43.999939
45.191437
44.260578
44.983986
44.638229
45.287182
43.83506
44.654194
43.914837
42.005249
42.430794
42.21804
41.51059
41.98399
41.026543
42.175476
41.393562
42.085052
40.797817
40.45739
41.340374
41.925476
42.574409
42.686119
42.39888
43.276535
44.308445
44.308445
44.388241
43.452057
44.345692
45.021221
44.303131
43.569096
44.436108
44.78186
45.335049
46.122288
46.377598
47.324413
47.154186
47.409531
