Adjusted
16.376112
16.335478
16.396427
16.186476
16.179708
16.44384
16.362568
16.61993
16.728289
16.599609
16.829876
16.477695
16.48447
16.687645
16.538647
16.105206
16.179708
16.17293
16.118752
15.847851
16.233891
16.166157
16.098436
16.037485
15.87494
15.753032
15.780124
15.258635
14.81165
14.662652
14.804871
14.635553
14.445925
14.208879
14.263062
13.998933
14.073433
13.877022
14.086974
14.046344
14.012479
13.795756
13.795756
13.75512
13.816075
13.538398
13.728028
13.836394
13.992162
13.985382
14.682961
14.682961
14.818419
14.750696
15.136729
14.418835
14.655872
14.69651
14.791326
14.418835
14.222436
14.547515
14.926779
14.601694
14.716826
14.588144
14.710058
14.504022
14.558602
14.504022
14.824673
15.022511
14.756451
14.995223
14.79738
15.138492
15.111201
14.927003
14.913359
15.172595
15.158957
15.029329
14.967935
15.015689
14.913359
15.008866
14.927003
14.695051
14.763261
15.015689
14.961115
14.940644
14.927003
14.633653
15.656982
15.827536
16.373306
16.721243
16.857689
16.80311
16.721243
16.673492
17.02142
16.85087
17.171505
17.498978
17.464857
17.362535
17.362535
17.219265
17.492149
17.724112
17.601311
18.003811
17.805981
17.539907
17.342068
17.464857
16.932737
17.06917
16.809935
16.734888
16.591618
16.714424
16.768993
16.987349
16.698967
16.98048
17.200205
16.987349
16.870619
16.946142
16.856884
16.953012
17.165867
17.268867
17.200205
16.630299
16.726433
16.712692
16.561634
16.829418
16.492975
16.355644
16.492975
16.582237
16.389977
16.444914
16.204584
16.177122
16.197718
16.280111
16.383118
16.692097
16.719564
16.836287
16.836287
16.856884
16.877489
16.925549
16.850021
16.637163
16.650896
16.444914
16.369379
16.403713
16.616568
17.049149
16.904959
17.33754
17.756376
18.271364
17.9349
18.037899
18.237024
18.463614
18.573471
18.642139
18.62841
19.019791
19.115921
18.957989
18.594074
18.401817
18.367491
18.202694
18.195826
18.195826
18.497948
18.443014
18.429281
18.470476
18.484215
18.406857
18.303257
18.296349
18.462111
18.558805
18.441401
18.393045
18.37232
18.406857
18.441401
18.06151
18.109865
18.047705
17.971725
18.054609
18.068411
17.847399
17.902643
18.144394
18.033878
17.909559
18.013159
18.151302
18.330883
18.275621
18.455206
18.32398
17.957905
18.013159
17.619474
17.584936
17.405359
17.405359
17.660908
17.626383
17.647104
17.688541
17.681627
17.778326
17.785229
17.854305
17.833582
18.199652
17.902643
17.688541
17.792143
17.702362
18.137487
18.648596
18.33779
18.399948
18.261814
18.690044
18.73838
18.703852
18.669323
18.579531
18.668455
18.619829
18.557295
18.703194
18.807415
18.453079
18.425295
18.314127
18.654564
18.070957
18.189066
18.064009
18.008429
17.980631
18.251596
18.300232
18.515608
18.668455
18.585089
18.536451
18.550352
18.293282
18.453079
18.564249
18.619829
18.765732
18.981102
19.050587
19.08532
19.133947
19.328493
19.210379
19.328493
19.106165
19.453554
19.592505
19.620298
19.106165
18.981102
19.001944
19.425758
19.870409
19.682821
19.752304
19.523029
19.543863
19.502184
19.377125
19.391022
19.265965
19.1409
18.772673
18.682358
18.967211
18.814363
18.751835
18.536451
18.668455
18.578138
18.862986
18.793516
18.946367
19.008898
18.946367
18.730991
18.619829
18.814363
19.008898
19.014486
18.888708
18.888708
18.734966
18.909668
18.979544
18.755928
18.790871
18.378569
18.658096
19.217138
19.238106
19.217138
19.196175
19.266058
19.356901
19.307985
19.580517
19.56654
19.426775
19.356901
18.965574
18.916653
18.909668
18.700026
18.700026
18.867744
18.693035
18.755928
18.497372
18.623154
18.448446
17.553991
17.833506
17.770615
17.903385
17.826521
17.93833
17.903385
17.86146
18.085079
18.078089
18.140978
18.106043
18.133991
17.97327
18.133991
17.945318
18.085079
18.099052
18.448446
18.769907
18.672071
18.322668
18.707014
18.686049
18.707014
18.783882
18.644121
18.637135
18.644121
18.462429
18.425873
18.38369
18.489147
18.38369
18.313398
18.236061
18.067341
18.095465
18.545387
18.439934
18.320417
18.151703
18.243093
18.19388
18.067341
18.102484
17.990011
18.095465
17.940804
18.074368
17.982985
17.898619
17.78614
17.856438
17.835344
17.863466
17.821289
18.032188
18.19388
18.38369
18.172791
18.271212
18.348537
18.327452
18.439934
18.510242
18.510242
18.278246
18.250118
18.334484
18.510242
18.538357
18.657866
18.390728
18.468054
18.418844
17.926735
18.524298
18.707079
18.61569
18.939072
18.854717
18.685984
18.489147
18.418844
18.53133
18.200912
18.714113
18.453993
18.482121
18.693018
18.61569
18.580532
18.679596
18.474396
18.49563
18.658367
18.474396
18.318735
18.431946
18.453178
18.552231
18.311663
18.361189
18.43902
18.233829
18.276283
18.615917
18.969694
19.075829
18.990921
18.997995
18.962622
19.075829
19.245642
19.224419
19.196114
19.217337
19.160732
19.238567
19.217337
19.408375
19.394228
19.443754
19.620649
19.358849
20.314056
19.967354
20.158394
20.172548
20.137167
20.186695
20.710295
20.696142
20.745672
20.632463
20.328209
20.370663
20.7386
21.141901
21.170206
21.417858
21.240959
21.446152
21.332952
21.127758
21.290491
21.248037
21.148979
21.141901
21.283421
21.27634
21.319036
21.269226
21.14114
21.269226
21.105556
21.105556
20.927662
20.884968
20.735538
20.721308
20.578987
20.650146
21.105556
20.93478
20.835163
20.657263
20.81381
20.692844
20.493597
20.578987
20.699957
20.863625
20.863625
20.956131
20.863625
20.778238
20.337055
20.287233
20.194733
20.173391
20.13781
20.280125
20.543411
20.529179
20.984598
20.315702
19.597006
19.817598
19.73221
19.675278
19.710863
20.073765
20.230312
20.208967
20.208967
20.087997
19.917217
19.84606
19.93145
19.824713
20.023951
19.895864
20.273016
20.301474
20.208967
20.315702
20.208967
20.038183
19.881636
20.023951
20.002605
20.244553
20.650146
20.258774
20.365517
20.386862
20.450907
20.472383
20.622705
20.701447
20.916191
20.858925
21.080828
20.751551
20.880398
20.672812
20.758707
20.994925
20.594072
21.002083
21.073671
21.052193
20.830284
21.288412
21.238306
21.424423
21.617685
21.445889
21.402943
21.47452
21.54611
21.603371
21.560423
21.338522
21.524633
21.596214
21.78948
21.746536
21.717903
22.061497
22.168863
22.369295
22.376459
22.226131
22.211821
22.390774
22.512451
22.426559
22.319189
22.118759
22.00423
21.968439
21.982759
21.982759
21.997078
22.23329
22.340662
22.426559
22.512451
22.433722
22.405088
22.333508
22.204659
22.197493
22.440874
22.090128
22.025705
22.061497
22.133072
21.904013
21.63916
21.839594
21.717903
21.696423
21.846752
22.00423
22.054337
21.975592
22.011389
22.032864
21.904013
21.982759
21.875385
21.846752
22.018545
22.240448
22.082968
21.989914
21.975592
21.975592
21.846752
21.768009
21.839594
21.832432
21.832432
21.918327
21.832432
21.810957
21.667791
21.746536
21.660637
21.660637
21.775167
21.410101
21.19536
21.109465
20.959139
21.066513
20.937658
21.045033
21.47452
21.488844
21.560423
21.610533
21.603371
22.254761
22.18318
22.118759
21.63916
21.503155
21.467367
21.438738
21.259781
21.02356
20.994925
20.858925
20.944826
21.02356
21.181044
21.223989
21.295572
21.223989
21.231144
21.130316
20.97188
20.863848
20.849445
20.763023
20.770224
20.777424
20.683804
20.827839
20.827839
20.907064
20.705404
20.712614
20.849445
20.741413
20.546967
20.489351
20.950272
20.957478
21.036695
21.000683
21.036695
20.964672
21.000683
20.979082
20.914267
21.24555
21.216742
21.238348
21.101515
21.007887
21.209547
21.389584
22.304226
22.275419
22.426657
22.369038
22.225006
21.922525
21.756878
21.951338
21.929728
21.936935
21.684864
21.483217
21.360781
21.50481
21.634451
21.656061
21.792896
21.814493
21.828903
21.843302
21.792896
21.807301
21.800097
21.857704
21.778484
21.771242
21.785736
21.56839
21.735014
21.648087
21.821957
21.952368
22.03931
22.061045
21.785736
21.952368
22.046556
21.995842
21.952368
22.024815
22.024815
21.937878
21.879923
21.771242
21.749514
21.735014
21.764
21.684305
21.764
21.619095
21.524918
21.445217
21.191645
21.119198
21.08297
21.198889
21.33655
21.691549
21.655325
22.097273
22.205942
22.032063
22.430534
22.459518
22.568193
22.488495
22.553709
22.488495
22.481258
22.452274
22.452274
22.61166
22.785547
23.039122
23.184017
22.959425
23.29994
23.147791
23.249226
23.401371
23.227486
23.11157
23.394123
23.336161
23.604237
23.307184
23.191259
23.582499
23.423105
23.47382
23.654949
23.495556
23.430344
23.517775
23.117073
23.160784
23.2045
23.45949
23.328352
23.364779
23.37207
23.576057
23.481348
23.532343
23.35021
23.37207
23.423069
23.452206
23.415777
23.699917
23.78734
23.64892
23.692633
23.918488
23.976774
23.947622
23.962202
23.867479
23.750919
23.816483
23.962202
23.860201
23.852913
23.78734
24.588762
24.617895
25.171597
25.433872
25.572308
25.26631
25.637869
25.958435
26.191576
26.257147
26.315428
26.009438
25.565022
25.652445
25.441164
25.433872
25.543159
25.849161
25.667023
25.863724
26.126007
26.33
26.235291
26.315428
26.592283
26.96384
26.803558
26.832705
27.036705
27.481129
27.466553
27.459221
27.071236
27.473867
27.752039
27.327459
26.976074
26.60273
26.793056
26.858942
26.683254
26.558809
26.31724
26.653978
27.049276
26.580765
26.646654
26.917509
26.851625
26.968761
26.910185
27.03463
26.873585
26.60273
27.305494
27.429953
27.569038
27.803286
27.788649
27.89846
27.825254
27.649549
27.781336
27.810608
27.722771
26.932156
27.305494
27.312817
27.43726
27.481192
27.349421
27.503155
27.686159
27.715441
27.883812
27.481192
27.217653
27.415312
27.210325
27.217653
27.371382
27.305494
27.217653
26.910185
26.653978
26.397749
26.492922
26.734497
26.529522
26.551487
26.31724
26.71986
26.514883
26.353825
26.758707
26.795515
26.788155
26.928019
26.832323
26.810238
26.780798
26.442167
26.670374
26.751358
26.707182
26.714539
27.031082
27.170942
26.957464
26.832323
26.986912
26.861771
27.067884
27.516939
27.435963
27.55373
27.281376
27.318176
27.288725
27.435963
27.421234
27.524294
27.583193
27.605267
27.561102
27.767218
27.642065
27.531645
27.73778
27.605267
27.605267
27.531645
27.48749
27.715691
28.024862
27.973339
28.392937
28.738926
28.621143
28.356136
28.613783
28.650591
28.900875
28.945044
29.048109
29.224779
29.143799
29.217411
29.268944
29.114353
29.062819
29.026014
29.003935
28.99655
28.774567
28.707975
28.589594
28.086473
28.190054
28.36763
28.14566
28.042076
27.953283
27.746113
27.820105
27.842302
27.990282
28.219645
28.315832
28.471216
28.46381
28.249249
28.24184
28.264042
28.471216
28.670984
28.82637
28.796759
28.82637
28.833767
28.759766
28.878149
28.907747
28.84857
28.892956
29.285097
31.290222
31.364204
31.142235
31.297619
30.986868
30.853685
29.921412
30.232168
29.928825
29.462675
29.292496
29.507071
29.003935
29.240705
29.662449
29.743839
29.033539
28.929951
29.248095
28.811577
29.211107
29.329485
29.736435
29.840027
29.581053
29.618061
29.018732
28.493397
28.582201
28.81896
28.500813
28.685781
28.596542
28.581661
28.67091
28.544481
28.693222
28.983276
29.09483
29.31052
29.384888
29.4667
29.459257
29.526197
29.451824
29.704689
29.726999
29.697256
29.154335
29.079964
29.332834
29.355143
29.303087
29.355143
29.295643
29.057653
28.834532
28.745279
28.760155
28.871717
28.908895
29.065083
29.132013
29.377457
29.377457
29.422066
28.990704
29.042772
29.176634
29.280767
29.362566
29.526197
29.593128
29.4667
29.20639
28.864277
28.700661
28.834532
28.983276
28.693222
29.429518
29.265896
29.288212
29.213835
28.923777
28.685781
28.886589
28.693222
28.61141
28.418045
28.566782
28.4701
28.864277
28.789892
28.596542
28.334877
28.447006
28.544203
28.207767
29.082491
29.194616
29.351629
29.007729
28.581579
29.202108
29.351629
28.84325
29.119858
28.424576
28.970343
28.566626
28.028336
28.043283
27.53491
27.961061
27.818998
27.310627
28.387197
28.058245
27.62463
26.353666
26.899437
27.17606
26.839624
26.443384
26.966722
27.228394
26.824673
26.87701
27.90873
27.796581
28.648863
28.200298
27.669479
27.691917
28.185347
28.222717
28.544203
28.409626
27.422775
26.570486
26.391048
26.316288
26.263954
26.503197
26.675152
26.241524
26.645243
26.435909
26.211624
26.465818
26.630285
27.17606
27.4153
27.789104
27.662012
27.587246
27.400337
27.288193
27.295717
27.378448
26.859465
27.115196
26.987335
27.265627
27.340847
27.280663
27.130247
27.370928
27.265627
26.791779
26.934683
26.80681
26.821857
27.212984
27.431105
27.521368
27.363411
27.814707
27.393505
27.716919
27.784615
27.754532
26.761694
27.077593
26.784254
26.363041
26.71656
26.581169
26.325438
26.520992
26.28031
25.971922
26.250223
26.370564
26.430738
26.91964
27.483761
27.416058
27.619146
27.581533
27.634193
27.671797
27.807177
27.822222
28.032835
27.837271
27.701881
27.686842
27.370928
27.01742
27.273151
27.378448
27.152809
27.340847
27.476231
27.295717
27.136803
27.167068
