Adjusted
12.9
12.7
12.6
12.88
12.94
12.81
13.07
13.01
12.88
12.7
13
12.75
12.9
12.63
12.9
12.99
13.1
12.76
12.77
12.54
12.69
13.75
14.55
14.5
14.5
14.83
15.2
15.22
15.55
15.89
15.7
15.4
15.7
15.85
16.129999
16.17
15.65
16.1
15.42
14.81
15.8
16.030001
16.42
16.950001
17.25
16.700001
17.07
17.540001
18.6
18.459999
18.030001
18.82
18.860001
19.73
19.65
19.559999
19.950001
20.16
19.74
21.370001
21.99
20.459999
19.49
19.92
19.940001
19.780001
19.4
19.01
18.889999
18.559999
18.120001
18.4
17.6
18.5
18.540001
18.07
19.65
20.57
21.24
19.93
19.09
18.76
18.790001
18.860001
18.549999
18.129999
17.790001
19.27
17.41
17.610001
17.879999
18.540001
18.190001
19
18.98
20.34
20.08
20.41
20.58
20.84
21.25
20.75
20.549999
