Adjusted
16.588367
17.030153
18.177374
17.792589
17.101408
17.849596
18.683289
18.661911
19.174953
18.733168
18.889931
18.362637
17.635826
17.564571
17.578823
16.795008
16.880516
17.66433
18.006359
17.95648
18.490896
18.519402
18.127493
17.863846
18.056238
17.600201
18.248629
17.913725
17.735584
17.464815
17.885221
18.761671
18.868553
18.8258
18.954062
18.576406
18.882805
18.747419
18.633408
18.761671
18.490896
19.702248
20.493187
20.699829
20.486061
20.507441
20.307922
20.322172
20.963478
20.806717
21.177242
21.419514
21.070358
21.141617
21.661785
20.906473
20.486061
20.571569
21.255625
21.006229
20.578695
20.6357
21.048983
20.735458
20.728333
20.934975
21.227121
20.664202
20.144033
19.687994
20.286545
20.44331
20.094154
20.471809
20.286545
20.949224
21.219997
20.507441
20.379179
21.056108
21.269876
21.341133
21.369635
22.887384
21.82567
22.923012
23.941971
23.713955
23.713955
23.222288
22.773373
22.887384
22.531105
22.295961
21.583405
21.697411
22.160576
22.972895
22.438473
23.336296
23.200912
22.958641
23.585691
23.421804
23.550064
24.219872
24.512018
24.091612
23.535812
23.728205
25.181824
25.659237
25.352839
25.851629
25.445471
25.338587
24.953806
25.352839
25.367086
24.497768
24.526268
25.253078
24.775667
24.668781
24.690159
24.975182
24.93955
26.00839
26.150906
25.951387
25.744743
26.058271
26.364668
26.549934
26.535688
24.903925
25.1747
25.652111
25.523851
25.538103
25.951387
26.471554
26.300545
25.865879
25.673489
25.844503
25.488224
25.595108
25.096319
25.466848
25.18895
25.673489
26.150906
25.737617
24.419388
25.359964
25.488224
25.751871
25.616482
25.5096
25.816002
25.894382
25.865879
25.630735
25.922886
26.058271
26.400297
27.682905
27.298122
27.611649
27.290997
27.625898
26.785082
26.022642
26.279165
26.635445
26.485804
27.469139
26.913342
28.537977
28.167444
28.545103
28.787371
27.98218
27.654402
27.462013
27.903797
27.298122
27.462013
27.88242
28.5166
28.858625
28.880003
28.644859
28.409716
28.388338
28.872879
28.431091
28.374086
28.445341
28.260077
28.181696
28.039183
27.789791
27.75416
27.661526
27.647274
27.796913
27.775536
27.533264
27.255371
27.205492
26.64257
26.59269
26.044018
26.115276
26.222158
22.837505
23.614195
23.792334
23.792334
23.820837
24.048857
24.184238
24.455015
24.098734
24.526268
24.483515
24.540518
24.547646
23.913469
23.884968
23.41468
23.849339
23.443184
23.286417
22.901634
22.445599
22.374342
23.101151
21.690287
22.189075
22.588112
23.450306
23.585691
24.19849
24.234119
24.184238
24.269751
24.398012
24.241247
24.219872
24.291126
24.127237
24.398012
25.5096
25.260204
25.488224
25.431219
25.302958
25.345713
25.481098
25.687738
25.538103
25.559481
25.60936
26.59269
26.777958
26.735201
26.136652
26.093897
26.00839
25.830254
25.737617
26.051147
26.742327
27.09148
26.891968
26.863462
27.989302
27.654402
27.73991
28.024935
27.554644
26.136652
26.200785
25.873007
25.958515
26.136652
26.364668
25.737617
26.59269
25.858755
25.295834
25.637859
24.618904
24.355255
24.426512
24.3125
25.18895
25.28158
24.611776
24.62603
24.839796
24.048857
23.585691
23.9776
23.528688
23.863588
24.683031
24.013229
23.222288
23.086903
23.336296
23.685452
23.507311
23.322046
23.493061
23.485931
23.571444
24.070232
23.763832
23.956221
23.664076
23.521561
23.664076
23.393303
24.284002
24.690159
24.569023
24.561897
24.248371
23.74958
23.542942
23.649824
24.141489
24.148613
24.433638
22.980017
22.531105
21.048983
21.369635
21.505024
21.775791
21.569151
21.227121
21.647533
21.782919
22.217581
22.680742
22.673618
22.994268
23.322046
23.329172
22.915886
22.595236
22.388596
22.132074
22.331589
22.652241
22.438473
22.409971
22.57386
22.167702
22.303085
22.053692
21.989563
22.053692
21.462267
21.448015
21.440891
21.227121
21.18437
21.269876
21.654659
21.91118
21.668909
21.583405
21.105989
21.098862
20.84234
20.870844
20.706955
20.607197
21.098862
20.892218
20.471809
19.787754
19.431477
19.488482
20.785337
20.592945
20.34355
20.258043
19.880388
19.602491
19.752127
20.407681
20.307922
19.92314
19.830509
19.873262
19.424351
21.056108
21.319756
21.676035
21.989563
22.196201
22.003811
21.989563
22.338717
22.531105
22.34584
22.03944
22.210455
22.409971
22.331589
21.91118
21.839922
21.861301
22.096445
21.854174
21.996687
22.174826
22.324463
22.466978
22.616613
22.673618
22.652241
22.367216
22.295961
21.953932
22.253206
22.010939
22.324463
22.723495
22.623739
22.381466
22.267458
22.174826
22.616613
22.495478
22.645115
22.801876
22.509731
22.595236
23.635571
23.863588
23.827961
23.535812
23.464558
23.364801
23.436054
23.649824
23.208036
22.908762
22.694996
22.887384
22.958641
22.623739
22.531105
22.531105
21.797169
21.554901
21.569151
21.590527
21.391014
21.882679
22.374342
22.737749
23.122528
23.357672
23.336296
23.599943
23.607069
23.265041
23.735327
23.635571
23.892094
23.842213
23.870716
23.364801
24.419388
23.934847
23.941971
23.743681
23.317719
23.244276
23.743681
23.721645
23.486633
23.773054
24.199018
24.375278
24.294493
24.492783
24.735144
24.522161
24.287146
24.176983
24.419342
24.382622
24.353243
24.419342
24.309179
23.721645
23.714302
23.802433
24.059477
24.323866
24.052134
23.941971
23.479288
24.235739
24.228395
23.780401
23.486633
23.897907
23.51601
23.471945
22.451107
22.083899
22.047178
22.407042
22.333601
22.03249
21.99577
22.252813
22.436419
22.590647
22.127962
22.091242
22.289536
22.759562
22.700809
22.399696
21.959045
21.775444
21.775444
21.503712
21.430269
21.525742
21.848883
22.03249
22.208748
22.076553
22.318911
22.348288
22.465796
22.465796
21.092436
20.923521
20.989616
20.886801
21.173223
21.768099
21.298073
21.254007
20.960241
21.092436
20.945555
20.974928
20.791328
21.077749
21.481676
21.511055
21.246662
21.298073
21.158535
21.386204
21.371515
21.518398
21.863575
21.489019
21.099781
21.224632
21.077749
21.628561
21.67997
22.010456
21.775444
21.665283
21.334793
21.40089
20.908831
21.261353
21.305418
21.466988
21.929672
21.29073
20.512249
20.747259
20.79867
20.710543
20.578346
21.165878
20.916176
21.268696
21.591839
21.804821
21.85623
21.525742
21.687313
21.261353
21.378859
21.334793
21.459642
21.584496
21.99577
22.017801
21.775444
21.709347
21.635902
21.444958
21.408234
21.89295
22.260159
22.164686
22.06921
22.010456
22.098589
22.127962
21.782789
21.775444
21.929672
21.812164
21.900293
21.966391
22.149998
22.172028
22.025145
22.017801
21.914982
22.083899
22.047178
22.03249
21.878263
21.988426
21.99577
21.907639
22.010456
22.03249
21.261353
21.356827
21.29073
21.011652
21.018995
21.143847
21.092436
21.378859
21.812164
21.753412
21.914982
21.812164
21.584496
22.766905
22.693464
22.77425
22.928476
22.957855
22.715498
22.686119
22.605335
22.502516
22.63471
22.715498
22.201403
21.973736
22.047178
22.120619
22.03249
21.981081
22.216095
22.326256
22.994574
23.119425
23.104738
23.383814
23.545389
23.582109
23.493977
22.091242
21.922327
21.885607
21.650593
21.444958
21.452301
21.312761
21.371515
21.239319
21.474331
21.768099
21.71669
21.738724
21.657938
21.386204
21.209944
21.268696
21.320107
21.004307
20.761948
20.424118
20.65913
20.48287
19.645636
19.954092
20.027533
19.924713
20.225826
20.181759
20.196447
19.675014
19.763142
19.733768
19.638292
19.447344
19.535473
19.579538
19.770487
19.300463
19.094822
19.028728
18.903875
18.705584
18.54401
18.007889
18.176804
19.153578
19.278429
19.498755
19.52813
19.491411
19.241709
19.138891
18.977316
19.359215
19.417967
19.146233
19.322491
19.168266
19.080135
19.124201
19.219675
19.204987
19.234364
19.395935
20.012846
19.807205
19.616259
19.322491
19.829239
20.115662
19.829239
19.697042
19.946747
19.961437
20.651787
21.018995
20.930866
21.268696
21.158535
20.637098
20.247856
20.629753
20.497561
20.806015
20.490215
20.556313
20.512249
20.240515
20.005501
19.976124
20.123007
20.424118
20.28458
20.26989
20.358019
20.086287
20.137695
20.13035
20.100975
20.431463
20.710543
20.813358
20.717884
20.350677
20.56366
20.637098
20.894144
20.512249
20.93821
20.791328
20.857422
21.900293
21.569807
21.371515
21.342138
21.371515
21.393547
21.085091
21.11447
21.099781
21.342138
21.334793
21.555119
21.87092
21.371515
21.371515
21.57715
21.276041
21.437614
21.305418
21.511055
21.547775
21.320107
21.489019
22.017801
21.937017
22.436419
22.429075
22.524548
22.517204
22.362978
22.157341
22.142653
21.922327
22.010456
22.061865
22.517204
22.429075
22.509859
22.63471
22.575958
22.597992
22.480484
22.708153
22.693464
22.686119
23.251619
23.464602
23.016607
23.376472
23.530701
23.589453
23.684927
22.730186
22.708153
22.664087
22.45845
22.407042
22.399696
22.340944
22.230783
22.289536
22.105932
22.113276
22.201403
21.959045
21.981081
22.597992
22.620022
22.436419
22.509859
22.010456
22.208748
22.355633
22.157341
22.260159
22.127962
22.443762
22.399696
22.216095
22.311567
22.260159
22.091242
22.149998
22.216095
22.06921
22.348288
22.539236
22.627365
22.810972
22.620022
22.091242
22.047178
22.105932
22.370321
22.392353
22.42173
22.495171
23.883219
23.508665
24.294493
24.22105
24.500128
24.654356
25.072973
25.043594
24.948122
25.866142
25.741293
25.330021
25.80739
26.027716
25.998339
25.983648
25.763325
23.119425
24.059477
24.412001
24.448719
24.20636
24.316525
24.052134
23.83181
23.457258
23.258965
23.023951
23.148804
23.280996
23.655552
23.391159
23.273651
23.317719
23.721645
24.272457
24.154953
24.478096
24.632324
24.691074
25.131727
25.285954
24.037447
23.758368
23.773054
23.347094
23.376472
23.214899
23.236931
23.347094
23.589453
23.721645
23.83181
24.04479
23.567419
23.552731
23.596798
24.353243
24.529507
24.624979
24.279804
24.360588
25.117039
25.645815
25.109694
24.815928
24.53685
24.955467
24.9114
25.506277
25.741293
25.778011
25.983648
25.983648
25.822079
26.086466
25.285954
25.528311
25.256577
25.932241
26.424297
26.938389
26.769476
26.666658
26.923702
26.644621
26.879637
26.69603
26.65197
26.475706
26.835571
26.776817
26.886982
26.042402
26.211315
26.497742
26.446331
26.872293
27.166061
27.533268
27.320286
27.268881
27.048553
27.562643
27.893133
28.113457
28.142832
28.238308
27.900476
27.709528
27.724215
27.643427
27.724215
27.849066
28.040014
27.915163
27.929852
28.179554
28.062048
28.179554
28.605516
28.958035
29.031479
29.273834
29.729172
30.044971
29.942152
29.677765
29.413372
29.273834
29.787928
30.103727
28.950687
28.943346
28.96538
28.708332
29.626354
29.178362
29.655731
30.111071
30.324051
30.896894
31.080498
30.537031
30.62516
30.933615
30.874865
30.845484
31.234722
31.704748
31.10253
31.168629
31.227381
31.190662
30.037626
29.817301
31.344889
30.713291
31.043779
31.616623
32.270252
32.630119
31.814917
32.519958
31.528492
31.212694
31.557871
31.359579
31.814917
31.829603
32.343693
32.439167
31.844296
31.646
31.704748
31.410986
31.484425
31.8957
31.976486
32.343693
32.879822
32.835751
33.15155
33.709709
33.76112
33.952068
34.128323
34.451473
34.554283
34.517567
34.245834
34.422092
34.201771
34.400063
34.275208
34.260521
33.996132
34.17239
35.068378
35.707321
36.001087
35.91296
35.553089
35.626537
35.376835
35.486996
36.081871
35.347458
35.061035
35.97171
35.6045
36.162663
36.397678
35.56778
35.890926
34.671795
34.950874
34.561634
34.414749
33.827217
34.260521
34.58366
33.739086
33.283749
33.158897
33.335155
33.342499
33.217648
32.997326
32.997326
32.255562
31.881014
32.475887
32.116024
31.998518
31.792881
31.638659
31.499115
31.844296
31.873672
31.851637
32.270252
31.969139
32.218845
32.72559
32.358383
31.851637
32.167435
32.395103
32.358383
32.255562
31.939766
32.72559
32.674179
32.380417
32.865131
32.490578
32.116024
31.036432
30.918924
31.528492
31.058466
31.014399
31.007057
30.331394
29.898088
29.104921
29.244457
28.128141
28.458633
29.39134
28.752401
28.48801
27.907818
29.259148
28.421911
28.186901
28.774431
29.523535
31.175974
30.448902
29.956841
30.610474
30.346085
31.080498
31.425676
31.249413
30.823454
30.647192
30.257954
30.404837
29.890745
30.23592
30.243261
30.081692
30.874865
30.874865
30.514996
30.647192
30.346085
32.417137
31.925079
33.768459
34.378029
34.444126
34.348652
35.942333
35.163857
35.6045
35.442928
35.384182
35.890926
35.509029
35.6045
36.015778
37.513985
36.316887
36.522522
35.780762
35.729355
35.509029
36.713474
36.412361
36.515179
36.559246
35.986401
35.957024
35.699978
34.884773
35.163857
36.059837
36.192036
37.065994
35.626537
29.986219
30.294672
28.980066
29.01679
29.251802
34.87743
31.756161
31.029087
30.735319
30.97768
31.161283
31.462391
31.359579
31.653345
31.109875
29.604322
29.398685
29.01679
29.574945
29.435408
28.517385
28.532076
27.856409
27.775623
27.00449
27.180746
27.268881
27.408417
27.445135
27.67281
27.393728
27.180746
27.107309
