Adjusted
8.583333
8.433333
8.42
8.9
8.686666
8.893333
9.14
9.06
9.033334
8.88
8.823334
8.666667
8.25
8.113334
8.383333
7.566667
7.51
7.45
7.52
7.256667
7.32
7.343333
7.226666
7.33
7.236667
7.016667
7.113333
7.04
6.973333
6.916667
7.17
7.24
6.996666
6.906667
6.836667
6.636667
6.606667
6.45
6.836667
6.883333
6.723333
6.393333
6.19
6.136667
6.186666
6.133333
6.253334
6.283333
6.683333
6.613333
7.186666
7.366667
7.043334
6.883333
7.163333
6.673333
6.833333
6.85
6.663333
6.663333
6.633333
6.513333
6.903333
6.986667
6.82
6.766667
6.95
6.866667
7.19
7.25
7.41
7.683333
7.673333
7.966667
7.906667
8.1
8.04
7.976666
7.77
7.896667
8.376667
8.48
8.37
8.666667
8.793333
9.17
9.166667
8.93
8.833333
9.043333
8.733334
8.47
8.45
8.576667
8.31
8.313334
8.563334
8.7
8.68
8.733334
8.933333
9.233334
9.666667
9.6
9.656667
9.723333
10.196667
10.083333
10.073334
10.446667
10.813334
11.05
10.633333
10.95
10.903334
10.673333
10.383333
10.5
10.326667
10.53
10.606667
10.83
10.633333
10.59
10.856667
11.15
11.273334
11.456667
11.53
11.486667
11.36
11.45
11.793333
12.02
11.783334
11.473333
11.446667
11.243333
11.413333
11.183333
11.436666
11.78
11.9
12
12.286667
12.243333
12.266666
12.293333
11.933333
12.133333
11.82
12
12.21
12.426666
12.34
12.313334
12.333333
12.483334
12.56
12.666667
12.666667
12.623333
12.543333
12.41
12.9
13.083333
13.073334
13.096666
12.776667
12.68
12.196667
12.303333
11.916667
11.79
11.903334
12.013333
11.633333
11.666667
11.696667
11.966666
12.093333
12.05
12.37
11.923333
11.653334
11.436666
11.333333
11.183333
11.453333
11.52
11.5
11.95
11.963333
11.453333
11.773334
11.583333
11.983334
12.126667
12.073334
12.176666
11.756667
11.906667
12.436666
12.23
12.5
12.553333
12.563334
12.746667
12.67
12.646667
12.763333
12.84
12.746667
12.796667
12.286667
11.763333
11.176666
11.526667
11.826667
11.576667
11.36
11.206667
11.03
11.026667
10.993333
11.183333
11.523334
11.47
10.543333
10.573334
10.916667
10.5
10.283334
9.996667
9.923333
9.963333
9.923333
9.84
9.996667
9.76
9.556666
9.4
9.813334
10.076667
9.98
10.096666
10.153334
10.05
10.07
10.09
10.05
10.023334
9.87
9.863334
10.62
10.68
10.83
10.88
10.846666
10.776667
10.643333
10.55
10.56
10.6
10.666667
10.633333
10.666667
10.793333
10.99
10.6
10.616667
10.636666
10.97
10.903334
10.93
10.883333
10.933333
11.113334
11.176666
11.236667
11.103333
10.933333
11.166667
11.043333
10.9
10.933333
10.76
10.746667
10.316667
10.36
10.3
10.526667
10.5
10.46
10.326667
10.456667
10.353333
10.296667
10.103333
9.906667
9.876667
9.546667
9.55
9.533334
9.62
9.686666
9.49
9.416667
9.613334
9.993333
9.816667
10.05
10.306666
10.286667
10.036667
10.28
10.393333
10.306666
10.173333
9.783334
9.906667
9.68
9.65
9.753333
9.87
9.99
9.846666
9.676666
9.766666
9.776667
9.5
9.373333
9.236667
9.05
8.993333
9.18
9.426666
9.466666
8.683333
8.413333
8.42
8.466666
8.51
8.376667
8.363334
8.306666
8.283334
8.243333
8.283334
8.47
8.366667
8.5
8.506667
9.243333
9.3
9.446667
9.466666
9.37
9.496667
9.64
9.66
9.52
9.52
9.203333
9.356667
9.37
9.286667
9.343333
9.24
9.176666
9.416667
9.376667
9.646667
9.333333
9.136666
9.143333
8.93
8.866667
8.713333
9.03
8.94
9.07
9.126667
9.24
9.096666
9.063334
8.74
8.793333
9.123333
8.873333
8.986667
8.766666
8.636666
8.89
8.69
8.93
8.97
9.16
9.033334
8.95
8.183333
7.92
8
8.176666
7.866667
7.68
7.486667
7.723333
7.976666
8.093333
8.05
8.186666
8.246667
8.206667
8.316667
7.93
8.003333
7.913333
7.836667
7.873333
8.27
8.35
8.36
8.333333
8.33
8.486667
8.686666
8.95
8.976666
9.14
9.083333
9.096666
9.1
8.87
8.786667
8.893333
8.95
8.99
9.043333
8.983334
9.096666
9.103333
9.043333
8.813334
8.616667
8.453333
8.62
8.49
8.43
8.28
8.21
8.573334
8.596666
8.636666
9.006667
8.953333
8.983334
8.98
9.25
9.533334
9.633333
9.55
9.743333
9.633333
9.686666
9.746667
9.62
9.73
9.733334
9.67
9.88
10.07
9.85
9.96
9.983334
9.556666
9.37
9.65
9.633333
9.556666
9.413333
9.276667
9.2
9.43
9.433333
9.44
9.3
9.503333
9.483334
9.39
9.323334
9.566667
9.683333
9.68
9.476666
9.433333
9.516666
9.46
9.476666
9.47
9.613334
9.683333
9.67
9.59
9.513333
9.21
9.433333
9.366667
9.283334
9.21
9.133333
9.31
9.296667
9.37
9.386666
9.106667
9.196667
9.22
9.04
9.053333
9.116667
9.07
8.913333
9.076667
9.246667
9.233334
9.133333
9.156667
9.25
9.326667
9.146667
9.083333
9.23
9.166667
9.07
8.88
8.683333
8.543333
8.556666
8.653334
8.89
8.95
8.983334
9.26
9.306666
9.383333
9.406667
9.46
9.326667
9.296667
9.25
9.236667
9.353333
9.39
9.246667
9.193334
9.196667
9.246667
9.323334
9.423333
9.486667
9.6
9.49
9.6
9.576667
9.443334
9.416667
9.443334
9.56
9.39
8.386666
8.28
8.17
8.266666
8.303333
8.073334
8.226666
8.216666
8.096666
8.076667
8.133333
8.356667
8.37
8.406667
8.283334
8.16
8.17
8.363334
8.38
7.796667
7.796667
7.98
8.093333
8.186666
8.136666
7.983333
8.176666
8.366667
8.616667
8.536667
8.4
8.393333
8.33
8.396667
8.243333
8.2
8.266666
8.216666
8.316667
8.19
8.226666
8.333333
8.243333
8.23
8.233334
8.166667
8.12
8.09
8.093333
7.936666
8.013333
7.91
7.94
7.893333
7.833333
8
8.116667
8.096666
8
8.043333
8.216666
8.13
7.956666
8.293333
8.353333
8.253333
8.143333
8.213333
8.206667
8.203333
8.24
8.216666
8.1
8.153334
8.14
8.136666
8.206667
8.33
8.33
8.296667
8.416667
8.506667
8.37
8.283334
8.1
8.076667
8
8.05
8.106667
8.016666
7.783333
7.896667
7.833333
7.75
7.843333
7.693333
7.676667
7.766667
7.756667
7.766667
7.663333
7.59
7.46
7.44
7.53
7.6
7.5
7.58
7.753334
7.766667
7.843333
7.88
7.936666
7.79
7.656667
7.433333
7.336667
7.313334
7.346667
7.296667
7.196667
7.213333
7.216667
7.413333
7.353333
7.246666
7.296667
7.243333
7.223333
7.233333
7.193333
7.196667
7.103333
7.063334
6.963333
7.1
7.183333
7.29
7.166667
7.183333
7.143333
6.93
6.916667
7.19
7.143333
7.43
7.583333
7.783333
7.9
7.893333
7.926667
8.156667
8.156667
8.11
7.886667
7.736667
7.766667
7.776667
7.833333
7.79
7.806667
7.79
7.773334
7.71
7.653333
7.77
7.81
7.746666
7.746666
7.79
7.803333
7.836667
7.85
7.923333
8.013333
7.953333
7.86
7.77
7.81
7.946667
7.94
8.016666
7.863333
8.07
8.056666
7.98
8.066667
8.13
8.11
8.08
8.32
8.253333
8.21
8.186666
8.283334
8.156667
8.186666
8.22
8.103333
8.09
8.193334
8.176666
8.276667
8.343333
8.22
8.266666
8.196667
8.86
9.066667
8.996667
9.03
9.073334
9
9.036667
9.033334
9.35
9.446667
9.463333
9.523334
9.516666
9.206667
9.193334
9.15
9.166667
9.14
9.276667
9.04
9.113334
9.15
8.803333
8.8
8.696667
8.823334
8.896667
8.88
8.943334
9.046667
9.123333
9.13
8.97
8.886666
9.183333
9.196667
9.256667
9.233334
9.32
9.33
9.223333
9.24
9.386666
9.3
9.303333
9.223333
9.013333
8.67
8.68
8.72
8.67
8.69
8.68
8.846666
8.65
8.616667
8.586667
8.666667
8.813334
8.69
8.636666
8.77
8.763333
8.913333
8.85
9.17
9.143333
9.156667
9.04
8.936666
8.953333
8.84
8.783334
8.766666
8.816667
8.776667
8.796667
8.47
8.61
8.733334
8.656667
8.81
8.74
8.65
8.516666
8.15
8.18
8.486667
8.453333
8.536667
8.45
8.563334
8.626667
8.673333
8.553333
8.503333
8.65
8.69
8.633333
8.766666
8.643333
8.65
8.67
8.833333
8.99
8.83
8.923333
8.796667
8.93
8.883333
8.81
8.446667
8.58
8.54
8.356667
8.483334
8.483334
8.366667
8.686666
8.733334
8.663333
8.586667
8.803333
8.866667
8.716666
8.653334
9.55
9.67
9.49
9.47
9.323334
9.623333
9.503333
9.723333
9.78
9.873333
9.796667
9.793333
9.583333
9.526667
9.433333
9.423333
9.39
9.543333
9.6
9.576667
9.593333
9.663333
9.63
9.463333
9.456667
9.666667
9.916667
10.326667
10.23
10.303333
10.2
10.113334
10.08
10.383333
10.123333
10.08
10.26
10.423333
10.263333
10.303333
10.32
10.436666
10.61
10.633333
10.566667
10.293333
10.423333
10.5
10.446667
10.49
10.51
10.473333
10.433333
10.376667
10.423333
10.346666
10.41
10.376667
10.256667
10.346666
10.256667
10.433333
10.363334
10.18
10.106667
10.156667
10.36
10.373333
10.363334
10.246667
10.47
10.433333
10.473333
10.52
10.666667
10.51
10.583333
10.436666
10.336667
10.316667
10.073334
10.116667
10.116667
10.003333
9.876667
10.09
10.083333
10.193334
10.066667
10.063334
10.103333
10.006667
10.023334
10.14
10.103333
10.076667
9.95
9.993333
9.936666
10.02
10.023334
10.183333
10.05
10.033334
10.23
10.216666
10.676666
10.67
10.653334
10.67
10.696667
10.7
10.666667
10.543333
10.576667
10.533334
10.5
10.47
10.536667
10.253333
10.283334
10.423333
10.37
10.483334
10.553333
10.58
10.533334
10.533334
10.603333
11.15
11.103333
10.996667
11.1
11.333333
11.376667
11.39
11.516666
11.523334
11.41
11.35
11.393333
10.996667
11.37
11.456667
11.42
11.24
11.536667
11.643333
11.81
11.886666
12.22
11.946667
11.853333
11.993333
11.86
12.013333
12.073334
12.286667
12.57
12.736667
12.71
12.556666
12.42
12.446667
12.746667
12.656667
12.87
12.756667
12.693334
12.683333
12.856667
12.79
13.086667
12.876667
12.956667
12.883333
12.836667
12.833333
13.176666
13.146667
12.99
13.176666
13.233334
13.42
13.106667
12.99
13.083333
13.233334
13.28
13.296667
13.213333
13.423333
13.8
13.916667
13.83
13.63
13.713333
13.72
13.783334
13.926666
13.97
14.133333
13.86
13.85
14.323334
14.356667
14.103333
14.136666
14.16
14.516666
15.19
14.556666
14.54
14.723333
14.32
14.5
14.666667
14.45
14.513333
14.283334
14.08
14.22
14.006667
13.993333
14.33
14.806666
14.776667
14.516666
14.606667
14.51
14.576667
14.736667
14.526667
13.963333
14.323334
14.52
14.53
14.463333
14.123333
14.096666
14.09
13.76
13.783334
13.49
13.433333
12.716666
12.953333
13.09
12.753333
12.906667
13.393333
12.833333
13.3
13.65
14.15
13.093333
13.026667
12.72
12.493333
12.253333
11.963333
12.4
12.74
12.583333
12.98
12.73
13.083333
13.306666
12.956667
13.656667
13.486667
14.483334
14.413333
14.076667
14
13.773334
13.773334
13.94
13.786667
13.986667
13.97
13.74
14.223333
14.246667
13.973333
13.87
13.733334
13.753333
13.86
13.89
13.513333
13.75
13.976666
14.026667
13.503333
13.79
13.706667
13.8
13.846666
13.956667
13.753333
13.56
13.13
13.116667
13.006667
12.486667
12.296667
12.186666
12.243333
12.106667
12.663333
12.496667
12.79
12.766666
12.203333
12.166667
11.353333
11.57
11.16
10.563334
9.546667
9.56
9.696667
9.316667
9.136666
8.876667
8.736667
9.04
8.973333
8.933333
8.966666
9.07
8.96
9.49
9.553333
9.806666
9.62
9.74
9.41
9.746667
9.79
9.376667
9.283334
9.28
8.866667
8.613334
8.726666
8.733334
8.766666
8.82
9.103333
8.906667
8.773334
8.71
