Adjusted
18.289515
18.223471
18.547709
18.517685
18.205444
18.373579
18.42762
18.493666
18.655788
18.463648
18.703821
18.469645
18.355566
18.16342
18.28351
17.713091
17.298784
17.418865
17.472916
16.81242
17.448895
17.214727
17.184702
17.286774
17.100632
16.950525
17.070612
16.788406
16.542223
16.416128
16.620281
17.112644
16.866461
16.518208
16.908491
16.193966
15.911757
16.0979
16.199974
16.392113
16.157942
15.581515
15.869734
15.401377
15.623547
15.227256
15.107162
15.281301
16.145931
16.374104
17.03459
17.328804
17.112644
17.112644
18.025322
17.160677
17.112644
17.431623
17.170364
17.182518
16.775433
16.884806
17.316179
17.073154
17.522766
17.589603
17.40733
16.951635
17.218971
17.067081
17.528847
18.270094
18.04529
18.409842
18.446297
18.865526
19.126785
19.33337
18.756165
19.479195
19.631084
19.831591
19.46096
19.618935
19.582479
19.503494
19.266537
18.968813
19.424509
19.758682
19.436663
19.369818
19.424509
19.412357
18.744011
19.12072
18.950596
18.804764
18.865526
19.230082
19.175394
19.053879
19.321215
19.260454
19.321215
19.503494
19.442741
19.363756
19.230082
19.339445
19.199697
19.47312
19.230082
19.400206
19.321215
19.339445
19.29084
19.321215
19.041733
19.230082
19.12072
19.467695
18.970253
19.013237
18.98254
19.123789
18.798298
19.191341
19.160633
19.148352
18.755318
18.957973
19.203619
18.988674
18.743027
18.792162
19.191341
19.043949
19.596663
19.621225
20.726648
21.095114
21.555716
21.525003
21.445166
21.678528
21.463587
21.42061
21.033712
20.880171
20.880171
20.9723
20.84947
20.84333
20.677513
20.800333
20.757349
20.947727
21.144255
21.181105
21.414463
21.064411
20.935448
20.824905
20.990721
21.16881
21.205666
21.383757
21.402185
21.003002
20.763496
20.818766
20.659092
20.155506
20.327465
20.74507
20.603823
20.757349
20.517849
20.659092
20.603823
20.19236
20.272192
20.08182
20.044973
20.221813
20.513447
20.190788
20.662363
20.792665
21.375923
21.313871
21.065678
21.177364
21.227007
21.189777
21.42556
21.487616
21.704786
21.816471
21.841291
22.058468
22.257021
21.624126
22.474194
22.703777
22.927149
22.852686
23.082279
23.510414
23.386316
23.504211
23.336674
23.398731
23.57246
23.355291
23.076067
22.889927
23.082279
22.970589
23.169147
23.094688
22.772018
22.840284
22.728601
22.58588
23.020222
23.138124
23.491804
23.299438
23.888914
23.864096
24.217768
24.385307
23.981991
24.286028
24.726574
24.509403
24.627293
24.73278
24.745192
25.005798
24.850674
25.285009
25.160921
25.576656
25.607677
25.744181
25.837257
26.271994
25.684008
26.003019
25.727785
26.215693
25.915443
25.971745
26.515953
25.696514
25.984255
25.802843
25.671494
25.452562
25.715284
25.402514
25.834135
25.51511
25.183586
25.452562
25.383757
25.709028
25.809097
26.240723
26.071827
25.640223
25.802843
26.215693
26.315786
26.140631
26.397102
27.291595
27.416702
27.078922
26.978832
27.210268
26.997601
26.784924
26.872494
26.797426
27.366655
26.985092
27.191509
27.379169
26.978832
26.897516
27.085173
26.465899
26.171906
25.590176
24.964653
24.382917
24.626863
23.97633
24.226534
24.526779
24.570574
24.489254
23.601006
24.407932
24.445463
24.989672
24.858309
25.650011
25.454456
25.410295
25.568007
26.110529
25.908663
26.116844
25.694178
25.725719
26.116844
25.732025
25.8645
25.933899
26.299782
26.306086
25.593239
25.776178
26.407032
26.116844
26.312405
26.419645
25.814035
25.025484
25.038097
25.113804
25.473381
25.214733
24.82361
23.90258
23.404213
24.022442
23.530394
23.75119
23.744881
23.252819
23.561935
23.593477
23.416838
23.807962
24.060295
24.407259
24.590204
25.157951
25.17058
24.981321
25.429222
24.255857
24.754219
25.120111
25.101192
25.069641
25.151649
24.880386
24.747911
24.741611
24.634361
25.239973
25.069641
25.025484
25.706787
25.504925
25.435526
25.534128
26.036663
25.890364
25.273312
25.0634
24.789867
25.095213
24.834394
24.904366
25.044312
24.898001
24.859842
24.853481
25.088844
24.967979
25.127012
25.088844
24.668999
24.541775
24.43363
24.859842
25.0634
25.763134
25.375092
25.495964
25.286037
25.534128
25.02523
24.478157
24.694447
25.050671
25.095213
24.713526
24.478157
25.222439
25.445072
25.763134
25.763134
26.023952
25.820379
26.017588
26.62191
27.098997
27.156256
27.098997
27.232584
27.073559
27.168968
27.238951
27.595173
27.156256
27.296207
26.93996
26.800022
26.768219
26.812746
27.086281
26.971767
27.188057
27.207146
26.889072
26.54557
27.143536
27.308916
28.075069
28.716209
28.966238
29.08806
29.043179
29.10729
29.722776
29.132942
28.908541
28.818783
28.664907
28.062262
27.882734
28.344345
28.607218
27.882734
27.517284
27.292892
27.953264
28.094313
28.421284
28.857248
28.254589
28.81237
28.972651
28.850842
29.42145
30.261328
30.537006
30.594709
30.844749
31.030687
31.133253
31.646172
31.351236
31.088385
31.319183
31.626928
31.338423
31.742344
31.825686
32.088543
32.325752
32.569401
32.357822
32.710438
32.018017
31.902624
32.114193
31.210205
31.152506
31.299957
31.235844
31.614111
31.415367
31.838495
31.58847
31.742344
32.088543
32.319355
32.53093
32.550156
32.409115
32.191132
32.271809
32.20726
31.955534
31.923285
31.232658
30.916386
31.271379
30.97448
31.432734
30.787306
31.206825
31.239101
32.136276
32.252438
31.800634
31.71027
31.510181
31.064857
31.439198
31.458561
31.342386
31.742544
32.078167
32.801064
33.259327
33.014069
33.388409
33.298054
32.96888
32.452518
33.291599
33.336773
33.75631
34.556648
34.76965
34.56311
34.621197
34.079025
35.079453
35.757175
36.29932
35.595798
35.653896
35.24081
35.363453
36.41552
35.78944
35.853985
36.137962
35.447346
35.227905
34.601826
34.50502
33.330307
33.769222
33.878937
33.51104
33.743397
33.478779
33.194782
32.981777
31.932528
31.854568
32.387306
31.926018
32.003998
32.4198
32.504265
32.666683
31.874063
31.737621
31.347799
30.425243
29.418209
28.781513
29.164827
29.59363
29.093359
29.743059
29.450699
30.067902
29.541651
29.086861
29.054373
29.840509
30.548679
30.808554
31.737621
31.841572
31.718134
31.65966
31.217863
31.113922
29.98344
29.281775
28.541124
29.229795
29.94446
30.158861
29.859993
30.04841
30.171854
29.775537
29.88599
29.808027
29.424707
29.911983
29.548143
29.431206
29.255777
29.626106
29.580627
29.366234
29.502674
29.769035
30.171854
30.548679
31.068428
30.600649
29.957449
29.379225
29.476677
28.865961
28.372204
28.508642
29.205877
29.592144
29.153511
29.258253
29.225523
29.186241
29.179699
29.952227
30.371237
30.515272
30.371237
30.999758
31.111048
30.881887
31.477667
31.968689
31.700251
31.818111
31.366364
30.783693
31.169973
31.706812
31.392555
31.150314
31.399109
31.405664
30.875343
30.914633
31.14377
31.516947
31.516947
32.17165
31.654428
31.693718
30.980112
31.091402
30.770607
30.822977
30.620022
30.181379
29.88022
29.251707
28.701763
28.898182
28.551195
28.282766
28.184553
28.289305
28.27622
29.199329
29.245161
29.382662
29.441572
28.970186
28.963642
28.492256
28.682127
28.243473
27.667353
26.600204
27.104315
27.3531
27.503679
27.26144
27.35054
27.040348
27.502344
27.832354
27.726749
27.284542
27.185534
27.726749
27.885151
28.017147
27.984138
28.063345
28.393345
28.518751
28.09635
28.109537
28.083138
28.644154
29.238152
28.967546
29.601147
29.832151
30.254555
30.267752
29.957552
29.917961
29.858551
30.049969
29.937744
30.030155
30.049969
30.947559
31.152168
30.756159
30.52515
29.607756
30.228159
30.591162
30.135754
30.518557
30.267752
30.261154
30.069759
30.518557
29.86515
29.660549
29.396547
29.271139
29.71336
29.521948
29.436157
29.455961
29.528551
29.766161
29.719952
29.422958
28.855343
28.79595
28.545147
28.855343
29.112745
29.436157
29.172155
29.408241
29.374985
29.142218
29.215378
28.882858
29.641008
29.880424
29.627708
29.647665
29.361679
28.836294
28.709946
28.337523
28.118059
28.264359
27.845396
28.21781
28.290966
28.803047
28.65008
28.05154
28.25107
28.131355
28.144655
27.845396
27.466309
27.293409
27.100542
27.047333
27.53282
27.938494
27.98505
28.477182
28.869562
29.248625
29.128935
28.929409
28.7166
28.789753
28.882858
28.975965
28.61684
29.235313
29.055777
29.042473
28.636793
28.463877
28.310907
28.310907
28.457232
28.324226
28.683342
29.015873
29.162172
29.049122
28.670038
28.350821
28.437283
28.244419
28.098104
28.084806
27.719036
27.641844
27.581453
27.245926
27.272764
27.326448
27.494223
27.400274
26.95064
26.776159
26.487597
26.608389
26.849979
26.762741
26.742611
27.219084
27.453947
27.588167
27.628435
27.648565
27.916998
27.782787
27.252634
27.970686
28.051228
28.319641
28.487423
28.500835
28.762562
28.822968
28.359909
27.957264
27.594872
27.460659
27.762648
27.420399
27.219084
27.541189
26.923798
26.722483
26.440626
26.655363
27.004333
26.527863
26.756029
26.970774
27.406977
26.923798
26.561417
26.225883
25.950726
25.65546
25.427288
24.923971
25.185698
25.675587
25.501104
25.266232
25.360182
25.65546
25.393744
25.635323
25.917177
25.534666
25.585493
26.249701
26.45303
26.751242
26.249701
26.005705
25.660049
25.782047
25.924374
25.504158
24.934847
25.016174
24.778957
24.575624
25.212717
25.077173
24.751844
25.361826
25.477053
25.266943
22.732119
23.064226
23.436987
23.226885
23.72843
24.270634
24.365522
24.426516
24.311298
24.50107
24.609516
24.412962
24.589176
25.016174
25.558378
25.524488
25.538059
25.124615
25.341505
25.172058
24.894171
24.989059
24.921286
25.45672
25.687153
25.843044
26.012484
25.815933
25.321165
25.016174
25.388937
25.002615
25.510933
25.849813
26.222586
26.141256
26.263254
26.087042
26.36492
25.944708
26.107368
26.493689
26.907129
26.821604
26.828447
26.671068
26.534225
26.41791
26.315281
26.438431
26.636856
26.951591
26.876343
26.684755
26.924227
27.026861
27.108974
26.835283
27.040552
27.136332
27.23213
27.273182
28.005306
27.471611
27.861626
28.025839
28.183212
27.909521
27.806875
27.943733
27.786352
28.203726
27.936884
27.984783
27.868473
27.923212
28.053213
28.196884
28.292681
28.361101
28.176367
28.073721
27.423717
27.430563
27.416874
26.924227
27.129503
27.505831
27.375824
27.163712
27.23213
27.286879
27.533192
27.362137
27.307404
27.444244
27.218451
27.23213
27.382666
27.457928
27.423717
27.54003
27.656363
27.410028
27.368984
27.546877
27.722996
27.640114
27.55724
27.812778
27.688463
27.426008
27.274061
27.205006
27.246447
27.647017
27.930183
28.026886
28.144295
28.275513
29.06287
28.814234
28.558689
29.049063
28.966181
28.800428
28.579405
28.482725
28.689924
28.752081
28.655388
28.48963
28.841852
28.897106
28.745173
29.021431
29.214823
29.491079
29.677561
30.071245
30.002165
29.960724
29.705172
29.698278
30.009073
31.072691
30.154099
30.236994
29.801872
29.256262
28.841852
29.297701
29.069786
29.491079
29.698278
30.312956
29.656834
29.960724
31.63212
31.252251
31.245352
31.493979
31.521601
31.348944
31.563051
32.516167
32.260616
32.271057
32.055218
31.929899
31.748869
31.721033
31.205809
30.962124
32.466019
31.686214
31.393793
32.027382
31.943829
31.985594
31.693172
31.540001
31.303272
31.477341
31.414684
31.616589
32.076111
31.748869
31.623549
31.059589
30.655762
30.829834
31.122257
31.275419
31.595695
31.637472
31.75584
31.609629
31.881163
31.693172
32.034332
32.229279
32.069153
32.020405
31.971678
31.867247
31.595695
31.233662
31.470367
31.352015
31.644424
31.595695
31.978638
31.943829
32.382458
31.943829
31.31024
31.63051
31.595695
31.031736
31.324167
31.393793
31.588737
31.37291
31.686214
31.435566
31.73494
31.386837
31.379871
31.365929
31.316736
31.218349
31.077799
31.682198
31.808704
32.181187
32.202282
32.61692
31.67518
31.942234
32.420139
32.560703
32.455269
32.968323
33.14402
33.502449
33.186188
33.080776
32.406082
32.09684
30.536638
29.833849
30.754507
30.557714
31.035641
31.323771
30.14307
30.248489
30.262543
30.452305
29.62299
29.475397
29.243481
28.800714
28.231453
28.006554
28.920197
29.377016
29.264561
30.199293
30.248489
30.522581
30.346878
29.306732
29.840857
29.868973
29.96034
30.290661
29.798697
30.002508
29.159157
28.779629
29.292675
29.447289
29.517574
29.503519
29.637064
30.67016
30.979391
30.606918
30.67016
30.923168
30.937243
31.171394
31.206856
30.55407
31.270737
31.441032
31.292023
31.469412
31.696459
31.504885
31.930624
31.788713
31.781607
32.994984
32.498283
31.987404
31.767435
31.731945
31.064957
30.830801
31.313309
31.206856
30.979803
31.59713
32.065441
31.575848
31.959005
31.320398
31.19978
31.015291
31.781607
31.008179
30.695976
29.667103
28.993008
29.276844
29.418747
28.680803
28.531797
28.070568
28.71628
27.864792
28.489216
27.921568
28.290539
29.567764
29.610338
29.759342
29.475515
29.127832
29.65291
29.901251
30.326998
30.390863
29.411659
29.624531
31.49778
30.589552
29.3407
29.511002
29.092346
29.099442
29.269749
29.177502
29.035582
28.870699
28.741646
