Adjusted
24.747683
24.742422
25.959259
25.248125
25.369274
24.658138
24.352608
23.989141
24.436895
24.284132
24.004936
23.93119
23.599337
23.652004
23.757357
23.193714
22.240257
22.672213
22.598463
22.177052
22.082233
22.387754
22.124365
22.024275
22.098036
21.80831
21.99794
21.344753
21.002348
21.313141
21.697678
21.982141
22.182318
22.113827
22.103294
21.918922
22.198128
21.729298
21.781969
21.829372
21.971605
21.80304
21.860983
21.797764
21.992672
21.781969
21.66608
21.571259
21.781969
21.80831
22.07696
22.098036
21.550182
20.83799
21.270107
20.805979
20.821981
20.902002
20.848658
20.736628
20.619253
20.827316
20.800642
20.816643
21.163412
21.035372
21.01404
21.147398
21.078053
20.672602
20.699274
21.030035
20.912668
20.928671
20.805979
20.928671
21.206089
21.456829
21.430153
21.718233
21.702232
21.510176
21.1154
20.677933
20.848658
20.87533
20.805979
20.886
21.06204
21.019363
21.168745
21.195417
21.318121
21.835604
21.328785
21.664892
21.73424
22.731863
23.580107
23.910868
23.612116
23.206659
23.115971
23.131979
23.244009
23.548096
23.281355
22.918581
22.742538
22.673176
21.942305
22.251724
21.872948
21.803593
21.595539
21.712904
21.623749
21.656178
21.537298
21.234711
21.342773
21.504871
21.078022
20.878101
20.678177
20.932127
20.932127
20.829473
20.80246
20.64576
20.262135
20.17568
20.208105
20.002777
19.781242
20.067617
20.370193
19.8785
20.283754
20.224314
20.181087
20.127048
19.910927
19.711002
19.457047
19.294949
18.927532
18.895109
18.662771
18.803259
19.013985
19.192289
18.949148
18.949148
18.760038
18.668175
18.760038
18.749228
18.722214
18.78705
18.895109
18.711405
18.781637
18.830275
18.776241
18.830275
18.862698
19.100435
19.246325
19.284149
19.154467
19.754232
19.575928
20.018991
19.867687
20.100039
19.954149
19.937935
19.494879
19.508575
19.705912
19.409914
19.459246
19.651096
19.842953
20.248579
20.582945
20.22117
20.418507
20.703541
20.665171
20.555534
20.166353
19.952574
19.870354
19.634651
19.640137
19.782658
19.514061
19.557905
19.618204
19.903238
19.629173
20.138945
20.133465
20.117018
20.007387
20.259535
20.43495
20.166353
20.215685
20.254055
19.766203
19.651096
19.563391
19.431839
19.508575
19.546947
19.645618
19.826509
19.881323
19.9471
19.94161
20.106062
19.793612
19.930653
20.149916
20.47332
20.555534
20.67065
20.709021
20.593912
20.500725
20.528133
20.539095
20.802204
20.577463
20.692575
20.818647
21.262651
21.416134
21.372292
21.339394
21.397718
21.33662
21.386608
21.619909
21.525482
21.58659
21.947659
22.053198
21.886557
21.936554
21.819897
21.725464
21.63658
21.625471
21.497702
21.292175
21.408829
21.642134
21.486597
21.258842
21.447714
21.914324
22.064312
21.764345
21.514372
21.503258
21.79768
21.79768
21.719912
21.614368
21.625471
21.303282
21.147751
21.719912
21.997646
22.114307
22.108751
21.886557
21.769901
21.892111
22.153194
22.164307
22.080975
22.086527
22.025425
22.192074
22.192074
22.475386
22.458719
22.358725
22.369837
22.580923
23.191967
23.191967
23.164196
23.108656
22.836458
22.986437
23.053101
23.180864
23.297512
23.142857
22.99663
22.766056
22.726675
22.692928
22.704187
22.83353
22.991014
23.170977
23.142857
23.339695
23.238455
23.30595
23.350939
23.030376
22.889778
22.473591
22.074293
21.961817
21.860575
22.153028
22.074293
21.989933
21.80434
22.023674
22.03492
22.175522
22.074293
22.03492
21.83246
21.944937
22.108036
22.102413
22.23176
22.332993
21.961817
21.478138
21.511883
21.556883
21.703106
21.933689
21.680611
21.624363
21.652493
21.669361
21.680611
21.888697
22.147406
22.203648
22.496086
22.614199
22.479221
22.529833
22.321739
22.299255
22.56358
22.557951
22.434229
22.569208
22.490467
22.490467
22.732298
22.871862
23.048466
23.168091
23.145308
23.17379
23.094038
22.991499
23.133923
22.883255
23.094038
22.974411
23.253544
23.242146
23.190882
23.048466
23.071253
23.042761
22.997189
23.082636
23.225052
23.430141
23.515583
23.470015
23.105429
22.826292
22.740852
22.61552
22.512987
22.530066
22.61552
22.883255
22.951624
22.96302
23.042761
22.803513
22.809204
22.917442
22.860472
22.683887
22.535769
22.535769
22.712366
22.763636
23.042761
22.871862
22.820597
22.831989
23.094038
23.293421
23.213659
23.253544
23.247843
23.538366
23.589647
23.629517
23.504187
23.720657
23.413044
23.276331
23.413044
23.475714
23.310501
23.196577
23.504187
23.732052
23.743584
23.801273
23.726282
23.553232
23.905107
23.968559
24.141621
24.216619
24.337742
24.303146
24.372362
24.372362
24.516575
24.205074
24.360832
24.285837
24.510809
24.135859
24.193539
24.303146
24.04355
24.003178
24.089699
24.256992
24.187767
24.280073
24.574263
24.280073
24.26276
24.63772
24.856932
24.580036
25.122282
25.606848
25.05883
25.353029
25.116516
25.21459
25.364563
25.797213
25.71645
25.583769
25.612621
25.831818
25.595304
25.606848
25.785677
26.091413
26.131794
25.572245
25.312656
24.880005
24.805002
25.070374
25.295343
25.329956
25.197285
25.174206
25.110752
25.451099
25.364563
25.80875
25.770817
25.496534
25.268942
25.385654
25.239769
25.187231
24.854601
24.831251
25.053015
25.163897
25.169731
24.953798
24.947969
24.802074
24.907118
24.924623
25.105536
24.942137
24.895445
25.012167
25.245586
25.531551
25.438183
25.385654
25.163897
25.09387
24.959648
25.198912
25.321461
25.152222
25.566557
25.648266
25.659935
25.677452
26.039268
26.05094
26.126797
26.097624
26.115124
26.155975
26.091784
26.05094
26.249352
26.091784
25.817497
25.216413
25.321461
25.350647
25.619076
25.805824
26.231844
26.348572
26.43609
26.722052
27.06052
26.844608
26.529472
27.019676
26.780411
27.229765
27.066368
26.978821
26.64036
26.517792
26.453608
25.910872
25.951727
26.056772
26.155975
26.033434
26.406916
26.541138
26.529472
26.710375
26.75124
26.809589
26.850433
26.792084
26.873775
26.955481
26.990494
26.681202
26.214336
26.331059
26.395248
25.91671
26.202665
26.453608
26.698711
26.453608
26.844608
26.506121
26.815409
26.984657
26.856276
26.83877
26.897133
27.002163
27.305626
27.136391
27.078037
27.002163
26.500294
27.019676
27.037178
26.891283
26.961309
27.066368
27.054686
27.031347
27.06052
27.235592
27.404842
27.743315
27.895041
27.614925
27.585743
27.585743
27.603247
27.714136
27.69079
27.725805
27.807505
27.912556
27.743315
27.710871
27.775764
27.734461
27.622368
27.663654
27.669559
27.350988
27.463068
27.622368
27.616474
27.592869
27.769857
27.994053
28.029438
28.141541
28.383421
28.306732
28.218245
28.206434
27.952744
28.12974
28.041256
28.058941
28.112041
27.811159
28.076645
28.011751
27.911453
27.905554
28.171047
27.728558
27.368687
27.463068
27.763956
27.551573
27.1327
26.525019
26.755108
26.719725
26.8967
26.8554
26.831812
26.353937
26.324442
26.548618
26.548618
26.814112
26.926207
26.784615
26.890808
26.820005
26.955702
26.814112
27.002903
27.451269
27.27429
27.586969
27.49848
27.286083
27.551573
27.563374
27.421776
27.392271
27.490721
27.59214
27.323679
27.144709
26.870262
26.834461
26.941854
26.953787
27.114862
27.186453
27.395262
27.359474
27.735321
27.401224
26.756912
26.500383
26.595837
26.184187
25.939592
25.68903
25.384762
25.533911
25.581642
25.307201
25.34897
24.967155
24.943291
25.34897
25.521973
25.271408
25.038752
25.498121
25.772539
25.51004
25.742712
25.527943
25.486185
25.33107
25.474255
25.939592
25.987326
25.891857
25.593575
25.665169
25.754646
25.915724
25.975386
26.070839
26.136461
26.357199
26.446688
26.327372
26.321396
26.035042
26.255777
26.088739
26.088739
25.885897
25.778519
25.903788
26.130501
25.921692
26.076803
26.428793
26.588751
26.679287
26.359371
26.449911
26.256763
26.347309
26.329187
26.353342
26.250719
26.178299
26.069645
26.389553
26.323156
26.099833
26.377499
26.353342
26.299021
26.305054
26.341274
26.474066
26.606859
26.546501
26.474066
26.178299
26.105867
26.528381
25.810093
25.695404
25.641087
25.508295
25.47208
25.550547
25.194426
24.850363
25.369455
25.411715
25.375505
25.345327
25.381538
25.490189
25.466042
25.339283
25.7437
25.876501
25.86442
26.093796
26.190365
26.21452
26.425772
26.136038
26.003254
25.973068
25.942886
25.659197
25.556581
25.50226
25.375505
25.484154
25.695404
25.816135
26.069645
26.097139
26.200991
25.810017
25.632864
25.70006
25.596205
25.278547
25.046412
24.948656
25.113611
24.869249
24.49049
24.936455
25.144154
25.412945
25.254112
24.74707
24.466074
24.197277
24.386648
24.233925
24.27058
24.368322
24.264471
24.563807
24.753181
25.015865
24.606569
24.533266
25.07085
24.91201
24.521038
24.759295
24.655436
24.777618
24.966997
25.052521
24.692089
24.808157
24.649328
24.252249
24.423298
24.17894
23.824631
23.916265
24.17894
24.545473
24.087317
24.27669
24.58214
24.685986
24.343885
24.692089
24.857031
25.034191
24.832596
24.643221
24.863138
25.138039
25.290762
25.467916
25.254112
25.138039
25.165886
25.209185
24.887497
24.86894
24.70191
24.602926
24.541056
24.633858
24.596745
24.708099
25.116392
25.202999
25.339094
25.221558
25.246304
25.475199
25.660786
25.778332
25.611296
25.753582
25.567999
25.673164
25.666969
25.840183
26.050528
26.378395
26.384581
26.613468
26.73101
26.353653
26.075268
26.180441
26.279415
26.174248
25.815443
26.038155
25.524687
25.7041
25.716459
25.7041
25.530872
25.512312
25.469002
25.277227
25.19062
25.394768
25.388582
25.394768
25.085449
25.314354
25.26486
25.685528
25.858744
25.58655
25.821627
25.611296
25.376213
25.209185
25.506128
25.469002
25.363842
25.469002
25.772139
25.631199
25.775272
25.399448
25.36187
25.455811
25.393183
25.280437
25.612411
25.599897
26.063408
26.138561
26.000767
26.245052
26.226261
26.539448
26.470545
26.257574
26.288895
26.320211
26.827579
27.065599
27.05308
27.172085
27.67318
28.318354
28.343397
28.362192
28.374718
28.493734
28.675375
28.337145
28.293287
28.343397
28.456146
28.78812
28.80065
28.63154
28.838226
28.794392
28.863287
28.644066
28.913404
28.857027
28.831968
29.069996
29.320551
29.408243
29.320551
29.345606
29.43955
29.276695
29.138897
29.189001
29.376915
29.49593
29.633728
29.921858
29.915594
29.815378
29.621202
29.57736
29.959452
30.43549
30.535711
30.890331
30.852331
30.542046
30.719353
30.630701
30.637028
30.586363
30.896658
31.149969
30.782684
30.656023
31.156298
30.883999
30.187416
30.060764
29.92145
29.87079
29.623817
29.098206
29.313517
29.364187
29.16787
29.161541
29.066549
29.066549
29.465498
29.193201
29.155205
29.256531
29.326191
29.364187
29.573166
29.725138
29.82646
29.902452
29.915117
30.029099
29.965782
29.598488
30.396393
30.599031
30.447056
30.390066
30.390066
30.26342
30.244417
30.238073
30.326721
29.535162
29.319857
29.611151
29.535162
29.015896
29.39584
29.326191
29.275526
29.43383
29.446507
29.205864
29.332518
29.774525
29.665623
29.992325
30.408707
30.620102
30.402309
30.588072
30.754629
30.63932
30.844305
30.863525
30.68416
31.215845
31.158192
30.972429
31.010857
31.113348
31.337564
31.254278
31.388807
31.196636
31.382397
31.542557
31.446447
31.215845
31.830814
31.92049
32.10627
32.951836
32.964653
32.657166
32.407333
32.855755
32.894184
32.990269
32.919815
33.163239
33.22089
33.265728
33.163239
33.31057
33.69492
33.714134
33.816628
33.823036
33.899895
34.418777
34.719864
34.284264
33.521965
33.445076
33.489937
33.810223
33.874287
33.765385
33.598831
33.566799
32.926224
31.600206
32.067833
32.516228
32.01659
32.823727
32.998486
33.257404
32.856083
32.940239
32.072872
32.027569
31.36734
31.432064
31.043692
31.425587
31.211979
31.211979
31.52268
31.775135
31.710394
31.470909
31.671558
31.237873
31.788071
32.797821
32.946716
32.577744
32.422405
32.642479
33.231522
32.940239
33.147354
32.040504
32.189381
31.470909
30.001577
30.635908
30.020983
31.211979
31.147259
29.917433
31.34791
31.813957
32.29295
31.237873
31.095476
31.839848
30.758886
30.131029
30.279909
30.86894
30.726526
31.108421
31.24435
31.211979
31.755711
30.778303
30.163389
31.147259
30.82362
30.946604
31.419123
31.309086
31.380293
30.894817
30.88834
31.121353
31.250828
31.31555
31.561525
31.548429
32.071938
32.418785
32.0065
32.209373
32.196289
32.183208
32.464584
32.444962
31.698946
32.11776
31.986889
31.698946
32.052315
32.026142
32.052315
32.745972
32.700172
32.975014
33.066631
32.510406
32.242096
31.908348
31.914902
31.103445
31.463377
31.109991
31.384827
31.770927
32.045765
32.137379
32.157024
32.458046
31.882166
32.058857
32.045765
31.869085
30.83514
31.777466
31.306305
31.129622
31.54188
31.352097
31.365194
31.738214
31.705481
32.163574
31.901806
31.908348
31.764374
31.803652
31.869085
31.725117
32.098133
32.444962
32.667446
33.24332
33.374199
33.047001
33.125526
32.405689
31.882166
32.126965
30.95595
30.400196
30.353895
30.334042
30.11573
29.890785
30.036331
29.831238
29.341658
29.553364
