Adjusted
8.363334
8.46
8.483334
8.416667
8.376667
8.466666
8.53
8.526667
8.496667
8.3
8.323334
8.383333
8.33
8.39
8.416667
8.27
8.13
8.063334
8.01
7.94
8.033334
7.95
7.793334
7.833333
7.803333
7.8
7.966667
7.763333
7.366667
7.533333
6.803333
6.883333
7.01
6.84
6.933333
6.766667
6.803333
6.766667
6.836667
6.916667
6.97
6.943333
6.933333
6.806667
6.856667
6.786667
6.663333
6.59
6.566667
6.556667
6.516667
6.663333
6.65
6.626667
6.633333
6.62
6.706666
6.816667
6.806667
6.893333
6.91
6.96
6.966667
6.943333
6.866667
6.91
6.843333
6.75
6.73
6.796667
6.82
6.696667
6.506667
6.603333
6.64
6.666667
6.823333
6.83
6.77
6.866667
6.81
6.873333
7.003334
6.986667
7.733333
7.97
7.99
7.986667
8.06
8.033334
7.993333
8.003333
8.016666
8.073334
7.973333
7.943333
7.956666
8
8.003333
8.066667
8.046667
7.986667
8.083333
8.3
8.263333
8.376667
8.4
8.533334
8.51
8.566667
8.75
8.676666
8.81
8.98
8.913333
8.803333
8.83
8.88
8.866667
8.866667
8.806666
8.823334
8.81
8.926666
9.066667
9.193334
9.12
9.18
9.133333
9.123333
8.946667
8.943334
8.993333
9.106667
9.45
9.266666
9.423333
9.443334
9.4
9.503333
9.456667
9.47
9.586667
9.613334
9.456667
9.333333
9
9.17
9.18
9.166667
9.293333
9.62
9.7
9.656667
9.66
9.666667
9.783334
9.9
10.05
10.003333
9.993333
10.003333
9.91
9.936666
9.956667
9.923333
10.133333
10.316667
10.276667
10.333333
10.306666
10.326667
10.35
10.3
10.376667
10.423333
10.35
10.443334
10.56
10.666667
10.65
10.566667
10.783334
10.643333
10.833333
10.6
10.63
10.61
10.983334
11.02
11.23
11.246667
11.233334
11.173333
11.28
11.316667
11.46
11.373333
11.493333
11.65
11.333333
11.41
11.67
11.466666
11.573334
11.463333
11.776667
11.716666
11.783334
11.64
11.7
12.796667
12.826667
12.833333
12.92
12.916667
12.693334
12.6
12.766666
13.066667
13.006667
12.9
12.796667
12.713333
12.52
12.203333
12.41
12.786667
12.66
12.726666
13.093333
13.116667
13.333333
13.333333
12.983334
12.893333
12.833333
12.66
12.666667
12.67
12.576667
12.426666
12.5
12.733334
12.54
12.42
12.573334
12.803333
12.79
12.78
13.073334
13
13.17
13.316667
13.153334
13.1
13.01
12.98
12.863334
12.7
12.68
12.666667
12.876667
12.983334
13.233334
13.026667
13.083333
13.056666
13.373333
13.05
13.313334
13.373333
13.696667
13.82
13.686666
13.396667
13.533334
13.56
13.45
14.2
14.71
14.963333
15.463333
15.383333
15.22
14.983334
14.816667
14.963333
15
14.996667
15.17
15.45
15.44
15.33
15.4
15.413333
15.323334
15.116667
14.946667
14.533334
14.766666
14.886666
14.916667
14.94
14.973333
15
14.706667
14.983334
15.033334
15.543333
15.8
15.93
15.93
15.916667
15.8
15.996667
16.083334
15.99
16.153334
16.059999
16.176666
15.85
15.853333
15.78
16.200001
16.246666
16.183332
16.303333
16.553333
16.65
16.676666
16.870001
17.049999
17.083334
17.033333
16.593334
16.540001
16.643333
16.563334
16.52
15.766666
16.1
15.96
15.84
15.693334
15.363334
15.416667
15.216666
15.143333
15.266666
15.33
15.456667
15.393333
15.25
15.473333
15.816667
15.83
15.613334
15.753333
15.733334
15.603333
15.283334
15.133333
15.056666
15.023334
14.695
14.635
14.595
14.975
14.86
14.985
14.98
15.035
14.73
15
15.415
15.255
15.12
14.885
15.005
14.945
15.17
15.22
15.4
15.37
15.7
16.025
15.975
16.09
15.82
15.64
15.27
14.5
15.01
14.8
14.875
15.185
15
13.76
14.01
13.98
13.78
13.69
13.775
14.09
14.005
14.21
14.4
14.505
14.515
14.425
14.52
14.24
14.325
14.455
14.575
14.925
14.83
15.155
14.99
15.185
15.03
15.07
15.025
15.05
14.905
15.12
15.425
15.485
15.6
15.525
15.515
15.545
15.555
15.5
15.69
15.395
15.52
15.5
15.575
15.695
15.725
16.01
15.9
15.805
15.72
15.725
15.695
15.65
15.49
15.625
15.825
15.5
15.705
15.89
15.95
16.129999
14.7
15.1
14.755
14.81
15.125
15.345
15.745
15.95
16.1
16.25
16.23
16.450001
16.5
16.665001
16.745001
16.525
16.459999
16.5
16.385
16.475
16.395
16.395
16.379999
16.375
16.610001
16.620001
16.799999
16.75
18.41
18.860001
18.795
18.92
19.15
19.205
19.790001
19.450001
19.450001
18.955
18.924999
18.945
19.395
19.264999
19.205
19.535
19.799999
19.809999
19.764999
19.68
19.754999
19.65
19.629999
19.934999
20.85
20.85
20.700001
20.6
21
20.995001
20.965
20.715
20.495001
20.01
20.235001
20.299999
20.620001
20.700001
20.98
21.075001
20.834999
20.700001
20.674999
20.625
20.77
21.290001
21.625
21.775
21.9
21.555
21.469999
21.125
21.084999
20.695
20.809999
21.1
21.195
21.120001
21.305
21.6
22.049999
22.025
21.049999
20.855
20.855
20.875
20.51
21.08
21.135
20.885
20.955
20.98
21.035
20.915001
21.025
20.950001
20.674999
20.629999
20.924999
20.924999
21
21.030001
21.125
21.344999
21.629999
21.629999
21.834999
21.975
21.6
21.059999
20.795
20.889999
20.955
20.605
20.5
20.315001
20.475
20.4
20.66
20.004999
20.15
20.08
20.115
20.605
20.75
20.75
21.254999
21.290001
21.32
21.059999
20.83
20.965
21.125
21.370001
21.549999
21.75
21.924999
21.844999
21.84
22.549999
23.045
23.030001
23.209999
23.305
23.125
23
23.139999
23.290001
23.055
22.825001
23.025
23.01
22.91
22.790001
23.055
23.360001
23.084999
22.924999
22.545
22.205
22.395
22.969999
22.875
22.74
22.77
22.9
22.85
23.065001
23.215
23.379999
23.004999
22.565001
22.535
22.43
22.34
22.245001
22.485001
21.99
21.799999
21.639999
21.915001
22.084999
23.48
23.620001
23.705
23.889999
23.745001
23.629999
23.215
23.139999
23.450001
23.77
23.825001
23.59
23.77
23.76
23.530001
23.575001
23.424999
23.424999
23.084999
22.5
22.575001
22.275
22.540001
22.645
22.955
22.995001
23.174999
23.875
23.705
23.424999
23.709999
23.66
23.35
23.24
23.559999
23
23.075001
23.33
23.135
23
23.66
23.395
23.16
22.975
23.1
23.035
24.094999
25.200001
25.045
24.865
24.764999
24.290001
24.355
24.049999
23.940001
24.174999
24.290001
24.405001
24.665001
24.35
24.15
24.219999
24.110001
24.15
23.969999
23.995001
24.59
24.950001
25.5
25.975
25.809999
25.75
25.855
25.58
25.799999
26.045
25.99
25.865
25.725
26.264999
26.1
26.190001
26.334999
26.25
26.360001
26
26.795
26.245001
26.635
26.695
26.405001
26.584999
26.700001
26.5
26.27
26.264999
25.92
25.785
25.535
25.73
25.405001
25.285
25.379999
25.455
25.455
25.219999
25.280001
25.450001
25.32
25.76
25.91
27.125
27.695
27.325001
27.02
27.049999
27.084999
27.120001
26.74
27.110001
27.4
27.43
27.344999
28.030001
27.459999
27.584999
27.450001
27.514999
27.375
27.094999
26.889999
26.844999
28.6
27.615
27.6
27.83
27.635
27.74
27.665001
29.605
29.57
29.379999
29.495001
29.445
29.41
29.559999
29.535
29.195
29.084999
29.18
29.26
29.08
29.139999
29.219999
28.950001
29.075001
29.25
29.549999
30.049999
30.135
30.01
29.885
29.92
29.625
29.32
29.540001
29.725
30.014999
30.045
29.975
30.105
29.375
29.049999
29.16
28.915001
28.08
27.709999
27.535
27.795
27.549999
27.58
27.290001
27.525
28.395
28.809999
28.584999
28.25
28.424999
28.290001
28.129999
27.975
27.41
27.120001
25.475
26.665001
26.790001
26.584999
26.504999
26.155001
26.1
25.975
26.254999
26.145
26.235001
25.825001
25.645
25.615
25.215
25.629999
25.645
25.67
26.48
26.355
26.35
25.594999
25.155001
25.084999
24.450001
24.504999
23.795
23.799999
24.105
24.540001
24.445
23.969999
23.865
25.02
24.82
24.4
24.264999
23.995001
23.9
24.200001
24.85
24.99
25.094999
25.094999
24.674999
24.450001
24.215
24.309999
24.16
24.41
24.764999
24.6
25.43
25.49
25.5
25.905001
26.290001
25.77
25.045
25.084999
25.01
24.504999
27.16
27.5
27.945
27.77
27.889999
27.700001
28.315001
28.025
27.905001
27.620001
27.934999
27.795
27.799999
28.049999
28.365
28.395
28.690001
28.83
29.395
29.355
29.16
29.18
28.92
28.67
28.004999
27.93
28.16
28.465
29.285
29.32
29.049999
28.575001
28.325001
28.73
28.945
28.549999
28.49
28.74
29.190001
28.844999
28.834999
28.934999
28.725
28.565001
29.209999
29.68
29.245001
28.709999
28.18
28.190001
28.219999
28.195
28.440001
28.1
28.15
28.325001
28.605
28.825001
28.860001
28.25
28.325001
28.23
28.4
27.815001
27.665001
27.530001
27.075001
27.200001
26.950001
26.48
26.299999
26.275
27.125
27.35
27.895
26.545
26.620001
26.48
26.375
26.540001
26.6
26.35
25.945
26.129999
26.605
27.075001
27.23
26.885
27.735001
27.799999
27.969999
27.975
27.875
27.725
27.709999
27.360001
27.77
27.559999
27.785
28.1
28.174999
28.299999
28.365
28.355
28.440001
27.715
27.745001
27.424999
27.24
26.545
26.165001
26.395
26.924999
26.75
26.504999
26.525
26.870001
26.645
26.275
26.129999
26
25.9
26.184999
26.780001
27.299999
27.445
27.004999
27.514999
27.5
27.540001
27.450001
27.52
28.049999
28.280001
28.725
29.27
29.045
29.035
28.780001
28.540001
28.395
28.375
27.475
27.25
27.219999
26.605
26.48
26.860001
26.75
26.764999
26.5
25.77
26.045
26.059999
26.195
26.379999
26.48
26.375
26.68
26.690001
26.65
26.620001
26.705
26.469999
26.34
26.66
26.315001
26.735001
27.09
27.985001
27.985001
28.040001
28.24
28.469999
28.74
28.455
28.08
27.635
27.5
27.48
27.440001
27.455
27.305
27.57
27.235001
27.305
27.34
27.645
27.445
27.625
27.815001
27.559999
27.815001
27.205
26.950001
26.76
26.450001
26.49
26.665001
26.504999
26.565001
26.92
27.055
27.014999
27.1
27.525
27.67
27.615
27.975
27.965
27.775
27.455
27.305
27.209999
27.555
27.309999
27.395
27.285
27.219999
26.83
26.809999
26.545
26.6
26.865
26.344999
26.325001
26.280001
26.584999
26.940001
27.264999
27.455
27.754999
27.875
27.41
26.975
26.969999
26.9
27.594999
27.33
27.165001
26.795
26.525
26.950001
26.719999
26.424999
26.754999
26.459999
26.540001
27.065001
26.469999
26.389999
26.584999
27.975
28.809999
28.82
28.370001
28.475
28.165001
27.92
27.75
27.115
26.889999
27.115
27.264999
27.475
27.635
27.745001
28.030001
27.959999
28.115
28.174999
28.615
28.76
29.465
29.495001
29.43
29.23
28.834999
30.075001
31.075001
31
31.030001
30.885
30.775
30.334999
30.264999
30.805
30.365
30.76
30.809999
30.75
31.59
31.719999
31.93
31.969999
31.690001
32.130001
32.365002
32.450001
32.779999
32.240002
32.009998
32.494999
32.580002
33.119999
33.264999
32.904999
32.625
32.974998
32.77
33.055
32.084999
32.105
31.9
32.595001
32.724998
29.75
29.125
29.965
29.555
30.049999
29.924999
29.545
29.52
29.66
29.16
29.77
29
29.004999
28.875
29.155001
29.855
29.700001
30.285
31
30.98
30.975
30.235001
29.924999
30.565001
30.555
29.75
28.77
28.459999
28.6
27.815001
27.860001
28.495001
28.57
28.205
28.395
28.495001
28.865
28.129999
28.004999
