Adjusted
20.458427
20.587629
20.837442
19.53241
19.441963
19.747759
19.437654
19.230917
19.571171
20.006182
20.165541
19.907122
19.209383
19.424728
19.321358
19.015564
18.459951
18.705452
19.166313
19.170618
19.510876
19.833904
20.243067
20.10955
20.178463
20.032024
20.070793
19.773607
19.510876
19.575474
19.829594
20.049255
20.113859
20.019098
20.772837
20.802984
21.190622
21.642853
20.673769
20.759911
21.113083
21.061407
21.319828
21.449041
21.492117
21.33275
21.169079
21.014032
20.595818
20.500963
20.285398
20.888996
20.63031
21.078705
20.483728
20.337137
20.436295
20.565636
20.858818
20.949356
20.789837
20.863125
20.608751
20.332817
20.168983
20.03533
19.543829
19.660238
20.212097
20.306955
20.457851
20.690676
20.46216
20.694979
21.057137
21.419676
21.363575
21.147779
20.996727
20.897461
20.319126
20.392494
20.090385
20.327757
20.172388
19.71059
20.068811
19.965229
20.427023
20.634184
20.824083
21.169353
21.173674
21.104618
20.849981
20.888826
22.054108
22.442537
22.42959
22.679911
22.183592
21.803789
22.442537
22.830967
23.314346
23.21076
23.089918
22.874121
22.623806
22.925917
24.147297
23.551716
23.292759
23.033817
22.692858
23.033817
23.512873
23.392029
23.668247
23.41361
23.478344
23.301399
23.197819
23.046761
22.99497
22.654016
22.705803
22.187904
22.097267
22.162008
21.859896
22.248323
21.799471
21.583683
21.177992
21.454201
21.838322
21.475782
21.147779
21.039877
20.500397
20.716196
20.716196
20.392494
20.349339
20.444284
20.608294
20.245758
20.219868
21.415358
22.028217
22.166327
22.697172
22.809393
22.917286
22.533171
22.35622
22.766228
22.559067
22.623806
22.697172
22.697172
22.23106
22.140432
22.144745
22.334635
22.334635
22.304432
22.226749
22.196537
22.334635
22.874121
22.723072
22.019583
21.700203
21.471237
21.073776
21.073776
20.71521
20.849133
21.104023
21.056511
21.052187
21.229309
20.918259
20.572643
20.481916
20.818892
20.844818
20.801611
20.672003
20.702251
21.039217
21.060829
20.857773
20.853458
20.948494
20.650408
20.067188
20.153591
20.058544
20.304798
20.525124
20.594244
20.456005
20.309114
20.261589
20.300474
20.693609
20.451677
20.952818
20.71521
20.542406
20.849133
21.203394
21.043541
21.15587
21.173153
21.4842
21.661327
21.708851
21.436676
20.991699
20.987375
20.974417
20.805933
20.862095
21.21203
21.311384
21.324354
21.847094
22.054457
21.803896
22.83209
22.931456
23.324589
23.307312
23.125868
23.112902
23.393976
23.571262
23.761534
23.951799
24.660969
24.859886
24.323687
24.172338
24.604759
24.717186
24.950695
25.037178
24.760427
24.769073
25.253389
25.162579
25.188526
25.236086
25.642569
25.56041
25.508524
25.491222
24.600426
25.296633
25.988503
26.027412
25.473921
25.724726
25.668509
25.56041
25.344191
24.639355
24.414494
24.345301
24.548544
24.37989
23.134521
23.039389
23.221008
23.398293
23.393976
23.657757
23.255606
23.787483
23.605865
23.381006
23.73991
23.731264
23.830723
23.869637
24.215578
24.552862
25.006907
24.773401
24.691244
24.622057
24.950695
25.037178
24.717186
24.232876
23.998957
24.332516
24.540447
24.657398
25.237892
25.255209
24.770035
24.73971
24.73971
24.068262
23.955629
23.959967
24.198215
24.778702
25.190233
25.02129
25.515133
25.943991
25.995979
25.991642
26.455151
26.749733
26.771395
26.749733
26.87969
27.269564
27.22624
26.49415
26.216904
26.745409
26.676088
26.962002
27.408186
27.26523
26.303543
26.511471
27.533819
27.395195
26.85803
27.659437
27.044308
25.458811
25.89201
26.264557
25.926662
26.351191
26.459503
25.861683
25.701406
26.034958
25.775047
26.706415
26.944674
26.368513
25.645084
25.714401
26.359859
26.355528
26.052294
26.034958
26.320868
26.203903
25.731728
26.238571
26.13442
26.876411
27.475214
27.965525
27.566322
27.991566
28.191162
29.180475
28.694496
28.898436
28.030617
28.356045
28.638081
28.768246
29.584009
29.85737
29.866064
29.853041
30.113396
29.948505
29.818335
30.347698
30.3043
30.5473
30.226198
30.217522
29.549297
29.783628
29.896433
29.245567
29.87908
30.265249
29.926805
30.152447
30.243567
30.595018
29.770597
28.898436
28.356045
29.115389
29.137072
28.850706
28.316994
28.681475
29.015593
28.117395
28.282284
28.442831
28.690157
28.312653
28.004581
27.965525
27.887426
28.195499
27.89176
28.121733
28.850706
29.24122
29.271591
29.492891
29.41913
29.957178
29.853041
30.113754
30.131134
29.783514
29.922554
30.417938
30.891598
31.521675
31.404343
31.617262
32.043129
32.099609
31.356552
30.722116
30.856827
31.048021
31.26964
31.908401
32.612389
32.612389
32.638454
32.351654
32.1474
31.386972
31.712887
31.730247
31.34786
31.512972
32.260391
32.699284
33.181641
33.194664
33.685699
32.816631
31.778057
32.143074
32.160473
31.656374
32.429863
33.025192
33.416275
32.816631
32.416832
32.395107
32.403801
32.981735
32.568916
32.773163
33.077339
33.094719
33.616177
34.328831
35.015373
35.597691
35.867104
35.580296
35.997467
35.093605
33.920345
34.372288
34.372288
33.129478
33.355431
33.416275
33.112103
34.121578
34.356533
34.956974
34.748123
34.939579
35.226757
35.165833
34.191185
34.286922
33.503696
33.669048
33.886612
33.877903
33.869205
32.372421
32.294102
31.850288
32.294102
32.207085
32.729191
32.972862
33.242638
33.129501
33.547207
34.286922
34.347836
34.165077
34.321709
34.487061
34.713314
35.270267
35.731476
34.930874
35.392094
36.131783
37.036842
36.062176
35.435596
34.991795
35.113625
35.200649
36.5756
36.949799
36.653919
36.653919
37.950573
37.062927
37.959255
38.333458
38.881687
39.986889
41.309631
40.717865
39.377739
40.517715
41.640312
42.17115
42.205959
42.197254
41.562004
40.117413
40.662193
41.437965
40.662193
40.592464
42.021965
42.030682
41.394386
40.801655
39.694683
40.008457
39.999752
39.354733
40.11306
41.621006
43.189953
43.172535
42.248581
42.701855
42.483929
40.880119
41.150322
40.304825
39.624931
39.685955
38.273888
38.788166
39.598801
38.491806
39.860291
40.165371
41.098038
40.766792
39.869007
39.224003
39.372158
40.496582
39.19783
39.058376
39.502907
38.814308
39.468029
38.613827
39.250153
37.306358
36.469601
37.036167
37.933945
37.768353
38.648689
37.768353
38.526665
38.971207
39.537766
39.424473
40.575027
40.008457
40.923687
40.853954
40.949841
41.59486
40.853954
41.446674
41.987095
41.464096
41.992279
42.193085
42.463715
42.93515
42.98753
43.389126
42.664513
43.301807
45.170078
44.716106
45.423252
43.956577
43.904205
44.244675
46.00819
47.204205
46.401039
47.59708
47.169296
47.509769
48.234383
47.518509
46.121685
45.545483
45.170078
46.182785
46.331192
46.112942
48.243111
48.251854
48.609776
48.609776
48.897884
48.967724
49.439156
50.443123
50.285988
50.338364
50.382015
51.717731
51.193928
52.355049
52.669331
52.24155
51.333607
49.849472
48.644707
48.924072
50.329655
50.792336
50.835995
51.246307
51.412193
50.35582
50.879635
51.78759
53.053452
54.336792
53.027267
53.88282
54.397907
55.00901
56.161415
55.227272
54.794632
54.986916
54.715954
54.541153
56.971039
57.45174
58.710396
58.142265
56.586437
58.028652
58.806541
60.047695
61.341301
59.995258
60.441032
58.01989
55.222893
54.051682
55.415211
54.034187
56.158154
55.31031
52.810516
54.217731
55.065575
51.831566
53.002808
50.275738
50.800179
52.705627
53.667091
53.098953
50.642841
52.79303
52.775547
52.434669
52.224884
54.086632
51.508171
49.926109
50.983742
50.38063
47.697266
48.116821
47.898308
49.2094
51.446983
51.263435
51.228474
52.932873
54.497452
53.649601
53.649601
51.857792
52.749317
52.618214
54.104115
54.444992
54.829571
55.983318
56.332966
57.810112
57.075912
58.028652
58.628048
59.371834
57.989235
56.151649
55.722889
57.026699
56.466667
56.169151
55.88039
54.200314
55.084114
54.611588
54.72533
56.606693
57.744255
57.026699
58.269276
58.146759
58.234261
57.210453
57.306725
57.437992
59.08308
57.682983
59.730598
59.389343
59.459332
59.249313
56.9217
56.545433
57.280476
59.240578
59.686836
57.744255
57.114208
56.309162
57.455467
54.331562
53.8153
51.828934
51.557655
50.752632
51.417664
51.006397
52.905247
53.124008
54.419064
52.502716
52.511456
53.360268
52.397705
51.303905
51.77644
52.931492
53.211506
50.778881
49.886333
50.341351
49.615067
49.737587
51.844498
53.001858
52.940487
53.668224
53.045708
51.642841
51.51133
51.090458
52.475784
53.449028
53.142139
54.176762
55.246437
54.851891
53.633148
54.167995
54.466099
54.869427
53.948784
52.431957
53.57177
53.019402
52.607288
52.703751
54.211826
55.912788
56.728207
55.456867
56.245983
54.825588
54.273209
52.53717
52.19521
52.703751
53.291203
55.053543
55.316574
54.422264
55.465637
55.167515
54.658993
55.325352
54.772968
52.388103
50.985249
51.432411
49.450874
48.609158
50.082146
50.275047
49.301823
47.784969
49.205364
49.994473
49.23167
50.292583
50.275047
50.915119
49.170288
49.705132
47.469322
47.86388
46.548691
45.505318
43.144245
45.85067
48.021042
47.959541
45.929737
45.815498
47.072052
47.247787
48.926109
49.708149
49.479691
49.444519
51.131645
53.082352
53.6008
54.075302
54.066513
53.565659
53.345955
53.91713
53.205383
52.607872
53.934711
52.493629
52.309116
52.801178
51.887333
50.38475
52.581509
53.662308
56.061169
55.358192
55.665752
56.799271
56.90472
57.774643
56.474148
55.577873
56.36871
55.375771
55.832703
55.850269
55.639378
54.418003
54.514641
53.864407
52.845112
53.468987
53.504135
54.690384
53.952267
54.971561
55.323051
54.435558
54.655243
53.706242
54.910072
56.36871
63.389538
60.639175
61.386097
59.365074
57.827351
57.291344
58.860779
56.977112
57.725288
58.834385
56.616207
54.503662
55.066994
53.570633
53.368187
53.82589
54.714924
54.310009
55.586346
54.133972
52.109447
53.773083
54.794144
54.926174
54.177982
56.070461
55.155025
56.017651
56.968327
58.984016
58.535114
58.473488
60.154728
59.318508
58.552711
60.735668
61.043743
60.29557
59.133663
58.350258
58.834385
58.482285
59.010422
60.4716
60.603634
60.057907
61.070148
62.566547
61.695126
61.695126
61.607113
62.170464
60.630058
61.580692
60.999744
62.839409
62.2761
62.029583
61.166992
62.161644
64.018944
64.582253
64.758324
64.318184
65.163239
64.46785
64.828728
63.437988
62.663361
62.504925
62.657444
63.7066
62.313614
60.144814
61.149864
60.559185
60.515099
60.047821
59.236736
59.501205
59.421864
59.139771
57.182526
56.159836
57.588078
57.852566
57.879017
57.01503
56.415516
57.861393
57.208954
57.923103
57.958355
59.651089
59.316082
61.211597
61.634773
60.153622
60.021381
59.986103
61.872791
61.793453
61.881618
62.066757
62.04031
61.537777
60.955914
60.59446
60.171257
58.901707
59.148552
59.377773
58.804714
58.795921
57.949558
58.266953
58.557873
58.319828
59.166203
57.808483
57.923103
57.782036
56.821064
55.992325
56.891586
57.517548
57.07674
57.07674
56.732895
55.91119
56.556183
56.750576
56.891933
57.589943
58.093586
58.632549
59.763481
59.772331
61.194839
61.627773
61.265514
61.892838
61.159504
61.945862
62.369949
63.138672
63.509747
64.455162
65.55957
64.896927
66.222267
66.354767
65.992516
64.976433
64.764397
63.59811
64.985291
64.773232
64.437485
66.098564
64.994095
64.932259
64.384468
64.578827
65.612602
67.114632
67.088165
67.017426
66.619835
65.966057
64.826241
66.275253
67.149979
66.292946
66.34594
67.65361
68.872894
69.835976
69.199821
68.766899
67.38855
67.680122
67.22065
68.024696
67.839142
68.625488
70.498634
70.799065
70.30426
69.190971
69.190971
69.553253
69.093803
70.226761
71.44825
72.899895
73.935501
73.776192
71.4925
71.758057
70.84639
69.341629
67.704109
68.651215
68.456482
69.297371
70.483437
70.748993
70.324127
70.271019
70.53656
69.217712
69.474411
70.713593
70.828674
70.058601
70.288734
73.50177
73.280502
72.404228
71.085342
68.651215
69.695694
67.659866
66.022362
66.721626
66.04007
69.412453
70.200203
68.261772
68.314873
69.447868
69.837303
67.74839
67.234993
67.606766
66.606552
65.278854
64.446823
66.641975
66.093201
64.853973
64.659248
65.562103
66.650826
66.057777
64.836273
66.190567
65.907303
66.659683
68.376831
69.341629
69.846161
68.686638
68.49192
69.527527
71.194542
70.449692
70.564964
70.884186
72.737404
73.978828
74.315796
75.220238
73.774887
72.604408
72.515747
74.147308
73.774887
74.927612
74.608421
74.156189
76.098114
76.488243
75.025146
76.319778
77.188759
77.942459
78.110939
79.015396
79.777954
79.591751
80.26564
76.816345
75.832047
75.867546
76.816345
79.157242
82.65094
82.908081
79.857742
82.819412
80.966179
82.07457
81.941544
82.216438
80.247902
80.247902
78.589775
75.034019
75.956223
76.266563
75.370979
76.443893
75.938492
76.709953
74.510864
75.672455
74.484245
73.597542
72.338425
72.70195
73.429054
73.89016
73.695061
75.566078
78.48336
78.004539
79.050858
77.117821
79.569092
79.800011
78.80529
77.179993
77.064522
77.286552
78.858582
81.007896
81.514137
80.661507
80.039833
80.297401
