Adjusted
26.110001
27.275
25.995001
24.465
24.715
25.385
25.940001
24.975
25.040001
25.280001
24.865
23.975
24.809999
24.764999
25.27
24.924999
24.719999
25.385
25.485001
25.950001
25.885
26.049999
25.785
24.91
25.190001
25.139999
25
24.985001
24.59
24.125
24.99
26.15
25.945
25.844999
26.785
26.094999
26.389999
25.870001
26.405001
26.4
26.049999
26.209999
26.395
26.969999
27.075001
26.715
26.540001
26.875
28.370001
28.24
29.264999
29.215
29.25
29.475
29.610001
28.745001
29.334999
29.780001
29.889999
29.875
29.32
29.455
30.225
29.84
29.445
29.674999
28.985001
28.575001
28.780001
29.065001
29.41
29.555
29.469999
29.995001
30.254999
30.809999
30.495001
29.995001
29.735001
30.440001
29.764999
29.57
29.48
30.889999
31.07
30.870001
31.299999
30.895
30.775
30.799999
30.115
30.9
31.344999
31.08
30.195
30.32
31.155001
31.735001
31.59
32.799999
33.955002
34.055
34.275002
33.630001
33.619999
34.075001
34.805
36.174999
35.404999
35.740002
36.400002
36.875
36.264999
38.25
38.564999
37.380001
37.095001
37.375
36.91
36.605
37.360001
37.634998
38.009998
36.950001
37.75
38.43
37.875
40.494999
40.560001
39.849998
39.5
38.349998
38.974998
39.605
39.310001
38.27
38.209999
38.419998
37.830002
38.830002
40.755001
41.314999
42.029999
41.505001
41.849998
42
41.744999
42.474998
41.57
41.285
41.215
41.724998
42.639999
43.099998
42.485001
43.259998
43.049999
43.439999
44.400002
44.485001
44.435001
44.424999
44.189999
44.255001
43.439999
44.529999
44.985001
45.505001
45.560001
45.075001
44.375
45.34
45.049999
44.919998
44.959999
44.634998
44.400002
46.57
47.125
47.424999
47.375
47.099998
48.049999
46.810001
46.810001
45.889999
46.615002
46.09
47.445
48.255001
49.139999
49.785
49.875
49.93
49.93
50.799999
51.18
51.525002
51.790001
52.415001
51.52
51.900002
52.32
50.970001
49.005001
48.785
48.880001
49.215
50.25
49.619999
49.470001
49.445
49.66
50.145
50.09
50.049999
49.555
49.639999
51.314999
51.125
50.040001
48.450001
45.919998
44.099998
44.25
44.16
43.689999
43.630001
45.380001
44.23
45.189999
43.900002
42.27
42.009998
42.279999
42.48
41.43
41.349998
43.630001
44.259998
43.25
44.470001
44.349998
44.849998
46.09
46.02
47.23
46.799999
46.950001
47.25
47.869999
47.68
47.630001
47.830002
48.869999
48.650002
49.130001
48.130001
48.959999
46.849998
48.18
48.41
47.66
47.849998
47.75
48.439999
49.130001
49.419998
48.529999
46.310001
46.939999
46.860001
45.419998
44.529999
44.169998
44.099998
44.630001
44.849998
44.779999
45.419998
45.049999
44.43
44.900002
46.66
46.09
45.68
45.93
46.68
46.580002
46.82
47.16
47.650002
46.720001
47.52
47.540001
47.529999
46.490002
46.380001
45.990002
45.759998
46.919998
47.25
48
48.099998
48.389999
48.799999
48.32
47.869999
47.799999
50.029999
51.779999
53.869999
53.759998
53.740002
53.419998
54.18
55.360001
54.869999
53.029999
53.07
53.150002
51.869999
52.25
51.580002
52.380001
52.16
51.959999
52.209999
53.450001
52.860001
51.599998
51.200001
50.810001
49.950001
50.619999
49.889999
50.18
50.919998
51.41
51.880001
51.970001
50.369999
50.68
50.720001
51.040001
50.200001
49.599998
47.98
48.299999
48.720001
48.48
50.130001
50.060001
50.939999
50.830002
51.23
50.57
51.360001
51.509998
52.66
52.900002
52.650002
52.240002
51.209999
51.779999
52.27
51.650002
51.689999
51.25
50.959999
51.66
51.310001
53.25
53.279999
54
54.549999
53.5
53.209999
52.810001
53.02
52.09
53.77
53.919998
52.93
52.5
52.880001
52.049999
51.580002
52.470001
52.889999
52.650002
49.830002
50.369999
50.77
50.139999
50.32
50.130001
49
49.009998
49.09
47.970001
47.080002
47.41
48.650002
48.799999
48.119999
48.32
48.740002
48.369999
49.5
49.060001
50.009998
50.779999
50.720001
52.02
51.959999
51.290001
50.639999
49.779999
48.799999
49.290001
48.25
48.099998
47.799999
47.970001
48.880001
48.75
47.700001
47.490002
48.18
48.25
48.400002
48.41
47.119999
46.299999
46.209999
46.009998
45.650002
46.869999
45.990002
46.439999
44.830002
45.330002
46.939999
45.619999
44.580002
44.82
45.57
45.349998
45.16
45.43
46.52
46.66
44.790001
44.299999
44.279999
44
44.860001
46.080002
45.450001
44.919998
45.59
45.939999
47.790001
48.369999
47.880001
47.400002
46.970001
47.700001
47.860001
47.59
49.279999
48.360001
48.75
49.900002
49.150002
48.790001
48.450001
48.189999
47.759998
47.959999
48.900002
49.700001
50.380001
52.799999
53.48
52.080002
52.240002
52.459999
54.189999
57.57
60.610001
59.450001
59.150002
59.639999
59.939999
61.299999
61.709999
62.459999
61.860001
62.830002
63.439999
62.91
61.68
60.880001
59.139999
59.709999
58.41
58.939999
59.360001
59.84
59.09
58.290001
59.84
60.810001
60.240002
59.299999
58.259998
57.669998
57.540001
62.84
62.98
61.91
64.339996
65.059998
65.559998
65
68.120003
67.360001
65.599998
63.549999
62.610001
63.220001
63.240002
64.160004
64.879997
63.610001
64.040001
64.349998
63.549999
64.57
64.980003
64.489998
64.919998
66.459999
65.660004
67.75
69.010002
68.610001
69.459999
68.489998
67.68
68.040001
67.150002
65.93
66.860001
66.730003
66.349998
55.150002
55.049999
55.169998
54.02
52.419998
53.630001
51.779999
51.919998
52.720001
52.91
52.740002
52.360001
51.060001
50.23
50.43
49.639999
49.540001
50.25
50.470001
50.740002
49.439999
51.220001
50.610001
52.849998
52.810001
52.689999
52.68
53.389999
52.450001
52.900002
49.450001
49.889999
50.970001
52.029999
52.009998
53.459999
52.43
52.34
52.509998
54.110001
54.150002
54.830002
54.34
53.59
52.810001
52.09
51.759998
52.049999
52.540001
54.110001
53.529999
52.970001
53.040001
52.27
52.419998
53.439999
53.5
58
57.939999
59.060001
57.599998
57.580002
59.200001
58.970001
58.189999
57.630001
57.93
57.150002
57.580002
56.73
56.610001
56.209999
57.82
56.77
58.150002
57.919998
58.23
60.66
60.049999
60.32
57.459999
57.790001
61.57
61.529999
60.240002
60.860001
61.900002
59
58.860001
58.450001
57.599998
58.619999
59.369999
59.5
58.889999
59
58.380001
58.959999
59.080002
59.32
59.880001
60.709999
60.110001
60.529999
59.709999
59.560001
59.040001
58.77
58.220001
57.959999
58.07
58.290001
56.41
57.279999
57.939999
57.419998
56.139999
56.549999
56.849998
56.119999
59.09
61.889999
60.869999
60.200001
60.59
60.490002
60.860001
58.459999
58.560001
58.200001
57.52
58.029999
57.41
58.279999
56.889999
56.240002
54.959999
54.549999
53.080002
52.77
51.349998
52.860001
51.450001
52.400002
54.060001
53.549999
53.18
54.080002
54.299999
54.77
57.720001
56.790001
55.540001
55.18
56.720001
56.880001
55.790001
60.23
59.950001
59.93
59.93
59.380001
59.700001
60.459999
59.41
59.09
58.02
57.450001
59.57
58.380001
58.720001
59.900002
59.02
59.130001
58.099998
56.34
56.360001
57.400002
56.830002
56.25
56.84
56.59
55.75
55.139999
55.060001
55.139999
53.68
53.32
53.419998
52.25
53.110001
53.459999
53.759998
53.369999
52.459999
52.540001
52.43
52.310001
53.34
54.59
55.84
56.560001
56.119999
55.900002
58.189999
57.169998
57.189999
56.200001
56.990002
56.450001
54.919998
54.84
55.540001
54.939999
56.889999
56.810001
56.349998
54.580002
54.759998
53.580002
53.139999
54.220001
53.990002
54.34
53.02
53.880001
54.209999
53.119999
52.799999
52.349998
52.009998
51.049999
51.43
51.029999
51.790001
53.02
51.970001
52.029999
52.68
52.209999
51.139999
51.349998
51.330002
50.849998
50.639999
51.669998
52.939999
54.450001
53.009998
52.580002
52.669998
53.720001
52.93
52.48
52.580002
52.290001
52.119999
52.599998
54.189999
54.720001
55.009998
54.93
54.549999
55.290001
55.650002
54.900002
54.419998
55.380001
55.060001
54.389999
56.009998
56.400002
56.939999
55.75
54.880001
54.869999
55.25
57.299999
56.799999
54.900002
54.540001
54.5
48.549999
47.849998
47.389999
47.549999
47.98
46.200001
44.959999
44.66
43.240002
42.18
42.220001
42.52
42.880001
42.689999
44
44.200001
44.25
42.369999
42.07
41.869999
42.41
41.18
40.880001
41.259998
42.380001
42.75
42.419998
42.52
41.110001
41.959999
42.299999
41.209999
41.41
41.959999
41.02
41.200001
41.419998
41.299999
41.380001
43.470001
43.040001
43.43
42.810001
41.880001
42.040001
42.32
42.029999
42.599998
43.52
45.310001
45.150002
44.990002
45.970001
45.040001
44.939999
45.720001
47.880001
47.799999
46.84
46.82
47.110001
46.52
50.119999
49.580002
48.57
47.650002
47.610001
48.52
48.48
49.880001
48.919998
50.82
51.639999
51.59
51.290001
49.990002
50.68
49.689999
49.150002
49.299999
49.959999
49.669998
50.700001
51.029999
51.240002
51.880001
51.220001
50.860001
52.509998
52.25
54.450001
54.27
53.389999
54.220001
53.810001
54.299999
56.009998
56.060001
56.919998
57.25
57.139999
56.490002
55.830002
55.84
53.700001
53.82
55.049999
54.810001
54.560001
53.73
54.900002
54.52
55.919998
57
56.110001
55.830002
56.509998
55.84
56.029999
55.84
55.060001
54.310001
54.720001
54.509998
53.720001
52.889999
52.759998
53
59.240002
59.25
58.529999
58.139999
57.919998
58.48
58.389999
58.470001
58.66
58.560001
58.650002
58.490002
58.419998
58.970001
58.419998
56.860001
57.209999
56.77
55.889999
55.23
56.209999
55.349998
54.119999
53.950001
53
52.25
51.790001
52.619999
53.470001
53.849998
52.810001
52.66
51.380001
51.799999
51.060001
51.119999
50.830002
50.669998
50.360001
51.049999
53.669998
53.07
52.880001
52.700001
53.68
52.470001
51.759998
50.970001
49.48
50.099998
50.34
49.470001
49.759998
50.34
48.860001
48.220001
48.939999
49.310001
50
50.540001
51.130001
50.040001
50.110001
50.110001
50.029999
49.48
49.709999
49.919998
50.48
50.110001
50.009998
51.799999
52.549999
53.040001
53.189999
51.959999
50.639999
50.419998
49.810001
49.099998
48.950001
49.639999
50.18
50.32
50.830002
50.990002
49.549999
50.23
49.990002
48.919998
48.98
49.330002
50.66
50.259998
50.130001
50.34
51.310001
51.790001
51.290001
50.360001
51.32
51.43
51.59
51.939999
51.5
52.950001
53.07
53.130001
53.439999
53.91
54.360001
54.259998
51.860001
51.810001
52.07
52.23
52.470001
52.349998
51.990002
50.41
49.950001
51.380001
51.259998
51.650002
51.369999
52.939999
50.650002
49.900002
50.07
49.77
48.700001
49.139999
48.41
48.580002
49.209999
48.950001
48.209999
46.619999
47.869999
48.450001
49.330002
48.869999
48.439999
49.509998
50.099998
50.220001
48.450001
49.130001
48.869999
47.830002
49.09
49.060001
50.490002
49.709999
48.98
48.009998
48
48.57
47.459999
47.540001
47.73
47.599998
47.32
48.169998
48.740002
50.900002
50.900002
50.349998
49.439999
49.599998
48.84
48.25
48.09
49.470001
50.060001
52.02
51.869999
51.849998
50.939999
51.66
50.650002
49.830002
49.610001
48.639999
48.099998
51.560001
50.040001
52.84
54.18
54.200001
54.169998
53.279999
51.959999
51.549999
50.040001
50.799999
52.470001
51.830002
51.959999
51.84
52.689999
52.549999
52.560001
51.5
52.360001
53.169998
52.939999
53.869999
52.860001
53.290001
51.360001
51.849998
54.099998
53.310001
54.110001
54.759998
53.73
55.720001
55.560001
56.419998
55.939999
55.049999
55.07
55.669998
56.25
55.990002
58.220001
58.349998
58.599998
58.41
58.959999
58.509998
59.939999
59.91
58.689999
61.400002
60.310001
59.630001
59.950001
59.470001
57.619999
58.209999
57.540001
57.25
56.849998
58.080002
57.259998
59
61.119999
58.740002
60.459999
58.759998
58.529999
58
57.139999
55.73
55
57.380001
55.560001
56.290001
56.57
55.75
55
53.810001
54.290001
53.779999
55.099998
57.290001
56.830002
56.189999
55.130001
54.419998
54.709999
54.580002
54.049999
55.740002
55.66
55.93
57.330002
58.080002
56.84
57.139999
58.560001
59.220001
58.93
59.389999
60.02
58.68
58.560001
