Adjusted
8.474874
8.294844
8.668248
8.39486
8.868281
8.534887
8.834943
8.614902
8.74826
8.688248
8.648243
8.614902
8.521549
8.39486
8.388195
8.074803
7.928113
7.95478
8.108145
7.754748
8.221498
8.214828
8.201498
8.061467
7.908107
7.868098
7.828091
7.654728
7.481363
7.374676
7.554711
7.728075
7.4947
7.701404
7.868098
7.98812
8.261505
8.241501
8.381528
8.241501
8.334851
8.181492
8.308183
8.43487
8.554892
8.374861
8.50155
8.43487
8.568223
8.654909
8.908288
9.168337
8.874947
8.961631
9.12166
8.828272
9.134998
8.93496
9.128327
9.048315
9.128327
9.074986
8.994972
8.93496
9.235011
9.12166
9.114991
9.201675
9.235011
9.248352
9.328364
9.468389
9.261689
9.348369
9.388373
9.535068
9.348369
9.775111
9.608418
10.081833
9.541739
9.72844
9.695098
9.988486
10.108509
10.175188
9.915139
10.001822
10.248532
10.035161
10.268538
10.201858
10.268538
10.475244
10.241863
10.335215
10.461904
10.66861
10.881982
10.901985
11.095353
10.735287
10.855311
11.002003
10.881982
11.168699
10.72195
10.748622
10.70195
10.835306
10.76196
10.795297
10.615268
11.048676
10.741957
10.935323
10.895313
11.142029
10.895313
10.908654
10.781964
10.695281
10.781964
10.955331
11.07535
11.055343
11.002003
11.348728
11.328732
11.128695
10.921987
11.162035
11.002003
10.855311
10.961996
10.781964
11.002003
10.621936
10.868646
10.695281
10.76196
10.921987
10.76863
10.968665
10.788629
10.941991
10.775295
11.068681
10.841976
11.002003
11.008671
11.30206
11.335398
11.50876
11.51543
11.555434
11.548771
11.902164
12.028855
12.242226
12.595626
12.402259
12.382252
12.422263
12.408926
12.402259
12.575624
12.595626
12.622298
12.648971
12.662307
12.642301
12.628969
12.582291
12.548951
12.595626
12.655635
12.668978
12.568956
12.662307
12.668978
12.635633
12.768986
12.622298
12.695645
12.60229
12.955692
12.735653
13.089048
12.989034
13.04237
13.162398
13.029041
13.135725
13.149061
13.049044
13.142388
13.202405
13.04237
13.242411
13.195738
13.335767
13.209071
13.215741
13.295753
13.129058
13.249076
13.135725
13.262419
13.275752
13.142388
13.402442
13.122385
13.302419
13.235742
13.269082
13.202405
13.355767
13.295753
13.295753
13.422441
13.355767
13.275752
13.429114
13.322421
13.375766
13.5358
13.62915
13.735836
13.615811
13.749172
14.03589
14.062565
13.942537
14.015886
14.249263
13.93587
14.049228
14.169242
13.909203
14.04255
14.155909
14.14924
14.362621
14.202587
14.40262
14.522642
14.429292
14.435966
14.542648
14.655997
14.622663
14.757256
14.656308
14.763971
14.81108
14.804358
14.844729
14.696682
14.824541
14.8851
14.777437
14.871647
14.938937
15.349427
15.194651
15.154272
15.107172
14.838
15.006229
14.9322
14.804358
14.8851
14.790895
14.615934
14.50827
14.602473
14.488073
14.750518
14.730323
14.63612
14.689956
14.891831
15.046607
14.838
14.891831
15.033143
14.9322
15.342689
15.544566
15.53784
15.914674
15.827197
15.92141
15.860843
15.961778
15.699344
15.820473
15.517655
15.396522
15.598404
15.598404
15.746446
15.867571
15.907953
15.90122
15.746446
15.773367
15.753178
15.907953
15.92141
16.260738
16.37611
16.484695
16.538994
16.410048
16.457552
16.457552
16.301455
16.287889
15.901049
15.473491
15.629585
15.697447
15.860328
15.799249
15.595654
15.609221
15.792466
15.846755
15.697447
15.575294
15.867118
15.683871
15.880685
15.683871
15.928195
15.636368
15.71781
15.269894
14.910201
15.018788
15.154517
15.269894
15.235962
15.093436
15.439562
15.344543
15.48028
15.453131
16.070707
16.287889
16.213238
16.532206
16.382898
16.545769
16.538994
16.471121
16.57292
16.796881
16.654364
16.484695
16.538994
16.620428
16.667936
16.722229
17.000483
16.864754
17.109074
17.170141
17.428034
17.428034
17.353388
17.579105
17.455992
17.490187
17.455992
17.626991
17.729589
17.647509
17.832199
17.565426
17.681713
17.435461
17.900593
17.839035
18.010035
18.030556
18.085279
17.640671
17.743271
17.52438
17.462824
17.394424
17.873228
17.695393
18.331524
17.818508
18.078436
18.181036
18.078436
18.304161
18.249439
18.461485
18.372566
18.379406
18.29048
18.420443
18.420443
18.707727
18.468325
18.570917
18.331524
18.509365
18.379406
18.447803
18.338362
18.242607
18.386246
18.352036
18.735088
18.523048
18.482004
18.440966
18.495686
18.509365
18.324686
18.297319
18.235758
18.276798
18.269962
18.078436
18.317839
18.119471
18.317839
18.194717
18.174204
18.256905
18.367168
18.270683
18.436096
18.339605
18.442984
18.40163
18.305141
18.45677
18.470552
19.125292
19.504353
19.621523
19.904089
20.117741
20.241795
20.524368
20.138414
20.248688
20.558828
20.689779
20.469233
20.937891
21.020588
20.862078
20.538151
21.027477
21.365185
21.241137
21.640873
21.558168
21.565062
22.019939
22.116421
21.951012
21.813177
21.813177
21.820076
21.895878
22.206017
22.054392
22.199125
22.240469
21.999258
21.985477
21.813177
21.427225
21.558168
21.558168
21.151545
21.055052
21.123976
21.103308
21.54438
21.206682
21.530603
21.571955
21.923445
21.799385
22.054392
22.240469
22.171558
22.08885
22.352804
22.352804
22.526463
22.248615
22.061069
22.005501
21.651237
21.658192
21.498434
21.540102
21.331722
21.387291
21.491482
21.672089
21.887411
21.977715
21.929092
21.949934
22.193043
22.026335
22.151371
22.2764
22.220827
22.554255
22.380594
22.540358
22.554255
22.85294
22.58898
22.686228
22.582033
22.616766
22.700119
22.922394
22.734846
22.866831
22.776524
22.575085
21.880474
22.193043
22.241671
22.707062
22.561188
22.58898
22.470892
22.443106
22.915451
23.408627
23.165512
23.144674
23.547556
23.318329
23.512819
23.304432
23.325268
23.505877
23.776783
24.137978
23.672585
23.707317
24.033781
23.839293
23.566399
23.951239
24.294106
24.525007
24.930851
25.175747
25.070797
25.161747
24.944851
25.26671
25.371662
25.224726
24.972826
24.734932
24.580992
25.007816
24.81889
25.070797
25.280701
25.336687
25.056801
25.245714
25.098783
25.399652
25.658552
25.308697
25.644562
25.427641
25.532606
26.449223
26.085377
26.29529
25.7845
25.210732
25.378666
25.847469
25.854477
26.078379
26.06439
26.204336
26.309288
26.134367
26.141356
26.127359
25.714531
25.994415
25.854477
26.267311
26.379255
26.260305
26.568184
26.379255
26.512201
26.617157
26.813078
26.72912
26.743111
26.911047
26.80608
27.085966
27.400843
27.967617
27.904638
27.988596
28.40403
28.601187
28.551899
28.77018
28.565973
28.389944
28.312489
28.537806
28.587093
28.995485
28.777216
28.389944
28.305468
28.235044
27.988596
28.411077
27.847775
28.030848
28.284328
28.115353
28.629339
28.749052
28.784264
28.326586
28.896912
29.044779
28.974365
28.692715
28.284328
28.164631
28.974365
29.227844
29.136322
29.115189
28.706806
28.840582
29.079988
29.551741
29.537663
29.544703
30.044622
30.664244
30.593834
31.002216
31.086721
31.706337
31.931644
31.818996
32.269623
32.614651
32.523117
33.199055
32.875179
32.607605
32.600555
32.741386
32.917416
32.882206
32.586479
32.178089
31.713369
31.938698
32.234421
32.234421
32.991959
33.62915
33.473377
34.634483
33.487553
32.248592
31.53352
32.333546
31.363605
31.788393
31.151209
30.478617
30.797215
31.321114
30.506948
30.606066
28.977711
29.126375
29.798967
30.393658
29.940559
29.239656
30.506948
30.981291
30.733498
30.655622
30.514027
30.499868
30.450306
30.414906
30.662708
30.174187
29.664459
29.947639
30.379507
30.443226
31.009611
31.059164
31.285721
31.469805
31.866259
31.823797
31.866259
32.029106
31.944139
32.418499
32.305229
32.460968
32.32645
31.752987
32.142387
32.744175
32.637974
32.630882
33.062759
33.16188
33.331791
32.496384
31.724684
31.20785
31.037928
30.952967
30.683945
30.655436
31.289507
31.068642
31.895067
32.237026
31.937798
32.066048
31.688457
32.265503
32.201393
32.457863
32.607483
32.992188
32.586109
32.821205
32.73571
32.507725
32.913818
32.336765
32.222775
31.81669
31.567335
31.21826
31.232512
31.018774
30.655436
30.683945
30.634079
30.77656
30.976038
30.790806
31.047277
31.075785
31.246761
31.446228
31.417746
31.346493
32.215637
32.03754
32.066048
32.03754
31.602964
31.553087
31.510351
31.510351
30.911919
30.869169
30.520082
30.000017
30.313473
30.448847
30.740929
30.976038
31.061527
30.883421
31.00453
30.669693
30.477341
30.691059
30.8193
30.569954
30.09976
30.443932
29.992208
29.526154
29.483131
29.848806
30.092577
29.56918
28.895193
28.959719
28.364607
28.206873
27.855553
27.633265
28.837824
28.866508
29.095963
29.138971
29.253685
29.038597
28.608385
28.974072
28.974072
28.214045
28.3431
28.809156
28.558199
29.461624
28.787638
28.52235
29.361238
29.397089
29.00992
28.895193
28.873684
28.056301
28.034792
28.163847
28.508013
27.812517
27.712139
27.547224
27.747993
27.518555
28.135168
28.443478
28.902369
28.508013
28.249899
28.242722
28.414799
28.529518
28.063471
27.497047
27.475525
28.572536
29.081619
28.479343
28.185364
28.221212
28.063471
28.084988
28.292917
28.221212
28.387257
28.177881
28.156231
28.149012
27.694183
27.672527
28.452236
28.473894
29.065899
28.343945
28.127357
28.069601
28.134569
28.380032
28.567751
29.022579
29.253607
29.867273
29.780642
29.845602
29.925026
30.040527
29.874489
30.401514
30.69751
30.387079
30.748055
30.069408
30.156048
30.755262
30.661411
30.452051
30.553129
30.704739
30.163265
29.975554
30.372633
30.31488
30.625307
30.372633
30.813026
30.957418
31.347281
31.267859
31.23176
31.506098
31.506098
30.899662
30.827471
30.711952
30.430397
30.423183
30.047756
30.163265
29.665115
29.629021
29.650682
29.903364
29.939468
29.82395
29.744526
30.430397
30.538696
30.894712
30.92378
30.255316
30.553202
30.843855
31.134491
30.952847
30.618614
30.604078
30.618614
30.487822
30.916508
30.676741
30.68401
31.090902
31.221684
31.490526
31.897404
32.100861
31.991879
32.435085
32.347908
32.057262
32.188053
32.28978
32.645798
32.653076
32.202579
32.435085
32.6894
32.95097
32.725719
32.943707
33.016365
32.863785
33.321529
33.793823
33.931881
33.663029
33.517727
33.459587
33.459587
32.841984
32.827454
33.234341
33.408726
33.568581
33.917328
34.011803
34.040863
33.924606
34.055386
34.113529
33.626698
33.612167
32.878323
32.682137
32.769314
33.227085
33.277939
33.328812
33.089024
33.495914
33.495918
33.532478
33.25462
33.240005
32.845154
32.157837
31.982357
31.923862
31.865356
31.514387
31.404707
31.397392
31.404707
31.63868
31.84343
31.93116
32.296761
32.318684
32.399128
32.58194
32.655052
33.144939
32.889019
33.144939
33.218052
33.481297
33.693336
33.620228
33.605595
33.751842
33.788399
33.898064
34.183231
33.963886
33.985825
34.146679
33.803009
33.744526
34.344101
35.141094
34.241722
34.366028
34.790127
34.592701
34.665833
35.367775
35.353153
35.550564
35.78455
35.835732
34.892502
35.360455
35.660259
35.375088
35.80648
36.289063
36.559616
36.771648
36.735092
37.129944
36.647362
36.38995
36.419373
36.132553
37.456345
37.448994
37.58873
37.603455
37.963802
37.93438
37.82407
37.721111
37.529888
38.191807
38.059422
38.177094
37.941738
38.353607
38.787514
38.7728
39.736244
39.397934
38.861057
38.500687
39.294971
39.530308
39.589153
39.670048
39.971581
40.464336
41.265968
40.817348
41.69989
42.376492
42.553001
43.126659
42.957504
43.288456
43.700302
43.950352
43.442898
42.111725
41.744015
42.273529
42.751564
42.85453
42.83247
43.075169
42.302944
41.817554
39.898037
40.273125
40.265751
39.795074
40.317245
40.376076
41.354233
40.979145
40.876183
39.868622
40.236332
39.434704
39.589153
40.229
41.153206
41.278885
41.493305
42.432301
42.195705
41.826015
41.774269
41.508091
41.145809
41.308487
42.077393
43.038589
42.602352
42.491451
42.979427
43.740982
42.787201
43.807529
41.626392
41.855602
40.162449
38.964664
38.964664
39.10516
40.628254
41.301083
39.519192
41.47113
41.626392
41.626392
39.009037
39.289982
40.576504
39.119938
38.979454
38.587589
39.43047
39.171692
39.630085
40.199417
40.192013
40.517349
38.905518
38.535828
39.911064
38.979454
38.972061
40.391644
39.452656
40.021961
39.119938
39.341751
40.04414
40.051537
40.546913
40.909214
40.746544
41.774269
42.757629
41.959106
42.3214
42.410122
42.136559
42.589882
42.114254
41.207619
41.831863
41.668377
41.534603
42.025089
42.084538
41.6535
42.515564
42.181141
42.32235
42.002785
41.482582
41.534603
41.802143
41.579201
40.248955
40.902931
40.843487
40.516487
40.992104
42.09198
42.069679
42.582439
43.214123
41.935898
42.671619
43.139809
43.162109
41.973072
42.939152
42.099415
41.430565
41.296799
41.088722
40.546227
40.575947
40.509052
41.363678
40.397587
40.523926
40.523926
40.732006
41.28194
41.21505
41.601479
41.608913
41.542034
42.448677
42.277748
42.656761
42.69392
41.482582
41.616341
41.623787
40.977238
40.345562
40.605679
40.501633
40.984669
41.33395
41.430565
40.754288
39.980835
40.406803
