Adjusted
12.210317
12.158538
12.410965
12.427147
12.352711
12.006434
12.343009
12.255628
12.297696
12.035563
12.038801
11.941709
11.686053
11.533948
11.698995
11.42068
11.058219
11.265338
11.200616
10.983788
11.077634
10.97084
10.987025
10.912587
10.75401
10.63751
10.744308
10.52424
10.297702
10.417444
10.436864
10.698998
10.511295
10.368903
10.508056
10.339775
10.333302
10.38832
10.462753
10.417444
10.310649
10.035566
10.110003
9.944955
9.957895
9.754015
9.60515
9.161683
9.289796
9.371922
9.79239
9.996055
10.157016
10.1176
10.649756
10.166876
10.199722
10.012482
9.798958
9.706983
9.523029
9.536166
9.815381
9.762826
9.821957
9.789107
9.674134
9.523029
9.51317
9.467184
9.68727
9.854807
9.62486
9.62486
9.542736
9.775967
9.854807
9.683988
9.844949
10.084749
10.1176
10.028902
9.897508
9.917218
9.950067
10.153733
9.963204
9.894223
10.084749
10.29827
10.180015
10.091321
10.22929
10.15045
9.959924
10.002625
10.166876
10.20301
10.505221
10.554498
10.570921
10.544639
10.738448
10.958545
10.879704
11.149071
11.152353
11.027525
10.830432
10.846854
10.883475
11.069919
10.786929
10.986685
10.910111
10.71368
10.637108
10.613801
10.600488
10.547221
10.437354
10.523915
10.520584
10.543891
10.473972
10.520584
10.48729
10.670402
10.763625
10.753633
10.560534
10.563863
10.593825
10.48729
10.620462
10.707024
11.103207
11.156478
11.203089
11.14649
11.053271
11.769071
11.985472
12.028754
11.985472
12.085353
11.985472
11.892252
11.709144
11.672523
11.589287
11.719134
11.659206
11.685836
11.649216
11.782387
11.715799
11.782387
12.048731
12.068708
12.185234
11.865619
11.652547
11.592621
11.615921
11.888928
11.92222
11.985472
12.05539
11.948849
11.902243
11.985472
11.982148
11.805692
11.849518
11.913567
11.718043
11.906828
11.680962
11.71467
11.603425
11.431498
11.529262
11.337108
11.215744
11.064046
11.195518
11.293283
11.300023
11.198892
11.182032
11.141581
11.067413
11.040445
10.959537
10.868519
10.935941
10.855035
11.101128
11.097754
11.053937
11.077529
11.080901
10.868519
10.986506
10.60557
10.760645
10.828067
10.98314
10.838181
10.942684
10.915716
10.861778
10.875262
10.851662
11.637138
11.47869
11.536005
11.664105
11.805692
11.809065
11.664105
11.573085
11.620281
11.536005
11.583199
11.812434
11.980988
12.088868
12.024817
12.446205
12.469807
12.490029
12.608024
12.459692
12.746241
13.063122
12.881084
13.041373
13.218711
13.147095
12.864034
12.969753
12.959521
12.979984
13.068654
13.181194
13.150505
13.280098
13.430155
13.300564
13.481314
13.505188
13.934896
13.79507
13.74733
13.832582
13.556342
13.69276
13.539294
13.505188
13.45403
13.31421
13.481314
13.471082
13.389232
13.112994
13.058424
12.959521
13.078886
13.130044
13.604092
13.535881
13.54611
13.419925
13.573394
13.730272
14.064486
14.15316
14.514667
14.599926
14.415764
14.613567
14.514667
14.678366
14.521486
14.616979
14.61016
14.784084
14.681773
14.443048
14.545363
14.415764
14.320273
14.241833
14.177037
14.170216
13.986056
13.59386
13.649035
13.793867
13.51454
13.597302
13.724897
13.531786
13.628344
13.452474
14.204239
14.031813
14.514595
14.428385
14.690472
14.724957
14.718056
14.742199
15.056008
14.876685
14.976689
14.92841
14.907723
15.011175
14.769783
14.759444
14.742199
14.814618
14.904272
14.628396
14.587018
15.162911
15.121526
15.104289
14.924965
14.728405
14.573226
14.680124
14.828414
15.242223
15.249124
15.135324
14.918064
14.762889
15.162911
15.193951
15.483616
15.390511
15.128428
15.307746
15.504312
15.428443
15.607763
15.735356
15.990546
15.9802
15.931918
15.9802
15.942274
15.959499
15.711221
15.759487
15.956055
16.066401
16.062965
15.973304
15.510253
15.471957
15.311807
15.207361
15.256104
15.127283
15.144693
15.444103
15.527658
15.79226
15.854926
16.088184
16.095152
15.861896
15.646036
15.670405
15.646036
15.458039
15.590328
15.687814
15.663439
15.659962
15.673893
15.670405
15.562481
15.59729
15.360549
15.207361
15.17603
14.897506
15.078548
15.360549
15.548557
15.555511
15.71915
15.618177
15.639072
15.17603
14.803505
14.977583
15.256104
15.249141
15.075058
14.942766
15.360549
15.447587
15.639072
15.520697
15.666924
15.760924
16.049892
16.150854
16.304043
16.112566
16.077751
16.199604
16.189154
16.279678
16.213522
16.370201
16.199604
16.286638
16.154341
16.375774
16.252756
16.284389
16.477709
16.46014
16.540976
16.495281
16.358202
16.115673
16.301968
16.340631
16.467161
16.572603
16.713203
16.758896
16.867861
16.808107
17.036572
16.853798
16.779987
16.762411
16.449585
16.020773
16.031317
16.066471
16.101616
15.911819
16.094585
16.087553
15.946963
15.897748
15.932899
15.975081
15.862604
16.685085
16.590185
16.512859
16.839739
17.191221
17.352911
17.45133
17.591921
17.581379
17.848499
17.939896
17.764158
17.61301
17.936373
18.277321
18.066431
18.396818
18.748312
18.804552
18.938116
18.920542
19.113863
19.096285
18.945145
18.987326
19.061134
18.653408
18.765892
18.860788
19.054108
19.117887
19.702585
20.127832
20.297918
19.94002
19.975454
20.180975
20.322727
20.361704
20.244766
20.542429
20.489281
20.404234
20.457388
20.305014
18.494209
18.288679
18.671396
18.519022
18.557999
18.394995
18.394995
18.260334
18.21426
18.164652
18.359556
18.703289
18.862749
18.774164
18.78479
18.869837
18.983236
18.78124
19.188768
18.933626
19.103716
19.100176
19.210022
19.25964
19.206476
19.128527
19.270267
19.67424
19.62817
19.954191
19.98254
19.978996
20.067583
20.039238
20.177437
20.492821
20.662914
20.460928
20.677088
20.542429
20.61685
20.957039
20.960583
20.949951
21.743725
21.57008
21.777115
21.752127
21.698591
21.138187
21.416599
21.759268
21.545101
21.520117
21.266682
21.313086
21.19529
20.813358
21.120335
21.059656
21.106062
20.96685
21.002544
21.077501
20.941864
20.624184
20.652739
20.413589
19.906734
19.307068
18.439688
18.55748
18.793064
18.200539
18.425421
18.293346
18.425421
17.650845
17.165405
16.969086
19.27494
20.442141
20.71699
21.14175
21.12747
21.027529
21.14175
20.991831
21.14175
20.302935
20.185143
20.499252
20.816935
21.316654
21.145321
20.970421
21.559381
21.305946
20.927586
20.924017
20.90974
20.981131
21.227419
20.916874
21.059656
21.259544
20.927586
20.784811
20.499252
20.331493
20.453796
20.66963
20.813522
21.068924
20.993385
20.547327
20.187599
20.309902
19.942986
19.622841
19.730755
20.054499
20.097672
19.838667
19.781118
19.727152
19.81349
19.766724
20.108463
20.4466
20.558117
20.378258
20.475384
20.320696
20.403437
20.263144
20.878267
20.540131
20.9718
20.817114
20.288326
20.313501
20.795534
19.925009
19.78471
20.007744
19.838667
19.478951
19.241539
19.169594
19.22715
19.025702
19.349453
18.824263
18.849434
18.471729
18.367411
18.317047
18.083229
17.953728
17.597607
17.572422
17.579618
17.42494
17.388962
17.194706
17.255867
17.259464
17.363783
17.338602
17.842209
17.781065
17.777466
17.66955
17.226719
17.10331
16.97263
17.114201
16.87464
16.64233
16.224913
16.569738
17.125084
16.776634
16.79841
16.740334
16.765747
17.048866
17.005306
16.831079
16.558844
16.52256
17.085163
16.979893
16.849226
16.675001
16.714928
16.910936
17.190424
16.976271
17.041605
17.154129
17.295687
18.391861
17.887335
18.14867
17.930889
18.783878
19.150476
19.422709
19.636864
19.600567
19.488047
19.854649
19.985315
19.890944
20.02161
20.166801
19.84013
20.050661
19.567898
19.898205
20.047024
20.090584
20.515263
20.279322
20.188589
20.188589
20.515263
20.083332
20.315626
20.29022
20.192219
20.11236
19.807457
19.473534
19.030697
18.682251
19.05567
18.971468
18.868956
18.627323
18.678583
18.674921
18.803059
19.037363
19.268005
19.088617
19.019056
19.088617
18.887262
19.136213
19.136213
19.385164
19.502312
19.410795
19.359539
19.180143
18.971468
18.901905
18.704206
18.59804
18.60902
18.290518
18.773766
19.041023
19.000761
19.154514
17.737696
17.719391
17.649832
17.70475
17.572948
17.463121
17.477768
17.576611
17.653498
17.774311
17.917084
17.810919
18.118446
18.253906
18.429632
18.627323
18.689564
18.477228
18.488211
18.466246
18.462587
18.059866
18.444279
18.510181
18.543123
18.539457
18.488211
18.407665
18.440615
18.69322
18.807713
18.844631
19.132681
19.199148
19.092056
19.202841
19.136368
19.357941
19.073591
18.852018
18.748621
18.744926
18.83725
18.933268
18.900028
19.021893
18.977575
18.907412
18.538122
18.534439
18.671072
18.58614
18.792936
18.859406
18.911104
19.442871
19.73461
19.926636
20.052197
20.063282
20.192526
20.081739
20.218376
20.070662
20.495338
20.462101
20.735382
20.809233
20.975412
21.414854
21.366854
21.038189
20.964333
20.927404
20.790762
20.687372
20.332861
20.181454
20.347622
20.100206
20.007883
20.07435
20.731682
20.953255
20.495338
20.820309
20.872009
21.252375
20.694759
20.022652
19.778925
19.649681
19.483494
19.128979
19.04332
19.121538
19.758425
19.512608
19.147608
19.196026
19.47909
19.47909
19.56847
19.788218
19.385983
19.397144
19.918571
20.112251
20.283581
20.104794
19.948378
19.780766
20.00424
19.903675
19.497709
19.203474
19.181124
19.091743
19.151329
19.598272
19.333834
19.125254
19.572201
19.467915
19.434393
18.737909
18.622461
18.48465
18.320772
18.439953
18.663425
18.935312
18.972557
18.998627
18.696938
18.831026
18.760262
18.75281
19.054495
19.274242
19.035872
19.002352
18.909243
18.972557
18.946487
18.823578
19.002352
18.99118
19.207197
19.371078
19.534956
19.710003
19.523781
19.385983
19.192305
19.4046
19.177404
19.721182
19.972813
20.108013
20.104265
20.017881
20.002861
20.295801
20.040415
19.901453
20.134306
20.337111
20.337111
20.431007
20.288282
20.355894
20.370914
20.539917
20.58499
20.881687
20.847883
21.276039
21.129566
21.144588
21.294813
21.47509
21.215952
21.313591
21.430025
21.463827
21.430025
21.61405
21.602779
21.719208
22.470354
22.996149
22.879725
22.54171
22.673153
22.338903
22.519167
22.477859
22.504152
22.489126
22.432791
22.684422
22.515417
22.725742
22.763292
22.59804
22.534197
22.414015
22.643114
22.628086
22.124825
22.121075
22.196188
22.301342
21.741747
22.199938
22.425287
22.395241
22.342655
22.395241
22.252523
21.944551
22.015905
22.121883
22.216497
22.110531
22.292194
22.409519
22.307337
22.330046
22.394386
22.617691
22.511709
22.447372
22.727449
22.617691
22.534422
22.57984
22.583618
22.666885
23.049149
23.295153
23.370846
23.499533
23.473045
23.707701
23.628212
23.772041
23.756897
23.438972
22.424664
22.053759
21.944002
22.163525
22.485226
22.273275
22.125666
22.224072
22.220285
22.057549
22.178654
22.155945
22.485226
22.613901
22.594986
22.530634
22.610111
22.950745
22.969669
22.943174
22.946957
22.288412
22.356543
22.375462
22.155945
21.913719
22.242998
22.258135
22.753937
22.890188
23.121058
22.73984
22.797026
23.140121
23.010506
23.410784
23.658579
23.982622
24.188477
24.432451
24.64975
24.413395
24.17704
23.952118
24.142733
24.344778
24.657379
24.729815
24.687883
24.779375
24.504894
24.630699
24.88611
24.767929
25.11104
25.114845
24.935675
24.947105
25.206339
25.008112
25.103405
25.842981
25.412201
26.464363
25.808668
25.35121
25.606623
25.431259
25.233021
25.31308
25.278772
25.274965
24.642136
25.122469
24.893734
25.278772
25.25209
25.198713
25.274965
25.335949
25.271149
25.236839
24.783184
25.194901
25.35121
25.526571
25.221592
25.290201
25.255898
25.080538
24.741245
24.135109
24.356218
24.268532
24.218975
24.74873
24.810152
24.817827
25.075026
25.182516
25.059675
25.362942
24.929157
24.848539
24.821672
24.698818
24.802469
24.694986
25.670044
25.650843
26.015532
26.080791
26.142218
25.428196
25.585594
26.042402
26.146049
26.023207
26.495384
26.410927
26.979074
26.506905
27.343756
26.871588
26.714201
25.823586
25.359098
26.203638
26.418604
26.165257
26.199797
26.276566
26.706516
26.126858
25.217068
25.094225
25.988659
25.67388
24.982891
24.37253
24.61821
24.622053
25.243935
25.677721
26.25738
26.126858
26.157566
25.547201
25.005928
25.547201
25.466587
25.627813
25.73914
25.489616
25.26697
24.55295
24.622053
25.078873
24.687311
24.687311
24.834185
24.826462
25.700001
25.955109
25.808231
26.132908
25.684536
25.595642
25.993765
26.326176
25.79277
26.36869
26.101982
26.121317
26.345503
26.492384
26.283657
26.534899
25.989895
25.920321
26.291386
26.028555
25.444901
25.309614
25.46422
25.077694
24.89216
24.718225
24.803265
24.756887
25.676813
25.81209
25.568579
25.738659
25.21298
25.502876
25.352129
25.928055
25.182064
25.390785
24.926952
23.999292
24.834185
24.579081
24.138449
23.732594
23.253302
23.64369
23.13348
23.349937
22.824263
22.994335
24.586815
24.536566
24.818724
24.575218
24.277586
24.861242
25.278688
25.236174
25.568579
25.027456
24.853521
24.946917
24.417625
24.001198
24.067356
24.001198
24.071245
24.553837
24.511028
24.374817
24.020655
23.880547
