Adjusted
17.247726
17.15242
17.326599
17.16556
16.899353
17.080116
16.886208
16.974945
17.040668
16.876352
16.712021
16.567411
16.186176
15.775366
16.058002
15.528873
15.397409
15.535444
15.660335
15.173913
15.423698
15.456566
15.486145
15.45986
15.035881
15.035881
15.167352
15.058897
15.209064
15.043309
15.235584
15.769291
15.603546
15.600227
15.895262
15.533932
15.712934
15.679786
15.716249
15.603546
15.533932
15.235584
15.44111
15.036684
15.553821
15.039998
14.741657
14.728392
15.497469
15.4179
16.236706
16.157146
16.339474
16.200239
16.730631
16.027857
16.064318
15.925096
15.7925
15.341655
15.033368
15.298571
15.905197
15.911834
15.789189
15.772607
15.72951
15.504095
15.712934
15.603546
15.888631
16.01792
15.722878
16.196926
16.193611
16.544994
16.697485
16.813505
16.495266
16.757149
16.714056
16.806875
16.644442
17.012405
16.952732
17.254393
16.309626
15.954932
16.332838
16.47538
16.435598
16.202696
16.30628
16.256165
16.199356
16.259504
16.349731
16.573599
16.573599
17.007992
17.108236
16.934477
17.475796
17.555994
17.843359
18.033815
18.160789
18.180847
17.910185
17.900162
18.114016
17.950277
17.542624
17.850037
17.783211
17.910185
17.826649
17.809938
17.542624
17.5326
17.335449
17.479132
17.188429
17.074816
17.114918
17.365522
17.322084
17.699669
17.81328
17.642868
17.355495
17.649549
17.62616
17.479132
17.175068
17.201792
17.228529
16.864307
16.887701
17.084848
17.241892
17.542624
17.652893
17.592739
17.589407
17.943602
17.8634
17.980354
17.475796
17.345476
17.275305
17.362183
17.312067
17.535938
17.472984
17.668243
17.907282
17.789448
18.112648
18.146315
18.334852
18.375246
18.196823
18.190086
18.129484
18.33148
18.772509
19.119287
18.802814
18.856684
18.792711
18.920654
18.796083
18.33148
18.307917
18.412283
18.405556
18.68498
18.50318
18.681623
18.695082
18.432482
18.466148
18.176615
18.004919
17.843311
17.92412
17.725483
17.853416
17.752411
17.961151
17.927483
18.041948
18.536844
18.63448
18.466148
18.600811
18.732117
18.802814
18.57725
18.368519
18.63448
18.715279
18.530117
18.462784
18.398815
18.32811
18.870144
18.722013
18.961052
19.105816
19.405449
19.974421
20.156206
20.297613
20.324545
20.247112
20.11581
20.502201
20.346292
20.420856
20.268333
20.007353
20.217489
20.058193
19.970066
20.271732
20.576761
20.549648
20.688618
21.030939
20.990267
21.278366
21.244473
21.315647
21.46817
21.346148
21.227516
21.325815
21.237692
21.166517
21.576628
21.349541
21.820662
22.013847
21.912167
21.72576
21.590185
21.617294
21.922338
21.966406
21.946068
21.969788
22.240934
22.285004
22.369728
22.474806
22.234158
22.173151
22.040958
22.298559
22.837465
23.20351
22.837465
22.918804
22.383293
22.142649
22.312115
22.078245
21.66814
21.580019
21.657969
21.410551
21.013994
21.007212
21.529175
21.922338
21.66136
21.793547
22.144829
21.892458
21.735563
21.844706
21.708279
21.609375
21.578678
21.350172
21.104609
21.353579
21.353579
21.309244
21.609375
21.196695
21.148951
21.237617
21.503651
21.64348
21.640068
21.077322
20.402025
20.828352
20.681698
20.807892
21.223982
20.985239
20.596434
20.303125
20.364521
20.255379
20.531633
20.313351
20.558912
20.640772
20.436136
20.446373
20.732855
21.206928
21.254673
21.026167
20.886328
21.169416
20.872692
20.78401
20.838583
21.299013
21.118242
20.835176
21.022755
21.333115
21.169416
21.183056
21.316069
20.954538
20.695341
20.538456
20.640772
20.337233
20.245142
20.190578
19.876806
19.696045
19.788126
19.970137
19.736614
19.68854
19.424099
19.674799
19.716015
19.533993
19.8053
19.867123
20.433771
20.32387
20.416597
20.502457
20.505886
20.626083
20.526497
20.753155
20.86648
20.945473
20.694771
20.86648
20.735981
20.911127
20.945473
20.564268
20.183069
20.488716
20.674164
20.993547
21.134354
21.086275
21.130919
21.61858
21.824635
21.47777
21.474342
21.364454
21.36788
20.86648
21.141218
21.079407
20.814968
20.739414
20.863047
21.051929
20.825272
20.97294
20.756582
20.557394
20.426903
20.289539
20.756582
20.636387
20.876785
20.845879
20.88022
21.529289
21.378181
21.051929
20.780626
20.814968
21.034765
20.934509
20.640676
20.834261
21.169579
21.297482
21.58094
21.328592
21.294022
21.37007
21.37007
21.491056
21.622416
21.491056
21.387348
21.518711
21.453033
21.601679
21.546373
21.847109
21.691555
21.605129
22.013046
22.130564
21.930073
21.587854
21.670815
21.684643
21.646612
21.857485
21.605129
21.484146
21.428839
21.204145
21.463404
21.494514
21.39427
22.089092
22.068342
21.722664
22.037237
21.816
21.757233
21.760691
21.802179
21.670815
21.466862
21.757233
21.795261
21.435753
21.446119
21.643158
21.473776
21.508348
21.854033
22.365635
22.130564
22.140945
22.220444
22.65255
22.939466
23.537498
23.309347
23.478725
23.37265
23.470041
23.685673
23.866547
23.664806
23.668293
23.470041
23.661337
23.417871
23.703074
23.664806
23.536114
23.435249
23.390039
23.240484
23.633512
23.497864
23.671768
23.981312
23.73785
23.863058
23.883928
23.762192
24.144785
24.068258
24.276945
24.356941
24.381298
24.224779
24.499548
24.276945
24.259558
24.082172
24.276945
24.290861
24.42651
24.381298
23.894358
23.616116
23.403954
23.556988
23.348305
23.403954
23.595253
23.51177
23.230045
23.584814
23.69611
23.410908
22.965719
22.673563
22.638777
22.955276
23.000496
22.837032
22.746597
23.386564
23.786539
23.678724
23.821321
23.9048
23.762192
23.894358
23.675655
23.700159
23.878613
23.731642
23.798134
23.857618
23.427216
23.413219
22.93033
22.923332
23.248755
23.346737
23.206764
23.126287
23.175274
23.101791
23.395714
23.598679
23.633671
23.521696
23.623178
23.504204
23.787634
23.409719
23.143782
23.224258
23.101791
23.346737
23.234764
23.066799
23.161272
23.101791
22.47193
22.699377
22.720375
22.380953
22.300472
22.811365
22.622395
23.140282
22.83235
22.828848
22.860353
22.55941
22.282974
21.863066
21.91206
22.104515
21.947046
22.632898
22.457939
22.601404
22.115011
22.003036
21.467659
21.929554
22.394945
23.059799
23.444717
23.311737
23.395714
23.577682
23.280252
23.443983
23.253849
23.028488
23.359474
23.468634
23.887653
23.873568
23.736242
23.943993
23.873568
23.440458
23.591881
23.637648
23.405254
23.605961
23.563711
23.320745
23.429903
23.098909
23.021446
23.049612
22.880596
22.901726
22.922852
22.958059
23.053143
23.239761
22.905251
22.926371
22.98271
22.574255
22.29608
22.246786
22.641163
22.42284
22.053122
22.088335
22.29608
21.947487
22.10594
22.479181
22.514387
22.320724
22.408758
22.570742
22.627077
22.563683
22.838341
23.14469
23.035522
23.102423
22.9475
23.186934
23.398211
23.503847
23.169338
23.169338
23.943993
24.00737
23.961596
23.834837
23.905262
24.109488
24.090006
24.451351
24.284847
24.263586
23.891609
23.735737
23.735737
23.898708
24.072296
23.859726
23.470041
23.732201
23.60821
23.721563
23.399185
23.834932
23.849104
23.795961
24.121885
24.125425
24.058119
24.143148
24.175018
23.958927
23.919954
23.558607
23.84202
23.817225
24.157314
23.764086
24.004982
24.660368
24.660368
24.869385
25.227196
25.46101
25.436216
25.418497
25.042973
24.752483
24.940241
24.770189
24.564711
24.444271
24.302565
24.316729
24.603685
24.43364
24.203369
24.617857
24.309647
24.320271
24.713507
24.763109
24.550547
24.065205
24.299021
24.639112
24.880013
25.007553
24.972132
25.007553
25.188227
25.325483
25.108009
25.457382
25.50729
25.57502
25.578585
25.632069
25.984993
25.849522
25.97073
26.102636
26.102636
26.027773
26.487663
26.940405
26.954657
27.535757
27.55715
27.450184
27.52862
27.307594
27.311148
27.168568
27.300467
27.582092
27.592789
27.0224
26.922571
26.901176
26.869095
26.929708
27.229164
27.361059
27.015263
27.00457
26.890495
26.630259
26.783543
26.822763
26.765724
27.211336
27.539316
27.981365
27.874428
27.874428
28.06337
27.792429
27.874428
28.198835
27.653395
27.407406
27.52149
27.874428
27.667658
27.781734
27.517925
27.610611
27.945721
27.592789
27.574959
27.403858
28.14893
28.516106
29.257629
29.535692
29.589159
30.056177
30.054373
29.660152
29.351942
29.369865
29.900278
29.803524
29.674492
29.846523
29.319689
30.12606
29.885942
29.900278
29.692415
29.961212
29.789175
30.036455
30.283749
30.251493
30.61347
30.574043
30.491623
30.703064
30.69231
30.384094
30.663635
30.366179
30.574043
30.308842
30.498781
30.505951
30.065119
29.971949
29.961212
29.796337
29.713917
29.674492
29.248018
29.122576
29.079567
29.151237
29.129749
29.011477
29.875195
30.509535
30.695896
30.921686
30.789083
30.459364
30.509535
30.351841
30.445023
30.61347
31.011272
31.029203
31.068609
31.348166
31.204802
31.315905
31.234854
31.029539
30.629679
30.644087
30.518003
29.783176
29.030308
28.799757
28.652065
28.810562
29.015886
29.105949
29.732731
29.138367
29.725536
30.067747
29.829981
29.080723
29.044706
28.774534
28.320665
28.871809
28.453943
28.637661
29.289658
29.696709
29.484184
29.181587
29.001482
29.141977
29.289658
29.61025
29.682308
29.516594
29.430143
30.247843
30.190216
30.28027
29.837194
30.107372
29.473373
29.599459
29.480572
29.675091
28.785345
28.457544
28.075712
28.104534
29.023088
28.252216
27.430922
27.611019
27.83436
27.77673
27.740715
27.873983
28.428734
28.637661
28.630457
29.084328
29.044706
29.095129
28.59803
28.324528
28.62158
28.751991
28.799086
29.233784
29.864109
29.74094
29.74094
29.527212
29.393177
29.490984
29.360571
29.088882
29.617775
29.690228
29.574306
29.759058
29.954666
30.211861
29.704712
29.632261
29.404047
29.327982
29.378687
30.074209
29.726444
29.951048
29.940172
29.737316
29.458389
29.143211
29.034542
29.251896
29.527212
30.077835
30.443712
30.378496
30.34952
30.440088
30.708149
30.729891
30.708149
30.813206
30.59222
30.35677
30.805975
30.737133
31.150101
31.095757
30.860304
31.08128
30.570499
30.715395
30.690039
30.842196
30.983471
30.487179
30.508913
30.574114
30.277065
30.052467
29.780781
29.907566
31.671743
31.878216
31.592054
31.718836
31.903584
31.751431
32.066681
32.259827
32.124985
32.154148
32.369164
32.449333
32.43475
31.326868
31.348736
31.592915
31.596556
31.053547
31.02075
31.63665
31.443493
31.417982
31.381533
31.246698
31.326868
31.356026
31.341442
30.780224
30.955143
31.414343
32.252533
32.34729
32.099483
32.354576
32.442043
32.252533
32.135925
31.968283
31.968283
31.691313
32.004726
32.012016
31.771484
31.917257
32.106766
32.237968
32.442043
32.4785
32.369164
32.165073
32.420177
32.4785
32.077614
31.953701
32.128628
32.179657
32.777321
33.185497
32.944973
33.192791
32.886654
32.638824
32.580528
32.296276
32.36187
32.529518
33.580173
33.396885
33.228252
33.352886
33.330891
33.19891
33.220909
33.066948
31.915825
31.563896
31.505239
31.189972
30.874695
31.248629
31.211969
31.490578
31.893826
31.879162
30.948017
31.226624
31.08
30.962671
31.46858
31.57123
32.370419
32.150455
32.187111
31.871836
31.461252
31.277954
31.453924
31.593222
31.31461
31.36594
31.31461
31.387938
31.321949
31.248629
30.684069
31.233957
31.688541
32.106464
32.531704
32.61969
32.59037
32.964287
32.993618
33.059608
33.323555
34.804604
35.105206
34.452675
33.792805
34.056755
34.218048
34.357365
34.276711
34.232716
34.352901
33.726154
34.028473
33.799904
33.748276
34.006336
33.792507
33.858875
34.043221
33.917866
34.773182
34.669949
34.854286
34.898525
35.355698
35.724361
35.982433
35.65062
35.658001
35.370441
34.684708
35.163971
35.318825
34.75106
35.547398
35.702248
35.908703
36.129902
36.211002
35.429424
35.466297
35.200848
35.104996
35.127121
34.861671
34.898525
34.507732
35.001766
35.252457
35.149239
35.444176
35.77597
35.090244
35.65062
36.432213
36.727161
37.029472
37.228554
36.91885
37.383381
36.822998
37.036827
36.255249
36.211002
35.576897
34.78056
35.304073
34.706821
35.304073
35.127121
34.338142
35.47366
35.702248
35.812851
33.785133
34.721569
35.47366
34.647835
34.019798
33.678707
34.338631
34.946659
34.093945
34.820614
34.279316
35.428631
35.176517
34.776112
35.777134
35.562107
36.503803
36.75592
36.214615
36.073742
35.132038
35.33223
35.517624
35.517624
35.673328
36.081146
35.717819
37.215641
37.794003
37.341682
37.223049
37.26012
37.831066
38.238892
39.573593
39.46236
39.988819
39.610661
39.254742
39.573593
40.240921
40.218697
40.589447
40.463383
39.936928
39.365982
39.284405
39.047119
39.254742
39.751545
37.445499
37.794003
37.964546
37.808846
37.868149
38.112846
38.20924
37.734676
38.75795
38.068356
38.431683
38.20924
40.248348
40.767406
41.063999
40.626511
40.174198
41.227123
41.435863
41.025837
40.981091
40.079025
40.630718
39.795731
40.764912
40.056671
40.399609
42.114285
42.114285
42.509418
42.815086
43.18784
42.971653
43.254921
43.478584
43.456215
41.935364
41.898083
42.464691
41.90554
40.615795
41.294228
41.152569
41.301666
41.622253
42.829994
43.158016
42.434864
42.516865
