Adjusted
51
50.200001
51.400002
51.5
50.200001
51.5
51.900002
52.799999
55.400002
55.099998
53.5
51
48.200001
44.599998
44.900002
44.900002
43.299999
45.200001
45.900002
43.200001
45
44
42.599998
43.099998
42.099998
39.900002
40.599998
39.900002
38.599998
37.900002
38
41.799999
41.400002
39.200001
41.700001
40.799999
40.299999
40.200001
40.5
42
40.5
40.099998
40.400002
39.900002
40.099998
38.5
38.099998
37.799999
39.099998
37
39.599998
42
42.700001
43.099998
44.099998
42
43
43.299999
42.5
42.599998
42.099998
42.700001
44.700001
45.400002
45.099998
45
44
43.5
42.5
41.700001
43.5
44.799999
46.400002
45.400002
45.799999
47.799999
50.5
49.900002
50
51.799999
53.799999
55
54.900002
58.599998
60.900002
62
62.299999
60
61
62.299999
62.599998
64.199997
68.699997
68
61.700001
62.799999
65.900002
65.199997
64.900002
67.5
69.300003
74.099998
76.5
77
78.300003
79.800003
80.5
81.199997
78.5
82.300003
87.199997
90.699997
91.199997
91.900002
94.5
93
89.800003
89
83.5
85.400002
86.599998
88.5
87.199997
85
86.099998
87.800003
92.5
96.199997
101.099998
99.099998
93.5
95
102.699997
101.699997
97.599998
92.199997
95.699997
93.599998
95
92.800003
95
94.900002
95.599998
93.699997
91.699997
91.599998
87.400002
87
83.300003
86.099998
85.599998
85.699997
86
90.400002
87.5
85.400002
87.800003
87.5
89.900002
90.400002
92.099998
90.5
91.099998
91
91.599998
92.400002
92.300003
95.099998
97.099998
98.699997
96.300003
99.199997
98.300003
93.5
96
97.300003
97.599998
101.5
99.5
101.599998
101
98.900002
100.599998
96.699997
96.900002
94
94.599998
92.599998
96.900002
96.099998
98.5
102.199997
102
102
104.900002
104.400002
108.300003
111.800003
111.300003
108.400002
105.900002
108.800003
107.5
104.199997
101.800003
102.400002
103.699997
104.5
104.099998
103
103
105.300003
105.599998
105.800003
105.300003
107.900002
106
103.300003
107.300003
107.900002
103.599998
101
100
101
101
102.400002
104.800003
106.300003
107.800003
108.300003
111.599998
111.199997
112.099998
110.099998
108.5
110.099998
106.599998
104.599998
107.199997
110.699997
108.199997
111
114.300003
119.199997
120.199997
122.199997
122.800003
123.900002
123.400002
127.400002
127.400002
126.5
128.100006
130.199997
130
133.699997
132.800003
132.399994
134.199997
137.800003
143.5
144.5
149.5
151.5
148
141.100006
143.199997
145.600006
143.199997
138
139.199997
139.899994
138
140.199997
136.5
135.5
141.5
143.5
142.300003
147.699997
149.899994
147.300003
149.600006
150.5
146.399994
143.100006
138.5
136
139.899994
142.199997
143.100006
143.699997
141.800003
142.600006
144.100006
143
138.199997
133.899994
127
121.599998
125
120.699997
121.5
128.399994
129
126.599998
122.699997
123.099998
122.800003
127
131
134
133.5
133.5
133.100006
133.600006
132.5
130.5
130.699997
130.899994
132
126
123.900002
122.800003
123.199997
122.699997
121.800003
121.099998
123.199997
121.599998
121.5
122.199997
119.199997
115.599998
113.599998
116.900002
118.5
117.300003
114.099998
111.099998
109.099998
111.5
113
110.800003
108
106.800003
107.300003
110.300003
110.699997
109.900002
112.199997
113.400002
113.5
113.099998
114.099998
114
111.5
110.300003
113.199997
115.800003
114.900002
110.300003
110
108.300003
108.599998
107.900002
107.400002
109.099998
108.300003
109.099998
109.900002
112.199997
112.5
112
110.5
111.5
110
110.599998
109
106.800003
102.199997
101.300003
101.800003
102
100.800003
100.199997
99.900002
97.300003
103
107.800003
109
106.699997
106.300003
109.300003
108.300003
110.800003
110.699997
108.5
106.199997
108.400002
106.699997
105
103.900002
109.599998
107.900002
106.900002
108.099998
113
114.900002
117
116.199997
119
118.099998
117.699997
121.300003
121.5
121.300003
118.300003
117.800003
115.599998
118.699997
115.5
118.199997
117.900002
119.099998
121.400002
122.300003
122.699997
119.800003
120.699997
118.900002
117
119
115.400002
115.199997
113.699997
110.800003
111.199997
112.5
114.199997
117.199997
117.300003
117.099998
117
114.699997
112.699997
114.800003
116.300003
117.300003
114.699997
116.199997
116.400002
119.599998
118.300003
121.199997
120.199997
119.099998
120.5
130
130.199997
129
131.199997
132.800003
133.199997
134.399994
131.899994
127.699997
130.399994
131.5
136.300003
141
141.899994
141.300003
143.5
142.600006
139.5
140.100006
140.600006
143.899994
145
142.100006
138.600006
146.300003
146.300003
144.699997
146.600006
147.199997
148
148.899994
148
148
149.5
149.699997
146.800003
146.699997
145.100006
147
150
148.800003
148.800003
150
149.399994
149.800003
149.5
147
141
138.5
138.800003
136.5
136.899994
132.800003
133.199997
132.399994
132.199997
135.699997
131.800003
130.399994
131
129.199997
133.899994
129.5
134.699997
135.5
137.5
135.899994
135.199997
133.899994
130
132
135.399994
133.899994
130.5
133.899994
133.100006
131.800003
133.5
132.699997
131.199997
129.5
128.5
129.800003
134.600006
132.699997
135.5
136.5
133.199997
136.100006
136.800003
135.100006
130.800003
131.199997
128.699997
128.800003
127.5
125.5
125.900002
123.5
122.400002
120.800003
120.099998
119.800003
121.699997
117.400002
119.900002
120
118
118.699997
120.199997
118.699997
119.5
118
116.300003
117.5
115.800003
111.800003
110.199997
110
111
108.199997
109.199997
110.300003
112.900002
112.599998
113.699997
110.900002
111.099998
108.599998
108.5
111.599998
110
119.300003
126.199997
123.099998
123.800003
120.400002
121
120.099998
121
125
124.800003
122.699997
122.900002
121.199997
120.5
122.099998
121
123.5
124.800003
125.699997
124
126.5
126.099998
131.5
134.100006
131.199997
131.300003
130.899994
130.800003
131.899994
131.300003
130
129.100006
137.5
141
136.300003
134.300003
140.300003
140.399994
139.899994
140.899994
141.199997
144.5
151.800003
150.5
151.899994
152.5
151.300003
151.5
149.300003
150
152.399994
152.199997
154.199997
156.699997
154
153.399994
156
159.199997
155.100006
157.800003
157.199997
157.300003
151.699997
148.600006
161
163.5
164.5
162.699997
163.300003
163.399994
163.5
164.600006
164.600006
165
165.699997
169
166.699997
163.699997
160.800003
159.699997
160.199997
160
164.399994
163.399994
167.300003
169.600006
170.699997
172.399994
174
173.399994
166
166.399994
169.300003
167.100006
167.399994
164
164.300003
164
164.5
163.100006
163.300003
172.199997
176
176
172.399994
173
169.199997
172.600006
171.600006
167.699997
162.699997
159.399994
162.800003
163.5
165
170.5
173
178.800003
184.899994
181.699997
185.800003
180
180.699997
185.5
189.300003
190.600006
189.199997
186
187.100006
184.5
189
194.100006
193.300003
192.699997
189.699997
181.800003
191.399994
191.800003
195.800003
195.300003
193.800003
194.699997
191.600006
192.699997
195.199997
198.5
200.199997
201.100006
202
199.699997
201.5
201.5
199.699997
201.199997
204.699997
211.800003
212.199997
210.5
211.300003
211.300003
214.800003
215.5
211.800003
211.300003
213
208.600006
209.399994
216.399994
217.300003
223
221
221.699997
223.800003
223.199997
223.5
221.5
218.399994
221.699997
215
221.199997
222.199997
220.100006
229.699997
233.5
235.199997
237.899994
234.699997
231.100006
230.899994
229.5
226
234.300003
231.199997
234.100006
233.199997
235
236.399994
241
242.300003
244.199997
248.300003
244.699997
250
254.699997
255.800003
255.100006
257
256.200012
252.5
247.199997
243.399994
239.899994
243.399994
245.100006
250.300003
254
256.899994
263.299988
264.100006
257.100006
260
257.600006
258.5
257.399994
255.699997
268
267.5
269.799988
266.299988
272.5
268.399994
268.5
269.399994
266.100006
260.700012
257.5
263.200012
257
259.200012
268.600006
271.5
275.700012
265.700012
261
258.299988
255.199997
248.800003
243.800003
246.699997
249.300003
254.899994
261.100006
264.5
263.799988
262.700012
257.299988
249
246.800003
249.800003
240.5
240
244
234.300003
232.800003
228.199997
239.199997
243.5
234.300003
242.699997
243.399994
244.5
233.699997
229.199997
227
226.600006
227.600006
219
206.199997
193.800003
215.699997
212
207.300003
211.399994
220.300003
218.800003
221.699997
222.699997
211.199997
213
226.199997
228.199997
234.5
230.399994
229.399994
222.600006
218.5
219.399994
211.399994
203
205.300003
204.100006
208.399994
224.100006
224
219.5
229.5
230.399994
225.399994
227.5
232.5
233.100006
224.399994
228.399994
229.300003
235.800003
234.199997
232.600006
223.5
226.800003
223.600006
222.899994
230.800003
235.199997
242.899994
239.100006
232.800003
237
237.199997
232.399994
229.899994
231.5
230.800003
233.699997
235.899994
237.399994
236.399994
230.399994
225.300003
226.100006
224.800003
229.899994
235.800003
239.5
243.300003
245.899994
244.300003
246.199997
244
242
245
245.399994
238.399994
238.199997
239.199997
238.199997
242.5
249.699997
249.100006
246.899994
247.300003
244.600006
223.100006
230.600006
228.600006
230
230.699997
228
210
218.5
227.800003
228.300003
226.5
233.399994
238.300003
235
232.800003
228.399994
229.300003
227.100006
232.699997
236.300003
239.399994
235.399994
234.199997
239.300003
240.199997
241
239.600006
238.5
248.5
253
254.800003
253.300003
241
238.5
237.5
240.699997
232.300003
234.800003
230.800003
230
227.300003
230.5
230.300003
224.600006
224.100006
227.600006
231.899994
229.800003
228.699997
231.899994
230.100006
226.100006
226.300003
227
226.199997
224.199997
229.100006
232.899994
230.899994
235.100006
233.199997
235.899994
241.100006
250.199997
254.5
250.199997
247.100006
240.800003
242
238.800003
246.699997
239.699997
238.800003
238
238.399994
243.800003
243.300003
242.399994
244
243.300003
245.5
246
241
236.800003
233.199997
238.699997
241.5
242
244
242.699997
242.899994
240.5
240.800003
230
230.899994
229.600006
226.800003
220.5
224.300003
224.600006
224.5
227.199997
228
218.800003
219.399994
217.699997
216.800003
218.899994
219.300003
225.399994
223.399994
225.600006
226.800003
225.699997
218.699997
211.800003
212.199997
213.5
217.5
217.699997
216
214.399994
216.899994
215
219.5
217.300003
223.600006
219.699997
221.300003
210.899994
216.199997
220.399994
215.100006
218
219.300003
220.100006
220.800003
224.600006
229.399994
225
229.100006
224.300003
219.5
230.199997
233.699997
232.5
230.800003
223.399994
225.699997
226.899994
227.800003
227.699997
230
232.5
226.300003
226
227.399994
233.600006
239.5
240.600006
240
238.699997
256
241.800003
252.100006
246.899994
244.100006
244.800003
245.300003
241.800003
239.800003
239.100006
235.600006
234.399994
230.899994
227.199997
222.5
222.800003
222.800003
220.899994
222.300003
227.399994
226.800003
229.300003
232.699997
226.5
227.5
231.399994
230.899994
229.899994
235.100006
232
228.899994
223.199997
224.100006
208.899994
204.600006
190.5
191.600006
189.699997
185.199997
175
171.600006
159.5
161.899994
166.100006
171.600006
166.5
170.100006
160.899994
150
139.100006
135.5
145
146.399994
155.699997
152.5
153.399994
152.399994
149.899994
143.399994
145.5
147.699997
155.800003
160.600006
155.5
151.699997
146.800003
143.199997
143.100006
139.100006
144.199997
143.899994
142.100006
140
141.5
137.600006
135.300003
125.400002
118.900002
123.300003
127.199997
130.5
132.699997
133.5
135.800003
131.100006
133.5
133.5
139.800003
139.199997
137.5
136.300003
130.600006
127
124.699997
114.699997
107.099998
109.300003
110.900002
105
101.599998
107
111.400002
107.900002
111.400002
102.699997
94.599998
91.699997
94.300003
88.699997
86
85.900002
35.5
50
55.400002
54.599998
54.400002
47.099998
38
42.599998
53.299999
46
49.099998
52.799999
48.200001
46
41.099998
39.400002
37.900002
41.200001
41.299999
43.400002
40.400002
40.400002
39.900002
38.700001
38.200001
36.5
35.799999
33.700001
36
36.299999
36.700001
37.200001
35.400002
