Adjusted
13.40067
13.350414
13.357118
13.223106
13.001998
13.079047
13.007026
12.973524
12.871339
12.646882
12.613378
12.454246
12.311863
12.022072
12.181207
11.869639
11.722237
11.872993
11.968472
11.786441
11.980268
12.11848
11.965099
11.931387
11.791497
11.612841
11.739247
11.666774
11.530252
11.535305
11.79824
11.987014
11.914536
11.816779
11.954988
11.722397
11.806669
11.719026
11.971841
11.958362
11.931387
11.540367
11.553843
11.614524
11.76959
11.535305
11.351595
11.27406
11.833636
11.680257
12.241519
12.253314
12.177474
12.216236
12.590405
12.163986
12.295451
12.11848
12.106683
11.960045
11.789814
12.010611
12.558383
12.465681
12.445457
12.475792
12.38815
12.275229
12.281966
12.1859
12.826368
13.205602
13.251112
13.458421
13.391006
13.68764
13.908442
13.723042
13.421336
13.721349
13.770233
13.832594
13.754646
13.832592
13.847845
14.10372
13.895288
13.671617
13.725832
14.002043
13.747866
13.603827
13.715668
13.608916
13.324232
13.244585
13.083604
13.324232
13.336089
13.558073
13.52249
13.603827
14.222336
14.096942
13.739394
13.986798
14.112198
14.108807
13.861402
13.930872
14.181665
14.290122
13.891903
14.224032
14.429071
14.000354
13.768199
13.835982
13.613997
13.610608
13.124267
13.458094
13.302201
13.320836
13.412349
13.583488
13.552992
13.615693
13.864789
13.861402
13.669914
13.863091
14.066442
13.52249
13.539439
13.941042
14.112198
13.87326
14.030854
14.556166
14.357906
14.425689
14.16642
14.157951
14.251143
14.344877
14.217063
14.237511
13.934155
13.985277
14.119915
14.247736
14.419872
14.626086
14.835711
15.253263
15.210655
15.326543
15.294162
15.244738
15.522535
15.340181
15.295865
15.181684
15.254961
15.372558
15.95883
15.948614
15.96224
16.023598
15.938374
16.004843
15.858289
15.459476
15.498673
15.56856
15.640127
15.928152
15.94519
16.246853
16.19232
16.016775
15.906
15.554913
15.570251
15.248146
15.285644
15.103284
15.578772
15.795221
16.020178
16.245148
16.338884
16.173573
16.272419
16.275827
16.316721
16.85528
16.972874
16.753027
16.616678
16.614973
16.660995
16.379791
16.37808
16.69507
16.730871
16.812674
16.931973
17.122074
17.166595
17.271061
17.228237
17.406347
17.519373
17.40806
17.161451
17.128906
17.300171
17.365246
17.372103
17.332712
17.236805
17.481703
17.450871
17.652954
17.956072
17.63069
17.65638
17.637541
18.137608
18.043415
18.02458
18.266045
18.242069
18.176994
18.170149
17.997181
18.474979
18.389347
18.286596
18.125614
17.978344
18.349962
18.37565
18.341396
18.471552
18.444153
18.452715
18.606852
18.440731
18.492102
18.23522
18.512655
18.875711
19.2833
19.505932
19.480244
19.406612
19.545319
19.848442
20.040239
19.968321
19.684034
20.792059
20.83316
20.764662
21.264717
20.843437
20.103607
20.053946
19.891258
20.115597
19.711432
19.882696
20.185513
20.367886
20.50897
20.395422
20.612204
20.476292
20.488323
20.785984
20.870291
20.64662
20.751568
20.32832
20.305948
20.543386
20.574354
20.144215
20.608768
20.52618
20.818676
20.66382
20.839321
20.574354
20.078836
19.270176
18.864128
19.28738
18.840044
19.084354
19.665913
19.700314
19.356207
18.602606
18.385815
18.320425
18.754013
18.674862
19.201351
19.407824
19.335556
19.493847
19.855165
20.120131
20.154541
19.562672
19.683111
19.865488
19.672783
20.144215
20.419512
20.653505
20.622526
20.495207
20.701681
21.007929
20.97352
20.684464
20.866848
20.581242
20.182066
20.433271
20.818676
21.045786
20.780823
20.53541
20.013468
19.076742
19.754223
19.864836
19.909767
19.971994
19.49498
19.581398
19.491522
19.218458
19.401657
19.660894
19.985813
20.027292
20.092968
20.169018
20.293449
20.576887
20.490473
20.576887
21.022779
21.129934
20.728975
20.967478
20.932907
21.226723
21.216349
21.067717
21.344242
21.271656
21.541262
22.045925
21.724461
21.71063
21.73138
21.931854
22.377754
22.011356
21.520529
21.271656
21.406458
21.133394
21.472134
21.510157
21.344242
21.641504
21.579288
21.568918
21.555094
21.707182
21.727921
21.648418
21.503248
21.544724
22.056297
22.104677
22.460707
22.343185
22.609337
22.467623
22.495274
22.19677
21.162426
21.259615
21.908682
21.460926
20.926401
20.707726
21.342907
21.422749
21.408869
20.995823
21.186724
21.051355
20.791039
20.898636
20.947226
21.023588
21.002764
20.947226
21.06871
21.554647
21.780252
22.19677
21.978102
21.891327
22.078764
21.728191
21.377625
21.193668
21.370686
21.755966
21.70043
21.769842
21.214489
20.881281
21.17284
20.93335
21.186724
21.592827
22.009336
22.356438
22.668823
22.613291
22.967319
22.589001
22.498749
22.80419
22.713943
22.474445
21.447048
21.762896
21.568527
21.512989
21.512989
21.24226
21.329025
21.436638
21.867027
22.314779
22.071821
22.19677
22.189833
22.214134
22.300901
22.900421
23.046816
23.092129
22.942253
23.224588
23.590584
23.70211
23.353556
23.179272
23.458117
23.688168
23.468571
23.63241
23.3675
23.510406
23.566174
23.357033
23.492971
23.918224
24.068106
23.897312
23.761368
23.70211
23.73
23.799707
23.716057
23.876392
23.810167
24.399233
24.270264
24.284204
24.371346
24.556074
24.855848
24.855848
24.740826
25.218348
25.148636
25.193947
25.221832
24.79311
24.123867
23.771826
23.841532
23.621937
23.78228
23.848501
24.162214
23.963537
24.155243
24.082043
23.928679
23.31172
22.795856
22.586723
23.057276
23.405834
23.451155
23.353556
23.698627
23.63241
23.667261
23.740788
24.020914
24.17849
24.238022
24.062937
24.283535
24.518147
24.465622
24.469126
24.34306
24.038422
24.027918
23.688267
23.936872
24.19249
24.525148
24.423605
24.871805
24.542654
24.633692
24.546158
24.633692
24.455111
24.266035
24.374577
24.336061
24.458618
24.34306
24.01741
23.933372
23.810822
23.768799
23.50618
23.527197
23.390635
22.980942
22.469717
22.760349
22.900406
22.774353
22.644793
22.592262
22.669302
22.725327
22.4382
22.140566
22.256119
22.081036
20.449299
20.151665
20.487808
20.694401
20.690903
21.240656
21.118099
21.114597
20.774944
20.641878
20.529839
20.536835
20.641878
20.64539
20.946526
20.742371
20.921873
21.13307
20.749411
20.855001
20.485428
20.309429
20.510061
20.696604
21.206982
21.048594
20.893724
21.513216
21.36186
21.140108
21.425213
21.347782
21.066193
21.150671
21.305546
20.93948
20.928917
21.126034
21.143633
20.935963
21.006365
21.13307
21.280905
21.330179
21.618811
21.590649
21.453375
21.639927
21.488577
20.978201
20.668453
20.759968
21.266827
21.245701
21.083796
21.164755
21.347782
21.164755
21.32666
21.763119
21.879278
21.742004
21.875759
21.9004
21.837036
23.142891
23.128813
23.399841
23.336489
23.343525
23.343525
23.234413
23.199211
23.199211
22.998581
23.269613
23.392805
23.603996
23.487299
23.137215
23.299881
23.515587
23.603996
23.886889
23.46608
23.582779
22.956865
23.105391
22.80835
23.016987
22.939192
22.900295
22.705803
22.737633
22.748236
22.695189
22.366325
22.603252
22.645683
22.571424
22.896749
23.158436
22.758842
22.978088
23.342321
23.161968
22.935656
22.769447
22.65276
22.465334
22.104652
22.150627
22.284992
22.058683
22.136477
21.82176
21.775789
21.853584
22.472414
22.281466
21.995029
21.574228
21.581301
21.782866
21.358519
21.1322
21.0049
20.969534
21.164032
21.188778
20.951851
21.305483
20.831627
20.386072
20.767975
20.633596
20.478008
20.043058
20.446188
20.803345
20.877598
21.376194
21.269571
21.11318
21.365536
21.361984
21.58235
21.674768
22.168831
21.93424
22.015991
22.012434
22.524273
22.549158
22.534943
22.591805
22.769531
22.648682
22.474514
22.684217
22.648682
23.096531
22.794405
22.925915
22.975685
22.680666
22.847723
23.107197
23.348902
23.480406
23.718557
23.814518
23.90694
23.775431
23.956701
23.956701
23.974468
24.105986
23.739878
23.903383
23.995806
23.846512
23.896276
23.793198
23.66168
24.013569
24.145077
23.903383
24.010015
23.373772
23.121416
22.918816
23.181839
23.494621
23.060989
23.384436
23.540829
23.295582
23.288467
23.761208
23.608364
23.530172
23.626139
23.697609
23.779791
23.811947
23.758337
23.836952
23.715464
23.904854
23.815521
24.69096
24.501577
24.662374
24.7803
24.405109
24.962524
25.137611
25.29484
25.180494
24.89463
25.369879
25.173336
25.126894
24.7803
24.801727
24.673094
24.387236
24.762428
24.565895
25.251961
25.641441
25.637871
25.702183
25.616423
25.373444
25.666454
25.412752
25.348423
25.462776
25.444906
25.67717
26.188141
26.073803
26.359648
26.5133
26.581184
26.063078
26.302485
26.609781
26.406113
26.506153
26.663372
27.152903
27.80324
27.735346
27.763926
27.5674
27.392313
27.353016
27.574549
27.374443
27.388741
27.499514
27.638863
27.660307
27.936697
28.033617
27.940281
27.961824
28.062326
28.317163
27.502375
27.58852
28.012072
27.380333
27.15061
27.190088
26.579878
26.533218
26.206572
26.601421
26.867041
26.228117
26.396818
26.734226
26.759342
26.12043
25.808153
25.535347
25.312807
25.413315
25.054369
25.072308
25.395357
26.023514
26.001978
25.790199
26.005566
26.579878
26.163511
26.091715
26.199402
26.264011
26.278366
26.985485
27.064463
26.870625
26.705513
26.526043
26.005566
26.210165
25.96608
25.495863
24.842592
24.426216
23.352968
23.808826
23.966757
23.349377
22.947357
23.291943
23.360142
23.195034
22.857622
23.299118
23.008375
22.832497
23.105295
23.54948
23.451981
23.336416
23.217249
22.960833
23.220856
23.293076
22.751383
23.538654
23.914238
24.492043
24.304253
23.993675
23.943119
23.661432
23.733664
23.589211
23.802282
23.722839
23.899786
24.015341
24.495655
24.643713
24.156189
23.79867
24.000906
24.051464
24.398144
25.048187
24.874846
24.936239
24.921797
24.799002
25.149305
24.553432
24.343979
24.506489
25.04096
24.997633
25.380421
24.864008
25.181803
25.109579
25.170971
25.459879
25.449057
25.41654
25.705448
25.911299
25.89324
25.387655
27.283604
26.879131
26.640785
26.528835
26.149643
26.406048
26.608278
26.684114
26.709396
26.359098
26.156866
26.156866
25.795727
26.053549
25.940981
26.565542
26.569162
26.736206
26.721678
27.161049
27.186466
27.335348
27.524162
27.426128
27.45154
27.745663
27.723879
27.814655
27.785603
27.469702
27.313547
27.578629
27.988949
27.901785
28.337551
28.232239
28.362961
28.388393
28.461006
27.967171
27.956274
27.967171
28.283077
27.161049
27.233677
27.447912
27.654882
27.35713
27.037592
27.110212
27.389805
27.524162
27.284498
27.30266
27.328087
27.095686
27.081167
26.950441
26.961334
26.972229
27.059378
27.288141
27.898176
27.720243
28.195932
26.797935
27.622213
27.564112
27.230038
27.469702
27.687574
27.945372
28.450111
28.607109
28.705696
28.778708
28.519484
28.676479
28.413597
28.2712
28.19453
28.490274
28.928417
29.176693
29.019699
29.081758
29.49435
30.432707
30.684629
30.454609
29.213213
29.574669
29.578331
29.110975
28.983181
29.534515
29.527214
29.782793
30.315872
30.147917
29.662308
30.155224
29.994558
30.12965
30.637175
30.520336
30.797834
31.027847
31.228666
31.068016
30.684629
30.615269
30.279356
30.509386
30.615269
30.943876
30.984047
31.195812
31.221382
31.009598
30.706545
30.980391
31.093584
31.94795
31.692356
31.582844
31.473299
31.790953
32.075748
32.159725
32.276562
32.360535
33.079819
32.572304
32.73296
33.244122
33.28447
33.23679
33.218441
33.368855
33.449566
33.152428
33.379856
33.625664
33.640339
33.713707
33.603642
33.897118
33.864105
33.559624
33.394539
33.548611
33.930149
34.131901
34.319008
34.38871
34.304329
34.190598
34.040203
33.207439
32.345345
32.697521
32.734203
33.420216
34.065876
34.377697
34.528107
34.410728
34.539116
34.513443
34.49509
34.098896
33.834763
33.643993
33.618324
33.963146
34.117245
34.722538
34.630821
34.594151
34.652836
35.55529
34.733555
34.946327
36.094563
35.988171
37.004375
37.418907
37.503277
37.462917
36.89064
37.620678
36.997021
36.432064
35.749729
34.729885
35.99918
35.650681
36.230301
36.694561
35.644451
35.880272
35.073357
34.509613
31.860407
34.432236
34.266438
33.046837
32.332027
31.363003
33.21265
33.371078
33.360031
34.399082
33.772694
34.855961
34.579624
33.28265
34.535404
34.189053
34.715954
34.870697
34.126415
34.863335
33.669533
33.039471
33.474258
33.897987
33.805862
34.093258
33.735847
35.721836
36.889847
36.248726
36.410847
35.869228
35.474964
35.592869
36.245049
36.491898
37.096169
37.309887
37.070389
36.742458
37.162506
37.169868
37.125656
36.477169
35.858158
35.519188
34.281166
35.275993
35.250206
35.209679
34.052738
33.934818
33.945881
34.520668
33.776386
34.078518
34.358551
33.673199
34.111668
33.36763
33.623043
33.334316
34.09317
32.542133
33.84515
32.760548
31.742544
32.986351
33.426865
32.745728
32.345932
31.572269
32.471809
32.160851
32.560638
31.923943
32.416283
33.297298
32.797569
33.060383
32.64949
33.041874
33.959908
35.322159
35.033417
35.444309
34.215328
34.241245
33.908081
33.175137
32.775341
32.986351
33.101101
35.122257
36.799164
36.251293
36.710312
36.214283
36.173561
