Adjusted
7.066846
7.072499
7.072499
7.083808
7.095113
7.095113
7.338212
7.349518
7.564352
7.603927
7.620884
7.801798
7.716993
7.796147
7.716993
7.801798
7.716993
7.626541
7.688727
7.8147
7.700695
7.6095
7.598098
7.774797
7.6095
7.677899
7.694998
7.575297
7.694998
7.438499
7.358699
7.341598
7.267498
7.409997
7.375799
7.330197
7.467
7.4214
7.535396
7.467
7.467
7.387198
7.4442
7.398598
7.478398
7.438499
7.467
7.626597
7.580996
7.580996
7.723497
7.922998
7.9344
7.9002
7.831799
7.9002
7.922998
7.979998
8.008498
8.008498
8.025596
8.054099
8.0655
8.036999
8.179499
8.036999
8.093999
8.008498
8.008498
8.082596
8.059799
7.968597
7.922998
7.979998
7.922998
7.979998
8.093999
8.179499
8.0655
7.979998
8.008498
7.966783
7.926224
7.932015
7.827725
7.740816
7.758197
7.700255
7.694461
7.740816
7.856694
7.850898
7.781374
7.879869
7.735019
7.763993
7.723432
7.700255
7.77558
7.532228
7.79296
7.972574
7.769788
7.798754
7.821932
7.561198
8.030517
7.677082
7.706049
7.61914
7.63652
7.665492
7.595966
7.503262
7.532228
7.497463
7.514848
7.561198
7.509053
7.532228
7.648109
7.688669
7.735019
7.700255
7.833518
8.018929
7.989957
7.90884
8.129015
8.129015
8.100042
7.943605
7.995753
7.995753
8.111634
8.053692
8.111634
8.134807
8.053692
8.157981
8.1406
8.169572
8.1406
8.100042
8.098865
8.069419
7.957502
7.880933
7.951617
8.016402
7.916269
7.822031
7.69245
7.63944
7.521637
7.539308
7.869153
7.951617
7.651223
7.651223
7.75135
7.76902
7.833814
7.69245
7.663
7.716009
7.839703
7.822031
7.704233
7.733681
7.745462
7.727789
7.716009
7.551089
7.757239
7.621768
7.680672
7.609988
7.657111
7.657111
7.663
7.598208
7.592317
7.556977
7.62766
7.598208
7.545197
7.433284
7.568757
7.580536
7.609988
7.69245
7.745462
7.7808
7.969283
8.039964
8.022293
8.157765
8.352136
8.481722
8.299129
8.293242
8.334469
8.464051
8.511173
8.481722
8.38748
8.39926
8.60158
8.625523
8.52975
8.457921
8.439964
8.260387
8.463906
8.517777
8.410034
8.655455
8.673408
8.787138
8.75721
8.577636
8.721296
8.918828
8.709324
8.888898
9.038543
9.475503
9.523392
9.553317
9.373744
9.403677
9.457548
9.637123
9.912465
9.589233
9.637123
9.553317
9.66705
9.66705
9.720921
9.661064
9.696979
9.696979
9.690994
9.403677
8.966712
8.846992
8.799112
9.224101
9.128327
8.858966
8.966712
9.146285
8.918828
8.996641
8.918828
8.858966
8.858966
8.948754
9.044528
8.930799
9.020582
8.972698
8.930799
8.972698
8.942767
9.433602
9.325863
9.307902
9.541347
9.427614
9.335296
9.22597
9.262414
9.402109
9.104497
9.183456
9.080202
9.128789
9.244192
9.298856
9.140938
9.007316
9.201674
9.34137
9.232045
9.201674
9.086275
9.098422
9.080202
9.068055
8.703629
8.448537
8.393872
8.691486
8.86762
8.721849
8.66719
8.399945
8.442464
8.715777
8.521419
8.442464
8.466758
8.831179
8.86762
8.697557
8.655043
8.515347
8.442464
8.193439
7.980861
8.333137
8.533569
8.57001
8.533569
8.509274
8.387799
8.588229
8.758293
8.819032
9.049833
9.134867
9.153087
8.800812
9.183456
9.25634
9.140938
8.97695
8.849402
9.122719
9.043757
9.128789
9.201674
9.286706
9.217655
9.186823
9.12517
9.168327
9.12517
9.106671
9.371792
9.371792
9.340965
9.39029
9.310137
9.30397
9.495105
9.414955
9.464276
9.365629
9.427286
9.396456
9.451947
9.495105
9.433451
9.254647
9.174494
9.162163
9.254647
9.12517
9.242317
9.236148
9.229986
9.495105
9.624586
9.525933
9.464276
9.371792
9.174494
8.934035
9.057348
9.174494
9.273143
9.100505
9.075844
9.217655
9.248482
9.29164
9.223821
9.310137
9.199156
9.223821
9.082007
9.094339
9.365629
9.248482
9.507442
9.421121
9.273143
9.359462
9.384126
9.464276
9.593757
9.760231
9.815283
9.846559
10.06551
10.415832
10.565971
10.415832
10.428348
10.641042
10.722364
10.497158
10.434599
10.47839
10.759901
10.616019
10.753647
10.484646
10.50967
10.578485
10.47839
10.309485
10.203139
10.06551
9.902859
9.865328
9.777748
9.921631
10.002953
10.009212
9.859072
9.946652
9.890352
10.090534
9.946652
9.834047
9.608839
9.746469
9.721445
9.658887
9.934141
9.696424
9.540027
9.640119
9.446189
9.308567
9.521259
9.546284
9.383634
9.321076
9.314823
9.264774
9.283544
9.246007
9.414913
9.383634
9.264774
9.502493
9.633864
9.758979
9.696424
9.683911
9.546284
9.627613
9.558796
9.546284
9.519609
9.41165
9.570419
9.545015
9.31004
9.39895
9.367197
9.316389
9.322742
9.525961
9.51326
9.602169
9.945103
10.31344
10.243582
10.294389
10.300739
10.122923
10.186428
10.249936
10.300739
10.199127
10.08482
9.976859
10.218184
10.415051
10.173727
10.046715
10.192777
10.249936
10.148325
10.161028
10.249936
10.116572
10.116572
10.256282
10.319794
10.319794
10.453154
10.383298
10.472209
10.389647
10.446806
10.503963
10.70083
10.675428
10.713533
10.70083
10.846895
10.796092
10.732584
10.751637
10.827843
11.024715
11.10727
11.196181
11.113622
10.954858
10.942154
10.827843
10.726233
10.796092
10.827843
10.961206
10.992099
11.004972
11.40398
11.26883
11.391109
11.210913
11.326751
11.255958
11.23022
11.198038
11.26883
11.294574
11.14012
11.101507
10.992099
11.34606
11.455465
11.391109
11.468336
11.40398
11.333187
11.40398
11.487643
11.597052
11.577744
11.680715
11.777249
11.629227
11.70002
11.571307
11.674277
11.97675
11.809423
11.905959
11.867346
11.738635
11.590613
11.17873
11.423286
11.281703
11.313881
11.223782
11.320315
11.384674
11.262399
11.352495
11.255958
11.23022
11.577744
11.687148
11.629227
11.79012
11.4619
11.558432
11.70002
11.854474
11.822297
12.163388
11.989618
11.97675
11.893087
11.873781
11.912395
11.905959
11.74176
11.75479
11.774341
11.578861
11.559311
11.66357
11.598409
11.500669
11.578861
11.761309
11.74176
11.898143
12.074072
12.210908
11.865561
11.748274
11.859048
11.963304
12.03498
12.210908
12.184844
12.223941
12.080589
12.223941
12.321677
12.217422
12.250001
12.289103
12.334708
12.491097
12.667027
12.862506
12.875537
12.99934
12.810375
12.836439
13.142693
13.103596
12.836439
12.653996
13.005857
12.927668
12.927668
12.98631
13.064498
12.947212
12.836439
12.575801
12.43245
12.139235
12.380324
12.282586
12.289103
11.852529
12.230456
12.328198
12.738699
13.051469
13.318621
13.126207
13.113027
13.211872
13.132798
13.257996
13.18551
12.895577
12.86922
12.816499
12.717665
12.60564
12.460673
12.322293
12.480443
12.645176
12.599052
12.579285
12.638591
12.526567
12.585872
12.414545
12.368421
12.500212
12.559515
12.737432
12.638591
12.559515
12.645176
12.684715
12.691305
12.790145
12.711073
12.631999
12.328883
12.295935
12.309115
12.210273
12.111434
11.992822
11.821493
11.89398
11.630398
11.76219
11.696299
11.610633
11.604043
11.320696
11.208673
11.544739
11.64358
11.426127
11.320696
11.314108
11.557917
11.828088
11.801728
11.880804
11.90716
11.617223
11.511791
11.333876
11.36682
11.254801
11.010991
11.183353
11.083143
11.250158
11.303606
11.276879
10.942847
11.089823
11.163311
11.156627
11.250158
11.37709
11.210073
11.023015
11.176669
10.956213
11.002973
11.14995
11.009654
10.882725
10.876043
11.002973
10.989614
10.84932
10.869362
10.829278
10.815919
10.508608
10.361637
10.074368
9.934074
9.640128
9.266013
9.245972
9.379583
9.586686
9.680213
9.526558
10.020926
10.020926
10.221344
10.361637
10.061007
10.134495
9.780423
9.55328
9.87395
10.127813
10.141174
10.161218
10.161218
10.181257
10.288147
9.987521
9.653491
10.020926
10.027604
10.268108
10.488567
10.248066
10.067689
9.87395
9.747019
9.780423
9.867286
10.11159
10.274465
10.335546
10.661283
10.634138
10.552705
10.708789
10.803797
10.654497
10.715575
10.606994
10.444123
10.654497
10.769867
10.702002
10.790223
11.265265
11.115965
11.197405
11.204187
11.09561
11.143111
10.980238
10.769867
10.715575
10.634138
10.098022
10.226961
10.179457
10.11159
10.084447
10.070875
10.145523
10.315181
10.668072
10.315181
10.240531
10.091233
10.064089
9.717988
9.656909
9.738347
9.941933
10.315181
10.165882
10.199816
10.023369
9.894432
9.690842
9.555118
9.745133
9.242948
9.358314
9.568687
9.507612
9.677275
9.656909
9.432961
9.616197
9.894432
10.003011
10.281253
9.758702
9.662017
9.592953
9.22001
9.081882
9.378858
9.427199
9.50317
9.869208
10.117836
10.104021
9.958991
9.668923
