Adjusted
5.65211
5.703934
5.700695
5.529026
5.38651
5.506353
5.794625
5.603523
5.499875
5.506353
5.937143
5.927427
5.710413
5.907994
6.115291
6.01812
6.092618
6.069945
6.105575
6.131487
6.079662
5.937143
6.144442
5.882081
5.454529
5.486922
5.415661
5.444811
5.331446
5.44805
5.473964
5.389749
5.545223
5.593805
5.584089
5.473964
5.451291
5.503116
5.529026
5.512832
5.496637
5.490157
5.522549
5.483681
5.516071
5.185688
5.240751
5.263427
5.444811
5.538743
5.587329
5.72337
5.610003
5.545223
5.665066
5.415661
5.444811
5.499875
5.31849
5.616479
5.522549
5.519311
5.671543
5.619721
5.639154
5.733086
5.859406
5.976013
6.01812
6.01812
5.95628
6.070197
6.079962
5.913967
5.949768
5.917222
6.001849
5.760992
5.640563
5.663345
5.682876
5.634056
5.878163
5.920478
5.917222
5.923732
5.839106
5.95628
6.027882
6.180859
6.265487
6.19388
6.288268
6.4445
6.346855
6.503086
6.724414
6.688607
6.792761
7.124749
6.958755
7.167064
7.144282
7.404664
7.459994
7.473012
7.544621
7.521838
7.427447
7.486033
7.6325
7.691087
7.642265
7.918921
8.110956
8.299731
7.928689
7.941703
7.687835
7.840805
7.791986
7.935196
7.866847
7.974254
7.827787
7.918921
7.88963
7.977504
7.961236
8.052366
8.107699
8.120768
8.003166
7.810439
7.712442
8.006436
8.166499
8.199166
8.143632
8.463757
8.581357
9.012548
8.901484
8.819816
8.656489
8.751221
8.754488
8.764286
8.640156
8.653223
8.55849
9.012548
9.277143
9.097482
9.254272
9.440471
9.371876
9.251011
9.636474
9.636474
9.482936
8.911283
8.816553
9.290211
9.708331
9.799796
9.799796
9.884729
9.858599
10.051324
9.95333
10.034993
10.175456
10.152588
10.221189
10.293052
10.413919
10.384519
10.351851
10.701376
11.005173
11.165234
11.171771
11.207703
10.763448
10.524982
10.913707
10.81244
11.204435
11.674829
11.031308
11.43636
11.900218
12.21708
11.756493
11.746665
12.368878
12.162569
12.178937
12.247709
11.959532
11.966082
12.431098
12.234611
12.139641
12.142916
12.234611
12.300107
12.431098
12.591565
12.689807
12.683258
13.443011
13.102428
13.000911
13.426634
12.765133
12.601385
13.213771
13.253065
12.932141
12.630859
13.154822
13.472478
13.279266
13.308739
13.49213
13.891647
13.963701
14.255157
14.654677
14.785666
14.720178
14.487666
14.821693
15.142617
14.972333
14.039013
14.700531
14.648131
14.726722
14.458192
14.703804
14.251884
13.515051
12.955061
12.987811
13.164651
13.642767
13.78686
13.809786
13.796688
13.724639
14.392696
14.097964
14.114336
14.3272
14.556435
14.048849
13.180249
12.729501
11.798393
11.860908
12.666989
12.742659
12.834786
12.489323
12.512353
12.75253
12.229405
11.811561
12.127409
11.762204
12.008965
11.818137
12.206373
12.989421
13.058512
13.028903
13.729697
13.732989
13.555324
14.048847
13.571771
13.920528
13.469776
13.25593
13.505974
13.400691
13.700089
14.032391
14.575266
13.953432
13.881045
14.048847
14.252831
13.979753
13.913943
13.394107
13.594802
13.798791
13.331594
13.351334
13.614545
13.805374
13.802085
13.206572
12.815047
12.499193
12.611053
12.693309
12.818339
12.923621
12.861106
12.972976
13.061798
12.71963
12.894006
12.703181
12.588024
12.446553
11.79495
11.629573
11.672568
11.871028
11.70895
11.110277
10.690207
11.269041
10.779511
10.845666
10.518213
9.75746
9.863304
10.088224
10.084913
10.240371
10.091532
9.807076
9.463086
9.671458
9.714464
9.638388
9.393621
9.535851
9.456467
9.853381
10.210601
10.061764
10.660438
10.600905
10.872128
11.06397
11.110277
11.123506
10.891975
10.895278
10.41237
10.557904
10.925049
10.882049
10.27345
10.468598
9.988994
10.207298
10.356139
10.485137
10.75636
10.557904
10.693517
10.921741
11.14335
11.22935
10.964743
10.733208
10.964743
10.749748
10.911822
10.759667
11.490656
11.583262
11.778413
11.593185
11.473431
11.712944
11.892581
11.975742
11.756191
11.576552
11.144095
11.317081
11.097525
10.864664
10.98442
11.100848
11.446815
11.593185
11.626455
11.283813
11.04097
10.811439
10.66839
10.525351
10.994395
10.718294
10.532005
10.744905
11.021012
11.253873
11.476756
11.842679
12.055586
11.949132
11.776154
12.018991
12.152056
12.38159
12.398222
12.517978
12.557901
12.56788
12.428165
12.554571
12.441469
12.577861
12.611123
12.414857
12.594494
12.348327
12.458105
12.38159
12.428165
12.907191
12.993684
12.93713
13.239846
13.422813
13.955072
13.26314
13.472713
13.339649
13.406181
13.386225
13.639042
13.672311
13.968379
13.688948
13.332995
12.184813
12.191504
12.365575
12.084391
11.682692
12.027481
12.168074
11.953835
12.315367
12.399051
12.41913
11.736248
12.124559
11.973922
11.712817
12.111168
12.753881
12.897824
12.680241
13.098673
12.717062
13.008288
13.517106
13.269392
13.209137
13.399945
13.055151
13.095326
13.038415
12.924599
13.232574
13.580714
13.60079
13.098673
12.981512
12.51956
12.516212
12.382312
12.111168
12.047565
12.298629
12.255111
12.57312
12.509517
12.64676
12.55241
12.673723
12.569261
12.855692
12.788296
12.737743
12.791661
12.838838
12.929823
12.872536
12.882647
12.538931
12.043577
11.905415
11.888565
12.003139
11.939113
11.982917
12.149203
12.305317
12.424089
12.963678
12.610743
12.48178
12.671827
12.675217
12.495355
12.658251
12.576802
12.203506
12.491961
12.580198
12.780422
12.682008
12.600559
12.461419
12.301919
12.186533
12.597165
12.922956
12.953495
12.939923
13.292867
13.472721
13.482905
13.469327
13.510054
13.730639
13.947831
14.192175
14.005528
14.178596
14.053041
14.840355
14.558685
14.596019
14.389006
13.886744
14.031042
14.075702
14.21656
14.031042
14.250924
14.151289
13.852394
13.766494
13.367972
13.302695
13.27177
13.007229
13.343918
13.608458
13.745884
13.45386
13.374834
13.385146
13.374834
13.206493
13.110297
13.223676
12.625426
12.041013
11.819693
12.172419
12.514767
12.452522
12.483646
12.532057
12.860573
12.483646
12.054846
11.747079
11.985683
12.02718
12.238123
12.459443
12.549347
12.535515
12.542434
12.289995
12.189707
11.435848
11.086583
11.093498
11.584543
11.906146
11.868109
11.674456
11.726328
11.964931
11.971852
12.082509
12.289995
12.206996
12.476731
12.535515
12.732626
12.511311
12.317657
12.08942
12.096344
12.355696
12.445608
12.238123
12.684211
13.140679
13.327418
12.978152
12.89861
12.767209
12.545888
12.684211
12.704961
12.846743
13.106096
12.947026
13.116471
13.133764
13.268625
13.216759
13.420783
13.635187
13.555653
13.687901
13.47908
13.433835
13.451242
13.489516
13.792309
13.948921
14.025483
14.042888
13.740106
13.806227
13.924552
14.018521
14.112493
14.32479
14.537086
14.540562
14.276065
14.272584
14.244743
14.58581
15.017359
15.086968
15.069569
14.805069
14.185577
14.202979
14.310866
14.422239
14.199494
13.872353
14.0046
13.868873
14.199494
14.32479
14.676289
15.07653
14.954718
14.958198
14.857268
14.930354
15.219221
15.414116
14.907234
15.118435
15.128991
15.417633
15.646437
15.60419
15.93859
15.847076
16.107553
16.561634
16.551073
17.005163
17.237478
17.103718
16.973475
16.540518
15.868195
16.068832
16.551073
16.445477
16.793955
16.270247
16.231329
16.330406
16.963806
16.418875
16.602873
15.930547
16.348101
17.031033
17.158428
17.20443
16.921335
17.466278
17.487513
17.696285
18.02891
18.113834
17.791826
17.646748
17.629055
17.756441
17.710438
18.035984
17.905064
17.632591
18.329687
18.372147
18.177526
18.411072
18.591532
18.304913
18.835697
18.556149
18.421686
18.439383
19.228474
19.002014
19.263861
19.454941
19.384172
19.589411
19.483255
19.320482
19.645466
18.981215
19.088348
19.213346
18.927647
18.756226
19.202625
19.695459
19.681175
19.102633
19.599035
19.691895
19.213346
20.170435
21.338238
20.641842
21.084675
20.923975
21.763212
21.541798
21.234148
21.808527
22.174694
21.054655
21.155174
20.598736
20.929007
21.618261
21.708008
22.185463
22.60548
22.723944
23.064983
23.086527
22.415211
22.135208
22.472654
20.828485
20.555658
20.401289
18.642252
18.290445
18.839695
18.046326
18.767897
19.008419
19.539719
19.758705
18.534552
18.979702
18.473526
18.175564
18.674559
19.28125
19.223812
18.624302
18.028379
17.407335
17.357075
17.988899
18.046909
18.826509
19.326912
19.120228
19.297897
19.083963
18.492916
18.739491
19.138353
19.468325
20.374844
20.559771
21.647593
22.173368
21.67297
22.29303
22.550482
23.243057
23.319208
22.118982
22.510595
22.343796
22.833263
23.161266
23.758982
25.35531
26.273733
24.666481
24.236422
24.017746
24.33482
23.89747
23.062872
23.536663
23.824587
23.598614
23.008202
24.127083
24.225491
24.276516
25.318855
25.44643
24.863293
23.842813
22.414135
22.097057
20.752205
20.026936
19.954052
19.779106
20.238323
19.3454
20.413263
20.661091
19.866579
20.405972
20.285706
20.679323
18.918991
19.247004
18.678448
18.197359
17.869347
17.297152
16.201035
16.923136
18.159975
17.885939
17.393433
17.567474
18.23033
18.215519
18.441406
18.811718
18.441406
18.567318
20.463295
20.518848
21.674206
20.996546
21.315012
20.789173
20.978029
21.0669
20.792871
19.805925
20.260296
19.206316
19.306871
20.241674
19.072235
18.807808
18.994032
19.403702
19.463287
19.165342
19.701653
20.319885
20.532173
20.975361
20.774246
20.532173
20.856188
20.256567
20.297541
20.19697
19.925108
19.77986
20.178362
20.379475
19.954901
20.323603
21.284487
21.19138
21.105715
21.094543
21.377594
21.07592
21.236067
21.258413
21.679264
22.107561
22.938084
22.476265
22.088938
21.716501
20.092701
20.164465
20.527037
19.639484
19.677254
20.183344
19.359995
19.159828
19.492184
19.182487
19.42798
20.206003
20.466604
20.206003
20.11536
20.194675
18.695272
18.52154
19.503513
19.937853
20.300423
20.542147
20.224888
20.894655
21.464514
22.030565
22.030565
21.434118
22.079948
21.460716
22.243317
22.725794
22.706797
22.566233
22.433266
22.490252
22.976522
22.676397
22.889147
23.231056
23.299442
23.071501
22.433266
23.109495
22.345886
22.007778
21.650675
21.863413
21.335344
21.806425
21.134001
22.190128
23.477999
23.500793
23.345032
23.098095
23.417212
23.884493
23.364029
23.147486
23.455208
23.553976
23.523582
23.4818
23.307043
22.581425
22.349689
22.691603
22.824568
22.319292
22.835962
22.178726
20.837671
20.453974
20.719902
21.323952
21.259371
21.171988
19.181295
19.35985
19.557402
19.849926
19.716963
20.207035
20.555937
21.022163
20.406897
20.441296
20.09354
20.617086
20.158504
21.006884
21.530428
22.310013
22.352051
21.052736
21.591568
21.977543
21.694752
21.110052
20.850189
20.79287
20.620901
20.418365
20.502438
20.349575
21.473104
21.641249
22.103661
21.996651
21.587749
22.34823
22.760958
22.894712
23.662838
21.304958
21.939329
21.484571
20.876947
20.288431
21.186491
21.473104
22.031048
21.683283
22.141867
21.408138
21.545713
22.990244
23.200426
23.861551
23.830976
23.911232
23.659004
23.808048
24.725212
24.732857
24.537962
24.973612
25.294621
25.500982
25.757025
25.833458
25.821995
26.360825
26.926411
26.723875
26.813318
27.320013
27.296986
27.385271
26.928474
26.540762
26.874725
27.009089
26.625208
26.87089
26.279728
26.106989
25.780699
25.857475
26.360346
27.139595
27.496597
27.696207
27.458212
28.022505
27.266279
27.991791
27.511942
27.627111
27.366085
27.231722
27.312347
27.784506
27.389116
28.310387
27.749954
28.640528
29.112692
29.853561
30.210562
30.517653
30.440876
30.010948
29.224016
28.613655
29.243202
29.726871
30.314201
31.381359
32.11071
32.406296
32.06081
31.807449
31.212448
31.976368
31.803619
31.189428
30.072369
31.504204
31.600178
31.792099
32.506104
32.667332
32.88229
33.937935
34.122192
34.014709
34.932156
36.424023
36.300755
35.800003
35.399403
35.861629
37.618118
38.145832
38.130424
36.59351
36.246822
34.567368
34.648266
36.119713
36.200596
34.575085
34.883244
33.180683
32.9226
33.812397
34.941017
33.072823
33.30394
33.820103
32.105991
29.995111
28.146179
29.621485
30.800179
31.312487
32.968815
32.444958
33.562012
33.018894
31.601383
32.780079
32.737698
33.673725
35.071983
34.455666
35.322357
34.736855
34.309292
35.426361
35.245319
37.017212
37.633511
37.39085
39.790611
40.638042
41.435402
41.859112
41.489326
40.526337
40.025585
41.138805
40.403069
42.825943
42.044018
41.408443
41.701176
42.62566
41.6511
43.550114
45.221867
43.821026
44.96426
43.990963
42.84774
42.728008
43.933029
42.38427
41.221737
42.928848
43.195343
43.577717
45.130329
45.520424
44.033463
45.450893
43.276459
43.566124
42.550343
43.836479
41.750862
43.10265
42.334053
38.332779
39.155437
40.167343
38.533623
38.637894
35.725758
35.474716
34.783375
35.980686
34.489841
34.482121
36.270332
37.328594
38.209183
37.405834
37.60667
39.240406
40.511078
41.750862
41.781757
39.669113
40.889576
39.800438
39.437378
36.65657
37.413567
37.989048
38.977768
39.746361
40.070797
41.194695
40.13258
40.379765
