Adjusted
51.405079
51.349567
53.829147
53.616352
53.246258
53.348019
53.061218
53.264759
52.977943
52.395073
51.913944
51.395824
50.405842
48.620167
48.592415
47.001045
47.787472
48.7127
48.388863
48.009533
48.666435
49.008766
48.139065
48.435131
48.740448
48.222328
48.046551
47.685699
47.065807
46.677216
47.833744
48.259342
47.833744
47.139828
47.46365
45.742752
46.122086
46.445904
46.575447
47.556183
48.435131
47.889271
47.593174
47.259777
47.083813
45.944687
46.000275
45.379761
46.324402
46.120651
47.611702
47.861771
51.103168
52.603489
53.029488
51.362484
51.751461
52.047821
52.464561
52.325653
51.001297
51.168007
52.723873
51.936672
51.72366
51.973721
51.501408
51.844055
52.057079
53.214729
53.974125
55.05769
53.881535
54.548328
53.279549
54.22419
54.307545
54.900257
54.446461
55.502232
55.205887
55.455933
54.872471
56.25238
57.169243
57.10442
56.669125
56.289436
57.465603
58.660286
58.169453
57.206268
57.484116
57.882362
56.289436
56.493156
55.474419
55.72448
56.622833
57.502632
57.623039
58.002754
59.25301
59.836468
58.336132
59.484528
59.734596
58.539894
58.160194
59.012901
59.772903
60.217819
59.188999
60.37537
59.782192
59.782192
58.873852
58.401192
57.455772
56.046967
55.333282
57.854328
57.965549
57.492836
57.085041
57.62262
57.020157
58.364098
59.624634
59.65242
59.170456
59.077782
59.596821
59.615341
59.411442
59.429985
60.542217
61.172482
60.236328
60.208542
59.828526
60.477329
60.393902
60.088055
59.16119
59.680241
59.930481
59.967556
59.328033
59.550484
59.661697
60.430965
61.181717
61.988091
61.97884
62.099331
62.432972
62.627632
63.165211
62.627632
63.332054
62.182724
61.5154
61.246613
61.079762
62.12711
62.191978
63.294952
62.979858
62.331047
61.802761
61.737778
60.995747
60.402126
60.531963
60.51342
60.272293
61.292568
61.691425
63.630005
61.450241
61.209076
61.867668
60.467052
59.641533
59.168507
60.123856
59.762119
60.995747
60.698948
62.062439
62.887959
62.489101
62.693153
63.815529
63.592884
66.180771
68.314117
67.961685
68.55529
67.664856
67.330933
67.340195
66.959908
66.922821
67.303108
66.783684
67.868935
67.748352
68.564568
70.271301
70.735054
70.503136
70.466049
71.569855
71.328674
71.124603
70.549538
70.846344
71.495628
71.328674
70.503136
69.603424
69.473602
69.019089
65.373795
66.078728
66.672371
66.542519
67.432968
68.175011
68.249229
67.887474
67.627747
67.275276
67.006302
66.561089
66.876709
67.94429
68.464149
68.844727
68.983994
65.920563
64.704391
64.453773
64.333084
64.045303
63.887497
63.924614
64.927177
64.054596
62.662113
63.024147
63.079826
62.754906
62.132961
61.622356
60.378391
63.302639
64.054596
64.091728
64.351608
64.927177
64.240242
64.982918
64.555878
64.639427
64.565163
64.286682
63.441891
63.404762
62.457859
62.355713
61.98439
60.55479
60.267014
61.390285
62.801361
63.683243
64.806519
64.398064
63.971016
64.314545
63.7761
63.841045
64.063858
63.720352
63.841045
63.646099
63.850361
63.75753
64.221695
64.463043
64.277367
63.822502
64.518753
64.073143
63.69223
61.508739
61.573784
63.032516
62.344933
63.580692
66.516777
66.879143
66.22876
66.033615
66.516777
66.015045
67.836159
67.631744
68.746689
69.332077
69.833794
69.499298
70.679298
70.186859
70.372665
69.740868
68.588737
69.508606
69.053299
69.462128
69.638664
69.220551
68.644478
67.854706
68.598053
70.038208
68.895355
67.808289
68.941803
67.891891
67.213631
66.814087
67.668922
67.882622
67.910484
67.204346
66.544655
65.671272
66.135834
66.24733
65.624786
65.96859
65.550491
66.646866
66.191536
65.977875
65.634087
66.804802
68.542282
68.663094
68.049866
68.365746
67.659607
68.542282
68.904655
68.960381
70.335526
71.116707
70.68895
71.553833
71.321289
71.981613
72.697693
72.474518
72.753502
72.520996
72.939499
74.446121
74.167114
74.241486
75.125
75.394684
75.971306
75.23661
74.864609
74.455406
75.311005
73.776497
74.343811
74.33448
73.934616
74.399605
75.608604
75.143593
75.162216
77.012886
75.85968
75.487694
74.929688
74.73439
74.827385
75.515594
76.185196
76.147964
76.678078
76.082909
75.775993
73.702126
72.669807
71.907204
73.478905
73.181328
71.935135
71.079514
73.06971
73.125496
73.748596
73.09761
73.748596
75.283112
75.999176
76.268913
75.831779
75.636497
75.562088
76.25029
76.520012
77.49646
77.198891
78.305542
78.026375
78.138039
79.729668
80.511528
80.353241
79.93441
80.976883
82.010025
82.419594
82.549873
79.310799
78.147331
78.733749
79.487671
79.301514
79.152603
79.757568
80.288086
81.572601
81.339897
82.177559
80.83725
79.990295
80.464958
80.874504
79.050224
79.115356
80.232285
80.883827
80.604576
81.786629
83.257263
81.702873
80.921051
82.475418
83.573723
84.281128
84.811646
84.420723
84.67202
83.918114
85.146729
85.574883
86.859344
86.207802
86.207802
88.236885
88.76741
88.385826
87.250267
87.911118
88.218269
87.538803
88.683632
88.823273
89.083893
89.083893
88.823273
88.450966
89.297974
90.200806
90.005341
90.684822
89.59581
92.174065
92.779465
92.071579
92.397575
92.67701
91.978416
91.009743
93.152039
93.22654
93.636368
92.798065
91.98774
91.102905
92.127464
92.611771
92.164719
91.736275
90.720993
89.100334
88.988541
88.662575
88.401772
89.035126
88.867477
87.991928
87.33062
86.920799
87.414429
86.855537
85.290771
84.145103
86.101135
88.029167
87.973289
87.712479
87.954643
89.091019
89.156242
88.867477
87.954643
89.752319
89.510139
90.15284
90.041054
89.854774
91.289192
89.705772
90.516106
91.605873
91.047012
90.674446
89.081703
90.0131
91.019066
91.68969
91.074944
91.372993
90.497482
91.214653
92.770164
94.586395
93.822678
92.806709
92.387283
92.955826
93.748093
91.93055
90.346016
90.262108
89.600372
88.379379
88.220879
87.493881
87.512497
88.174271
86.8787
88.547112
87.568451
86.07708
86.571114
86.580452
86.785507
86.599068
84.837433
84.529869
85.583122
83.187706
80.326218
78.247673
79.002678
79.27298
78.005341
81.183708
79.794907
80.130478
78.881516
79.310242
77.977386
79.179764
80.15844
79.114532
80.661736
81.267586
80.810883
81.714981
80.577866
81.649742
79.543251
78.862846
80.596519
81.584511
83.057205
83.159744
82.311531
82.70298
82.656403
82.675049
84.194344
83.774887
83.346146
84.063835
85.051842
84.529869
84.352806
83.849434
83.681549
81.741074
80.640274
80.882813
79.455482
80.52832
80.892143
81.46122
81.927666
82.310181
82.207558
75.3507
74.725655
74.744331
76.087708
77.244469
75.5746
76.722092
77.431068
76.768715
77.263138
78.326691
78.130775
77.151184
77.888191
77.804245
77.468414
76.600792
76.647438
78.699821
79.268883
79.39019
78.270676
78.970345
78.998352
79.78199
78.447952
79.07299
79.763329
78.970345
79.296883
78.923714
78.970345
78.951721
79.110329
79.623405
78.970345
79.352859
78.699821
78.550552
79.007683
79.082329
78.214729
76.973946
76.852669
76.917953
76.199654
76.684761
75.910446
75.975746
75.145485
75.108131
75.8918
75.705193
74.986176
74.481895
75.686516
74.724693
74.519234
74.44455
74.883438
72.773018
71.904533
77.647575
77.815651
77.600861
78.142479
78.768166
79.608604
81.252113
81.364189
80.579788
79.926079
79.944748
81.476257
81.616333
82.213936
82.447426
81.354851
80.850578
81.803085
82.326035
82.260666
82.951683
83.306526
82.671539
84.968735
85.062157
84.483154
83.586693
84.632553
85.846535
85.659798
87.312622
88.45192
87.350006
88.050354
88.031677
88.591995
89.283028
89.647209
89.974045
87.835571
87.28463
89.404404
91.328072
91.505501
91.748299
91.608215
91.682961
90.45031
91.421486
91.160004
91.86972
91.346779
89.451118
92.458031
92.896919
91.20668
91.664665
91.674011
92.103943
93.318878
94.019798
93.365601
92.73941
92.047829
96.91703
97.449738
97.720787
97.431084
97.393715
96.945076
96.627304
96.561905
97.982475
96.982475
95.879639
96.18808
95.318893
95.113274
93.748787
93.459061
91.767464
94.03849
96.00116
93.412331
93.702049
94.599274
94.206749
95.234779
95.758163
95.533836
94.533836
93.21608
92.057159
92.047829
92.141289
91.608543
93.814217
93.038513
93.225449
94.505798
96.91703
97.477791
97.786194
98.178719
98.169388
99.440422
99.748856
100.150719
101.533928
100.22551
103.206841
102.244255
104.206833
104.281616
104.674156
104.468529
105.076454
104.758461
105.048424
107.330429
108.490158
107.096596
107.498764
106.619644
105.890144
107.031166
105.68438
104.571411
105.441216
105.328987
104.580734
104.244064
105.62825
107.255638
109.350594
110.098824
110.547714
109.518921
110.173615
108.546295
107.012466
107.414612
105.955612
107.81678
108.17215
107.81678
107.91964
108.181519
106.413895
106.909584
107.741943
107.67646
106.245514
108.564995
106.787979
110.547714
111.585846
111.352028
111.688728
110.444824
109.677933
107.610985
107.966393
107.957024
102.803764
102.177147
102.261322
102.925377
100.708786
100.372093
100.746208
100.531097
100.362762
102.195831
104.141212
103.935425
100.764915
101.260582
100.774231
100.867867
99.753944
98.377991
98.471573
98.864754
102.496574
102.627647
102.702522
101.392059
106.577698
106.222023
107.682228
107.663513
106.718132
105.744652
109.516869
109.385841
110.724411
109.676033
109.105034
107.083183
107.635437
107.420166
105.398308
103.479408
102.037895
101.860069
101.466949
105.257896
101.214165
101.551186
103.376457
102.318741
99.838181
95.307777
98.555824
98.012924
96.608864
96.711815
98.611984
97.825722
96.56208
95.841309
92.106529
93.86628
92.050331
91.966125
93.70713
97.488747
97.563614
97.236031
94.905289
94.240677
92.817924
91.844421
92.808563
94.446602
93.71653
94.109619
94.568306
95.307777
95.055069
94.315552
94.156296
94.353065
95.32737
98.194237
99.833786
98.372269
99.215446
100.789429
100.096107
100.742569
99.309151
99.337234
98.71888
102.653778
103.244034
102.756836
101.819954
101.501404
102.625664
104.368279
105.801689
105.211479
104.64933
105.914116
103.993538
105.108406
106.785423
109.277519
108.509285
106.335739
108.003357
108.86528
107.413139
108.012733
107.890945
108.162613
106.832253
108.565491
107.310081
105.398842
105.014717
104.995987
106.747932
107.769135
107.63797
106.316994
107.506828
108.12516
108.20945
109.905228
110.682846
110.027023
110.158195
110.158195
111.14193
109.952103
108.771599
108.584229
108.677933
108.14389
107.619278
108.706032
110.064507
109.118248
109.455528
108.105392
107.88974
107.542809
106.117645
107.796005
107.880348
107.880348
106.886467
104.870667
101.767204
100.763985
100.717102
101.204636
101.214012
101.842201
102.920441
101.710968
100.820229
101.120255
101.420296
100.87645
100.9515
102.067238
104.711288
104.308105
103.895546
104.054939
102.779808
102.4048
103.679893
103.661133
103.032959
103.886192
102.395378
103.511131
104.908173
107.805344
106.745857
107.824104
108.039772
106.652092
106.31456
106.117645
106.4552
110.243118
109.971207
109.746185
110.908791
111.696396
111.583878
113.421585
109.689949
106.623985
107.102142
107.036514
105.480095
104.233101
105.545715
105.339439
106.587456
107.600861
108.041908
105.742981
105.677261
104.982895
104.288506
105.545891
105.367599
104.147751
103.809952
105.761734
103.997612
103.265717
101.03241
101.060593
100.807228
99.531059
100.994888
101.44532
102.111519
102.524406
101.651741
100.600784
101.858177
101.257637
101.783096
101.858177
101.238892
100.685242
102.308578
101.285805
100.544464
101.454689
101.595413
100.610168
98.939926
99.568588
101.069977
102.599472
102.749603
102.252274
102.017693
101.848778
100.628929
101.586052
100.78846
100.262985
102.224129
100.619514
99.981506
99.296478
98.048485
99.52169
99.390305
99.427826
101.801865
102.10215
104.738922
104.429276
104.082062
103.687965
102.543152
100.871384
102.749794
102.026604
100.542671
102.205048
104.045914
104.600075
103.238182
101.491272
103.125465
104.177422
103.275749
104.797279
104.900574
104.816071
105.539253
104.224365
104.055313
104.252556
103.670189
104.102272
109.108269
105.952492
106.619362
107.464661
110.122627
108.610474
109.343071
109.474571
110.075645
108.638649
108.60112
106.497246
106.083992
104.158607
102.965813
105.210526
104.008324
104.384026
104.149231
101.960838
104.092865
104.543686
103.397858
102.843704
102.411674
103.388466
101.031021
100.185768
97.837723
101.434898
102.30838
102.195641
103.848671
103.604485
104.327667
103.820511
101.228279
103.238182
102.345947
103.012794
104.111664
103.238182
103.567223
101.72467
101.527275
102.119537
101.367439
102.392128
102.636574
101.630684
102.457939
101.066666
98.190033
97.860985
96.695313
98.32164
98.45327
98.368645
98.472031
99.835159
100.11718
98.979683
98.472031
99.703529
99.741127
100.69059
100.859795
100.013771
101.066666
99.4403
98.603661
98.584862
98.998466
97.127747
96.855133
97.973808
97.955017
97.10894
97.710609
97.193558
97.043129
97.146568
95.144226
96.2911
96.441513
97.607201
94.608353
96.300507
93.762283
93.517899
95.839859
95.181801
95.294624
90.998535
88.41333
87.755287
86.213577
87.990311
86.157181
87.623688
91.299339
90.425087
92.568436
91.421539
91.383934
91.54377
92.587234
94.213531
94.919296
91.908073
92.190384
91.456436
90.261337
90.242508
91.051773
89.047424
88.1064
88.727486
86.694908
87.428894
86.478477
85.273956
