Adjusted
17.286299
17.406775
18.281563
17.736784
17.736784
17.626783
17.537733
17.417257
17.579639
17.370106
17.155336
16.762465
16.291027
16.374834
16.631514
16.458643
15.992436
16.338167
16.458643
16.217688
16.343409
16.306736
16.243881
16.124575
16.14048
15.551916
15.695077
15.164846
14.661114
15.477676
15.504197
15.695077
15.695077
16.007927
16.092766
15.689775
15.594337
15.244381
15.546608
15.642056
15.615541
15.467075
15.832944
15.917776
15.642056
15.589032
15.403456
15.509501
15.742805
15.748104
16.066244
16.421505
16.463928
16.410906
16.840393
16.336666
16.607094
16.410906
16.612394
16.665422
16.702534
16.967655
16.845695
16.914633
16.962347
16.644211
16.591194
16.55407
16.458626
16.257137
16.840393
17.116121
17.100216
17.047195
17.073702
17.291098
17.365334
17.794832
17.625147
17.869062
17.922087
17.884964
17.91148
17.858461
17.871868
17.796793
17.716368
17.727089
17.780701
17.748533
17.791431
17.678831
17.882586
18.25794
18.123882
18.354448
18.413435
18.649363
19.276733
19.652082
19.652082
19.437592
19.737871
19.946995
19.877285
19.973804
19.839758
19.577007
19.684244
19.845114
20.20437
20.075689
19.973804
20.499285
20.182928
20.188282
20.483202
20.375961
20.375961
20.418861
20.268715
20.611883
20.054234
20.61725
20.611883
20.644064
20.590452
20.300903
19.968443
19.577007
19.233835
19.373243
19.410788
19.030077
18.713707
18.670811
18.772688
18.434877
18.509958
18.526031
18.644005
18.429523
18.499231
18.365171
18.526031
18.493866
18.386625
18.365171
16.985411
17.223957
17.00168
16.871563
16.833616
16.942047
16.887825
16.81193
16.595072
15.044538
15.158389
15.825231
15.592101
15.342716
15.47283
15.825231
15.852333
15.857752
15.863175
16.318579
16.459534
16.502909
16.3999
16.589653
16.936621
17.256483
16.860722
17.245644
17.229382
17.09384
16.882408
17.11553
17.213118
17.02879
16.974573
16.849878
16.925779
17.196848
17.484194
17.294441
17.56551
17.592623
17.500456
17.532984
17.348658
17.511292
17.663092
17.440813
17.608883
17.901636
17.95586
17.999231
17.912479
17.912479
17.999231
18.004648
18.25403
18.44379
18.492577
18.525103
18.660639
18.83955
18.644381
18.812449
18.731117
18.909252
18.920221
18.881855
19.007904
18.985989
19.002428
18.99147
19.046282
18.969538
18.629725
18.246065
18.476255
18.361155
18.361155
18.383081
18.799633
18.99147
19.155891
19.073679
19.144928
19.517639
19.336763
19.528601
19.117533
19.068205
18.964067
18.964067
18.903774
19.194262
19.270998
19.303888
19.139456
19.287436
19.238108
19.276476
19.342245
19.347727
19.270998
19.292917
19.369652
19.572445
19.720423
19.824574
20.186319
19.961594
19.841019
19.999962
20.153419
20.109579
20.279486
20.263044
20.372656
20.279486
20.389107
20.284967
20.131502
20.383627
20.4494
20.564493
20.580942
20.707006
20.427437
20.03993
20.150642
20.261364
20.504951
20.593513
20.731911
20.765131
20.870323
21.119425
21.141575
20.992107
20.886917
20.853697
21.008713
21.064072
21.385162
21.385162
21.257822
21.257822
21.313187
21.518017
21.379616
21.473717
21.124962
20.731911
20.981031
20.953346
21.119425
21.429432
21.396225
21.396225
21.368544
21.385162
21.523556
21.534628
21.589975
21.589975
21.584448
21.634266
21.706228
21.650875
21.66194
21.684092
21.418364
21.567829
21.296581
21.041924
21.18586
21.368544
21.368544
21.340864
21.307648
21.457125
21.728374
21.728374
21.756058
21.689619
21.689619
21.601053
21.64534
21.783731
21.722839
21.569136
21.535591
21.015787
20.876055
20.697206
20.725155
20.624544
20.831341
20.613363
20.792217
20.680433
20.825762
20.691607
20.920773
21.239361
21.485291
21.664146
21.798298
21.6418
21.792711
21.753586
21.965986
21.988331
21.792711
20.948717
21.183472
21.110811
21.155521
21.272905
21.239361
21.183472
21.284082
21.239361
21.239361
21.043739
20.904003
20.999027
20.820171
20.909595
20.831341
20.853697
20.999027
21.194649
21.161116
21.205832
21.015787
21.127575
21.373508
21.384689
21.541189
21.787117
21.865368
21.507652
21.46294
21.244949
21.144348
21.194649
21.351154
21.74799
21.854191
22.09453
22.083349
22.486814
22.577101
22.515028
22.266748
22.108747
22.142609
22.182104
22.041029
22.165173
22.108747
22.413458
22.272383
22.306244
22.362669
22.515028
22.684315
22.667385
22.639174
22.644808
22.706888
23.073664
23.400967
23.389679
23.434816
23.096243
23.051098
23.017248
23.028526
23.338882
23.282465
23.457382
23.513813
23.417885
23.265526
23.209105
23.118818
23.022882
23.316315
23.434816
23.310678
23.180897
23.158318
23.242958
23.169601
23.271181
23.005957
23.011599
23.141382
23.400967
23.389679
23.406605
23.513813
23.429178
23.192167
23.163956
23.107529
23.051098
23.17524
23.530748
23.417885
23.220388
23.321951
23.344532
23.152674
23.434578
23.821831
23.690842
23.759186
23.71932
23.702234
24.066702
24.573561
24.499527
24.573561
24.203379
23.97559
23.958511
24.505215
24.32868
24.459656
24.476734
24.288809
24.049622
22.483513
22.318367
22.324059
22.335451
22.238642
22.210159
22.210159
22.147518
22.210159
22.210159
22.227253
22.09626
22.392401
22.768267
22.751179
22.79674
22.68854
22.534773
22.625893
22.620197
22.568941
22.500607
22.409487
22.335451
22.153214
22.158909
21.925425
21.811525
21.788738
21.811525
22.09626
22.278496
22.449348
22.38101
22.124743
22.062105
22.346844
22.198769
22.671453
22.779655
22.437967
22.642979
22.779655
22.984671
22.91736
23.101477
23.0497
23.245316
23.320118
23.544514
23.630821
23.809195
23.717127
23.602047
23.878237
23.400671
22.940372
23.233816
23.314363
23.659597
23.728642
23.924267
23.728642
23.751654
23.860977
24.033588
23.924267
23.314363
23.694111
23.354647
24.177429
24.068113
23.953045
23.981808
23.791925
23.705618
23.412176
23.291349
23.481222
23.509993
23.423687
23.688364
24.137165
24.148661
24.137165
24.194704
23.94153
24.108391
23.935764
24.16592
24.574436
24.309771
24.16592
23.722887
23.924267
23.883991
23.676857
24.148661
24.384573
24.591711
24.465126
24.6665
24.649244
25.040501
24.908169
25.14983
24.878569
25.081861
24.832088
25.302595
25.244503
25.668531
25.703388
25.395538
25.412958
25.563992
25.587227
25.558174
25.627884
25.651117
25.604639
25.436197
25.558174
25.732426
25.732426
25.889267
26.34234
26.139046
26.17971
26.377193
26.185516
26.226173
26.127428
26.057718
26.429474
26.388813
26.48756
27.376295
27.202028
27.324017
27.521507
27.806129
27.631866
27.730614
28.247601
28.270813
27.945536
28.294064
28.177883
27.899071
28.096567
28.474127
28.828457
28.764576
28.752941
28.584501
28.445089
28.532207
28.660011
28.799419
28.56706
28.83428
28.485748
28.462517
29.043373
29.043373
28.91559
28.462517
28.840073
29.087845
29.216711
28.999985
28.671978
29.117132
29.122992
29.327982
29.122992
29.099567
28.712971
28.619253
28.830124
28.736403
29.017557
29.316282
29.25185
29.667734
29.527151
29.767311
29.679447
29.890314
30.370615
30.3999
30.63418
30.739639
30.546333
30.886061
30.558058
30.3999
30.411617
30.645914
30.850924
30.780634
30.481903
30.165606
29.872734
29.597439
29.685301
30.036753
30.07774
30.540493
30.528757
30.575636
30.546333
29.779026
29.503721
29.732157
29.181564
29.105413
28.75983
28.302952
28.291248
28.560686
28.068663
27.9398
27.172482
27.049475
27.354059
27.447775
27.231049
27.178345
27.494629
27.822653
27.178345
27.277912
27.271996
27.390238
27.325203
27.301544
27.490734
27.697657
27.461174
27.402054
27.366579
27.402054
27.727222
27.691748
27.59124
27.538031
27.756786
27.845461
27.561686
27.815899
27.762684
27.78635
27.685841
27.922314
27.886843
27.697657
28.022816
28.330244
28.15288
28.430738
28.951012
29.32937
29.353025
29.039684
29.152012
28.83276
29.128361
29.311636
29.400307
29.252523
29.098799
28.962826
29.577665
29.855539
29.896923
30.186609
30.334412
30.269363
30.180712
30.032894
30.00333
30.411263
30.216167
30.452644
30.044714
30.210257
30.517681
29.719566
29.772774
29.902832
29.690002
29.619055
29.707737
29.187481
28.871265
29.151684
28.787731
28.954794
29.247145
29.312782
29.139748
29.259073
28.757904
29.169577
29.772196
29.778152
30.237564
29.802023
30.130171
30.512014
30.476229
30.42849
30.380762
30.452354
29.700596
29.640917
29.730427
29.378412
29.491768
29.682697
30.106295
30.446388
30.875959
30.870003
30.517986
30.124201
30.130171
30.028736
30.004873
29.682697
29.42613
30.249496
29.825878
29.175554
29.127819
29.593191
29.831844
29.55739
28.996552
29.169577
29.014456
29.318739
29.163614
28.907061
29.700596
29.74235
30.016806
30.022764
29.849751
29.342615
29.497732
30.36285
30.255457
29.921352
30.828228
30.701841
30.749996
31.225473
31.279654
31.418072
31.454191
31.135199
31.014803
31.580585
31.887535
31.490305
31.592619
31.48428
31.893566
31.231504
31.309744
31.47826
31.694942
31.243526
31.550497
31.568544
31.809294
31.562527
31.875509
32.025974
32.140331
32.338947
32.772305
32.050049
31.47826
31.634758
31.827354
31.424097
31.887535
32.074116
31.731056
31.851433
32.086166
31.7792
32.272743
32.676003
32.627853
32.832489
32.609783
32.357006
32.344967
32.651939
32.597763
32.350998
32.363029
32.42923
32.609783
32.669975
33.404274
33.356129
33.247784
33.584843
33.53669
33.741333
33.37418
33.735317
33.705219
34.349224
34.042259
34.078663
34.600441
33.775307
34.278881
34.242474
34.078663
34.096878
34.024067
34.200005
33.951263
33.872395
34.072594
33.98159
34.200005
33.769253
34.072594
34.272816
34.127216
34.218212
34.242474
34.618656
34.667168
34.406281
34.036201
33.975525
33.842052
34.284943
33.544773
33.908791
33.732834
33.975525
34.12114
33.835991
33.64183
33.387024
33.399166
34.017994
33.884518
34.424503
34.297081
33.890591
34.588303
34.885593
34.849182
34.982655
34.655045
34.497299
34.976597
35.0494
35.0494
35.176807
35.061535
35.389156
35.728909
35.601513
35.680374
35.892708
35.989796
36.35989
36.165741
36.117207
35.734982
35.704643
35.983727
35.765316
35.386261
35.777534
35.832558
36.266636
36.01598
36.070995
36.070995
35.97929
35.551338
35.838676
35.850899
35.759197
36.003754
36.174927
36.052666
35.99152
36.046543
36.480625
36.584549
37.006397
37.122562
37.477154
37.208153
36.847431
36.792423
37.006397
37.238716
37.171463
37.189804
37.20203
37.269283
37.483273
37.428242
37.110329
37.09811
37.22649
37.29985
37.055309
36.865788
36.963604
36.920807
36.138256
36.070995
35.912041
35.869255
35.814224
35.453518
35.496307
35.6675
35.56966
35.808102
35.563564
35.398491
35.814224
35.69194
36.009861
36.132137
36.266636
36.272755
37.030853
37.19593
37.997299
38.13908
38.39798
38.92812
38.92812
39.008251
39.106884
39.353458
39.125374
38.878799
39.310314
38.940445
39.069897
39.150028
39.840443
38.95277
38.570576
38.607567
38.003452
37.726063
38.188385
38.151402
38.22538
38.385651
38.724678
38.10825
38.268528
38.558254
38.903465
39.16235
39.982227
40.487705
40.561687
40.715786
41.061001
40.851414
41.011673
41.190441
40.832912
41.80072
41.763733
41.541813
41.948666
42.07196
42.108948
42.016476
41.313732
41.295238
41.609634
41.671268
42.090446
41.880867
42.441818
42.700729
43.67469
43.908939
43.539085
43.07674
42.189083
42.873322
43.267841
43.236809
43.354774
44.404022
44.168091
44.149475
43.609325
43.975632
44.596497
44.503345
44.447487
43.925961
44.192928
44.844845
44.788975
44.155685
42.510391
42.553841
42.90155
43.249218
42.98225
43.050537
43.038136
42.044754
41.815041
40.188377
40.685062
40.461559
39.828285
40.343597
40.231838
41.535637
40.803028
40.784401
39.43092
40.039375
39.46817
39.865528
39.666847
40.225632
39.88414
40.188377
41.243843
40.952019
40.896168
40.716103
40.722321
40.151119
40.529842
40.995491
41.877113
40.939617
40.685062
41.132076
42.280678
41.374222
41.653599
39.79723
39.412296
37.773228
37.524872
37.388283
37.717342
39.250874
39.22604
37.480019
39.213524
40.390053
40.214821
38.399963
37.724075
39.276096
38.525127
38.02446
37.968155
39.269833
39.01326
39.0821
39.657845
39.557716
39.632824
38.137115
37.286011
38.312359
38.180939
38.450035
38.919392
38.650295
39.201004
38.550156
38.700352
38.95068
38.838028
39.232292
39.238552
39.188488
39.895657
40.815601
40.327469
40.496437
40.296188
40.746773
41.178589
40.646648
39.639076
40.584053
40.221069
40.565277
41.591614
41.860722
41.672962
41.992146
41.829422
42.61795
42.799438
42.07349
42.004654
41.748066
41.735558
40.997101
41.084709
40.909485
41.353806
42.161114
42.774406
43.450279
42.999702
43.619251
43.024723
43.275055
43.590252
42.922047
42.159294
42.550117
42.569038
42.096252
42.442959
42.234955
42.436657
42.650986
42.701427
43.098557
42.978775
42.78336
42.657284
42.676205
42.676205
42.695122
43.218327
43.766747
44.567326
45.456146
45.966736
46.603424
46.603424
45.575928
45.821751
46.389099
45.657867
45.525475
46.552998
46.521469
46.489967
47.126633
46.735798
46.351269
45.872189
46.313446
