Adjusted
40.890621
40.707993
41.742928
41.282959
41.181492
41.797043
41.147678
41.323524
41.810558
40.19389
39.138657
39.341572
38.624557
38.211922
38.299858
37.55579
36.879345
37.393444
37.075516
36.426125
36.087914
35.31678
35.46558
35.228836
35.688824
35.580589
35.81057
35.512943
35.377659
35.567062
36.148792
36.338196
36.229969
36.121742
36.886116
36.304367
36.209671
35.540009
36.114979
35.925594
35.79705
35.783527
35.533249
34.464466
35.154434
34.295361
34.30212
32.895126
33.686569
33.943607
34.904152
35.107079
36.114979
35.884975
36.750824
35.13414
35.57383
35.039421
36.079624
34.985054
34.148827
33.931282
34.223618
33.346592
33.74773
33.584568
33.31942
32.490017
33.047474
33.088268
33.951687
33.985687
33.142651
33.611763
33.462177
33.482586
33.156254
32.449207
33.088268
33.822495
33.706944
33.462177
33.135853
34.359589
34.012871
35.134624
34.713112
34.468376
34.590744
34.842278
35.012245
35.087021
35.216206
35.671696
35.352177
35.413364
35.508549
34.964657
35.420158
36.555489
37.582085
37.98999
39.023373
39.03017
39.315704
40.083912
40.219891
39.472057
39.553638
39.689613
40.45105
40.29467
39.805176
40.784164
40.913345
40.892948
40.158695
40.498627
40.104317
39.961544
39.512859
39.888634
39.628983
39.232708
39.506027
39.437687
39.335194
40.11412
39.68367
38.959415
38.802265
38.645103
39.383038
39.656334
38.426464
37.756878
38.180492
37.346924
37.982349
38.159981
37.572407
38.604103
38.12582
37.736378
37.743237
37.586056
37.032612
36.868641
36.05555
36.260536
36.80714
36.971127
36.240032
37.162434
37.579227
38.221485
38.248814
38.371819
38.590439
38.658768
39.335194
38.973072
39.451359
39.970627
39.717819
39.874969
40.038956
40.469406
40.196106
40.127792
39.991131
39.984291
40.196106
39.792988
40.11412
40.223438
39.799824
39.799824
39.307854
39.710979
39.868145
39.485512
39.444511
38.651939
38.713428
38.830185
38.891998
38.143417
39.468891
39.407063
40.025169
40.272423
40.595196
40.196865
40.615791
40.657001
41.206436
40.01144
39.166702
39.04995
38.493668
38.53487
38.521141
38.370052
38.727173
38.953796
39.37273
39.59938
39.269726
39.784801
39.949619
40.01144
40.327362
40.121323
40.437233
40.286137
40.265537
39.819134
39.874084
39.887814
39.874084
39.867222
39.304058
39.468891
39.434547
39.51009
40.121323
40.265537
40.512783
39.922165
40.183132
40.169392
40.183132
40.224339
39.633701
39.977097
40.244938
40.155678
40.31361
40.45097
39.523827
39.358997
39.262859
39.736729
39.832874
39.983967
40.073235
39.832874
39.963356
40.474121
40.605274
40.791618
40.363678
41.212639
41.343796
41.302383
41.060814
40.977978
41.178143
40.991772
40.294662
40.004776
39.307655
39.190331
39.383587
39.680374
39.756313
40.204933
40.115204
39.556141
40.101387
39.852932
40.135918
40.25325
40.370586
40.363678
40.4258
39.790817
40.025494
40.032372
39.908142
39.880531
40.315365
40.025494
39.859833
39.556141
39.52853
39.362877
39.128197
38.934952
38.665764
38.596741
38.548424
38.962563
39.1213
39.217926
38.541531
38.513912
38.010048
37.816803
38.161915
37.450981
38.237827
38.921143
38.997066
38.479408
38.603642
38.548424
38.548424
38.755486
38.368973
38.459221
38.32732
38.4384
38.299553
37.834431
37.577576
37.889969
38.52169
39.09095
39.507469
38.195423
37.737232
37.119377
37.966331
37.765003
37.709484
37.98716
38.285664
38.299553
38.181534
38.139885
37.619236
37.459553
37.292942
37.140228
37.140228
37.327671
36.834763
35.77956
35.751801
35.918411
36.626499
37.070812
36.869453
36.675106
36.70982
36.716759
36.52932
37.070812
37.223526
37.591454
37.917744
38.125996
37.688652
37.473438
37.508152
37.459553
37.660873
38.348137
38.195423
38.542519
38.542519
37.778881
37.994102
37.869144
37.535912
37.626167
37.306824
37.140228
37.251289
37.161045
37.181873
37.524075
37.475193
37.559002
37.035213
37.272671
36.958385
36.986324
36.986324
36.672047
37.174889
37.251709
37.698681
35.268307
35.044811
35.282276
35.414963
35.352108
35.380043
34.919125
34.821335
35.079739
34.821335
34.849274
34.472141
34.33247
34.088036
33.983284
33.766769
33.42458
33.131256
33.277927
33.501396
33.096333
32.726181
33.347755
33.606148
34.339458
34.472141
34.828323
34.737526
34.828323
35.156548
35.303215
35.219406
34.891167
34.786407
34.12994
34.276608
34.70261
34.451195
33.731861
33.466473
33.871544
33.871544
34.115974
34.164864
34.919125
34.723572
34.213741
33.93438
34.486115
34.060097
34.451195
34.262627
34.452431
34.867195
34.600056
35.028866
35.197575
34.810951
35.239746
35.211639
34.867195
35.239746
35.204609
34.965603
34.38213
34.276691
34.979656
34.951538
34.459465
34.241528
33.615902
33.531548
34.164211
34.698471
34.578964
34.578964
34.649258
34.74065
35.148376
36.07629
35.87244
35.134308
34.993721
35.134308
35.710747
36.181732
36.294197
36.455902
36.715977
36.519165
35.858364
36.013012
36.09737
35.977871
35.928665
35.696686
35.401432
36.23798
36.315292
33.735409
33.039467
32.329475
32.181839
32.561466
32.786407
33.180061
33.390953
33.812729
33.580757
33.123825
33.236301
33.552635
33.433128
33.524513
33.482338
33.608879
33.074615
33.379166
33.499557
33.676617
33.435818
32.897556
32.762997
32.543446
32.600101
32.345123
32.04768
31.530651
31.523577
33.407486
33.060452
32.784237
32.585941
33.010872
32.755928
33.02504
32.883404
32.43721
32.911736
33.251678
33.563293
33.542057
34.059059
33.966999
33.726204
33.66954
33.79702
33.704945
33.605789
33.30125
33.145454
32.819656
32.36639
31.757292
31.792713
32.06184
32.083084
31.707718
31.757292
31.856457
31.764383
32.493862
32.847992
32.36639
31.651052
31.906013
31.26153
31.169458
30.631203
30.37624
30.482473
30.007956
30.149591
29.901707
30.015039
29.781317
30.1071
30.264223
30.692686
30.692686
30.599846
30.335625
30.61413
30.821226
30.914061
30.635551
30.714106
31.014032
30.771235
29.350151
29.250154
29.80718
29.585796
28.921679
29.642925
29.850019
30.378454
30.078547
30.549854
30.185667
31.064043
31.149725
31.099718
31.342524
31.27825
31.071161
31.27825
30.821226
30.928341
31.22827
31.014032
31.563904
31.678162
31.706724
31.356804
30.949759
30.9569
30.53558
30.421318
30.699823
30.871201
30.471306
30.878345
30.599846
29.971434
30.185667
29.892878
30.014269
30.078547
29.992855
29.45727
29.507261
29.428692
29.47155
29.68578
29.585796
30.028553
30.164234
29.73576
29.8643
29.714346
30.016823
30.074434
29.649542
29.570309
29.678341
29.685547
29.764759
30.412922
30.787407
30.981859
31.284321
30.463331
30.405714
29.90159
30.024021
30.42012
30.168055
30.513746
30.549751
30.859413
30.945839
31.133093
31.039461
30.989042
31.298735
31.313133
31.154694
30.859413
30.960239
30.960239
31.104277
31.233913
31.154694
31.255518
30.989042
31.07547
31.010666
30.974644
31.133093
31.025059
30.729784
30.117643
29.786367
29.90159
29.721542
29.822359
29.793566
29.735952
29.988018
29.764759
29.685547
29.793566
30.088831
29.786367
29.181417
27.690666
28.475645
27.985941
27.474606
27.078506
26.999294
27.056906
26.977686
26.660814
26.777227
26.762676
26.740852
26.551661
26.318815
25.976818
25.991383
26.06415
25.954996
25.634834
25.758535
26.216949
26.580769
27.002808
28.225245
27.86869
27.752264
27.657681
27.985121
27.592196
28.341658
28.501745
29.440405
29.193007
29.105679
29.273046
28.872839
29.396746
29.658691
29.193007
29.418575
30.015244
30.066166
29.796942
29.302149
29.069313
29.411303
29.440405
29.99342
30.517326
30.648285
30.721058
30.670118
30.04435
29.302149
29.505896
29.316702
29.105679
28.99655
28.683653
28.40715
29.171179
28.734581
28.705496
28.720041
28.59634
28.69821
28.298006
28.261627
28.196127
28.32711
28.319836
27.999672
27.95602
27.875179
27.720842
27.831079
28.176489
28.558643
28.543941
28.661543
28.661543
28.543941
28.514551
28.610083
28.249971
28.117701
27.816372
26.941843
27.61796
27.323997
27.463627
28.058908
28.139753
28.007462
27.610611
27.544458
27.037374
26.949188
26.846287
26.794853
27.470974
27.419521
27.662052
27.456278
27.963366
28.044199
28.301414
28.308765
27.985405
29.065723
29.095125
28.786459
28.499844
28.404312
28.617435
28.227938
28.213236
27.904556
27.860481
27.875179
27.426878
27.757586
27.757586
28.463104
28.845261
28.786459
28.815861
29.411148
29.359692
29.954971
30.028473
29.910875
30.373871
29.785944
29.543428
29.224392
29.202143
29.068596
29.439541
29.446964
29.343109
29.202143
29.157618
29.127939
28.779243
29.209553
29.172459
30.389223
29.958899
29.343109
29.105677
29.105677
28.93504
29.172459
29.892126
29.988577
29.387619
29.395041
29.372786
29.40987
29.625038
29.765999
29.454391
29.565683
29.016657
28.808916
29.224392
29.046333
28.489895
28.133778
28.356344
28.311821
28.14118
28.319254
28.274729
28.356344
28.133778
28.193115
28.712465
28.794071
28.289568
28.267309
28.497307
28.801506
28.860849
28.460205
28.289568
27.354746
28.178282
27.851839
27.532812
27.644096
27.384418
27.250875
26.968948
27.302807
27.087656
27.215179
27.882805
27.717773
27.830296
27.3577
27.845297
27.642752
27.800283
28.100348
27.477728
27.380211
27.192675
27.620255
27.537739
28.272875
28.347891
28.422897
28.790478
28.452909
28.497917
28.220373
28.880491
28.610441
28.67046
28.565437
28.767973
29.26306
29.413094
29.555616
29.503111
29.398096
29.375589
29.353098
29.765669
30.088224
29.953199
29.953199
29.870691
29.630638
29.540623
29.638126
29.593132
29.615635
29.495615
29.48061
29.510616
29.608141
29.495615
29.390585
29.105532
29.293068
29.098028
29.315584
29.278053
29.113043
29.038023
28.722967
28.557936
28.963011
28.632946
28.918001
29.188047
29.533113
29.176937
29.199659
28.858633
28.873785
28.843485
29.305767
29.101143
28.775286
29.283033
29.146612
29.24514
29.404276
29.601322
29.563427
29.715
29.768053
29.699844
29.836252
29.94993
29.889309
29.904465
30.154547
29.957518
30.101496
30.200018
29.995409
29.737743
29.942356
30.109085
30.109085
30.510746
30.594103
30.465254
30.662302
30.75325
30.715351
31.00334
30.912403
30.965439
30.510746
30.313698
30.260651
29.828676
29.646799
29.874149
29.881725
29.805943
30.268223
30.313698
30.253077
30.033283
30.093927
30.260651
30.41979
30.61684
30.791138
30.973022
31.026066
31.033648
31.056387
31.215525
30.99575
31.215525
31.712957
31.66704
31.322666
31.360937
31.368572
30.748713
30.549744
30.610966
30.534435
30.557394
30.63393
30.878817
30.335459
30.534435
30.297207
29.998758
29.914562
30.136486
29.776814
29.929873
29.914562
30.07527
30.534435
30.79463
30.863495
30.863495
31.01656
31.307362
30.909418
30.962982
31.184916
31.414497
31.460415
31.353285
31.360937
31.529297
31.223183
31.131351
31.054838
31.108393
30.39669
30.825249
30.695145
30.603313
30.144144
30.725763
30.297207
30.672182
30.580357
30.779327
29.585499
29.815086
30.144144
30.113531
30.213017
30.3125
30.955332
30.710434
30.710434
30.66453
30.427301
29.94002
30.156591
29.924561
29.46822
29.854942
29.893623
30.00964
29.59971
29.854942
29.707998
29.591972
29.723471
30.419559
30.249405
30.651588
30.968716
31.061522
31.015118
30.852699
31.254889
31.455976
31.587463
31.394094
31.548796
31.641602
31.927784
31.804022
32.136608
31.912315
32.066994
31.587463
31.804022
31.618397
31.548796
32.005127
31.718952
31.834978
32.005127
32.051525
33.126617
32.941002
33.203972
32.794033
33.087944
32.763092
33.087944
32.995136
32.585217
32.314503
32.128864
32.786301
32.964199
32.708946
33.219425
32.910046
33.064743
33.080208
33.304504
32.770828
32.701218
31.981916
31.734419
31.595192
31.72024
31.470163
31.079418
31.548317
31.774942
31.477974
31.321682
31.071606
30.282309
30.469866
31.626457
31.876535
31.649895
31.767126
31.345123
30.907492
30.235422
30.305754
29.336716
29.875948
29.055389
28.742794
29.7509
28.828745
29.06319
29.289845
28.203575
30.337023
30.891865
31.337309
30.172911
30.649612
29.391424
29.242949
29.211683
28.438021
29.719648
28.844389
29.071022
29.031948
28.922543
28.922543
28.445841
27.633106
28.344242
27.679987
27.890985
27.890985
27.140766
27.547132
27.18766
27.398651
27.195473
26.89851
26.890688
27.17202
27.132954
28.633389
28.523985
27.672176
27.531504
27.046978
27.226738
27.060614
27.06852
26.799582
27.139717
27.329559
27.432394
27.598501
27.748796
27.645969
27.732988
27.021061
26.641376
26.135128
25.818718
24.624289
24.521461
24.110132
23.706713
23.65134
23.714624
23.153004
23.058079
23.429861
23.493139
24.25251
24.742941
23.667158
23.603882
23.40612
23.51687
21.974398
22.51228
22.804958
22.931517
23.659252
23.058079
22.290798
21.998117
21.760815
21.634254
21.483959
22.180061
20.74831
21.642159
22.994804
22.654661
23.659252
23.714624
22.662575
22.931517
23.722538
23.556419
24.529369
22.757498
21.381126
21.824099
21.040989
21.033089
21.009352
20.194613
20.35281
21.404856
21.37322
21.025175
20.261065
20.301273
