Adjusted
6.146748
6.133334
6.213802
6.14451
6.021575
6.10204
6.037222
6.117688
6.164626
6.160155
6.14451
6.059572
5.929935
5.751119
5.798058
5.646066
5.525366
5.637125
4.253549
4.358601
4.465889
4.503888
4.414481
4.309427
4.135084
4.246843
4.213315
4.106025
3.945092
3.987562
3.940623
4.007679
3.866861
3.772984
3.777455
3.59417
3.618757
3.632167
3.562878
3.471235
3.53829
3.428767
3.384062
3.390769
3.386298
3.258892
3.229836
3.214188
3.263363
3.35277
3.464529
3.529349
3.53829
3.574053
3.683577
3.536056
3.58523
3.531585
3.511469
3.536056
3.504763
3.578524
3.712635
3.685813
3.636638
3.737221
3.688047
3.634403
3.65899
3.661225
3.795336
3.802043
3.739456
3.810982
3.848979
3.911564
3.945092
4.01662
3.922742
4.056851
3.983092
4.050146
4.13732
4.327311
4.311662
4.280369
4.365308
4.271429
4.376482
4.439068
4.414481
4.3966
4.421187
4.367543
4.233432
4.282605
4.354132
4.331779
4.320603
4.461422
4.532947
4.439068
4.646941
4.689408
4.624588
4.687172
4.667056
4.680468
4.562003
4.562003
4.568707
4.570943
4.575413
4.736347
4.796696
4.787755
4.921868
4.957629
4.861518
4.933043
4.935278
5.07833
5.035862
5.058214
5.16103
5.243733
5.196794
5.248203
5.270554
5.313023
5.232555
5.263848
5.243733
5.234792
5.228087
5.140914
5.252673
5.187853
5.351023
5.333139
5.35549
5.384548
5.516424
5.413606
5.362198
5.342081
5.351023
5.286201
5.127504
5.176677
5.134209
5.199029
5.248203
5.348784
5.308553
5.357729
5.337611
5.409137
5.404664
5.451604
5.53207
5.471721
5.487368
5.435958
5.473956
5.465016
5.563363
5.637125
5.695239
5.800293
5.93664
6.02381
6.090867
6.0104
5.972401
5.956756
6.124396
6.137803
6.02381
6.017106
6.012634
5.934402
5.956756
5.809234
5.717591
5.657242
5.652772
5.632654
5.789118
5.793587
5.965696
5.99252
6.039456
6.097571
6.14004
6.126628
6.216036
6.283093
6.330031
6.240623
6.207097
6.19145
6.155685
6.064045
6.037222
6.008166
6.15345
6.280856
6.334501
6.338971
6.26074
6.4552
6.370263
6.470848
6.716717
6.43732
6.359088
6.242859
6.497671
6.618368
6.477553
6.410497
6.392618
6.502139
6.484257
6.466379
6.546843
6.647425
6.721189
6.69213
6.792714
6.841886
6.884355
6.993879
7.013996
7.074346
7.112344
7.058698
7.130226
7.347038
7.353742
7.329155
7.286686
7.487855
7.499027
7.599612
7.617495
7.588437
7.628669
7.720316
7.789601
7.628669
7.655489
7.659965
7.697958
7.693491
7.829835
7.621965
7.771723
7.671137
7.704667
7.537026
7.534793
7.499027
7.534793
7.579494
7.561613
7.608554
7.71137
7.738196
7.621965
7.642083
7.534793
7.411858
7.510205
7.733722
7.894656
8.013121
8.223227
8.393103
8.493687
8.451218
8.708263
8.086885
8.263462
8.209815
8.227699
8.25005
8.30146
8.482509
8.370753
8.739555
8.744026
8.703794
8.76414
8.88037
8.822256
8.645679
8.326048
8.299225
8.549564
8.232167
8.319342
8.372985
8.372985
8.337222
8.160643
8.200878
8.075707
8.209815
8.290283
9.439165
9.662685
9.571039
9.533045
9.611275
9.714091
9.700685
9.689507
9.613509
9.693977
9.421286
9.439165
9.369875
9.508455
9.790092
9.445871
9.667153
10.013608
9.866085
9.866085
9.772206
9.439165
9.559865
9.586687
9.566572
9.56434
9.508455
9.298347
8.954133
8.748497
9.128477
8.891544
9.027889
8.934015
8.806612
8.925074
8.902723
8.76861
8.723907
8.752965
8.759668
8.790964
9.003307
9.068123
9.193295
9.30282
9.141887
9.287171
9.461522
9.414578
9.329645
9.300585
9.182126
9.137415
9.238003
9.25141
9.25141
9.242468
9.036834
9.26929
9.374345
9.629155
9.582218
9.647041
9.635861
9.412346
9.383286
9.298347
9.25141
9.19106
9.26482
9.065893
9.09495
9.068123
9.041306
8.91837
8.956367
8.976482
8.828961
8.925074
8.773086
8.647907
8.766379
9.756563
9.866085
9.823618
9.796794
9.805735
9.745384
9.613509
9.322937
9.309526
9.631396
9.640333
9.495045
9.387758
9.503984
9.528573
9.557629
9.615746
9.821385
9.848205
10.252772
10.295241
10.366766
10.263947
10.114193
10.333237
10.239362
10.471822
10.360058
10.449468
10.4517
10.614872
10.505346
10.487466
10.355592
10.319825
10.393587
10.326533
10.366766
10.536642
10.297476
10.395823
10.552286
10.382412
10.981439
10.822742
10.856273
10.961321
10.927794
10.905446
11.06414
10.885326
10.769096
10.769096
10.664046
10.290771
10.398059
10.661811
10.581343
10.324295
10.605929
10.543344
10.427118
10.603692
10.918855
9.879498
9.890673
9.801264
9.89738
9.843737
10.02478
10.306416
10.373472
10.328764
10.541108
10.56346
10.71322
10.854035
10.84733
10.67969
10.811567
10.952385
10.816037
10.807096
10.88309
11.021674
10.979206
11.12002
11.075321
11.1759
11.008261
10.934502
10.639458
10.471822
10.626046
10.433821
10.460644
10.614872
10.639458
10.840622
10.764625
10.751214
10.726631
10.804857
10.862976
10.956853
10.784744
10.956853
10.858506
10.809328
10.795922
10.608162
10.136544
9.924199
10.087368
10.053843
10.009137
9.924199
9.971139
9.968904
10.080662
10.201363
10.111955
9.997963
9.939848
9.705151
9.736445
9.928666
9.870557
10.371238
10.547814
10.737805
10.791451
10.554522
10.728865
10.677457
10.643928
10.418176
10.248302
10.449468
10.706512
10.784744
10.865211
10.742274
10.79816
10.661811
10.784744
10.99038
11.209427
11.032847
11.526822
11.305544
11.327892
11.609526
11.52906
11.457534
11.578236
11.526822
11.589406
11.582705
11.622934
11.3346
11.531292
11.502238
11.444119
11.439652
11.122256
12.50136
12.103504
11.803988
11.922451
11.94704
11.875512
11.958212
12.08562
11.915746
11.958212
11.638583
11.576001
11.734696
11.211665
11.006025
10.760157
10.840622
11.041791
10.95015
11.166961
10.941206
11.117786
10.941206
10.784744
10.661811
10.952385
11.048496
11.330129
11.609526
11.634113
11.643054
11.953745
11.857631
12.0208
11.622934
11.466472
11.77046
12.092328
12.362782
12.3829
12.329252
12.438777
12.505833
12.210791
12.427604
12.517009
12.394075
12.780757
12.599711
12.599711
12.557241
12.505833
12.311371
12.458897
12.514775
12.680179
12.825462
12.993104
12.946161
12.832169
12.729349
12.555007
12.537127
12.360548
12.356075
12.514775
12.673474
12.711467
12.548303
12.662295
12.706999
12.776291
12.769586
13.149567
13.520608
13.542955
13.422258
13.536248
13.534016
13.634597
13.829063
13.95423
13.936349
13.992228
13.909528
13.444613
13.397673
13.610013
13.518368
13.594367
13.690482
13.925171
13.605542
13.56531
13.634597
13.569779
13.496012
13.654716
13.484841
13.393199
13.227799
13.08698
12.946161
12.932758
12.832169
12.738292
12.65112
12.523715
12.595242
12.534888
12.541595
12.731587
12.816522
12.662295
12.798643
12.923813
12.95287
13.140622
13.158506
13.165212
13.14733
12.87017
12.964046
12.838876
12.557241
12.367253
12.534888
12.525951
12.539359
12.593004
12.559476
12.490188
12.789701
12.624298
12.411959
11.888926
11.730226
11.826338
11.605054
11.649761
11.336837
11.39495
11.361423
11.40836
11.350244
11.441888
11.473182
11.531292
11.877748
11.692227
11.707878
11.582705
11.953745
12.16832
12.208555
12.188435
11.477651
11.524591
11.356951
11.189313
11.305544
11.439652
11.515651
11.12002
11.131199
11.026147
11.001561
10.997086
11.006025
11.247428
11.768224
11.803988
11.72352
11.868805
11.884453
12.302431
12.385135
12.096796
12.208555
11.953745
11.996212
12.081149
12.025268
12.148204
12.016333
11.897866
11.772696
11.589406
11.689992
11.759282
12.025268
11.980567
11.884453
11.803988
12.029739
11.884453
12.090091
12.157144
12.210791
12.309136
12.237612
12.145969
12.078912
12.090091
12.12809
12.09903
11.953745
11.888926
11.66764
11.815161
12.005155
12.163848
12.228674
12.458897
12.53266
12.610887
12.876875
12.709237
12.613123
12.765116
13.221089
13.154038
13.341788
13.393199
13.344027
13.46696
13.683772
13.835765
13.983288
13.797767
13.869294
13.981049
13.677071
13.806708
13.592133
13.835765
13.712829
13.728476
13.587658
13.480373
13.531783
13.502724
13.656953
13.594367
13.748593
13.813415
14.027991
13.978819
13.929643
13.76871
13.869294
13.922937
13.858117
13.811179
13.668129
13.932659
13.930415
13.894548
13.730898
13.842982
13.762282
13.943867
13.885577
13.854198
13.842982
13.901268
13.981972
13.919209
14.219608
14.439301
14.414637
14.295826
14.163562
14.159073
13.975248
14.730731
14.248747
14.129935
14.32721
14.360838
14.582771
14.811429
14.699343
14.782287
14.806951
14.766596
14.524485
14.446024
14.499824
14.235297
14.201669
14.152354
13.941621
13.901268
13.973009
14.174769
14.284619
14.044748
14.475167
14.528972
14.894384
14.661237
14.540178
14.210639
13.995429
13.993181
14.040262
13.773491
13.730898
14.30479
14.340659
14.21288
14.215122
14.394462
14.338418
14.313758
14.313758
14.015603
14.031342
14.494481
14.476498
14.636124
14.602392
14.528207
14.427032
14.510217
14.557436
14.386562
14.121268
13.871714
13.804266
13.837991
14.069561
13.743567
13.574945
13.855976
14.074055
14.013358
13.849234
14.017854
13.869465
13.707593
12.873489
13.230963
13.233215
13.168015
12.860002
12.934195
13.053349
13.138784
13.379347
13.568197
13.835744
13.781785
13.85373
13.784033
13.891951
13.925674
13.552464
13.55696
13.58169
13.507499
13.766048
13.741315
13.835744
13.963894
13.685113
13.554711
13.867215
13.743567
14.053822
14.002114
14.06057
14.112277
14.031342
13.939161
14.015603
13.943657
13.860473
13.858222
14.249421
14.418522
14.497437
14.445575
14.553801
14.634968
14.853666
15.19412
15.115214
15.117461
15.196374
15.027279
15.31362
15.365471
15.406057
15.356456
15.318124
15.509778
15.36999
15.453406
15.557126
15.525558
15.73524
15.518797
15.554868
15.455663
15.259506
15.597705
15.453406
15.552611
15.692402
15.802879
15.789351
15.687891
15.823169
15.809641
15.769058
15.83895
15.791606
15.999026
16.089224
16.208719
16.138821
15.920119
15.872769
16.008051
15.980992
16.053146
16.114023
16.127552
16.229013
16.346256
16.436438
16.515348
16.580734
16.62583
16.860313
16.961769
16.916679
17.022644
17.153416
16.941481
16.882854
17.162439
17.435896
17.433632
17.300295
17.282217
17.058475
16.751118
16.62681
16.708178
16.769194
17.133053
17.537603
17.277695
17.320633
17.336451
17.431381
17.166952
17.517254
17.736479
17.453983
17.340979
17.451721
17.618954
17.594099
17.924049
17.435896
17.722919
17.856262
17.182775
16.669758
16.497993
16.4415
16.690096
16.708178
16.900278
17.078812
17.275438
17.677719
17.537603
17.374878
17.16922
16.674282
16.63586
16.62681
16.468622
16.107016
16.446011
16.511559
16.588398
16.730776
16.875418
16.497993
16.52286
16.850561
16.764679
16.947739
17.092377
17.388437
17.548897
17.623476
17.505955
17.248312
17.082945
17.01273
17.087475
17.067089
17.092005
17.058031
17.024055
16.958353
16.815641
16.734079
16.874537
16.949293
17.314018
17.24152
17.286823
17.207542
17.300417
17.284559
17.325342
17.513355
17.499765
17.481646
17.427282
18.469336
18.75477
18.804604
18.820465
18.951845
19.044735
19.216902
19.284857
19.244081
19.003958
18.890684
19.10363
19.169327
19.264475
19.457022
19.257675
19.130817
18.770618
18.985836
19.096838
19.119492
18.951845
19.246346
19.481947
19.608807
19.196512
18.915607
19.239555
19.264475
18.922403
19.373211
19.470613
19.515921
19.724337
19.674496
19.515921
19.502331
19.257675
20.048277
20.132093
20.086679
20.041271
20.297861
20.443184
20.413668
20.531742
20.618027
20.683882
20.502224
20.552179
20.820127
20.854187
20.865532
21.212948
21.222036
21.41959
21.004045
20.885973
20.720211
20.690697
20.095772
19.91638
20.232004
20.238821
20.341007
20.581699
20.256985
20.461355
20.241096
20.129827
19.110281
19.285126
20.377331
20.061701
19.641615
19.52809
19.755156
19.898214
19.682493
19.811924
19.964066
19.948174
20.043541
19.648434
20.088951
20.011751
20.436369
20.842827
20.74519
20.824667
20.411392
20.379608
20.359171
20.908678
21.247013
21.362818
21.462732
22.434597
22.970482
23.08856
23.120352
22.788826
22.838793
23.459986
23.705734
23.673876
23.842255
23.69663
23.869566
23.919628
23.869566
23.742136
24.024296
23.846813
23.8013
24.078909
24.037951
23.992439
24.042503
24.238186
23.915073
23.837708
24.106213
24.251841
24.142618
24.488487
25.444185
25.776398
26.167776
25.316755
25.91748
25.849218
26.78215
25.867422
25.926579
25.093763
24.265495
24.210886
24.183577
23.728477
23.719387
23.487291
23.660217
23.241539
23.737581
23.164171
23.405369
24.5249
24.770645
24.902622
25.193878
25.193878
24.811607
25.07556
24.861666
24.766094
23.814957
24.088005
24.470291
24.397472
24.274593
24.5522
24.470291
24.948126
24.734243
25.011843
25.225735
24.899729
25.068436
