Adjusted
10.730725
10.84509
11.298615
11.180304
11.054109
11.330164
11.503688
11.602276
11.566784
11.405093
11.357769
11.231573
10.935798
10.675515
11.014669
10.79777
10.608471
10.580867
10.620302
10.363965
10.470444
10.316639
10.332417
10.1865
10.095793
10.016923
10.135228
10.225937
10.474388
10.024808
10.194385
10.296921
10.273262
10.158894
10.214108
10.135228
9.898612
9.740866
9.796077
9.859175
9.878893
9.689596
9.650161
9.500299
9.417483
9.18875
9.007338
9.011284
9.421428
9.6265
9.768472
9.898612
9.977485
10.371852
10.620302
9.957767
10.233825
10.312697
10.299269
10.429589
10.228184
10.465133
10.812653
10.623093
10.702078
10.899532
11.010104
10.749467
10.050478
10.60335
10.800806
10.800806
10.504624
10.761313
10.674434
11.148328
11.235206
11.025903
10.844246
11.010104
11.278645
11.168073
11.183867
11.326038
11.302341
11.428712
11.420815
11.310241
11.472156
11.641965
11.981587
11.839419
11.807828
11.835471
11.393174
11.44056
11.507695
11.88286
11.938149
12.143501
12.179045
12.044771
12.151399
12.325159
12.182993
12.483126
12.581855
12.577903
12.281718
12.427836
12.648988
12.558159
12.435737
12.684527
12.791154
12.54631
12.380446
12.182993
11.902607
11.969742
11.859165
11.847319
11.847319
11.953943
12.028977
12.230382
12.017129
12.380446
12.182993
12.115857
12.056622
12.265924
12.459431
12.171145
12.064518
12.001334
12.076367
11.89471
11.985537
11.985537
12.009233
12.254079
12.297519
12.100063
11.871012
12.009233
12.025027
11.906554
11.795981
11.965791
11.977638
12.151399
12.577903
12.866189
12.878036
12.870137
12.834594
12.949116
13.067593
12.99256
13.032049
12.960968
12.913578
12.980711
13.178167
13.221606
13.565181
13.78238
13.900851
13.79423
13.486197
13.60072
13.529556
13.379316
13.442575
13.260706
13.185585
13.48211
13.596769
13.798406
13.612586
13.434669
13.462341
13.383269
13.082789
12.84952
13.035348
12.96813
13.126279
13.165817
13.23303
13.3635
13.422808
13.256752
13.399083
13.42676
13.648168
13.679795
13.691659
13.675844
13.54537
13.790503
13.750965
13.735148
13.703519
13.561184
13.707474
13.924925
14.075168
14.118659
14.094935
14.189823
14.272852
14.423092
14.680082
14.865911
14.628684
14.217502
14.312389
14.063307
13.719334
13.580955
13.553282
13.549325
13.454438
13.403038
13.383269
13.521649
13.56514
13.541417
13.600722
13.493975
13.553282
13.537465
13.371408
13.256752
13.201401
13.22117
13.58491
13.76678
13.806315
13.76678
13.695614
13.76678
13.660028
13.790503
13.774688
13.754918
13.739103
13.920975
14.090983
14.272852
14.53775
14.533798
14.585193
14.391463
14.411232
14.458675
14.76311
14.549611
14.771017
14.774972
14.65241
14.861955
15.024055
15.205927
15.261277
15.111034
14.94498
14.573333
14.431
14.557519
14.593102
14.450768
14.292623
14.193777
14.478445
14.703807
14.905442
15.261277
15.186157
15.451056
15.609203
15.281048
15.043823
14.699853
14.616822
14.739388
14.680082
14.786836
14.8066
14.826371
14.573333
14.751251
14.8066
14.877763
14.529843
14.423092
14.031675
14.004
14.154241
13.849809
13.944693
14.031675
13.928882
13.81027
13.624445
13.804976
13.654536
13.757467
13.721839
13.824772
13.975213
14.244425
14.489882
14.521553
14.600734
14.818475
15.151029
15.083729
15.040182
14.596772
14.652205
14.624489
14.65616
14.925366
14.818475
14.913489
15.242088
15.095608
14.933289
14.972878
14.521553
14.44237
14.474048
14.49384
14.727421
14.798683
14.45029
14.49384
14.101901
14.125651
14.105863
14.125651
13.995008
13.896036
14.17712
14.157328
14.062312
14.050434
14.113777
14.446332
14.49384
14.588858
14.58094
14.406743
14.470087
14.196918
14.390907
14.668037
14.430494
14.15337
14.256302
14.074186
14.232548
14.181081
14.196918
14.252342
14.382989
14.276096
14.093985
14.054393
14.093985
14.074186
13.995008
14.02272
14.054393
14.097943
14.02272
14.105863
13.773305
13.852488
13.896036
13.935626
13.888115
13.852488
14.086065
14.125651
14.093985
13.678289
13.87624
13.682248
13.698086
13.515968
13.401157
13.460544
13.420956
13.515968
13.59911
12.985466
12.866698
12.783559
12.807314
12.874617
12.668749
12.601445
12.747929
12.886493
12.799395
12.732093
12.510389
12.842944
12.740011
12.569775
12.403496
12.272851
12.336193
12.288687
12.371823
12.328279
12.363906
12.177835
12.336193
12.43913
12.371823
12.427252
12.427252
12.864114
13.125758
13.431007
13.363616
13.280363
13.367579
13.014755
13.006827
12.935471
12.994938
13.042508
13.129723
13.030616
13.030616
13.284332
13.169365
13.189188
12.967186
12.872045
12.943399
12.804651
12.919615
12.959259
12.994938
12.955296
12.804651
12.622293
12.487509
12.348757
12.705544
12.879972
13.074223
13.014755
12.788793
12.729327
13.323972
14.065296
14.350723
14.430007
13.938436
14.104939
14.160439
14.152508
14.350723
14.414151
14.271435
14.755081
14.612366
14.652009
14.469651
14.30315
14.358652
14.326939
14.358652
14.342792
14.501365
14.517222
14.406224
14.342792
14.200081
13.954293
13.978078
14.231792
14.382434
14.334864
14.778866
14.770939
14.92951
15.016725
15.08808
15.040509
15.064293
15.103937
15.23872
15.183226
15.175294
15.222867
15.222867
14.905724
14.763006
14.612366
14.453793
14.152508
14.081152
14.319008
14.152508
13.914652
13.914652
13.803653
13.668866
13.914652
13.946364
13.81158
14.001869
13.993937
13.835363
13.938436
13.97015
14.009792
13.732294
14.03358
14.009792
13.843293
13.764005
13.898793
14.001869
13.882937
13.875009
13.962222
13.914652
13.803653
13.486508
13.486508
13.478579
13.724363
13.64508
13.549935
13.724363
14.089079
14.326939
14.271435
14.081152
14.017724
14.041508
13.954293
14.065422
14.097173
14.073359
14.287675
14.541676
14.573429
14.208297
14.025736
14.065422
13.986044
13.795543
14.073359
13.978106
13.962234
13.708229
13.708229
13.700294
13.930484
13.851106
13.827295
13.89873
13.684417
13.374849
13.168472
13.200224
13.255787
13.176411
13.390727
13.160537
13.120849
12.91447
12.723969
12.604906
12.636653
12.771593
12.700154
12.977972
12.850969
13.001782
12.954158
12.723969
12.636653
12.636653
12.71603
12.684279
12.581093
12.71603
12.700154
12.589027
12.850969
13.176411
13.2161
13.224034
13.422479
13.263724
13.2161
13.224034
13.2161
13.279601
13.327227
13.470101
13.64473
13.398666
13.739981
13.732042
13.882858
13.922545
14.176548
14.025736
14.017797
14.049548
13.84317
14.017797
13.739981
13.684417
13.63679
13.382789
13.358976
13.382789
13.303413
13.303413
13.501853
13.589166
13.708229
13.882858
13.922545
13.866985
13.851106
13.827295
13.914608
13.954295
14.00986
13.946357
14.00986
14.017797
13.946357
13.763792
13.787607
13.732042
13.668542
13.581231
13.581231
13.549479
13.64473
13.84317
14.311488
14.374988
14.327364
14.136861
14.113048
13.954295
13.819355
13.938417
13.859045
13.652667
13.67648
13.652667
13.64473
13.501853
13.565353
13.549479
13.358976
13.660604
13.747917
13.708229
13.787607
13.795578
13.660014
13.420787
13.436734
13.572297
13.492555
13.269276
13.077889
13.038021
12.894479
12.886505
12.790814
12.806761
12.982199
13.157631
12.99017
12.742971
12.615379
12.727021
12.615379
12.575507
12.400074
12.248561
12.43197
12.575507
12.543608
12.479815
12.471843
12.384126
12.240587
12.400074
12.200713
12.200713
11.977431
11.937559
12.009332
12.033252
12.160842
12.184767
11.953511
12.120971
12.128945
12.152867
12.152867
12.384126
12.360202
12.200713
12.097047
12.033252
12.120971
12.400074
12.559557
12.655252
12.599429
12.623356
12.543608
12.471843
12.663225
12.647277
12.591456
12.687148
12.790814
13.093839
13.181555
13.293198
13.492555
13.436734
13.364964
13.420787
13.420787
13.173582
13.014091
13.317119
13.364964
13.189529
13.165607
13.293198
13.245352
13.109785
13.205479
12.998146
13.165607
13.380914
13.516478
13.65204
13.532426
13.628117
13.755706
13.588245
13.675963
13.556348
13.540401
13.548376
13.317119
13.253325
13.325095
13.229401
13.189529
13.229401
13.237375
13.181555
13.309146
13.2613
13.364964
13.141684
13.285222
13.237375
13.516478
13.484579
13.476607
13.444708
13.444708
13.508504
13.644067
13.683939
13.66799
13.675963
13.851399
13.843423
13.994937
13.875321
13.915193
13.994937
13.994937
14.026834
14.146791
14.234758
14.258748
14.242755
14.154788
13.994846
13.946865
14.026835
13.994846
13.954863
14.074818
13.978852
13.98685
14.050825
14.042828
14.17078
14.242755
14.314729
14.41869
14.442679
14.402696
14.322723
14.402696
14.362711
14.322723
14.322723
14.226761
14.20277
14.186777
14.226761
14.258748
14.346717
14.570633
14.578629
14.554637
14.602622
14.714582
14.978484
15.034464
15.010473
15.202398
15.290368
15.746199
15.586256
15.770191
16.074083
15.890149
15.91414
15.970116
15.738204
15.586256
15.55427
15.706217
15.978116
15.842165
15.970116
16.369968
16.353979
16.146055
16.042093
16.042093
15.922138
15.858162
15.770191
15.402328
15.45031
16.010107
15.922138
16.002108
16.154049
15.91414
15.666232
15.770191
15.690218
15.634239
15.874152
16.194035
16.138054
16.154049
15.93813
15.946127
16.002108
16.058084
16.082079
16.361977
16.122063
15.754199
15.634239
15.666232
15.722213
15.514285
15.162416
15.570264
15.746199
15.818172
15.810176
16.002108
16.090075
16.002108
15.898143
15.762196
15.786183
15.802182
16.146055
15.91414
15.762196
15.362345
15.538275
15.682226
15.698223
15.698223
15.698223
15.786183
15.634239
15.55427
15.594258
15.55427
15.642239
15.882154
15.834171
15.890149
16.042093
15.794181
15.618249
15.498293
15.626245
15.345632
15.594179
15.497967
15.714441
16.147388
15.971005
15.818667
15.954971
15.938931
15.770558
16.091267
16.500164
16.444036
16.371883
16.548265
16.275665
16.339808
16.460073
16.524216
16.628441
16.796808
17.029318
16.909056
17.173639
17.309935
17.534428
17.486322
17.494339
17.574514
17.446236
17.550463
17.422186
17.446236
17.646673
17.406145
17.526409
17.430197
17.069407
17.077427
17.117512
17.422186
17.2939
17.526409
17.670729
17.935297
17.847113
17.903238
17.799007
17.790991
17.710814
17.526409
17.438219
17.518396
17.502359
17.173639
17.037338
17.125532
17.261831
17.181652
17.558483
17.614601
17.430197
17.95936
18.119709
17.919268
17.799007
17.863148
17.77496
17.879185
18.023499
18.231955
18.087641
18.055571
17.95936
17.847113
17.951344
17.943319
17.847113
17.839098
17.766935
17.815042
17.967375
18.296097
18.857332
18.969574
18.969574
19.105867
19.001648
19.226133
19.346395
19.113884
19.498735
19.586926
19.338383
19.242174
19.202084
19.370451
19.602962
19.554859
19.594946
19.41054
19.362434
19.803402
20.316523
20.027893
19.763311
19.939701
19.875561
19.763311
19.755295
20.124102
20.003841
19.89159
19.915646
19.763311
19.105867
19.113884
18.777153
18.624819
18.360237
18.745081
18.777153
19.097857
18.88138
19.267042
19.098312
19.098312
19.098312
19.098312
19.435774
19.636637
19.92588
19.885712
19.733047
19.652704
19.363461
19.146523
19.540218
19.660742
19.89374
20.134783
19.982128
19.998196
20.102644
20.247271
20.110682
20.199064
20.182991
20.303511
20.287447
20.150856
19.805363
20.006227
19.982128
19.829466
19.958019
19.837502
19.564322
19.283113
18.471613
18.825142
18.833178
18.945662
19.162586
19.001896
18.688545
18.559998
18.72069
18.905483
18.945662
18.881382
18.752825
19.034042
19.202766
19.122423
19.202766
18.793001
19.138487
19.05814
19.25901
18.985828
19.459875
19.363461
19.403629
19.283113
19.106348
19.017971
19.267042
18.905483
19.042072
19.435774
19.250975
18.977795
19.026005
18.961727
19.050108
18.736755
18.881382
18.728724
18.47965
18.55196
18.431442
18.495722
18.270746
18.672482
18.688545
18.905483
18.519821
18.768896
19.162586
18.985828
18.985828
19.483978
19.492008
19.741087
19.644665
19.580393
19.299179
19.122423
18.632309
18.206476
18.351097
18.206476
18.335026
18.439476
17.997572
18.126127
17.949364
18.318958
18.005608
17.684221
17.917225
17.258387
17.049484
16.945036
17.475319
17.491388
17.491388
17.587805
17.708326
18.037745
17.877052
17.170004
17.555666
17.218212
17.467283
17.877052
17.491388
18.134155
17.957397
18.029873
18.158712
18.04598
17.892981
17.772182
17.731926
18.416405
18.754612
18.537193
18.963978
18.625763
18.569399
18.947872
18.931768
18.835136
19.141138
19.173349
19.044504
18.963978
19.728983
19.503508
19.696772
19.648451
19.648451
19.60014
19.342451
18.955923
19.036455
19.004242
18.247295
18.319767
18.690189
18.649925
18.496923
18.521084
18.521084
18.343924
18.464714
18.070135
17.981554
17.691658
18.223137
17.683609
18.182873
17.820505
17.184345
17.917135
17.772182
17.482296
17.522552
17.168242
17.401764
16.878344
17.071604
16.499872
16.894449
17.530605
17.305138
17.458136
17.369556
16.991083
17.063555
17.586973
17.699715
17.578924
17.224607
17.433973
17.26487
17.023293
16.765608
16.91861
16.805872
16.966925
17.506445
17.280975
17.570871
17.313189
17.144081
