Adjusted
29.817446
29.928011
29.916962
29.430437
29.260889
29.375154
29.271959
28.932873
28.951305
28.529514
28.518425
27.434366
27.382565
23.993502
24.141504
24.233994
24.178501
24.748276
24.566977
24.455984
24.470783
24.37459
24.448586
24.418987
24.296896
24.326494
24.407883
24.196995
23.956511
23.827013
24.134096
24.148893
24.24139
23.682718
23.642021
22.902052
22.624559
22.328569
22.26568
21.925287
21.681105
21.459112
20.863436
20.271456
20.404654
20.171568
19.720179
19.376099
19.453796
19.487095
20.815332
21.36661
21.61451
21.118723
21.133524
21.089128
20.900429
20.756138
20.889336
20.844933
20.375051
20.497149
20.748747
20.471252
20.160458
20.393553
20.449047
20.065746
20.058302
20.084354
20.690943
20.877016
21.68828
22.149731
22.495811
23.132177
23.236376
23.284754
23.031694
23.281021
23.310801
23.098686
22.406504
22.875399
22.774923
22.983318
22.90517
22.45116
22.778646
23.333132
23.292189
23.489424
24.151836
24.114622
23.519201
23.467108
23.333132
23.779697
24.155556
24.170444
24.241156
24.390009
24.866343
25.171501
25.078463
25.562244
25.383623
25.532471
25.004036
25.647842
26.801466
27.266644
26.797741
27.292688
28.308628
28.643566
27.452705
28.39794
27.475042
27.296412
27.467594
27.594128
27.143847
26.980093
27.456438
27.47138
27.134996
27.572298
28.181522
28.080614
27.561094
27.291983
27.108824
27.65827
28.962681
28.521648
29.691523
29.508387
29.65414
29.456036
29.269173
29.482227
29.594334
29.272915
29.261705
29.65414
29.616772
29.665358
29.246752
29.340179
29.489693
29.216846
29.489693
29.706467
29.620508
30.031647
29.870934
31.265053
31.197777
31.265053
31.414553
31.007164
31.066959
31.792053
31.863066
32.094799
32.184513
32.419964
32.584431
32.51342
32.08733
31.986416
31.792053
31.313644
31.507988
31.448193
31.623857
32.27795
32.023777
31.949038
31.47809
31.10808
29.784964
28.955221
28.435684
28.805708
28.966427
29.175718
29.751324
29.441097
29.713942
29.620508
29.811121
29.867407
29.949972
30.490353
31.004486
31.923878
31.8976
31.601149
31.364729
31.63867
31.413517
30.963196
31.068258
31.102039
31.057014
31.218365
31.754997
31.47731
31.40976
31.713726
31.3985
31.390995
31.462294
31.210871
30.835602
30.790562
30.884394
31.259651
30.749298
30.655476
30.268946
30.437824
30.332747
30.295225
30.396545
29.983747
30.201397
30.347748
30.576668
30.377779
31.315939
31.64992
31.368471
31.972652
31.912619
31.507322
31.800034
31.721216
31.642412
32.149033
32.779476
33.241055
33.316101
33.271072
33.451218
33.743912
33.706398
33.871494
33.815212
33.920284
33.646343
33.545029
33.436195
34.149193
34.727112
34.599525
34.430645
34.580753
35.043941
34.769028
35.315071
35.333897
34.746468
34.633484
34.505436
35.556076
35.096649
34.814224
35.269886
34.430134
34.339737
34.614651
35.228458
35.966545
36.482445
36.294155
36.264034
36.102112
36.233921
36.128471
36.358181
36.064449
35.872414
35.559853
35.217155
34.486603
34.930969
34.625946
34.689972
34.516747
34.524265
34.512978
34.196659
34.147705
33.808784
33.564007
32.878651
32.513374
33.104591
32.761902
32.739304
32.743076
33.161072
32.490765
32.705421
32.422974
32.882408
33.044346
32.950203
32.874878
33.05563
33.639324
33.827606
34.094959
34.65229
35.223175
35.158901
34.943409
35.321465
34.943409
35.053036
34.807297
34.916943
34.42548
34.40279
34.765709
35.62011
35.84317
35.650364
35.914993
35.13998
35.506695
35.393291
35.612568
35.775105
35.601212
35.487804
35.325245
34.894264
34.610714
35.049267
35.393291
35.986828
35.680607
35.725967
35.431091
35.242062
35.329002
35.408417
35.839397
35.49157
36.187195
36.153175
36.153175
36.671108
36.500992
36.826115
37.344036
37.041595
37.162575
37.351589
36.977325
37.147457
37.544407
37.53307
37.684277
37.404533
37.495251
37.861984
37.400749
38.032089
37.627579
38.009407
37.675514
37.178513
37.015362
36.91671
37.466854
38.039772
38.2826
38.536808
38.54438
37.353027
36.928082
36.802883
37.144356
37.0495
37.011559
36.711838
36.962246
36.829437
37.235416
37.375793
37.694511
37.493408
37.952503
37.406143
37.466854
36.947052
36.237556
36.15789
36.491764
36.499359
35.683628
35.877117
36.2831
36.233776
36.575249
36.42347
36.96981
37.064682
36.973625
37.125389
36.99258
37.330257
37.030529
37.045719
37.159527
37.330257
37.068478
37.106415
36.973625
36.890167
36.909119
36.96981
36.973625
37.182301
37.277142
37.709667
37.508595
37.781773
37.531364
37.353027
37.850067
37.614819
37.998032
37.990437
38.737877
38.984489
38.931381
38.737877
38.814026
38.676949
38.132477
38.102043
38.608433
38.189598
38.113449
38.071552
37.915443
38.09441
37.466171
38.121052
38.079182
37.869778
38.650311
39.339455
39.111019
38.882565
38.966324
38.258133
39.701191
40.272316
40.68354
40.839645
40.146675
40.713993
41.250847
41.132835
41.16328
41.049049
41.060482
40.999561
40.52742
41.026188
41.00716
41.140438
41.208988
41.254665
41.258476
41.677299
41.296551
41.81818
41.384132
40.203789
40.03244
40.013412
40.550282
41.003368
40.77491
40.359894
40.116215
40.493145
40.713993
40.142864
40.740643
40.603584
40.207584
40.694965
40.04388
39.952488
39.826832
38.84449
37.835495
37.797421
37.86594
38.00304
38.638885
38.650311
38.776405
38.898685
38.753479
39.154686
38.592991
38.554779
38.405766
37.828785
37.740894
39.15852
39.693466
39.445103
39.452744
39.521519
39.75079
39.414528
39.704926
40.174938
40.511177
40.369789
40.644905
40.759548
40.514999
40.847431
40.63728
40.465328
40.50354
39.796627
39.372501
39.720207
40.343056
40.255169
40.201664
40.534122
40.289558
40.43858
40.751911
41.623108
41.519947
41.691895
41.412956
41.909698
41.649849
40.656376
40.618176
40.541752
40.224606
40.50354
40.155815
40.045013
40.113789
40.216969
40.809223
40.904743
41.210434
41.28685
41.612858
41.459442
41.520805
41.440273
41.102768
40.991535
40.780582
40.523643
39.844784
39.982864
39.91766
38.629009
39.69521
39.69521
40.159286
39.975189
40.328033
39.933018
40.289707
40.46611
40.489113
40.654034
40.370232
40.838127
40.861141
40.155441
40.558144
40.815125
40.435429
40.351055
40.680885
41.225513
41.382744
41.459442
41.424938
41.444107
41.041412
41.298363
41.401913
41.413418
41.562992
41.727924
41.520805
42.000233
42.13446
42.015572
42.23801
42.667564
42.284027
42.322384
42.763454
42.659897
42.970558
43.14698
42.748108
42.594692
42.37608
41.981056
42.195824
42.667564
42.328846
42.163326
42.32114
42.582882
41.993973
41.763027
41.970875
42.14793
42.194126
42.733002
43.11021
43.229542
42.744545
42.559792
44.361179
44.457401
44.946236
45.150253
44.707607
44.357323
44.653706
44.338085
44.107132
44.330399
44.426617
44.291893
44.272652
44.249557
44.057095
43.691437
44.114841
43.722225
44.326534
43.983971
44.25341
44.214912
44.49976
44.830769
44.699902
44.592121
44.322701
44.207211
44.218746
43.953178
44.107132
44.19952
43.933918
44.376595
44.438171
44.357323
44.78458
44.957809
44.653706
44.85001
44.726841
45.073257
44.669113
44.619072
44.341942
45.38504
46.16642
45.95472
45.650623
45.785362
45.900826
46.016308
46.035553
46.462791
45.478008
45.763786
46.184746
46.061165
46.115231
46.126823
46.010967
46.373985
46.428051
46.312199
46.75246
45.562973
45.006851
45.794682
44.960518
44.670872
44.473923
45.049347
44.914181
44.813751
44.914181
44.856258
44.945068
44.991413
45.28492
45.261749
45.377602
44.933479
44.779003
44.605217
44.937325
45.60931
45.265614
45.184502
44.852379
44.860107
44.759705
44.427563
44.520248
44.141792
44.701763
43.852139
43.639721
43.473675
42.902107
43.50457
43.554779
42.739906
43.288311
43.129963
44.110893
44.191994
43.88303
44.099312
43.786488
44.412113
44.392803
44.31945
44.315567
44.219028
44.045231
44.412113
44.415989
43.871456
44.863976
44.867817
44.751972
44.508675
44.597496
45.261749
44.740379
45.003906
44.969025
44.600876
44.422604
44.876015
44.310219
46.065746
45.922348
45.453445
45.093044
45.031021
45.073666
45.275185
45.37981
45.302299
45.112411
45.573582
46.461014
46.472645
46.74004
46.426151
47.255455
47.019054
46.116135
46.581158
46.976429
47.239952
48.321175
47.77087
48.232037
48.999355
49.53027
49.28223
49.123352
49.18536
49.18148
48.945084
49.359741
49.63876
50.065056
50.138687
50.63472
50.828495
50.417709
50.592091
50.708378
50.87112
50.254944
49.596138
49.991421
49.805405
49.588394
49.658142
50.448708
50.168697
50.612049
50.510929
50.697613
50.425373
49.725338
49.694221
49.974243
51.685448
53.987736
53.147705
52.797695
53.303257
53.132153
52.914356
53.108799
51.039837
51.584301
52.268772
52.050999
52.914356
53.396599
52.727688
52.797695
52.159889
51.856537
50.713154
51.094292
50.300922
48.978638
48.98642
50.145359
50.596504
49.001984
48.48085
48.745308
48.768642
49.219757
49.499775
50.192028
49.834232
49.58535
49.204212
49.359764
49.740887
49.289772
48.550846
48.690857
49.771999
50.378712
51.428741
50.94651
50.720928
50.962067
50.806492
50.868732
50.230911
49.896454
49.82645
50.814278
50.915394
50.713154
50.713154
52.29771
51.923035
52.219658
53.593441
53.858841
53.515381
53.55442
52.953365
53.351456
53.070461
53.023624
52.641174
53.086063
54.155434
53.070461
53.171944
52.500648
52.313328
52.211845
52.313328
52.602123
52.89093
52.961174
52.539673
51.852772
52.55529
52.789436
52.687988
53.726128
54.327168
53.913464
53.67149
53.616833
53.21096
52.609928
52.172832
52.578712
52.602123
53.070461
52.766056
52.727013
53.203167
54.00713
53.905663
53.843231
54.147625
54.436447
54.085178
54.00713
55.326298
55.958546
55.185772
55.060905
55.716576
55.810238
55.115532
55.513638
56.247341
55.771198
56.520554
55.942928
57.332333
57.870911
58.567787
58.693043
59.006256
58.583443
59.350758
59.523026
60.830639
59.577835
60.736679
59.554352
58.747868
56.727737
56.508503
56.986141
57.252361
56.954823
56.602474
55.52195
55.952583
55.670712
56.023067
55.537609
55.224411
55.936924
56.375393
55.193092
55.028645
55.083454
55.827324
56.304924
57.82394
58.677406
57.870918
57.142731
57.769165
57.769165
57.66732
56.813881
57.581226
58.716549
58.599091
58.575607
58.959301
59.319466
59.037579
58.512978
58.05101
58.426857
57.776951
57.072262
57.432461
56.782562
57.001789
58.176292
58.285915
58.434662
57.925735
58.15279
58.630402
58.614765
58.215427
57.902252
58.27026
58.403351
61.073357
61.31609
62.083427
63.038666
62.709808
62.373123
62.875679
61.925529
62.451641
61.847
63.519615
62.702919
61.05389
61.289459
60.598438
60.488499
61.368008
62.10614
61.776302
62.090435
62.483093
62.380966
62.223919
62.475182
61.862701
62.671532
62.53014
62.420242
62.231773
62.263153
61.81559
62.176788
62.074738
61.320854
59.153549
59.978077
60.001656
59.255642
58.996506
60.064468
59.703232
60.535587
60.716217
61.862701
60.284325
60.920395
60.841877
60.896847
61.501488
61.580009
61.674236
60.794754
60.959641
60.928249
60.896847
60.331467
60.190113
59.993774
59.891693
60.76334
61.454369
61.336578
61.658554
61.556458
60.468754
60.957443
60.468754
60.831318
60.563339
60.728859
61.446114
62.699322
62.352505
63.109127
62.573174
62.344624
63.2668
61.871735
61.863838
62.912125
63.424412
62.809658
64.165291
63.306198
63.550545
62.667778
63.172211
63.337719
63.802757
64.125916
63.850044
64.047104
64.598801
63.495361
62.904217
61.958424
62.155441
63.203712
62.620483
63.24313
62.959393
62.659878
62.226406
62.210617
62.754494
63.511127
63.298328
62.454967
63.203712
63.085484
63.251041
62.707176
63.337719
62.644115
62.187004
61.493408
61.92691
61.469761
61.816536
62.265823
61.65102
61.627388
62.086224
62.465946
63.090942
62.924824
61.595734
62.426422
63.15424
63.272881
63.090942
63.866226
63.043472
63.882042
63.802933
64.238052
63.526054
65.733246
63.79504
62.758652
62.901081
62.149521
62.0704
63.541859
62.87735
63.217522
61.896362
61.967583
58.73193
61.16066
61.57201
59.776196
59.55468
59.910686
61.295132
61.310951
61.469166
61.840996
61.445427
62.655815
62.869427
60.401169
61.904274
61.777695
62.149521
62.742867
61.603672
62.378918
61.817242
62.260281
62.91687
63.352005
63.969063
64.174759
63.668446
64.783913
65.662033
65.836105
65.630386
64.665245
66.690483
66.74588
67.078148
66.824974
66.856606
65.938919
66.105644
66.52639
66.732811
68.193504
69.201721
68.257042
69.074738
70.662437
70.61483
70.003548
69.312897
69.654243
67.852165
68.225258
69.146172
71.44838
71.750046
72.42485
71.805626
71.432541
72.210518
71.384888
71.551559
72.917046
74.242821
71.813576
72.194626
70.051193
68.876259
70.130547
70.241714
69.868584
71.249939
70.21788
70.225853
68.900055
70.257607
69.304924
70.043236
71.464249
70.479889
70.479889
70.662437
71.337257
73.377502
73.885574
74.369835
74.623863
72.472496
72.782082
73.639481
72.591591
71.130836
70.082924
69.955925
70.18615
70.845039
72.012032
71.789772
70.829178
70.694221
