Adjusted
59.196297
59.816719
62.043491
61.788532
60.275681
62.655418
63.675339
63.250374
63.488377
62.476955
62.570473
61.686504
60.34367
59.706257
61.12561
58.869568
58.231071
58.784435
59.176044
57.379772
57.975651
58.954704
57.481899
57.388256
56.741226
55.932487
55.966522
55.379108
54.740597
55.268436
56.78381
57.890537
58.086365
57.669209
58.3162
56.358147
56.690159
56.596512
57.626617
59.124958
57.907581
55.923965
56.443295
55.847332
56.766769
54.774662
53.591316
53.50618
56.85191
56.715698
58.65675
59.23563
59.823067
59.661327
61.381016
59.525127
60.180634
60.487087
60.086971
59.686848
57.958637
59.269711
61.636417
61.593819
61.346958
61.559788
61.891766
61.219238
61.593819
61.653404
63.415646
65.160889
64.020096
64.786324
64.999123
66.684769
66.769928
65.850494
64.690849
65.236572
65.185417
64.716461
64.230446
65.313316
65.219543
65.824913
65.824913
63.147579
63.949093
64.366859
63.906452
63.906452
64.886971
65.398552
63.394855
63.480095
64.034325
64.827293
64.929604
66.916328
68.12706
67.862747
69.491302
71.230743
70.770287
72.688766
74.436737
75.630432
74.641365
75.630432
76.517181
77.037292
76.031174
78.017891
78.017891
75.800972
73.260056
73.541428
72.714355
73.839859
72.28804
71.750847
70.241661
71.40979
73.200363
72.816643
72.219818
74.811859
75.084747
75.229675
73.797234
74.453758
76.261406
75.050613
74.402626
73.703445
74.769279
73.072464
73.464691
73.413521
72.816643
73.902733
73.971146
74.253319
74.355957
74.51844
72.773933
72.389084
70.892586
71.875999
72.474617
73.389633
73.338318
74.980209
74.740768
75.211098
75.04866
75.484756
76.13472
74.997353
75.339386
74.390167
74.167824
73.979691
73.517876
74.278999
75.672905
77.349014
77.665421
78.041687
77.785133
78.118637
78.494934
76.485298
76.827309
77.588448
76.280037
77.759468
77.819351
79.743469
80.153938
79.238922
76.160332
73.389633
73.133087
72.431847
72.688354
71.747719
73.543579
73.509354
74.107964
74.159233
74.261917
73.765907
74.398705
74.347389
75.399246
75.801178
75.895233
75.245323
74.544083
74.407272
74.928909
73.945488
74.614433
73.602425
75.635056
79.117035
79.460114
80.129028
80.532127
82.496147
82.290298
81.878624
82.787758
83.173668
82.401772
82.41893
82.933502
82.350311
80.446396
80.832298
80.386345
80.557854
78.6968
79.734535
81.406906
82.547577
82.907776
82.401772
83.602509
83.533875
85.154808
84.674522
84.074165
84.734573
84.220001
83.705399
84.340012
85.034737
83.834038
83.636772
84.34861
83.49099
82.659073
84.177116
84.237083
83.662491
83.996971
85.403519
85.043327
84.674522
83.302299
83.345192
82.847763
84.58876
84.691658
83.619629
83.859756
83.765442
85.231987
86.741447
86.1754
86.106789
87.050186
86.346893
85.54734
87.937477
86.879982
84.515602
85.461357
85.590317
85.813858
86.965958
85.762245
84.979866
87.12928
87.584999
87.851524
92.073013
92.339516
91.006897
91.926796
91.909607
90.938095
91.582947
91.711906
89.691437
90.981094
91.38517
91.024094
92.296524
91.479744
91.574333
93.302437
93.758148
92.296524
90.929527
89.029411
88.547935
90.215897
88.401756
88.608101
89.424911
89.158371
88.264206
87.094925
87.172302
85.323792
87.567802
89.20137
89.605453
89.639824
89.717232
91.135849
91.092842
90.877922
90.774742
90.491013
90.877922
90.981094
88.659698
87.189507
87.464622
88.866013
88.109482
85.899879
85.977211
87.524796
86.542236
87.180038
86.973198
84.80986
84.689186
83.387711
83.534241
83.922119
82.870613
82.008713
80.190132
79.379951
80.250465
80.086708
80.543503
81.026184
79.879837
80.422844
79.879837
79.638542
79.069687
79.061073
80.250465
80.491806
80.405602
80.93998
80.155663
79.095497
78.044022
78.880066
80.655594
81.01754
80.155663
80.164291
78.888672
77.750977
77.552742
77.001137
76.863251
76.527107
78.087143
79.052452
80.319412
81.491577
80.379745
81.01754
81.155434
80.715881
80.681412
79.466156
78.061264
77.569977
77.613113
78.138855
77.880257
77.475182
76.130638
75.19976
75.415268
77.311409
75.346321
75.639359
75.673912
75.224464
76.74572
76.676575
77.523659
76.227089
76.443237
75.786285
75.760368
74.161308
73.080894
73.080894
73.73777
73.167336
72.484451
72.821571
74.178596
74.67128
75.578873
74.852768
75.898651
75.630737
75.656677
77.817505
78.759666
78.206451
77.0569
77.489059
77.091461
78.707809
77.964485
79.719116
79.036247
79.407936
80.497002
80.903236
81.335434
79.87468
80.522942
79.563499
79.24369
82.026894
80.721725
80.445145
80.799507
80.168571
80.436523
80.626686
80.592087
81.179817
82.000992
81.30954
82.571419
81.983696
81.456436
81.370018
81.758987
81.871307
80.324135
81.387299
81.465073
80.436523
79.814163
81.010208
80.342842
80.100166
81.261566
83.289627
84.442337
85.265701
85.213707
85.413025
86.123703
86.669769
87.406433
86.851753
87.423767
87.319748
89.269852
90.708534
90.673882
89.893852
90.7519
90.855904
89.304504
89.633865
89.971893
91.003242
90.864548
91.072563
90.795227
91.869926
92.389946
92.27729
92.883942
91.947922
92.459259
93.161301
94.816711
95.72673
95.232704
94.686722
91.349915
89.919838
89.954536
91.011909
90.483208
90.439873
90.309875
91.133224
90.699875
90.933899
90.171219
90.959908
90.370537
89.963219
91.202545
90.812546
90.985901
90.283867
89.503853
89.217812
90.327179
91.003242
90.188538
89.616516
89.772919
89.694687
89.364555
89.712067
90.354988
92.196854
93.699883
94.177704
94.342789
94.473076
95.585175
95.211586
96.914421
96.827515
97.974358
97.974358
97.27932
97.922226
97.53997
96.089043
94.69899
93.708588
94.79454
94.264595
95.654671
94.525238
95.585175
95.333199
95.055206
96.897057
98.000404
97.852737
96.323616
96.723289
95.176826
95.567787
96.036942
95.541725
95.602554
95.55043
95.220253
93.82151
93.882339
94.177704
95.289749
94.221153
95.394028
95.559097
94.959648
96.436577
96.080383
97.739761
98.634644
98.113388
97.38356
97.096878
95.576477
94.255882
92.518303
93.265457
92.692062
90.641685
91.319374
90.735886
92.085732
92.068298
93.844872
92.512474
93.000153
90.971024
90.892654
92.547287
91.702553
91.162605
91.876717
88.924469
90.352715
87.278557
85.188446
85.710991
85.649986
86.721176
87.191444
88.027496
87.687843
86.721176
84.692047
84.125977
83.168015
84.909767
85.902557
85.057808
84.73558
85.710991
85.693558
85.649986
87.043381
86.259613
86.44249
85.606468
86.381538
89.394737
90.396233
89.917259
89.386017
89.237968
88.846085
90.283043
89.873726
90.535553
89.516663
88.846085
89.447006
89.856308
90.178535
90.657494
92.00737
93.453003
93.392044
94.053902
94.53286
94.489296
94.262894
95.551804
95.455994
94.271622
95.257973
94.550919
94.027184
95.275452
95.729309
93.817726
93.503441
95.598381
96.776779
95.362701
95.755493
95.938843
97.309227
97.789322
99.631119
99.203392
100.093758
97.832947
97.003738
96.759331
97.125938
97.501289
97.588562
96.008629
96.453796
95.799194
96.148308
95.877724
97.047379
98.740784
98.819344
100.023941
100.303253
100.521477
101.403069
103.00045
102.302139
101.167397
101.211044
103.349617
103.244881
103.044106
100.975365
103.436905
104.283607
104.746231
104.458183
104.833511
105.811142
106.125397
106.186485
103.803528
102.782242
102.066475
102.625122
103.445656
102.607658
100.949188
98.793152
99.988991
102.171204
102.206139
105.793678
103.86937
103.886894
107.84922
108.067863
108.680183
107.088211
108.951309
110.534492
110.735695
112.948669
113.009888
114.549332
112.966118
111.540375
112.57251
113.788383
113.709618
113.044884
111.934029
112.117706
114.068253
115.091637
115.817619
115.98381
117.278351
117.313377
114.671783
114.103249
112.799965
113.954536
114.654289
116.377419
114.855461
113.613403
112.52005
113.412262
113.718391
115.144112
113.386017
112.222656
110.648239
109.449883
110.088425
111.356712
111.951523
112.05645
112.187675
111.94278
111.977745
111.706589
112.721214
111.164253
111.12056
112.694977
114.050797
115.485237
115.432747
115.677704
116.561096
115.97509
115.782623
117.050926
115.184364
116.437523
116.551399
117.042198
120.40728
121.756821
122.571808
123.78112
124.184227
124.894043
125.086853
125.15699
122.230003
123.684746
123.430603
123.395554
122.379013
124.245598
127.190033
127.856003
127.54055
125.70903
127.531799
126.155983
126.331223
126.033318
123.816154
125.446152
126.191071
127.943733
127.084869
126.436424
124.86776
124.175507
124.026535
123.316635
130.940704
130.572678
129.424698
131.764496
133.359406
130.923172
133.04393
132.91243
133.350586
135.830597
135.094513
137.495667
137.416794
137.548218
138.564743
141.088547
140.869507
141.999893
141.106079
142.368027
139.467331
139.791687
139.712784
141.912308
145.075851
146.390396
147.70488
145.67627
145.202118
142.962799
143.4897
143.99028
140.758682
137.386612
139.476563
139.757584
138.782837
144.35907
143.603912
145.553329
144.095612
139.87175
137.088074
134.479889
134.093491
130.15065
129.11438
131.204422
128.341599
126.190125
126.383331
129.36911
134.30426
131.573227
132.556763
134.839966
135.314163
132.073776
131.055084
131.678619
131.511719
131.6259
127.331764
122.282379
121.623795
126.558945
126.453629
126.234108
127.56012
131.573227
130.238419
129.89595
131.634689
129.228546
128.640244
133.654419
132.100128
133.873962
132.556763
132.231888
130.414063
130.712616
130.55455
127.56884
125.180283
123.028862
123.704979
124.99588
129.061722
127.489861
125.033844
129.311981
130.711624
129.734573
130.509155
133.554886
134.461578
133.15004
131.952789
133.889435
134.672867
134.373627
133.317261
132.049637
133.475647
133.017975
132.366547
134.373627
136.433411
135.958038
136.160477
135.412277
135.693954
134.417511
133.273239
132.102478
131.62709
129.479218
129.452789
130.852493
131.283844
133.167557
132.630646
130.782059
131.864807
132.921127
139.338272
141.600601
143.061905
143.229095
143.678009
143.827713
146.653397
147.137527
147.463196
148.493134
148.484344
148.765991
149.646271
148.91568
150.253616
153.343475
155.420898
154.487808
154.619797
156.204285
157.445541
157.542297
159.778168
161.838043
163.044022
161.151459
161.06337
158.796783
159.105499
162.897873
165.667282
166.346298
170.553314
166.399292
167.351776
167.387024
163.162476
165.270355
165.041061
167.57225
166.408066
166.487457
162.968491
164.979324
165.570267
167.889755
170.315155
173.499069
172.01741
174.142883
176.180145
178.411575
177.802994
170.315155
173.851776
173.058121
171.805695
171.541107
176.435989
177.811829
180.801651
176.568314
180.889893
178.614395
176.391907
174.901352
176.506561
176.250763
179.249466
177.485519
177.600143
174.716156
174.707291
176.268341
178.111725
177.097458
175.818634
177.026871
175.37764
175.554047
179.68161
179.990219
183.544571
186.869568
188.73053
188.377731
188.060196
184.92926
185.777313
188.144928
187.853378
194.443848
188.233276
188.613159
186.439865
184.443375
187.429398
187.287994
188.55127
187.773895
189.629105
188.657303
188.966507
188.418793
186.519424
187.756271
192.058533
191.546143
191.634506
195.185898
194.487976
193.445541
191.263443
189.054916
173.153061
178.232758
176.386429
172.861526
167.852417
174.363388
172.790909
176.63382
178.188629
178.983734
175.829849
176.819336
177.473038
175.803375
178.842377
180.220566
186.360397
185.591797
187.190903
187.049469
185.40625
182.658752
183.047455
182.543915
181.678131
185.300323
184.452133
183.692444
184.584702
184.68187
182.80899
182.915024
182.429138
189.514267
189.849976
191.484314
193.728271
194.666183
196.807465
195.303268
199.621323
198.922287
198.453339
193.436264
193.409729
194.214905
196.046555
201.160965
201.054749
199.046204
200.479599
197.409164
201.302475
200.134521
198.54187
200.957443
201.19632
203.815475
202.833298
204.142899
202.222778
199.692139
199.559357
202.134277
205.284348
204.240234
204.142899
203.258087
202.948334
201.1698
194.710388
199.143524
201.001648
201.612213
206.735519
199.754089
200.143372
200.833557
203.04567
199.877975
200.771606
196.789825
191.781586
189.507523
194.073303
193.745941
191.790421
193.940628
198.69223
195.834229
197.887024
197.586151
192.082382
191.763931
194.922775
196.595139
195.020142
194.135254
190.23317
187.313095
182.225296
181.428848
175.332306
179.765381
172.651215
170.771942
173.511063
166.951431
167.536484
166.17131
159.274841
166.463852
169.53093
171.348129
161.553055
160.001816
157.342453
150.472519
146.173325
150.561172
155.126389
153.140686
155.551834
157.688141
157.342453
159.319168
157.741302
151.536301
153.991745
151.91748
156.021667
160.267731
157.617279
158.83168
158.654358
162.75856
162.661072
161.801239
167.06665
168.945847
166.304306
177.730499
182.162659
180.416397
186.133865
186.532806
186.949448
190.238159
192.161713
192.126236
197.657608
202.125183
201.531296
200.290283
202.550674
201.185593
212.035522
209.145767
203.002777
207.036026
203.295319
199.29747
201.770691
201.974503
192.968338
196.948395
198.348999
199.554504
201.232513
209.453659
216.458557
213.368958
220.107513
213.262421
203.842743
193.890289
198.125153
190.152588
186.388168
187.622299
190.623108
206.896774
207.13652
201.552139
199.980713
195.799042
193.082336
185.997559
192.19458
184.177567
189.397919
201.996002
199.208298
201.214737
201.436722
191.075867
193.774872
197.548065
193.446365
199.057373
187.462463
188.73204
185.092026
187.036362
185.225174
178.903946
181.256653
179.933777
186.086319
190.276871
192.380966
188.172729
188.163834
