Adjusted
18.026926
15.490979
15.809789
15.548944
15.331582
15.556187
15.635891
15.911231
15.969193
15.846008
16.063374
16.251768
15.795295
15.635891
15.911231
15.404035
14.925828
14.875108
15.193917
15.012776
15.143199
15.490979
15.295355
15.440267
15.672122
15.440267
15.635891
15.41852
15.360566
14.998288
15.469247
15.867748
15.824277
15.686616
16.23728
16.070621
16.548834
16.577812
16.744467
16.990814
16.729971
16.012659
16.048893
16.012659
16.316975
15.882245
15.802328
16.107479
16.819489
16.703238
17.364389
17.393456
17.836639
18.105459
18.730295
17.713133
18.243513
18.468737
18.207182
17.894764
17.698605
18.011015
18.80294
18.911926
19.202547
19.129892
19.202547
18.708498
18.795677
18.817467
19.289732
19.73292
19.362389
19.885496
19.958151
20.088926
20.256035
20.088926
19.958151
20.277832
20.524855
20.437662
19.979948
20.713751
21.011641
21.418505
21.498425
21.236872
21.585604
21.854431
21.759981
21.505686
21.338581
21.207804
20.394077
22.283096
22.246763
22.406607
22.188643
22.849798
23.075026
23.612658
23.605402
23.71438
23.75071
23.605402
23.84516
23.874212
23.648989
23.699934
23.940142
23.969263
24.427832
25.082918
25.068363
24.333206
23.961979
23.648991
23.234098
23.452457
23.619877
23.634443
23.634443
24.107565
24.092999
24.340479
24.311367
24.580677
25.148434
24.376879
23.60532
24.143955
24.296812
24.143955
24.384159
24.092999
24.078447
23.401514
23.117638
23.379673
22.913828
23.292334
23.110357
22.979336
22.782814
22.71002
22.418863
22.528049
22.05493
22.797371
23.263216
23.81641
23.794575
24.114841
24.151239
24.078447
24.413279
24.675316
23.408787
23.70722
23.84552
23.87464
23.641714
23.46702
23.627157
23.481577
23.408787
23.532808
23.919426
24.977161
24.627005
24.61972
23.452566
23.175354
23.16807
23.04406
23.912119
24.291452
24.072617
24.20392
24.145561
23.882948
24.072617
23.634924
23.452566
23.328547
23.452566
23.233713
23.999666
24.254976
24.532179
24.816677
25.144932
25.086573
25.619097
25.473202
25.896296
25.772291
26.472584
26.487171
26.370447
26.333973
26.370447
26.304806
26.144321
25.969238
26.261034
27.355247
27.158287
27.034275
27.041563
27.369825
27.187466
27.063444
27.223928
27.26041
27.034275
26.939442
26.946728
26.494459
26.399626
25.874413
25.495087
25.867117
25.7577
26.013014
26.611179
26.713299
26.662235
26.815426
26.822718
26.216099
25.967606
25.477936
25.37561
25.360994
24.878624
24.176998
25.236738
25.324461
25.105188
25.112505
25.682575
25.821445
25.945684
25.456005
25.28791
25.353689
25.492554
26.004154
25.792204
25.938374
25.594877
25.602186
25.879904
26.238031
26.018768
26.084545
25.726433
25.638729
25.923759
25.894533
25.536398
25.58757
26.048006
26.259968
26.252647
26.530382
26.267262
25.46332
26.018768
25.923759
25.792204
25.6168
25.916454
25.945684
26.552305
26.435356
26.347664
26.91774
26.727707
26.435356
26.530382
26.230724
25.989542
26.091858
25.857985
26.303812
26.610771
26.925043
26.537701
26.925043
27.063913
27.078535
27.115082
27.370874
27.202772
27.070972
26.653597
26.426594
26.426594
25.928673
26.258188
26.726824
27.085619
26.858625
26.404629
26.514467
26.353373
27.202772
27.041681
27.312605
27.393158
27.356556
27.15152
26.858625
27.268682
27.04899
26.719503
26.507137
26.697529
26.258188
26.228889
26.258188
26.507137
26.360697
26.104406
26.023859
26.616982
26.719503
26.616982
26.748789
26.353373
26.162996
25.76758
25.796873
25.892069
25.818844
25.159826
24.163969
24.486153
24.522772
24.552059
24.691195
24.749763
24.508123
25.350208
24.910854
24.969435
25.240366
25.372162
25.848124
25.96529
26.243536
26.302111
26.184954
26.119059
25.979923
25.870089
26.243536
26.371983
26.012333
26.239866
26.063711
26.254543
26.423365
26.181141
25.960949
26.217857
25.71874
26.012333
25.982977
25.872885
26.027018
25.814161
25.836178
25.682045
25.461845
25.447174
25.689371
25.168243
25.226973
25.439827
25.586626
25.329729
25.197615
24.896677
24.419582
24.948055
24.610432
24.808598
24.221415
24.133331
24.537029
24.588406
24.749886
24.749886
24.977427
24.603088
24.654469
24.206732
24.148016
24.155359
24.492987
24.28747
24.184721
24.324177
24.940718
25.762779
26.445375
26.59952
26.687599
26.423365
26.665579
26.863747
26.841734
26.856422
26.812372
26.896978
27.132399
27.875444
27.573812
27.691534
27.419334
27.228037
27.617956
27.537029
28.059378
28.243299
28.471363
28.184437
28.29479
28.53758
28.140306
28.074095
28.27272
28.184437
28.567007
28.971632
28.839222
28.875994
29.162922
29.081993
29.214403
28.905426
28.706793
29.479277
29.317413
29.273268
28.920141
29.287987
29.560188
29.236486
29.04521
29.229134
28.817125
28.449293
29.184988
30.008965
30.281162
30.222315
30.222315
30.266457
30.317947
30.855015
31.112514
31.230209
30.943287
30.906515
31.465635
31.796705
32.216049
31.634853
31.105152
31.49507
31.414146
31.804064
32.024773
31.951193
31.907053
31.656914
30.776026
31.166719
31.070887
30.805508
30.96031
30.790773
31.373119
31.616377
31.432089
31.52055
31.439455
31.321522
31.395227
30.96768
30.76128
31.04141
31.343632
31.343632
31.129856
31.579517
31.550034
31.638487
31.505804
31.771183
31.365738
31.078253
30.613844
30.532764
30.812893
30.746534
31.107746
30.76128
30.886597
31.078253
30.812893
30.333744
30.149435
29.773504
29.906195
30.024126
29.972528
29.788246
30.414824
30.326368
30.444309
30.643337
31.269907
31.343632
30.99716
30.857113
31.233063
31.557419
31.417349
31.498436
31.233063
30.820255
30.97505
29.692404
29.301722
29.205902
29.913563
29.500757
29.522875
29.471262
29.279617
29.552353
29.397551
29.537962
29.183252
29.478842
29.131517
29.168467
29.382776
28.732445
28.754623
28.732445
28.074741
27.949108
27.860422
28.104292
28.518139
27.853037
28.19297
28.259493
27.78653
28.015615
28.252104
27.926937
27.638731
27.697844
27.889984
28.488579
28.008224
27.453972
26.685419
27.143591
26.944056
26.308521
27.099262
26.618896
26.751919
26.751919
26.626301
25.931629
26.138544
26.796267
27.158375
27.417027
27.232275
27.461369
27.527878
26.944056
26.988409
26.774094
26.818436
27.616549
28.717678
29.412334
29.663593
29.286703
29.530569
29.449284
29.094559
29.501013
29.537962
29.079782
29.515791
29.811388
29.35321
29.523188
29.634312
29.389832
29.337967
29.263884
29.456509
29.65654
29.65654
29.782494
29.782494
29.597265
29.397236
29.412058
28.997164
28.330406
28.500803
29.123117
28.745279
28.819368
29.256481
29.69359
29.093473
29.160166
29.69359
29.856562
30.597422
30.36035
30.40481
30.827089
31.449402
32.005062
32.560715
32.116188
32.205097
31.901333
32.36808
32.116188
32.501442
32.234726
31.75317
31.419781
31.286438
30.582619
30.338125
30.071409
30.64188
30.864143
30.745605
30.582619
30.827089
30.13069
30.093651
30.152916
29.908436
30.026972
30.108456
29.560226
29.767668
29.493563
30.03437
29.521912
29.94525
30.160631
29.95269
30.977587
31.140985
30.583963
30.613684
30.695372
30.153196
29.960108
29.960108
29.633314
29.35853
28.749523
28.482159
28.779228
28.615845
28.526714
28.511864
28.1108
28.266766
28.326189
28.311342
28.400455
27.98455
28.1628
28.073687
28.237066
28.393028
28.311342
28.185083
28.526714
28.563856
28.341043
29.158005
29.388243
29.447649
30.197771
29.796719
29.900686
29.254543
30.093784
30.479986
30.43544
30.643381
30.294319
30.717642
30.821627
30.130928
30.309179
30.999886
31.126116
31.616306
31.490047
31.363794
31.571743
31.519751
31.400913
31.475191
31.564312
31.504896
30.933033
31.268044
31.104263
30.925575
31.022362
30.813913
30.828796
30.910702
30.687357
30.538465
30.761806
31.469055
31.625395
31.699839
31.64028
31.134043
30.85858
30.933029
30.8437
30.962814
30.538465
30.590569
30.330015
30.13644
30.70224
30.13644
29.838655
30.062004
30.389563
31.11915
31.975307
31.67749
31.201042
30.94791
31.193594
30.732016
29.905645
29.548302
30.114113
29.764202
30.076889
29.779099
29.779099
30.188566
29.950319
29.749315
29.645088
29.399408
28.833607
29.235619
29.071831
29.198402
29.555746
30.620344
30.918139
31.163813
31.163813
31.171267
31.178705
30.95537
30.992584
31.603067
31.379723
31.707281
31.483948
31.416941
31.11915
30.909941
30.753033
30.364515
30.820284
30.820284
31.485247
31.574915
31.941025
32.053093
32.015736
32.127819
32.404263
32.733013
32.217464
32.12035
32.12035
32.06057
31.664583
31.604795
31.664583
31.791588
31.866306
31.485247
31.455374
31.23123
30.954767
30.626024
30.723148
30.170258
30.872593
30.439232
30.491543
30.095539
29.946117
29.856451
29.938643
30.050713
29.83403
30.289806
30.035774
30.162786
30.080589
30.85017
30.640974
30.902468
30.79038
30.424294
29.886337
30.259911
28.728247
28.399498
28.698353
29.094353
28.758137
28.272478
28.399498
28.690882
28.892616
28.167864
28.48168
28.802954
28.39201
27.988558
27.801023
27.538458
27.943541
27.718496
27.200882
27.223389
27.568466
28.033564
27.688488
27.650984
27.320913
27.50095
27.365911
27.313412
27.485954
27.2834
27.125868
27.350925
26.848307
26.8333
26.653269
26.608253
26.533239
26.255688
25.790577
25.212952
25.558025
25.385492
25.205458
24.852877
25.76807
25.490509
25.392996
25.963116
26.435719
26.030626
25.520521
25.948112
26.038126
25.610544
25.588032
25.933115
26.038126
26.023132
25.753071
25.055424
25.212952
24.957905
24.950396
25.835592
25.880598
26.045641
26.083149
25.730556
25.550529
25.242962
25.062925
25.115435
25.272968
25.573029
25.595541
25.723066
25.985622
26.196583
25.744528
25.872606
25.827402
26.415077
27.620558
28.004801
28.042482
28.042482
27.560289
27.334253
27.409597
27.010281
27.093155
27.560289
27.59042
27.469866
27.6507
27.326719
27.379456
27.74864
28.245893
28.072609
27.982199
28.404119
28.449314
28.569868
28.554798
27.80138
27.386992
26.942474
27.040417
27.055487
27.11577
27.304119
27.500011
27.575346
28.163025
27.929453
28.065071
28.125343
28.140419
28.027403
28.027403
28.042482
28.050016
28.065071
27.763706
27.605482
27.424665
28.600012
28.343845
28.486998
28.841101
28.939049
28.569868
28.705486
28.419182
28.321239
28.097643
28.514519
28.779812
29.537773
29.712103
29.840963
30.257832
29.507454
29.408916
29.401327
29.333115
29.643879
30.295732
30.235092
30.288151
30.045589
29.659052
29.49229
29.477137
29.605982
29.984972
30.113825
30.439745
31.129498
30.750505
30.15929
29.931908
29.803057
30.151705
30.379105
30.40185
30.538275
30.538275
30.977896
30.735342
30.356352
30.6444
30.841459
30.386686
30.272995
30.250252
30.447311
30.879366
31.137054
30.94758
31.099174
31.281082
31.349291
31.144655
31.076426
31.409933
31.652475
31.62974
31.576679
31.409933
31.334131
31.303818
31.212858
31.046116
30.917252
30.182039
30.007711
29.901592
29.568087
29.310369
29.581032
29.512407
29.581032
29.48192
29.100716
28.475554
28.635658
28.582298
28.597532
28.757648
28.917747
29.535292
29.222702
29.138845
28.902498
28.467922
28.033367
28.071489
28.010502
28.048615
28.68903
29.054979
28.986364
29.032103
29.146465
28.948233
28.986364
28.887249
29.398054
30.068951
29.764011
29.664898
29.893608
29.893608
29.969856
30.114712
29.725895
29.329437
28.872005
29.298948
29.542921
29.779261
29.65727
29.611521
29.45142
29.870739
29.573402
29.626772
29.741137
29.199837
29.253204
29.199837
29.642021
29.45142
29.375189
29.565783
29.695385
29.260832
29.466677
29.504793
29.634401
29.893608
30.343435
29.795223
29.365841
28.875141
29.097494
28.913469
28.645117
28.928804
28.97481
29.097494
29.10516
29.342848
30.692286
30.630957
30.178579
30.040565
30.017561
30.485273
30.30126
30.17091
30.186253
30.055908
30.538944
30.899303
30.845644
30.860973
31.037319
31.390005
31.336353
31.114
30.784296
30.699957
30.439272
30.201576
29.871889
29.097494
29.166492
28.599106
28.177408
28.990145
28.499435
28.959478
28.997822
27.748034
28.284748
27.90905
28.982477
27.441347
27.541018
27.019644
25.700865
25.578188
25.164156
25.539854
25.907888
26.298922
26.659279
26.084236
26.590269
27.027311
27.046598
28.204103
28.582209
29.562212
28.057476
28.173223
27.177786
26.398405
26.089745
26.907703
27.077469
27.478737
27.532745
27.301258
28.057476
27.918577
27.254951
26.599043
26.143759
25.526443
25.456995
25.27951
25.032581
25.588167
25.742502
26.136049
26.03574
26.406134
26.182346
26.082031
25.966282
25.796518
25.804232
25.472418
25.086596
24.523285
24.446115
23.736197
23.828789
23.859657
23.828789
23.689898
24.191475
24.230051
24.276354
24.314939
23.682177
23.458401
22.995409
23.196033
22.640436
22.447521
21.645002
21.961382
22.470678
22.401224
22.362638
22.432091
21.753033
21.992241
21.645002
22.339499
21.212872
21.123398
21.994789
21.691359
22.220411
22.165951
22.399363
22.539402
22.943979
22.943979
23.021784
22.095934
22.165951
21.504629
20.718828
20.181984
20.594339
20.415398
20.438738
20.742167
21.014473
20.998917
20.827745
20.757723
