Adjusted
15.721508
15.724341
16.088121
15.682039
15.510012
15.752537
15.586154
15.662295
15.69614
15.904819
16.017614
15.783563
15.715877
15.738435
15.904819
15.622816
15.112395
15.360558
15.870973
13.648812
13.310413
13.203256
13.282217
13.050971
12.940993
12.918436
12.845115
12.729493
12.464414
12.410834
12.413651
12.503892
12.492615
12.142933
12.323415
12.436213
12.354433
12.489792
12.419293
12.557467
12.391092
12.255732
12.120374
12.165493
12.154211
12.11191
12.030131
11.762232
11.810517
11.870165
12.28487
12.372923
12.557548
12.58028
12.568911
12.429732
12.554712
12.551869
12.676853
12.759223
12.571755
12.960895
12.906926
12.810349
12.864318
12.810349
12.54051
12.438252
12.503584
12.441095
12.546192
12.688215
12.620045
12.847277
12.892723
13.031905
12.833075
12.798988
12.736499
12.827397
12.733659
12.824555
12.827397
12.986456
12.926806
12.966573
12.997817
12.918287
13.014862
13.105754
13.242095
13.287543
13.364235
13.534663
13.350034
13.1086
13.460811
13.591472
13.841426
14.074345
13.898238
13.781777
13.918122
13.969248
13.918122
13.946527
13.9238
13.881198
13.832909
13.949362
14.50325
14.446105
14.186098
14.197523
14.083239
14.048952
13.991807
14.29182
14.271812
14.328959
14.360388
14.177526
14.083239
14.051811
14.151813
14.000375
13.843234
13.811801
13.791802
14.011811
13.81466
13.711803
13.577509
13.617511
13.666086
13.746088
13.923234
13.92895
13.95752
14.000375
13.943233
13.74894
13.486078
13.65751
13.557507
13.420361
13.24893
13.077494
12.951779
13.088929
13.486078
13.508935
13.428937
13.423221
13.460366
13.408936
13.357507
13.317503
13.154642
13.286074
13.417504
13.231784
13.457509
13.22893
13.280363
13.408936
13.47179
13.70037
13.803226
13.757516
13.843234
14.057521
14.191813
14.006092
13.991716
14.052091
13.994595
14.07221
13.856601
13.908347
14.138333
14.057839
14.192958
14.454564
14.353944
14.259076
14.313694
14.402822
14.730545
14.917419
15.153139
15.181893
15.17327
15.101395
15.253765
15.475117
15.477993
15.380257
15.265265
15.357253
15.227886
15.17327
15.153139
15.153139
15.213517
15.199139
15.285386
15.409004
15.575741
15.064026
14.839787
14.604056
14.514934
14.368322
14.342445
14.368322
14.169959
14.144082
14.287824
14.330951
14.365444
13.922727
13.822104
13.957223
13.689865
13.517375
13.491502
13.569122
13.684114
13.617997
13.511627
13.330509
13.284515
13.563374
13.508751
13.649618
14.270575
14.371195
14.489776
14.51291
14.368305
14.489776
14.726934
15.473111
15.395022
15.316933
15.16655
15.444184
15.392133
15.403704
15.519383
15.377672
15.539632
15.93007
16.253992
16.213505
16.430422
16.618412
16.629978
16.598164
16.618412
16.306055
16.40439
16.841105
16.997278
16.615519
16.609737
16.525856
16.53454
16.398611
16.308947
16.308947
16.557674
16.687828
16.554785
16.308947
16.488268
16.803507
17.217093
17.494738
17.532335
17.451357
17.581503
17.71454
17.795527
17.801296
17.772387
17.778175
18.026896
18.024008
18.611116
19.149059
18.773077
18.923468
18.825138
19.371758
19.47588
19.163523
18.825138
18.569443
18.769928
18.769928
18.958792
19.223192
19.37429
19.12151
18.987841
18.772833
18.400921
18.078407
18.197533
18.203346
18.569443
18.967512
18.348619
18.217873
18.255644
18.180103
18.316658
18.613028
19.191236
18.810616
18.668232
18.92683
18.982037
19.385904
19.112789
19.089544
19.566059
19.50503
19.60964
20.225615
20.641113
20.452253
20.667263
21.477913
21.472103
21.431419
21.222221
20.795107
20.091959
20.690508
20.963636
20.83288
21.329733
21.457579
20.928762
20.402857
20.338936
20.269201
20.96072
20.920038
20.658546
20.347654
20.510365
21.172831
21.044983
20.722464
20.367987
20.954916
20.690508
20.254665
20.62949
20.29977
20.53903
20.819151
21.636168
21.671179
21.688686
22.097189
22.98715
22.61657
22.540712
22.0184
22.534878
23.106787
23.311033
23.147633
23.302279
23.906286
23.544466
23.958803
23.687439
23.541546
23.947136
23.897526
24.676611
24.405247
24.273939
23.716621
23.993818
23.67285
23.372318
23.90045
24.093029
24.335209
24.32062
24.130964
24.393568
23.526957
23.331461
22.797478
23.127203
22.89085
22.698275
22.61657
22.89085
23.010487
22.140953
22.526119
22.496946
22.683685
22.581558
22.251842
22.438583
22.628246
23.141802
23.065931
23.489027
23.757475
24.066771
24.008406
23.891701
23.827492
24.119293
23.92087
23.941296
24.199015
24.043798
24.020367
24.5973
24.95752
25.710169
25.335312
25.139095
25.326523
25.300171
26.126034
25.827322
26.064533
26.36911
26.32811
26.483315
27.209606
26.758612
26.817186
26.533115
26.202179
25.537384
25.531527
25.598883
25.183025
25.256243
25.909317
25.921022
25.882959
25.795103
26.085035
24.556301
23.238441
23.636726
23.379011
23.01001
23.414154
23.563513
23.50494
23.071507
22.441856
22.740572
22.462355
23.036352
22.550213
22.635145
23.376076
23.853439
24.245867
25.279673
25.396811
25.704319
25.771667
25.683813
26.020601
24.87845
24.172665
24.702736
24.778879
24.046728
24.248798
24.272228
24.029154
24.558231
24.578821
25.010899
24.846289
24.984451
24.881567
24.910959
24.617027
24.731661
24.076185
24.173185
24.33485
24.226089
24.21434
23.323713
23.367805
23.220837
23.520649
23.514776
23.699955
23.573553
23.932156
24.279001
24.622906
24.719908
24.622906
24.520025
24.766937
24.7493
24.828659
24.957985
24.910959
24.852173
25.469437
25.74868
26.415905
26.798021
26.836235
26.698084
26.974377
27.04199
27.888519
27.98258
27.785637
27.93849
28.514601
27.96788
28.455818
28.379391
28.54693
29.364071
29.66976
29.511036
28.87908
29.19359
30.025417
30.519232
30.378143
30.084215
28.837929
28.693455
28.675764
28.51066
27.977005
28.024178
28.484125
28.153908
28.436947
28.171602
27.811895
27.86202
27.888556
27.552435
27.758825
28.366192
29.020733
28.955858
28.938171
29.126867
28.935223
28.717049
29.106228
28.602062
28.01828
27.761776
26.738695
27.41387
28.118523
27.490532
27.991749
28.192234
28.917528
28.156862
27.154419
27.349001
27.611408
27.974062
27.396181
27.847282
27.94162
28.015337
28.472326
27.81484
27.926876
26.588329
26.019295
25.960333
26.361301
26.264006
26.921492
26.552948
26.874319
27.065954
27.458094
27.34016
27.965216
27.375538
28.136217
28.563728
28.581423
28.849724
28.613852
28.855621
30.211864
30.359287
30.577459
31.739531
32.159405
32.697567
33.019863
32.80106
31.671507
31.742498
32.227425
32.132797
32.650253
31.420183
31.772057
31.494102
32.777409
33.487061
32.842453
33.785702
33.27121
33.256435
34.30022
34.143494
33.280083
33.058319
32.845413
33.427921
33.427921
33.56691
35.196159
34.835423
35.015778
34.956657
35.358784
34.850212
34.980312
35.349926
35.207993
35.361759
35.589428
36.884563
36.370049
36.792881
37.49369
38.286137
37.635612
37.177292
36.003403
36.065498
36.568172
36.532684
36.473549
36.556335
36.64209
36.103943
36.928905
37.257137
37.582405
39.702488
39.199825
39.356537
39.344715
39.173214
40.628014
39.394978
39.598995
40.565121
40.313229
39.569378
41.285267
41.134132
41.306007
40.544369
39.744228
40.704418
40.52956
40.971123
41.237854
40.748859
40.363605
39.056675
36.510975
34.80991
35.550789
35.002537
36.048672
35.106266
34.309055
34.972885
35.796768
34.421677
35.281097
33.41407
34.463181
35.580429
35.950874
36.21463
35.061806
36.425037
37.074055
37.044415
38.395817
38.878853
38.17057
37.234089
38.271339
37.933495
36.173138
37.011833
37.133331
37.026642
38.078705
37.927563
38.123161
38.644741
39.329315
38.994453
38.890705
36.365772
36.039783
36.309456
37.44154
37.192593
37.32003
37.370415
36.721386
37.225201
36.499138
37.050346
38.306942
39.120922
38.306942
37.62368
37.290985
38.639664
38.678284
38.188114
38.042564
36.465126
37.599934
37.338505
37.674202
39.69722
40.226009
39.93784
40.698349
41.138
42.136143
42.234196
42.23122
42.257957
43.134323
42.626331
43.018448
43.065987
43.37196
43.553165
44.105736
43.70171
44.575085
45.683147
45.986156
44.162159
43.775974
43.000626
44.23048
42.569878
42.543144
41.152843
41.072659
41.527172
40.82906
40.27058
40.725082
41.565777
42.52533
41.972775
42.008419
41.943062
41.420231
41.087505
42.156944
42.938244
42.736244
41.319221
40.995422
41.069683
40.617165
41.287022
42.245655
42.412373
42.748783
43.278728
42.778561
41.822895
41.554962
41.471596
41.429909
41.873512
42.287342
42.072983
42.436195
42.47192
42.394512
41.89436
43.031624
44.133156
44.481476
43.418648
43.984306
43.228119
42.838116
42.451077
42.870865
43.391857
44.246304
44.100407
45.981972
44.782181
44.648216
42.573143
41.927101
42.65353
43.674675
44.526154
44.299877
43.097122
43.388882
42.695206
43.168568
44.180794
44.002167
43.177483
42.275433
42.439171
42.754753
41.938999
42.215889
41.882446
42.016407
41.980694
43.162609
43.674675
43.198326
44.657143
44.603546
45.335922
43.808666
42.736885
41.531151
41.272133
40.70945
39.914555
38.798115
39.424774
41.125656
41.537457
39.943989
39.012966
40.239388
39.89922
41.286797
41.985054
43.148811
45.12722
47.096664
47.311516
47.956051
48.64537
49.415237
47.759113
47.732262
49.039246
49.272003
48.466324
50.149315
47.624825
47.56218
48.340988
46.711727
45.368931
47.759113
47.732262
47.302559
46.362595
46.040321
47.356266
47.329422
47.571121
46.935535
46.550591
47.195129
47.177227
47.893391
46.102993
46.496876
45.252544
45.02874
44.044022
43.238342
43.641178
43.909737
44.402103
43.802315
43.864971
44.464767
44.070862
43.381561
42.101421
40.98243
41.242035
42.477421
40.123028
40.37368
39.192005
37.679123
36.873444
37.133038
36.163891
36.029293
37.456108
36.45105
35.975445
36.612576
36.406181
36.10107
36.971519
37.644554
37.24073
37.168938
36.729225
34.737087
34.970383
35.078083
35.104996
34.548626
35.508808
35.598553
36.217747
37.177917
38.407318
38.030422
37.285595
37.815041
38.209892
37.133041
38.093224
39.277744
38.613705
38.864975
36.818962
38.048351
38.156048
38.084251
39.349529
40.282806
39.412357
40.004623
40.686626
40.381516
40.59687
41.054531
41.942928
40.659702
41.314789
40.776344
41.1712
40.722511
40.668678
41.539116
43.522305
44.96706
45.110634
45.137569
45.415752
44.931175
46.151588
46.223362
46.582321
46.061855
46.097748
46.034805
47.212654
46.978882
44.344463
44.928898
45.477356
45.944901
45.225601
45.045769
45.270561
45.666157
44.569241
42.78899
42.591167
43.112682
44.371449
43.337463
42.708073
42.537258
44.074726
43.769035
44.281528
43.867939
45.423409
45.450386
46.52034
46.331516
45.729107
46.700153
46.853008
47.455406
48.543346
49.037865
49.064823
48.660233
48.408482
47.833042
49.037865
49.397507
48.048832
48.408482
48.534355
48.444427
48.795105
48.210674
49.001888
49.073814
49.972939
49.972939
47.851017
47.617252
47.824043
46.232613
45.423409
46.304527
46.915936
47.248619
47.473408
46.951912
46.025826
46.818584
46.710491
45.449253
47.305069
47.701439
48.701416
50.259949
50.431107
50.800461
51.187832
51.259922
51.268913
49.971661
50.908562
50.710377
50.65633
50.710377
49.620316
50.791451
50.809467
51.908527
52.133766
52.250866
51.286934
50.638313
50.593262
51.854488
51.629269
51.458115
53.187798
51.773415
51.368015
51.124786
51.142796
51.404053
52.45808
52.413033
52.088734
52.377007
52.647247
51.214867
52.683292
52.746353
52.602215
52.638256
53.034645
53.764362
54.584152
53.431034
54.467041
53.214817
54.304874
54.160732
54.953503
53.349949
54.286854
54.485058
53.665253
52.962563
53.151772
53.214817
53.070683
52.223858
53.27969
54.03775
55.048458
54.516014
53.70385
52.404339
54.362614
53.893356
52.720173
51.104843
50.337769
51.204102
53.207508
53.685787
54.227238
54.75066
55.003338
55.653099
57.033817
57.295525
58.324284
59.668934
59.298923
59.280888
59.993813
59.840397
58.965046
60.21941
58.324284
60.084057
56.293835
54.768715
55.761391
55.228962
54.290424
54.064804
51.068733
50.202393
51.691422
52.521637
51.88995
53.46019
54.34457
52.729198
50.707779
49.850441
51.709457
52.765308
51.321411
52.0975
52.043362
53.324821
53.07214
51.917023
53.559441
52.900665
55.382359
56.032124
55.662125
56.82626
55.63504
54.732609
56.347958
58.002075
57.866489
57.25185
57.333214
59.665211
60.126183
60.017731
61.328369
61.500111
61.002941
61.852596
60.93063
60.135231
60.66851
58.99633
58.661907
58.562477
59.719467
58.815559
59.683281
59.412125
59.629055
61.120457
62.006271
62.837837
62.620918
63.163231
61.183743
59.330776
60.343128
62.150887
62.602833
64.139435
64.808289
62.150887
64.726982
63.289776
63.795959
62.467239
66.869141
65.594711
64.808289
64.79924
60.505836
62.096672
61.807419
59.421169
61.409721
61.400681
64.401535
61.997227
63.506718
61.780296
60.008713
61.237961
62.873966
64.374451
67.592262
65.621773
67.447617
71.280083
71.072182
70.746796
69.309624
74.235756
75.645851
76.811852
76.639931
81.291306
83.354591
80.82074
88.684753
92.648422
94.476395
92.60318
92.286446
