Adjusted
37.040936
36.902382
37.37965
36.902382
36.455917
37.456608
37.764515
37.779919
37.872276
37.117912
36.940857
36.255783
33.099747
31.744982
32.422356
31.922026
30.967512
31.637226
31.891226
31.136864
32.160645
31.660309
30.982918
31.490953
31.275433
31.383186
31.821955
31.50635
31.067583
30.952103
31.906626
32.414673
31.937414
31.344707
31.421669
30.482567
31.021404
30.513371
30.336317
30.474871
30.151581
28.866079
28.504278
27.672947
28.71212
28.454018
28.715969
28.877768
30.595951
30.025795
31.096767
30.549728
30.688404
30.75004
31.636106
30.480383
31.027426
31.112186
30.742342
30.665285
30.595951
29.478743
30.07972
29.66367
28.831543
29.417103
30.611361
31.058226
31.551338
31.898083
32.822639
32.845764
32.784119
31.636106
31.836433
32.784119
33.477554
32.884289
32.152332
33.539204
34.432972
34.240337
33.701008
34.286564
34.063141
34.355919
33.785748
33.831974
33.816578
33.993797
34.348217
34.016907
34.1633
33.546913
32.707077
32.822639
32.93821
33.346584
31.443481
32.398876
31.890354
31.88266
32.483631
33.269535
33.092327
33.87051
34.432972
34.340412
33.46899
33.345604
33.145096
33.16053
33.715767
34.271019
32.312241
32.528156
32.07317
32.312241
31.872671
31.772423
30.993513
31.463938
30.893272
30.739035
30.415146
30.492268
30.461411
30.762167
30.330317
29.690233
31.163191
31.857248
32.227394
33.684933
35.373791
34.96508
34.972786
34.517784
34.64119
34.934223
34.656612
35.24271
35.181
35.404636
35.674557
36.152683
35.983013
36.06015
35.643719
35.48175
35.566597
35.612877
35.643719
36.245235
37.309437
38.026661
37.880127
38.458504
38.635876
38.33511
38.365955
38.065216
37.949524
38.443077
38.419949
38.55875
38.419949
37.795292
37.247768
37.648762
37.594784
37.078106
37.054947
36.276077
36.615387
36.515137
36.353058
36.453396
36.546013
37.4259
37.356438
37.024532
37.364159
36.522861
36.700378
36.97052
37.510788
37.202068
38.290337
37.896698
38.166859
38.097385
38.197723
38.591354
38.784313
39.062172
39.787682
40.482334
37.935295
37.286964
36.476543
36.98595
36.877899
36.692669
36.530579
36.530579
36.731255
37.024532
37.194363
36.978233
36.592335
37.171192
37.302406
37.248383
36.885616
36.66951
36.136932
36.113789
36.769844
36.708092
35.974854
35.272503
35.372826
34.863438
35.048664
34.840271
35.473156
36.044331
36.214123
36.407097
36.854736
36.052044
35.889969
35.697014
35.388271
35.781898
35.612099
35.758739
36.330879
36.972618
35.982971
35.650497
35.95203
36.864372
36.431381
36.470039
36.732922
36.802521
36.825726
37.011272
36.92622
36.748398
36.493256
37.498352
37.343727
37.196831
37.019001
36.485527
36.57056
36.964878
37.305069
36.245838
35.56546
35.696896
35.604111
36.655613
37.17363
38.25605
38.58852
37.683933
38.928711
39.462196
39.400333
39.145191
38.789547
39.941555
40.467312
40.799767
40.552357
41.255936
41.310051
41.139961
40.467312
41.155418
41.371918
41.712109
41.820347
41.789417
41.456955
41.155418
41.070381
41.379639
41.031715
41.356441
41.062634
41.48016
41.225006
40.799126
39.668617
38.925274
40.233875
39.660862
39.916397
40.504902
40.57457
40.435188
39.76152
39.010437
38.917522
39.544716
39.684101
40.884315
41.008194
41.302441
40.68298
40.915276
43.044662
42.595562
42.107735
42.045784
42.78138
43.075645
46.072277
45.065643
44.910778
45.305702
44.484901
44.732689
45.359894
44.964981
44.492638
44.492638
43.617661
43.880936
43.609917
44.089996
43.73381
43.811237
43.842213
42.456169
42.123226
42.022552
41.410835
41.67411
42.549107
42.216148
43.501511
42.556839
43.021435
43.695095
43.532494
44.260353
43.981602
44.593319
44.515888
44.833912
44.965767
44.228882
44.337475
45.020077
45.454441
46.67226
46.695515
46.478336
47.478962
47.742683
47.68837
47.990898
47.703918
47.742683
47.711658
47.696136
47.572029
47.005787
47.525482
48.045193
48.277885
47.362602
47.24625
47.517742
46.804111
47.261776
46.920464
46.230118
48.828632
48.782097
48.634708
47.222977
47.354847
47.052334
47.060089
46.346474
46.408531
47.393623
46.555897
46.377495
46.439548
46.540386
45.756958
45.454441
44.639992
44.058235
44.857178
46.160294
45.283798
45.245007
45.314823
46.160294
45.935368
46.42403
46.532627
47.176437
46.897202
47.083351
47.711658
47.703918
47.145409
47.354847
47.331577
47.572029
48.223598
48.339951
48.844135
48.440781
48.083977
48.339951
48.697338
48.378796
47.819405
46.568577
46.925964
46.69289
47.034729
46.490891
45.830498
46.141277
46.18787
45.962589
45.550812
46.180119
46.389889
47.221176
46.902645
47.221176
46.669579
46.156803
46.498646
46.413193
45.620728
45.208954
44.952576
44.820492
43.973656
43.872681
43.662888
43.157883
43.662888
44.439816
45.51973
45.309959
44.727268
45.947025
45.426495
45.931511
45.98587
46.335503
45.861568
45.636272
45.535267
45.80719
45.721729
45.170124
44.696182
44.64959
44.323273
43.530807
44.028042
44.284424
44.703968
44.828274
45.278873
44.921494
45.333279
45.208954
45.98587
46.203419
45.286667
44.828274
46.11795
47.143494
47.244488
47.026958
46.32238
46.010967
45.816341
45.98761
46.711651
46.94521
46.94521
46.610443
47.420113
47.46682
47.552456
47.295551
46.633789
46.680511
46.540367
46.805069
46.353527
46.773941
46.073273
46.501442
45.831913
45.933117
46.641579
46.485878
45.543861
45.473797
45.177937
45.551651
45.792976
46.096611
46.306828
46.797291
47.287758
47.747089
47.513531
47.700394
47.622528
47.622528
47.116486
47.279968
47.778229
47.482399
47.941715
48.323204
48.019585
47.692596
47.116486
47.412327
47.762669
48.346554
48.175278
48.074081
47.863876
48.408859
48.131889
47.827667
47.234791
46.930561
47.133389
47.117783
47.515636
47.710651
47.195805
46.92276
47.242607
47.312794
46.493702
46.361092
45.978848
45.830631
44.715088
44.995922
45.058334
44.29385
44.192421
44.933529
44.855511
44.754082
44.67609
44.559074
45.84621
38.170082
36.820515
35.728382
36.196453
36.648899
35.431938
37.023346
36.438271
36.602089
36.087219
36.726921
36.180847
36.680096
37.577213
37.226158
38.458714
37.928257
38.107677
38.25589
37.982861
37.639606
36.664505
36.586491
37.124741
37.647415
38.365105
38.661549
39.004795
38.716152
38.341705
38.61475
38.716152
38.91898
38.248093
37.787823
37.717625
37.756618
37.772236
38.084267
38.13887
38.443115
38.544865
38.615295
38.583996
38.763985
38.740509
38.842266
38.740509
38.881382
40.368401
40.110142
39.80492
39.225758
39.241394
39.100529
38.818787
38.959652
39.217918
39.264877
38.646614
38.928349
39.797077
38.897053
39.42923
40.094475
41.964989
41.385834
41.84758
41.714535
41.542362
41.831924
42.262386
42.051056
41.839752
42.145
41.628452
41.456257
41.323215
41.197998
41.151035
40.235348
40.697113
40.79884
40.806679
40.775372
40.783195
40.579712
39.80492
39.757969
39.82056
40.016216
39.343151
39.304031
39.170979
39.366631
38.482243
38.216148
38.317886
38.552689
38.177013
38.192665
38.521385
38.583996
38.560513
39.069237
39.851871
39.64056
40.039696
40.21188
40.462322
40.67363
39.147491
38.411812
38.936184
38.137894
38.270943
37.261318
37.23003
36.82954
38.038868
37.936783
37.481331
35.188297
35.274681
35.368927
34.866356
35.808685
36.82954
38.164509
38.635685
38.470776
38.109539
38.965481
38.761337
38.855564
39.617271
38.879124
38.596413
38.243053
38.258743
38.894825
38.996899
40.198376
40.245495
40.025612
40.912975
40.292625
40.834461
41.863167
41.925991
41.9888
41.470528
41.56477
42.004524
42.043793
43.072514
42.774097
43.794956
43.26881
43.260963
43.378754
42.295074
42.412861
42.326496
42.012367
40.50465
40.441818
40.002056
40.300476
40.873718
41.172123
41.826153
41.841911
41.392761
41.211525
40.841164
40.762375
41.030277
40.841164
40.951485
41.361233
41.109085
40.573269
40.399895
39.95076
40.659927
41.09333
40.604782
42.393509
42.614136
42.574726
41.652798
41.022415
40.573269
42.590492
41.841911
42.448654
42.09407
42.109825
42.700813
43.055405
42.842651
42.180737
41.881306
41.250916
41.329716
40.628422
39.674953
40.447174
40.644184
40.77813
40.738731
40.872692
40.998772
41.030277
40.998772
41.179989
41.282444
41.211525
41.384884
42.007385
41.376995
41.140606
40.612648
40.399895
40.518085
40.407398
40.549725
39.616646
40.146454
39.909214
39.52174
39.529671
39.055206
38.667744
38.280273
39.33987
39.300331
38.897064
40.383675
41.285118
40.699978
41.467003
41.838654
41.024185
40.304604
40.446934
40.154358
40.43903
41.474903
41.870285
41.886105
39.403133
39.229172
40.154358
41.000458
40.344131
40.699978
40.60508
40.359936
40.52602
40.794861
40.731613
40.201801
39.830143
39.577106
40.201801
40.091103
40.185982
39.735249
39.379417
39.276619
39.126381
39.205456
39.727348
39.30825
38.92868
38.588684
39.284534
39.553394
39.52174
39.956657
40.375748
40.17807
39.458496
39.418957
39.948753
40.019928
38.908257
38.082451
39.146484
39.384686
38.963844
39.027378
39.424404
41.155411
41.385674
42.124161
41.512737
41.250698
42.775272
42.259132
41.798592
42.481476
42.624413
42.140022
43.077003
43.585201
43.672527
43.31522
43.251694
43.116699
43.235817
43.19611
42.124161
41.306274
40.79015
41.536556
42.362366
42.846718
42.314713
42.005035
43.3311
43.807537
43.831337
43.910759
44.974777
45.260632
45.085938
45.332081
45.467075
45.411488
45.856152
45.17329
44.355427
44.54599
45.181225
44.720673
45.34798
46.801075
46.642273
47.206051
46.277016
46.562866
45.999084
46.05468
45.864109
46.491394
46.689919
47.086926
46.459652
46.959877
46.46759
46.157898
46.05468
47.166328
47.436314
48.754444
48.937057
48.341541
48.436802
48.373287
48.412994
48.444752
49.000584
48.579742
50.334583
51.279507
50.302826
50.421925
49.991718
50.174965
50.270554
49.728817
50.50956
51.115036
50.939762
50.684841
50.31039
51.688663
50.836205
53.098801
53.951225
53.704262
53.791874
53.608662
54.620445
55.441021
55.616295
54.150406
53.871574
54.054794
54.676216
54.18227
54.333637
53.911411
55.217941
56.094307
57.480507
56.883007
56.564339
56.301441
56.548405
57.24152
57.918667
58.428566
59.034058
59.472233
60.149418
59.695316
58.372795
58.038204
59.304909
58.771152
58.340935
58.84285
58.795059
58.165676
56.946743
56.564339
55.042679
54.118549
54.684181
55.233879
55.377281
55.433075
55.871227
56.302746
56.023041
56.094967
56.11095
56.949966
56.342686
56.310711
56.063011
56.462543
55.559597
56.174881
57.277599
57.765015
59.0116
58.172581
57.892891
58.204533
56.694263
57.213669
57.229649
57.54129
57.828964
56.542454
56.646324
56.00708
55.575577
54.552753
54.944305
56.015053
55.263939
55.863228
55.935158
55.423756
54.177193
54.552753
54.217136
55.064175
55.207989
54.368973
55.78331
56.126926
55.479683
55.144073
54.896358
52.98658
52.626987
52.11396
51.11993
51.520737
51.576866
50.743153
50.935547
50.799282
49.885426
48.514626
48.89941
48.891392
48.723064
49.332287
49.260155
49.260155
48.987579
49.059761
48.699009
47.72102
46.718979
46.775089
47.095745
47.528629
47.761097
48.594799
49.348324
49.829304
50.141941
49.139908
49.284191
49.019661
49.15593
49.556744
49.107845
50.679043
51.961647
52.242203
51.817345
52.546829
52.378468
51.512722
50.759193
50.855392
51.264217
50.783241
50.735146
50.791267
51.007702
51.721153
51.192078
52.07386
51.953625
50.53474
49.965572
49.725098
50.422516
50.406483
50.895466
51.168022
50.190044
49.813267
49.5327
49.725098
48.97155
49.877403
49.676994
49.244122
48.690979
48.079227
48.650738
48.014843
47.451374
48.851986
48.93248
48.948563
48.956615
48.860039
47.9585
48.393162
50.349171
48.811733
48.175823
48.19191
48.127525
47.982647
48.715137
48.868073
48.369015
49.085407
50.558453
48.924416
49.439587
50.059391
50.292816
49.608616
49.085407
49.222256
47.789452
46.855709
46.429108
46.904022
47.217922
46.123219
45.398762
46.00248
46.139328
46.533741
45.857578
44.432835
45.656357
45.575863
46.791325
46.62228
46.042728
44.545525
44.263813
43.241516
43.925724
44.770905
44.368435
45.6483
45.350479
44.376499
43.724495
43.499107
42.734406
43.804985
43.499107
43.297878
44.320152
43.603748
43.539349
39.514641
38.202579
37.824261
38.114044
37.647171
37.429844
37.55862
38.468208
39.112175
38.758003
38.677498
37.977192
37.437893
37.373486
37.624653
37.438309
37.389698
37.835297
39.933659
39.082973
40.233402
39.990368
41.416283
40.727631
40.889656
40.581795
39.844543
39.066761
39.966057
39.65818
39.131584
39.382732
39.512363
39.876934
40.419762
40.31443
41.521606
41.132706
41.724144
40.063282
40.071392
39.261204
39.455647
38.985752
39.860733
39.018154
39.082973
40.403561
39.431343
39.431343
38.791298
38.167461
36.530907
37.632748
37.697556
37.632748
37.657043
38.904724
38.086441
38.904724
37.973019
38.224178
38.929039
39.739208
39.690598
39.188293
37.357292
37.041325
37.008919
36.425583
36.960304
37.389698
37.75666
37.862675
38.604763
38.547668
39.134819
38.474281
38.449818
