Adjusted
11.392852
11.217943
10.840302
10.534212
10.323526
10.486509
10.498434
10.100916
10.077065
10.502411
10.669368
10.422908
10.160544
9.619923
9.858428
9.763027
9.369485
9.385384
9.540416
9.703403
9.933959
9.96576
10.192347
9.969738
9.94986
9.94986
10.25595
10.232097
10.04867
9.657887
9.749605
10.323811
10.23609
10.347738
10.778393
11.013663
10.92195
11.137278
10.718584
10.96581
10.850172
10.798334
10.706619
10.874098
10.798334
10.674718
10.331787
10.128423
10.124435
10.084558
10.068606
10.495279
10.343749
10.531165
10.367676
10.112472
10.279949
10.140383
10.307864
10.539141
10.216149
10.16431
10.327801
10.220134
10.267987
10.124435
9.980882
10.072598
10.399579
10.491288
10.471351
10.2959
10.16032
10.267987
10.307864
10.415527
10.583007
10.435463
10.287923
10.10051
9.94101
10.260015
10.267987
10.547119
10.515216
10.44743
10.961824
11.141268
11.404443
11.468246
11.752153
11.892107
11.932096
12.012066
11.796136
11.636191
12.136025
12.052055
12.028062
12.327962
12.03606
11.916098
12.347957
12.200004
12.076045
12.048055
12.156019
11.896106
11.972082
12.03606
12.931765
12.599876
12.355954
12.096038
12.096038
11.900101
12.164015
11.992073
11.812131
11.896106
12.196007
11.852119
11.864113
11.676176
11.540221
11.676176
11.636191
11.260314
11.23632
11.476241
11.096364
11.076375
10.756478
10.644513
10.388599
10.584534
10.976407
11.008394
10.628521
10.536549
10.396596
10.476567
10.628521
10.540549
10.456575
10.696498
10.760476
10.556543
10.608528
10.836451
11.216327
11.204331
11.372277
11.548218
11.616385
11.556237
11.588317
11.800835
11.90509
11.885042
11.97727
11.688561
11.6244
11.476044
11.548218
11.792815
11.728659
11.632422
11.628412
11.532182
11.576287
11.568268
11.307629
10.978828
10.91467
11.030954
10.782348
10.814423
10.625963
10.613935
10.726209
10.654036
10.666061
10.890611
10.826452
10.573836
10.521708
10.481612
10.766307
10.890611
10.826452
10.810419
10.826452
10.706161
10.67809
10.846502
10.866552
10.798387
10.549776
10.621953
10.702153
10.56582
10.686107
10.481612
10.46557
10.297161
10.493638
10.449534
10.461563
10.433493
10.629971
10.477602
10.401415
10.425475
10.481612
10.489631
10.329241
10.257062
10.216838
10.317398
10.373713
10.0841
9.9755
9.927228
9.8146
9.673818
9.561191
9.633594
9.657727
9.693931
9.790469
9.786445
9.742202
10.172592
10.373713
10.518517
10.506451
10.438069
10.397845
10.715614
10.651257
10.486341
10.707572
11.242545
11.06154
11.170145
10.96098
11.097742
11.137967
11.266678
11.411487
11.234498
11.302882
11.419532
11.294833
10.989134
11.214389
11.427574
11.182209
11.162101
11.154053
10.755839
11.065565
11.403441
11.532158
11.403441
11.837857
11.82981
11.841881
11.737297
11.705117
11.67294
11.813725
11.773499
11.709142
11.411487
11.391376
11.765457
11.966572
12.027073
11.95851
11.889941
12.039172
11.833479
11.817341
11.829444
11.744746
11.954473
11.970606
12.140002
11.98674
12.200499
12.313429
12.345699
12.305365
12.293263
12.144036
11.978674
11.67215
11.462421
11.656015
11.789113
11.579384
11.736676
11.768946
11.486617
11.280929
11.131697
10.897769
11.131697
11.163962
11.163962
11.414019
11.555188
11.357556
11.393854
11.341423
11.313191
11.418054
11.526955
11.732648
11.430158
11.389821
11.555188
11.918171
11.829444
11.446285
11.317224
11.51082
11.325289
11.25269
11.393854
11.21236
10.833241
10.885668
11.002634
10.9502
10.708209
10.579141
10.393615
10.107256
10.131458
10.184058
10.196193
10.175966
10.175966
9.94938
9.94938
9.872505
9.811814
10.21238
10.244749
10.155737
9.880599
10.095045
10.171917
10.095045
9.852275
9.961517
9.977703
10.042443
10.014122
10.123366
9.981747
10.204287
10.491563
10.629128
10.616993
10.463241
10.515839
10.863802
10.608902
10.459193
10.337811
10.463241
10.580574
10.588667
10.750513
10.70196
10.641265
10.548205
10.803108
10.653407
10.592713
10.831434
11.171308
11.09848
11.041831
11.066111
10.750513
10.580574
10.447056
10.115273
10.329719
10.27712
10.317579
10.244749
10.038395
10.175966
10.018162
9.912968
9.791585
9.900829
9.981747
9.966728
9.7475
9.950491
10.068223
9.824639
9.930192
9.974847
10.352408
10.10476
10.190019
10.315869
10.319928
10.332109
10.242797
10.49856
10.725906
10.766504
10.831461
10.717786
10.82334
11.070989
10.900477
10.932957
10.892358
11.030388
11.135942
11.184661
11.091286
11.379528
11.371411
11.428247
11.740849
11.647476
11.801744
11.639353
11.647476
11.976313
11.830164
11.765205
12.345757
12.142765
12.122465
11.761149
11.70431
11.586577
11.73679
11.773327
11.509443
11.53786
11.988495
12.037214
11.850463
11.891057
11.899179
11.647476
11.489143
11.590634
11.602818
11.229317
11.545979
11.460723
11.464784
11.273973
11.286153
11.552051
11.792295
12.15877
11.890019
11.983675
12.195416
12.309428
12.639256
12.891713
13.050516
13.209323
13.213397
13.176744
13.286688
12.891713
12.635184
12.769553
12.684045
12.399014
12.52931
12.749197
12.565959
12.67183
13.172677
13.490284
13.355914
13.473999
13.502504
13.763107
13.616512
13.697953
13.437348
13.567649
13.909698
13.864906
13.86083
13.164536
13.140104
13.03423
13.339622
12.855065
13.017941
12.997584
13.26226
13.298907
13.429208
13.702025
13.885263
13.702025
13.958561
14.182513
14.084783
14.520479
14.886964
15.155704
15.432605
15.400023
15.876438
15.811286
15.925296
15.721706
15.701344
15.664699
16.084105
16.285273
16.166933
16.211824
16.660679
16.362801
16.579069
16.211824
16.330158
16.383202
16.534184
16.338314
16.215904
16.211824
16.742287
16.770855
16.619873
16.452572
15.864985
15.420209
15.538546
15.734406
15.713996
15.79153
15.905781
16.036356
15.91395
15.999633
15.509978
15.656876
15.889469
15.407969
15.607906
16.195505
16.33424
16.26487
16.150616
16.595385
16.607639
16.301592
16.497454
16.29751
15.799697
15.91395
15.424287
15.616073
16.093491
15.966992
16.301592
16.452572
16.701481
16.424011
15.905781
15.636476
15.685433
16.277105
15.869055
16.228146
16.411772
16.676998
17.199308
17.089132
16.804153
15.835153
15.393589
15.283197
15.54895
15.741117
15.896482
15.737029
16.137714
16.227659
16.170418
16.350323
16.710115
16.955429
16.979965
17.065825
17.131241
17.249807
17.057648
17.208921
17.703646
17.715912
17.670935
17.638233
17.879454
18.296492
18.500927
18.321032
18.018476
18.284231
18.570433
18.733967
18.999737
18.823927
18.983383
19.18372
19.465837
20.120005
20.050508
20.193609
20.218134
20.798719
21.162598
20.872316
20.197699
20.091391
20.025972
20.774185
20.61882
20.361238
21.604174
22.058006
22.029387
23.157835
22.826664
23.354095
24.265856
24.523436
23.705713
24.118666
23.50946
24.024624
24.081861
24.482557
24.365044
23.746811
23.149042
22.686392
21.933044
21.834778
22.326084
22.383408
22.539
23.181795
23.378325
22.764183
22.825588
23.226837
24.328197
24.188986
23.869638
24.152142
24.062071
23.853256
24.3241
23.951523
23.865545
24.254496
24.430552
24.532907
25.024218
24.524715
24.508341
24.430552
23.80003
24.365044
24.635265
24.848167
24.925959
24.725344
24.856361
23.857353
22.579939
21.548183
21.961697
21.363939
21.535896
21.454012
20.872623
21.171511
21.683292
20.835777
21.060961
20.42635
20.663818
21.454012
22.321995
22.150038
21.564564
22.301529
22.682297
23.075352
23.537998
23.599413
22.678202
22.485771
22.665916
22.645449
21.830694
22.056213
22.179228
22.15053
22.39245
22.581076
22.556461
23.524166
23.954712
23.999823
23.913713
22.892698
23.216637
23.790695
24.483669
24.422161
24.901918
24.98802
24.893713
26.173038
26.017231
26.550289
26.234554
26.517488
26.316557
25.516977
25.229948
25.7999
25.808115
25.644089
25.693293
24.934719
25.504673
25.14794
25.385759
26.796312
27.20636
26.488777
27.22686
27.472876
28.415983
28.25197
28.317568
28.776821
29.637901
28.723515
29.383684
29.5518
30.019247
29.838833
29.125351
30.158655
31.056658
31.622517
32.130978
30.839334
30.78603
31.130478
32.270393
30.396481
30.175056
29.461594
29.379576
28.325783
27.652523
26.581083
27.073696
26.659082
27.779795
27.299484
27.619694
28.001463
27.229698
26.999802
27.307697
27.861904
27.894737
26.264977
25.842144
25.43162
24.975952
25.025215
25.653303
26.593391
27.200958
27.693586
27.324118
26.388132
26.27319
26.412769
26.905384
27.340527
27.320021
27.989151
28.97851
29.401342
28.662415
28.141058
27.956318
28.687031
28.715773
28.276514
29.027754
28.518723
28.506409
28.884081
29.175562
29.869335
30.686266
30.57132
30.949007
30.534365
30.017113
30.095119
29.142704
29.861113
30.160803
31.080357
30.957199
31.330778
31.322567
31.66741
32.131287
32.80043
32.094849
30.7757
29.592186
29.267529
28.096336
27.216919
26.875835
26.555292
26.177227
25.449854
25.947094
26.407352
25.984077
27.023783
26.847063
27.578547
26.06216
26.053944
24.574539
24.410162
24.048529
22.597895
21.677374
22.69652
24.007433
23.880037
22.758158
22.108862
22.717064
22.569126
23.185547
23.427999
23.025267
23.284168
24.138933
24.763573
25.030689
24.755356
24.414274
24.019764
23.645803
23.917032
23.317041
22.963634
22.914322
21.845861
21.574636
21.780104
20.695217
20.341803
20.974659
21.722578
22.758158
22.33078
22.21571
22.749943
22.528032
22.289682
21.771896
21.237659
21.262314
20.695217
21.00753
20.670557
20.789946
20.139486
20.419426
20.872282
20.386497
20.72407
20.94639
21.111059
20.715843
20.757011
21.267498
20.444126
20.501766
20.040689
20.197119
20.361797
21.267498
20.435902
20.312397
19.538433
18.58333
18.509226
19.217314
18.748007
18.879742
19.398462
18.896206
18.188114
18.640965
18.130476
18.426889
18.509226
18.616266
18.739765
18.962076
18.336313
17.908169
18.08931
18.58333
18.484524
18.352783
19.044415
18.739765
19.151443
19.538433
19.760738
19.554893
19.283188
20.11479
19.74427
19.596069
20.147715
20.592348
20.534702
20.345329
19.867775
19.71957
19.307892
19.159683
19.6784
19.974817
19.834839
20.221819
20.72407
20.312397
20.159792
20.110306
20.431999
20.82794
20.572224
20.563978
21.05065
21.207376
21.149641
20.786692
21.05065
21.768288
21.916758
22.362188
22.155979
22.180721
22.527166
22.477669
22.576664
22.378689
22.304451
22.007502
22.246708
22.155979
21.215626
21.619804
21.182629
20.712454
20.431999
20.036057
20.399002
20.547482
20.184544
19.087463
19.021473
19.079214
19.186451
19.293682
19.153444
19.293682
20.077307
20.110306
20.242277
20.019564
20.687708
20.638214
21.504328
21.743542
21.25687
21.355852
21.339354
22.172472
22.131231
23.005589
23.385029
23.376778
23.170565
23.071577
23.038582
22.716892
22.436432
22.556234
22.333153
22.308363
22.341413
22.32489
22.514921
22.911518
22.762796
23.118071
22.390989
22.424034
22.390989
21.812622
21.688688
22.300098
22.787577
23.093294
23.208963
23.184177
22.861942
23.365948
23.432037
23.432037
24.250021
24.093037
24.85317
25.200191
25.324125
25.481112
25.456324
25.01016
25.208452
25.067987
25.307598
25.365435
25.324125
25.53068
25.638088
25.885969
25.861177
26.406496
26.373444
26.596525
26.332132
25.952063
25.836391
25.852909
26.183413
26.00164
26.679146
26.811346
27.050949
26.679146
27.364927
26.56348
26.654364
26.604792
26.588263
26.406496
26.613047
26.092525
26.642754
26.502098
26.593109
27.056461
27.503263
27.569462
27.685291
27.329506
27.387419
26.617931
26.948902
26.849607
27.991432
28.041079
28.024534
28.363783
28.322412
27.726664
27.114378
27.346052
27.57774
27.437075
28.032812
28.694748
29.141556
29.422873
29.455965
29.11672
29.820034
29.877951
29.803486
28.835396
29.530424
29.042255
29.307022
29.687645
29.646271
29.455965
29.894484
29.844847
29.968973
29.679361
30.142708
30.035152
29.439415
29.158102
29.191191
29.54698
29.447691
29.216021
28.132105
27.966623
27.172306
26.593109
26.799957
26.783413
27.346052
27.842508
26.593109
25.823614
26.195953
25.600214
24.292894
26.104935
26.307943
25.015333
24.54303
24.087299
24.750179
24.675606
24.211588
24.816467
25.015333
26.034494
25.769352
25.429625
26.100794
25.653353
26.092505
27.00396
27.0951
26.614523
26.374224
26.62281
26.887964
27.385113
27.451395
27.467981
27.111675
28.039707
28.346279
28.089415
28.619717
28.213709
27.865707
27.592266
27.550833
27.202826
27.83255
27.641977
27.426546
27.310547
27.418266
27.037098
27.086821
27.327106
27.277393
27.327106
27.376829
27.385113
27.012249
27.244253
26.001356
25.868784
25.761065
25.819073
25.810783
25.396484
25.711349
25.189335
26.200222
25.968214
26.382511
26.167074
26.796818
26.059364
26.55652
26.647669
25.239048
25.566833
25.699602
27.47542
28.280354
28.346741
28.32184
27.989904
28.902721
29.052082
28.877815
28.82803
28.57909
28.670366
29.193159
29.201452
29.425512
30.197241
30.230434
30.90258
30.545773
31.491768
31.168135
30.172352
29.9151
30.379801
30.695135
31.989651
32.37138
33.060116
33.41695
33.08503
33.425251
