Adjusted
9.55156
9.688162
10.105167
10.133928
9.914641
9.961376
10.299293
10.392761
10.403542
11.19082
11.284288
11.259116
11.011075
10.8565
10.680347
10.568911
10.464658
10.975126
10.842116
11.144084
11.215984
11.313047
11.043432
10.917611
10.827739
10.83852
11.072187
11.036237
10.791789
10.550932
10.781002
10.928393
10.81695
10.946365
11.158467
10.982318
10.867283
10.748655
10.770222
10.770222
10.691135
11.122519
11.111732
11.068596
10.881169
9.799905
9.583646
9.371001
9.680964
9.915239
10.272053
10.250433
10.246829
10.390996
10.693755
10.315309
10.127889
10.023365
10.127889
10.091845
10.00895
10.041389
10.034178
9.832342
9.771065
10.091845
9.778275
9.680964
9.821529
9.828737
9.85757
10.239621
10.019761
10.120679
10.293686
10.362162
10.401813
10.380184
10.055803
10.099056
10.145909
10.293686
9.983719
10.174743
10.398208
10.333329
10.372974
10.329726
10.600042
10.582024
10.560395
10.336932
10.711777
10.589231
10.340538
10.401813
10.473898
10.491917
10.57121
10.852339
10.852337
10.913773
10.946299
10.942681
11.004118
11.163125
11.293224
11.329363
11.184807
11.365501
11.285994
11.332977
11.210107
11.401639
11.557033
11.687135
11.654612
11.781088
11.477529
11.249857
11.300453
11.098078
11.047483
10.859562
11.083625
11.065551
10.913773
11.094463
10.982434
11.188421
10.827041
10.989659
11.130602
11.061936
10.733079
10.556005
10.584916
10.682485
11.101694
11.170351
11.419709
11.275156
11.528125
11.64738
11.741341
11.697972
11.614853
11.614853
11.260696
11.166742
10.982434
10.939069
10.913773
11.029415
10.971593
11.304063
11.340204
11.419709
11.697972
11.629311
11.817227
11.763022
11.900349
11.795547
11.78832
11.907578
11.997923
12.297869
12.381231
12.78355
12.609576
12.714688
12.595074
12.359484
12.359484
12.319615
12.323243
12.576954
12.758183
13.01914
13.167747
12.928531
12.790799
12.435598
12.236255
12.326869
12.471842
12.972027
13.055383
13.01189
13.022762
13.09163
13.037264
13.102503
13.131501
13.222112
12.972027
13.127874
13.113379
13.088002
12.91403
12.9539
12.9539
12.834294
12.877786
12.91403
12.982896
13.189491
13.334472
13.566439
13.490324
13.758536
13.845525
13.736791
13.88177
13.816526
13.537444
13.457705
13.733171
13.682422
13.367093
13.323599
13.327223
13.363569
13.447158
13.458057
13.850566
14.010485
13.974139
14.090441
14.24671
14.27216
13.952341
13.741547
13.592535
13.694291
13.476233
13.552556
13.970505
13.930526
13.894185
13.737904
13.810589
13.8542
13.727001
13.712467
13.661586
13.672486
13.730639
14.046828
13.926892
13.792418
13.923264
14.319401
14.399363
14.064996
14.064996
14.228544
14.4248
14.562904
14.733722
14.591977
14.719175
17.28141
17.953762
17.681194
17.325016
17.859274
17.575798
17.354101
17.503111
17.692101
17.626678
17.772062
17.564888
17.550356
17.699364
17.819292
18.120953
18.259054
18.248154
17.735708
17.881084
17.84474
17.946499
17.33593
17.030643
16.89253
17.04154
17.397707
17.172386
17.397707
17.343197
17.168745
17.063126
17.208815
16.797253
16.611507
16.298292
16.174463
16.698919
16.269154
16.276443
16.349285
16.443968
16.753551
16.571449
16.542316
16.294647
16.899233
17.190601
17.7187
17.809759
17.631289
18.020992
18.301435
18.465326
18.210386
18.403408
18.283224
18.210386
17.820679
17.503824
17.478331
17.481964
17.671356
17.263443
17.674995
17.664066
17.423693
17.401842
16.899233
16.677067
16.440332
16.407557
16.185392
16.294647
16.334715
15.992364
15.912231
15.635436
15.80297
15.620868
15.806612
15.751984
15.515244
15.551666
15.635436
15.923162
15.952298
16.127113
16.349285
16.622433
16.680836
16.86334
16.735586
16.720987
16.560381
16.739241
16.881592
16.841444
16.823189
16.907146
16.512934
17.031246
17.206446
17.370701
17.450998
17.264851
17.337852
17.6408
17.662708
17.823305
17.940115
18.213871
18.524128
18.086117
18.162766
17.575104
17.702862
17.655409
17.790466
17.655409
17.743006
17.611603
17.388958
17.2612
17.279451
17.374348
16.848734
17.009338
16.596884
16.396135
16.553083
16.501984
17.461952
17.330549
17.520359
17.509407
17.567802
17.075048
16.669893
16.706387
16.965549
16.425325
15.994625
15.899726
16.374237
16.439932
16.677191
16.772089
17.049492
17.166296
16.994741
17.294044
17.283098
17.520359
17.410851
17.578756
17.867109
17.951065
17.720547
17.885199
17.490032
17.921791
18.053514
18.342581
18.280375
18.349897
18.5548
18.91704
19.615911
20.18671
19.652498
19.469551
19.586643
19.56835
19.542734
19.546387
20.102554
20.534319
20.611158
20.790449
21.035603
21.130735
21.068531
21.160004
21.255142
21.101467
21.042923
21.229532
21.39784
21.449074
21.035603
21.551519
21.112442
21.145376
21.236845
22.173553
22.279663
22.513845
22.480906
22.506516
22.462616
22.941942
23.212709
23.139532
22.974874
22.788267
23.366388
23.999399
24.101851
24.559223
24.969772
25.01009
24.694849
24.779152
24.7535
24.797487
24.698509
24.61421
24.26231
24.61421
24.522566
24.45293
24.324629
23.9764
23.862772
23.52187
23.408236
23.268948
23.510874
23.060011
23.221292
22.653135
22.583496
22.671461
22.594486
22.609142
22.422207
22.697121
22.60548
22.686125
22.649477
22.040987
21.06595
20.838676
21.139263
20.879007
21.194242
20.904659
21.146589
21.05496
21.370188
21.175909
20.69206
20.138559
19.83432
20.013929
19.892965
20.310843
23.455889
23.12233
23.741808
24.009388
23.837103
23.459553
23.547529
23.642843
23.807781
23.49988
23.551193
23.954411
23.928747
24.082703
24.079042
23.789459
23.796791
23.668493
23.6465
24.339287
24.581221
24.449259
25.098051
25.241016
25.193373
25.226349
25.435287
24.812147
24.874456
24.734928
24.988298
25.546452
25.417931
24.940554
25.300417
24.261223
24.308969
24.621084
24.683521
24.745939
24.558664
23.739798
23.798552
23.978479
23.912386
23.699415
23.787535
24.081295
24.338348
24.330997
24.176775
24.059265
23.618622
23.493769
22.825457
22.546385
23.060467
21.900103
22.289339
21.900103
22.326063
22.553728
20.453312
20.658949
20.71036
20.783804
20.930685
21.026163
21.224447
21.444771
21.576967
21.246483
21.408054
21.569624
21.474152
21.496178
21.444771
21.59165
22.010263
22.010263
22.524349
22.2159
21.268507
21.423059
21.423059
21.150755
21.651196
21.857262
21.217001
21.415699
21.003578
20.760719
20.790159
23.255535
23.527832
23.770689
23.969387
23.800125
23.888441
23.439524
23.491039
23.95467
23.64558
22.880209
22.725662
23.020042
23.034752
22.968519
23.336491
23.248173
22.961166
23.402718
23.675022
24.300568
24.263769
23.778051
24.01355
23.976753
23.726528
23.770689
23.476318
23.329128
23.240814
22.894926
23.307055
23.895796
26.721781
27.281107
26.515724
26.574612
26.618761
26.272865
26.324389
26.420053
26.493649
26.56724
26.810099
26.935213
27.465086
27.273733
27.37677
27.148628
27.229582
27.450359
27.597551
27.428282
27.891928
27.36941
27.443007
27.5902
28.414433
28.105349
27.876709
29.204195
30.642267
29.956419
30.126041
29.418053
29.735176
28.997694
29.447559
29.536062
29.093557
29.027197
28.009474
28.37084
29.285313
29.086185
29.277939
29.646677
30.273529
30.826639
30.937269
30.339912
29.602423
29.263187
29.654036
29.307434
28.872324
28.422461
28.201223
28.009474
27.839848
27.670223
27.913595
28.038971
28.046345
28.282335
28.201223
28.016842
29.130428
29.624548
30.310402
30.244032
30.797142
31.195385
30.974138
31.667374
31.497753
31.350248
31.431374
31.564119
33.039085
32.707222
32.197437
32.323032
32.323032
32.315647
33.061836
33.187447
33.143108
32.721981
33.010136
32.936241
33.224388
33.02491
32.92886
32.41169
32.492954
32.26392
32.16787
31.805859
31.59161
31.813246
31.783697
31.369972
30.897116
30.911898
31.07443
32.507744
32.559448
32.389511
32.22699
32.079227
31.776318
32.419083
32.426464
33.638115
34.413872
34.273499
34.458199
34.288269
34.110973
34.790672
34.923649
35.093571
35.123127
33.615948
34.02969
34.014904
33.416477
34.716774
34.19223
33.963184
34.30304
34.58379
34.465576
34.546848
35.411259
34.864552
34.672455
35.130524
35.322605
35.241348
35.263508
34.62812
35.337387
35.73634
35.913662
36.689411
35.588593
35.418659
34.908859
33.748932
33.992756
34.642914
34.99073
34.731701
33.902824
32.94072
32.585495
32.481873
32.000835
34.628094
34.7243
33.791809
33.917618
34.221058
33.488392
33.614197
33.20715
33.68821
33.673401
33.68821
34.761307
35.027733
34.998138
35.035141
34.539284
35.012939
35.005531
34.665104
33.725201
33.229359
33.503181
33.962021
33.806599
34.235855
34.110046
34.591087
33.939816
33.569782
33.665997
33.932411
34.709499
34.465275
34.383877
35.294151
34.94632
34.805725
35.072144
34.798317
34.361671
34.783501
33.221947
33.088737
33.21455
32.393074
31.77141
31.120148
30.698298
30.920321
31.023928
31.194149
31.31996
30.934385
30.192913
30.192913
31.868664
31.446011
30.474684
30.504326
29.836994
29.429197
29.466269
28.33923
28.517172
28.791529
30.022381
29.53301
29.199341
28.92499
29.236422
28.554249
28.709959
28.598736
28.368896
28.383722
30.771276
30.778685
31.090103
31.0382
31.097523
30.533995
30.296719
30.163254
29.918571
29.770269
29.317978
28.702545
28.383722
29.140017
29.08812
28.302145
29.140017
29.592325
28.687716
31.987272
33.336761
33.774239
32.617538
33.396095
33.588875
32.936371
32.617538
32.306118
32.157825
32.165234
31.638786
31.957621
33.611122
34.026363
33.996685
33.700096
33.60371
33.23296
32.617538
32.810333
32.491489
33.151409
33.566624
32.513733
32.565643
32.260872
32.915001
32.55077
31.866899
31.740528
31.629034
31.777708
32.335209
32.1791
32.937313
31.740528
31.569567
32.112202
32.498734
31.941233
33.242073
33.68808
33.977974
33.301548
33.071117
32.171677
31.852036
32.208836
32.186527
31.956099
32.149368
32.350079
32.0453
32.721745
32.268303
32.402103
31.8223
32.1791
32.268303
32.253433
32.855534
33.152882
33.576584
32.699448
31.96353
31.086397
31.666203
31.026936
30.060593
30.030851
29.807848
29.778126
30.937733
31.257353
31.272224
31.153299
31.078957
30.959711
31.78698
31.734827
32.092579
32.457767
33.217983
32.808056
31.645388
31.235489
31.600674
31.384535
31.734827
32.383244
32.636635
32.837868
32.480137
32.539753
32.569565
32.994389
33.486275
33.612984
33.56826
33.255234
33.486275
33.426655
34.075066
33.911091
34.283745
34.581871
34.790558
34.179405
35.32716
36.392948
36.288597
36.087372
36.415298
36.519653
37.399097
38.159306
37.652504
37.205334
36.38549
36.705967
36.221519
35.438957
35.744541
35.431499
35.5284
35.394253
35.588032
37.876083
37.980438
37.980438
38.464874
39.299614
38.889702
39.143105
39.321968
38.494694
38.59903
37.727036
37.950623
37.786648
37.868645
37.607784
37.093533
37.540718
37.279842
36.243889
36.594177
35.923409
35.288452
34.892536
36.095219
35.751598
35.803894
35.803894
35.893532
35.527493
35.654499
35.945816
35.594723
36.229679
36.730179
37.335236
37.432358
37.544407
37.93285
37.507046
37.529461
37.626579
38.05983
38.209248
38.448288
38.179363
38.179363
37.910439
37.731163
37.387531
37.477177
37.798393
38.18684
37.835728
37.58923
37.970207
38.224174
38.089714
38.403458
38.844196
39.195271
39.277458
38.358643
39.135536
35.744122
36.476196
36.56583
36.640545
36.909454
37.596699
37.021515
37.155964
37.118622
36.63306
36.640545
36.580757
36.677887
36.969219
36.999104
37.335236
36.760048
36.74509
37.029587
37.171829
37.37397
36.438114
37.239208
37.51622
37.860615
38.02533
38.886292
38.86385
38.519444
39.05101
39.380405
39.522678
39.78471
41.604004
41.162281
41.207203
40.713074
40.151558
40.001823
40.031765
40.892746
40.840351
41.491688
42.090641
41.566551
41.858547
42.225395
41.738754
42.075661
43.13879
42.974083
42.727016
43.071404
42.861778
43.625427
44.01474
43.528099
42.37513
42.599731
41.544098
40.862797
41.641434
41.087414
41.214676
41.678864
40.952644
41.27457
41.895988
41.678864
40.975117
43.632923
43.700294
42.734505
41.581543
42.435013
43.123806
43.475681
42.996536
44.33667
43.767681
44.134533
43.78265
42.435013
43.977299
44.33667
45.542049
46.225014
45.054207
45.339397
44.123543
43.995956
45.166779
44.371216
43.763287
43.553127
43.102825
44.19109
44.108536
43.493095
43.56815
42.660007
43.290447
43.177883
43.395523
43.373013
44.806515
44.49881
44.040981
44.123543
45.789703
45.632111
45.309383
45.376919
44.663906
45.639622
45.692135
44.836536
44.866566
44.799015
43.290447
44.423748
44.941601
45.639622
45.031673
45.406948
46.08242
45.557049
45.451977
45.159275
46.727875
47.058102
49.399757
48.724277
48.056309
46.840462
44.979137
45.947327
45.932312
47.208202
46.885487
46.457684
45.720383
45.404388
45.637615
45.15612
45.750488
47.390602
47.420696
47.225082
46.442635
46.119129
46.480259
47.345459
47.826962
47.473358
45.487152
46.668343
46.164261
45.645153
45.374298
45.976177
45.532291
46.126644
46.728523
47.518505
47.68401
46.939182
47.16489
