Adjusted
61.393921
62.216881
63.695133
65.531555
64.152344
66.293533
66.811684
66.682159
67.497498
66.743126
65.569649
61.950169
61.371063
60.730999
61.759689
60.189972
59.755642
61.043419
61.203415
59.664173
59.587994
59.572777
58.742176
58.871716
59.177113
58.864075
59.48251
59.085514
58.405994
57.917374
59.131287
60.566647
60.704082
60.429211
61.040009
59.978779
60.368126
59.093094
59.001507
59.513035
59.039677
58.558701
59.345074
58.841183
59.474873
57.795223
57.527996
57.398197
59.894802
60.314678
62.956303
62.963959
62.605133
62.757809
64.819214
62.795982
63.712173
62.261562
62.185204
61.727142
59.879513
60.108566
62.192848
62.536415
61.681316
61.437004
61.131596
60.093296
60.322334
60.12381
61.131596
63.208256
63.276989
64.330566
63.643448
65.376541
65.468163
65.048264
64.040428
64.98719
65.39946
64.819214
65.575035
66.857697
66.056053
66.811882
66.2994
65.817566
66.964851
68.073906
68.823502
67.84446
68.762314
68.066261
66.123482
65.603401
65.916985
65.840508
65.213295
67.071938
66.980141
66.819534
67.339645
66.796577
64.111862
64.440773
62.643303
61.228275
62.719791
62.497986
64.226601
64.211311
63.293442
64.631989
64.478989
64.784958
64.670212
64.953232
63.622368
63.966545
63.09457
64.517242
63.80592
63.10223
63.935959
64.815552
64.211311
65.848145
65.970528
65.373917
64.272499
64.930283
65.335678
66.115852
66.345276
63.737091
64.035355
63.10223
62.605083
62.949287
62.345016
63.905376
63.132824
62.56683
61.924332
62.146149
62.161446
62.054344
61.075321
61.121292
61.841724
61.987343
62.094643
62.470177
62.232594
62.508507
62.684772
64.010674
63.497177
63.650467
63.497177
63.589138
62.815056
63.22892
62.845722
62.769093
62.853378
65.72744
66.164276
67.375214
66.639465
68.287262
68.532486
67.321587
67.382866
67.980682
67.819702
69.199272
69.459862
70.509834
71.490845
70.04232
70.004005
68.517166
68.524826
68.248917
68.555466
67.697083
69.245247
69.03833
69.467529
69.881386
70.279915
71.015663
70.854713
71.023331
71.429512
71.06163
71.076981
68.425194
68.386864
68.210587
68.156975
67.796738
67.559151
67.766083
67.842743
68.900368
68.471184
68.302574
68.578484
68.731766
68.317886
67.819702
68.595207
67.766014
69.06356
68.610558
69.631744
69.93885
69.293938
68.94841
68.295769
68.641281
67.865799
68.050072
68.840889
68.66433
69.032852
69.516571
69.877434
69.677803
69.332275
70.192245
69.593346
70.023315
69.58567
70.430275
70.944672
71.182693
70.722
72.157814
71.712486
71.198059
71.512825
71.704796
71.24411
70.844856
71.328598
71.804634
71.121262
71.15966
70.29203
71.443748
71.451401
71.236473
71.436096
70.030991
70.29203
68.871628
69.339981
72.188515
73.186661
74.55336
75.01403
74.868103
75.167603
76.66478
75.858589
74.768318
75.252029
76.188751
76.311615
76.779945
76.925835
75.90464
76.089241
76.096924
76.604477
76.87368
76.366089
76.681396
76.41993
75.689331
75.212524
74.835663
73.797478
74.435791
74.243553
74.435791
74.212769
74.628052
74.458847
74.474205
74.128151
74.174294
72.743858
72.697746
71.567253
70.144524
71.751808
70.613617
71.098129
71.821022
71.405762
70.459824
69.99839
70.229088
70.575172
71.051964
71.344215
71.275032
70.998177
70.629028
71.036575
72.443939
72.428581
72.059448
71.582626
71.613403
72.09021
71.55188
72.059448
71.867188
70.967407
70.705917
69.71386
70.182961
69.783081
70.198349
69.54467
70.067627
69.529266
68.506454
67.806618
67.691269
68.444923
68.414139
68.09053
67.959496
66.950027
67.142654
66.896065
67.188919
66.587852
65.909729
66.31813
67.081024
67.366142
67.142654
67.119553
68.352547
68.082825
68.267731
68.267731
67.905594
67.797684
67.312218
67.474037
68.306305
69.385155
69.42366
69.708794
69.408218
69.770424
69.647156
69.693382
69.400528
68.961296
69.369713
69.963081
69.346596
69.007523
68.360207
68.036591
67.928673
67.427765
67.073303
66.040718
65.771027
64.460991
64.645935
64.807762
65.693939
64.830849
64.746101
64.946457
65.732498
66.549301
65.732498
66.31813
65.385696
65.570663
66.17942
66.156303
66.865273
67.096428
66.803604
66.048416
66.248772
65.647697
64.466202
64.520256
65.632271
64.628334
63.485451
64.798241
64.883171
64.898651
65.740356
65.555031
65.833046
65.369713
65.416016
65.694046
65.400574
65.593689
65.176643
65.400574
65.037659
65.307938
65.16893
65.616821
66.304115
66.752007
66.999123
66.790619
66.968231
66.697968
66.504883
66.211426
66.180534
66.195992
65.107109
64.77507
65.199814
64.991325
65.238434
65.624519
66.211426
66.968231
67.308022
67.431572
67.987572
67.508789
66.960503
66.898735
66.412201
65.624519
65.470078
65.524155
66.350441
69.014694
68.589928
68.03392
67.485626
68.288765
68.728935
69.501152
69.115044
69.308105
69.586105
69.864113
70.427849
71.33905
72.034081
72.243019
72.243019
72.428696
73.341705
73.751762
74.215988
73.41906
73.860069
73.581551
73.078613
73.589287
73.720825
73.860069
73.287506
73.891037
72.916138
74.185043
74.092209
75.113525
75.57003
74.355278
74.780853
75.446236
74.796303
74.626083
75.291473
75.306969
75.39978
74.432663
74.703445
75.067101
75.523605
75.608711
75.438499
76.05748
75.964653
76.05748
76.274117
75.63192
74.819504
74.664772
74.432663
74.107674
74.030304
73.504158
73.666664
73.078613
72.8078
73.426804
72.034081
71.956711
71.477005
71.020515
71.330017
71.144302
71.167534
71.871605
72.281685
72.622147
72.962563
72.374535
73.125046
73.140503
72.969986
71.861412
71.907936
72.326553
72.535889
73.125008
73.349838
72.675392
72.303299
71.566841
71.396301
71.814903
71.938972
71.76841
72.326553
72.03196
71.63662
71.605614
71.008698
71.419548
71.590118
71.63662
70.938942
71.241264
70.838165
70.27227
69.659874
69.210228
69.38855
69.380791
70.171478
70.311012
70.574608
70.233498
70.295502
70.838165
70.109482
70.016457
69.435059
68.993172
68.559082
67.907867
66.822594
66.473763
65.559021
64.838066
59.458176
59.419403
58.512421
55.822456
57.388382
57.527893
57.838005
58.47366
59.729473
58.845749
59.210075
59.310886
59.279854
59.752773
58.527939
58.496834
58.279175
56.973392
56.957848
56.444859
56.864574
57.781731
57.742889
59.35181
59.973618
59.390705
59.468395
58.924316
59.071995
59.958096
59.926979
58.722267
59.724892
60.121323
58.908764
58.294754
58.32584
58.139294
58.240337
58.115974
58.333603
58.209248
59.305195
59.888142
59.375141
59.499493
59.390705
60.028042
58.613422
57.525253
57.424225
58.527939
58.084877
57.672916
58.038219
58.131519
58.924316
60.144608
61.636978
61.372715
62.212158
63.308083
64.062012
64.030937
63.587921
65.056938
65.756508
65.600998
65.632126
65.44558
65.383369
65.189079
65.134651
64.870407
64.847061
64.753754
65.336754
64.606133
64.792656
64.948494
65.057556
63.904453
64.403091
64.036919
64.278427
63.343483
63.343483
63.226604
64.48098
64.356346
63.912243
63.359066
63.187649
62.626656
63.374619
62.751335
62.813648
61.972214
61.909885
63.125313
63.094173
62.953911
63.452553
63.483723
62.914928
62.704594
62.33839
62.587719
61.886494
61.317703
60.42952
60.935959
60.772316
60.312645
60.764549
61.94104
62.61108
62.502033
62.681217
62.416313
62.190369
62.096878
62.720154
63.304504
64.816032
64.036919
64.044693
64.161568
64.348549
65.041969
65.57959
64.800468
64.925125
65.034203
64.948494
64.582275
64.130379
63.436974
63.795353
63.569408
63.156479
64.566704
64.667992
65.14328
64.940201
64.69809
65.59626
66.033607
65.885223
66.799011
67.587761
67.861145
68.548409
68.173538
68.720253
69.352867
69.352867
69.594963
69.587166
69.430969
69.673073
69.235725
69.063881
69.618393
69.290382
68.337555
67.92363
67.134819
65.377563
64.924576
65.236961
65.11203
64.63562
64.416946
64.916794
64.994858
65.197952
64.815254
64.854301
64.354431
64.198227
64.088936
64.002983
64.432541
66.345993
65.393196
65.658745
65.736801
65.268234
64.955818
64.823044
65.447853
64.893349
63.542233
63.581264
63.143921
63.190788
63.042385
63.276665
63.753094
63.495342
63.995205
63.44067
62.456631
62.097374
62.362885
63.263321
62.950111
63.678307
62.981453
63.490356
63.302475
63.34943
63.192833
63.028431
63.693924
62.793526
62.715214
63.130241
62.824875
62.558651
62.589985
62.605629
62.636929
62.863995
63.529522
63.435585
63.866192
64.148048
64.891869
65.283363
64.884064
65.220703
65.439949
65.620018
66.121124
65.142418
65.267685
65.048508
64.539528
65.087639
65.142418
64.570877
65.032837
65.338173
65.901886
65.620018
64.578705
64.281158
63.545193
63.224167
64.18721
63.921024
65.228539
64.093254
64.218506
63.936649
64.288979
64.727455
65.25985
65.67485
64.469078
64.382957
64.531708
64.750931
64.539528
65.205048
65.134338
65.401512
65.142174
64.796432
64.741463
65.134338
64.560692
63.861336
63.382023
63.083427
62.879112
62.729797
62.690521
62.973423
63.452744
62.989128
62.784817
63.405598
62.486221
62.124752
62.674809
62.195477
60.529579
61.001053
60.521721
60.451023
61.063938
61.731876
61.252518
61.03249
61.283939
61.527534
60.655323
60.584595
60.623886
60.215282
60.160267
60.969635
60.364567
61.307526
61.111092
61.36253
60.050262
60.246704
60.08955
59.311615
58.337234
57.81076
57.912903
58.352951
59.775246
59.311615
58.824394
59.712368
59.633816
59.586632
59.838085
60.474598
60.828197
59.830235
59.971691
59.979538
59.649536
59.34304
59.42984
59.477165
59.753288
59.548176
60.494884
60.810459
62.396206
62.617096
63.035233
62.546089
62.285744
62.064854
62.624977
63.019451
63.366592
64.218613
64.076614
63.879398
64.226494
63.784721
63.335022
62.640751
63.634781
63.847809
64.91288
64.857643
65.062782
65.433548
64.881325
64.589417
65.812248
64.384308
64.068733
64.691971
65.086426
64.76297
64.684074
64.644623
64.589417
64.415855
65.559784
65.417763
65.591339
66.269814
66.419746
66.419746
66.822067
67.910782
68.407814
68.597168
70.861382
70.892937
71.382072
72.234123
72.178879
72.447128
72.218315
71.602974
72.18676
72.841576
72.423454
72.328804
72.115753
73.054588
73.172913
73.28373
73.149178
72.626808
72.872169
73.837791
73.695328
73.980247
74.249367
73.806137
73.671562
74.019836
73.885277
72.381439
72.302292
72.436867
72.753448
72.22316
74.011925
74.779648
74.494743
74.581779
74.288925
74.114822
74.494743
75.009163
75.476181
75.42865
75.539467
75.982712
75.982712
75.911469
75.389084
75.713608
76.93248
76.75045
76.892944
76.987907
77.811028
77.106628
78.278
79.204071
78.270119
78.080147
78.626282
79.797676
79.164497
78.713318
76.117256
76.861229
76.837517
77.090797
77.177849
77.130363
77.993065
78.650009
78.475906
78.357162
78.491722
79.449425
79.02993
79.021988
79.08551
78.236069
78.25988
78.029633
78.752083
78.529808
78.585342
78.87117
78.664742
78.196365
77.585106
76.934097
74.592194
73.782417
73.250549
72.162949
72.885345
74.465164
74.576309
73.830078
74.052368
74.711266
73.599846
74.433426
74.187302
74.028564
74.616013
75.020866
75.703621
75.568649
75.441628
75.417816
75.203461
74.830345
75.076454
74.830345
75.584518
76.291077
76.378418
76.624496
76.703873
76.576866
75.544853
75.949707
75.362236
76.354584
77.100822
75.259041
74.854172
75.084396
75.584518
78.188408
80.546188
80.101662
80.31601
81.141647
81.90374
81.149582
81.610023
81.73703
81.895813
82.318192
83.186867
83.425972
84.462021
84.135284
83.545525
84.374374
83.928078
86.063904
85.306801
85.035835
84.143242
82.84417
83.824448
84.406227
85.219147
84.956131
84.90831
84.661278
84.350464
81.616867
81.13073
82.142883
82.262405
81.561089
82.182716
82.764511
83.752739
83.943993
84.876434
84.477966
84.956131
83.234695
83.760674
83.943993
84.023682
84.438126
83.880234
83.688972
84.940186
86.11174
86.892746
86.844955
86.573959
86.94854
87.091995
86.550049
87.394852
88.279465
88.52655
92.335999
91.499199
92.750435
92.583061
94.121208
92.869965
92.144707
91.268082
88.183861
89.291611
90.240005
89.172058
90.765999
90.479095
90.359123
88.559608
90.087204
90.143173
89.615326
88.959496
87.727844
88.695557
87.351944
87.20797
87.975769
89.135452
90.567062
90.727028
89.575333
91.630753
92.270592
93.326294
94.52597
94.278038
94.070107
92.414551
92.614487
93.854141
92.774422
92.734436
92.078644
91.590797
93.27832
93.310326
93.462265
93.398285
92.974396
93.182335
93.814156
94.142067
94.214066
95.197762
94.661942
93.094353
92.526535
93.014374
94.190048
94.613953
94.869873
94.414009
94.222046
94.398018
95.653641
92.59848
91.814705
89.799294
90.671036
91.718742
90.335129
90.223152
90.958977
91.814705
91.270859
92.870438
90.894981
91.646759
90.695023
90.511063
89.154648
85.165649
80.462326
81.425438
84.491463
83.022667
83.1511
84.106209
82.043449
83.006607
82.043449
83.512268
81.842834
83.335678
86.176933
86.281288
84.419189
84.940941
85.583031
86.81102
88.04705
87.372841
87.798241
85.871964
87.059822
86.827065
84.892754
83.897514
85.326157
85.99234
87.356789
89.130562
89.612144
89.539886
87.966812
88.360077
