Adjusted
8.36
8.245
8.195
8.015
8.04
8.2875
8.2725
8.2325
8.525
8.2775
8.4275
8.565
8.4325
8.51
8.4825
8.2425
8.15
8.425
8.6025
8.33
8.655
8.71
8.495
8.45
8.5675
8.69
8.8225
8.9125
8.8125
8.9
9.0025
9.2475
9.425
9.125
9.22
8.995
8.995
9.0825
9.085
9.115
9.2
9.195
9.07
8.99
9.0025
9.0125
8.9625
8.87
9
8.955
9.0625
9.0075
9.1675
8.9125
8.9225
8.9625
9.1175
8.945
9
8.9425
8.7425
8.6375
8.355
8.385
8.4275
8.6025
8.6375
8.5875
8.445
8.34
8.36
8.35
8.29
8.5675
8.8125
9.07
9.0325
9.0825
9.0475
9.045
9.3575
9.75
9.3725
9.5675
9.565
9.7025
9.2
9.225
9.08
8.875
8.965
9.0875
9.0925
8.9625
8.7475
8.75
8.745
8.725
8.7
8.56
8.9425
8.9425
8.91
8.8775
8.9375
8.9425
9.1675
9.035
8.825
8.9775
9.0525
9.0075
9
9.25
9.2
8.8725
8.735
8.7725
8.685
8.5825
8.59
8.7125
8.54
8.3325
8.7225
8.8475
8.75
8.9075
9.2225
9.1825
8.9175
9.0375
8.895
8.615
8.5575
8.5875
8.6025
10.085
9.8975
9.9125
9.895
9.875
10.0375
10.1675
10.06
10.1175
10
9.8775
9.75
9.6975
9.65
9.73
9.76
9.7525
9.9
9.85
9.8325
9.84
10.355
10.2325
10.725
10.325
10.435
10.3975
10.4175
10.405
10.3775
10.4
10.375
10.435
10.4
10.65
10.5875
10.7225
10.87
10.9925
11.165
11.1875
11.21
11.2975
11.31
11.2225
11.405
11.2425
10.9525
10.76
10.7025
10.6375
10.7775
10.78
10.8325
11.1775
11.15
11.0675
11.205
10.86
10.9225
10.99
10.9825
11.0875
10.9125
11.51
11.5175
11.51
11.575
11.7775
11.8875
11.865
11.92
11.92
11.825
11.9925
11.85
11.9925
12.0825
12.1375
12
11.825
11.9975
11.95
11.9375
11.9375
11.7575
11.7225
11.925
12.11
11.8725
11.855
11.82
11.8375
11.85
11.75
11.6
11.6575
11.6875
11.55
11.5
11.4025
11.3675
11.51
11.65
11.2225
11.4425
11.3125
11.3
11.505
11.5575
11.7
11.63
12.1
11.8275
11.57
11.745
11.6875
11.6975
11.725
11.75
11.705
11.44
11.725
11.6875
11.6875
11.6225
11.6875
11.7
11.7025
11.95
12.5
12.3775
12.2525
12.2625
12.245
12.4
12.525
12.59
12.725
12.9825
12.775
13.04
13.25
13.095
12.665
12.7075
12.9775
12.635
12.565
12.51
12.36
12.5625
12.7775
12.7675
13.03
12.735
12.7575
12.775
12.5675
12.45
12.7525
12.425
12.3175
13.6275
14.005
14.025
13.9425
13.7475
13.69
13.555
13.555
13.6375
13.995
13.745
13.8375
13.995
14.2175
14.4425
14.8875
14.8375
14.805
14.7425
14.96
15.06
14.5275
14.5925
14.81
15.4275
15.775
15.6
15.515
15.5
15.325
15.335
15.435
15.1525
15.35
15.315
15.5575
15.645
15.785
15.5375
15.1825
14.9025
15.0625
15.2625
15.475
15.47
15.39
15.4225
15.2475
15.215
15.4225
14.905
15.5425
16.43
16.6325
16.434999
16.782499
16.905001
16.7675
16.622499
16.690001
16.620001
16.3825
16.3325
16.237499
16.157499
16.355
15.915
15.79
15.8
15.6625
15.69
15.405
15.5375
15.4175
15.7
15.735
15.895
15.6975
15.38
14.9175
14.7
14.5175
14.5775
14.53
14.5425
14.5025
14.065
13.9725
14.26
13.79
13.7
13.0625
12.5
12.785
12.4625
12.525
12.5975
12.41
12.1575
12.0525
11.7275
11.535
11.6025
11.905
12.3025
12.125
12.0775
12.3225
12.33
12.345
12.455
12.5
12.4625
12.27
12.5125
12.2125
12.245
12.0425
12.1775
12.2675
12.25
12.25
12.2475
12.2025
12.2125
12.2925
12.6
12.53
12.435
12.46
12.47
12.325
12.6325
12.2475
12.38
12.535
12.32
12.1575
12.6225
12.685
12.8075
13.1275
12.98
12.9375
12.85
12.5425
12.2675
12.2
12.0625
12.015
11.97
12.02
11.87
12.0075
12.0425
12.175
11.9825
11.805
12.1625
12.41
12.46
12.535
12.58
12.8325
12.965
13.09
12.96
12.9375
13
12.955
12.825
12.795
12.75
12.4925
12.615
12.465
12.5375
12.515
12.7275
12.835
12.8825
12.9
13.0575
13.0825
12.99
12.7275
12.545
12.575
12.5575
13.01
13.245
13.285
13.13
13.215
12.955
13.16
13.1175
13.25
13.3475
13.24
13.485
13.62
13.675
13.6475
13.6875
13.675
13.7325
13.7125
13.765
14.145
13.75
13.735
13.8825
13.8375
13.875
13.75
13.845
13.605
13.59
13.6875
14.0875
14.27
13.9825
14.5025
14.4225
14.4275
14.3275
14.2375
14.25
14.3925
14.275
14.23
14.4
14.31
14.3225
14.2325
13.995
14.0975
14.01
13.9275
14.31
14.1975
13.825
13.75
13.9225
13.78
13.7675
13.795
13.65
13.655
13.65
13.7375
13.885
13.5525
13.225
13.3725
13.435
13.5175
13.48
13.42
13.4625
13.485
13.2825
13.365
13.54
13.5925
13.4525
13.615
13.745
13.8
13.755
13.6925
13.76
13.69
13.52
13.51
13.54
13.615
13.595
13.7575
13.7275
13.865
13.7825
13.9625
13.375
14.185
14.475
14.49
14.4075
14.3775
14.395
14.5
14.395
14.42
14.5525
14.605
14.6125
14.58
14.635
14.6225
14.75
14.8075
14.7225
14.475
14.6
14.5825
14.4325
14.4675
14.28
14.2
14.13
14.1825
14.06
14.1575
14.1175
14.125
14
14
14.1675
14.135
14.2075
14.29
14.4725
14.4325
14.39
14.4275
14.62
14.6475
15.5825
15.51
15.8125
15.5775
15.4075
15.785
15.855
15.9
15.9025
16.0375
16.137501
16.125
16.227501
16.355
16.16
15.9875
15.935
15.9775
16.127501
16.3225
15.865
15.925
15.925
15.7625
15.6575
15.725
15.5375
15.4775
15.5375
15.5525
15.5625
15.5875
15.55
15.6325
15.5975
15.6375
15.83
15.97
15.9675
16.065001
15.9575
15.9125
15.75
16.01
16.1875
16.280001
16.504999
16.495001
16.717501
16.805
16.9275
16.67
16.65
16.795
16.872499
16.6675
16.6075
16.555
16.432501
16.5
16.5875
16.389999
16.450001
16.51
16.719999
16.7775
16.870001
16.1875
15.885
15.8275
15.745
15.635
15.695
15.8225
15.905
16.1775
16.1175
16.215
16.26
16.282499
16.6175
16.6875
16.365
16.360001
17.127501
17.532499
17.370001
17.285
17.025
17
17.184999
17.067499
17.299999
17.58
17.6075
17.559999
17.645
17.75
17.9475
17.987499
18.219999
18.48
18.2875
18.3125
18.0525
17.9375
17.887501
17.985001
18.209999
18.1
18.192499
18.2075
18.407499
18.5375
18.540001
18.4625
18.422501
18.532499
18.385
18.264999
18.035
18.115
18.014999
18.07
17.9625
17.977501
17.9025
17.995001
18.092501
18.2225
18.445
18.4925
18.809999
18.8475
18.702499
18.6775
18.125
17.9375
17.75
17.997499
17.865
18.012501
18.0875
18.299999
18.73
19.145
19.3025
19.205
19.237499
19.1775
19.205
19.122499
19.16
19.247499
19.182501
19.3325
18.945
19.1675
19.377501
19.535
19.4625
19.325001
19.469999
19.459999
19.6175
19.717501
19.645
19.987499
20.02
19.967501
20
19.969999
20.1775
20.2325
20.190001
20.317499
20.4375
20.672501
20.7775
20.9
21.035
20.8375
21.3375
21.32
21.225
21.342501
21.4925
21.549999
21.365
21.59
21.305
20.549999
20.5175
20.459999
20.2925
20.2675
20.195
20.2225
20.525
20.594999
20.9
21.122499
21.262501
21.280001
21.375
21.030001
20.629999
20.844999
20.8025
20.397499
20.09
19.75
19.645
19.75
19.74
19.7225
19.775
19.4825
19.2575
19.110001
19.455
19.2875
19.205
19.1525
19.012501
19.094999
19.0825
18.9925
19.127501
18.875
19.1075
19.637501
19.907499
19.6875
19.7575
19.922501
19.8125
19.645
19.327499
19.0975
19.317499
19.4025
19.372499
19.157499
18.934999
18.907499
18.535
18.780001
18.8475
18.577499
18.5625
18.7925
18.782499
18.887501
18.827499
18.7425
18.674999
18.4625
18.467501
18.285
18.172501
18.205
18.264999
18.4025
18.727501
18.7125
18.559999
18.577499
18.8025
18.887501
18.775
21.702499
22.125
21.9625
22.122499
22.4175
22.1775
22.3025
22.1
22.01
22.1175
21.9375
22.059999
22.202499
22.285
22.545
22.377501
22.2075
22.317499
22.2425
22.190001
22.422501
22.9175
22.85
22.897499
23.002501
23.084999
23.4475
23.3125
23.282499
23.424999
23.577499
23.59
23.575001
23.3675
23.227501
23.094999
23.1175
23.467501
23.3825
23.165001
23.15
23.165001
22.99
22.754999
22.785
22.844999
22.844999
23.325001
23.4375
23.432501
23.424999
23.5425
23.567499
23.665001
23.592501
23.7925
23.754999
23.75
23.647499
23.612499
23.5975
23.5
23.365
23.775
22.1175
21.372499
20.8025
20.8225
20.6175
20.5975
20.75
20.83
21.2225
21.1
21.077499
20.432501
20.77
21.055
21.195
21.110001
21.045
21.18
21.182501
21.1675
21.127501
21.282499
21.2325
21.1625
21.065001
21.155001
21.022499
20.9575
20.977501
20.92
20.7325
20.692499
20.705
20.6875
20.450001
20.3225
20.129999
20.045
19.959999
19.9025
19.9625
19.797501
19.82
19.825001
19.5525
19.844999
20.247499
20.434999
20.41
20.282499
20.7775
20.82
20.92
20.907499
20.9125
21.014999
21.137501
21.2125
21.3475
21.2075
22.040001
20.862499
21.0375
21.452499
21.6975
21.6
21.307501
21.2125
21.235001
21.174999
21.120001
20.9025
20.887501
20.967501
21.065001
21.4025
21.452499
21.655001
21.852501
21.775
21.775
21.299999
21.545
21.49
21.285
21.245001
21.2125
21.2875
21.535
21.6325
21.58
21.27
21.309999
21.4375
21.495001
21.702499
21.495001
21.5
21.629999
21.8325
21.75
21.657499
21.549999
21.625
21.907499
21.9625
22.012501
21.9625
22.004999
21.977501
21.965
21.745001
21.872499
21.9
21.924999
21.9125
21.735001
21.75
21.8125
22.030001
22.030001
22.23
22.25
22.9175
22.5425
22.424999
22.6525
22.42
22.4025
22.34
22.2675
22.272499
21.99
22.209999
22.112499
21.8225
22.002501
21.7225
21.9125
21.995001
22.23
22.237499
21.9025
21.934999
22.075001
22.0375
22.0725
22.23
22.5
22.2675
22.15
21.75
21.752501
21.637501
21.477501
21.684999
21.952499
22.0975
21.952499
22.1775
22.6525
22.7875
22.715
22.695
22.700001
23.65
23.987499
23.657499
23.692499
23.7425
23.77
23.8025
23.915001
23.827499
24.045
24.0175
24.110001
23.8475
23.8575
24.129999
24.27
24.424999
24.362499
24.5
24.584999
24.434999
24.745001
24.865
25.065001
25.3475
25.535
26.655001
27.1425
27.245001
27.547501
27.290001
26.959999
26.379999
26.655001
26.5
26.2575
26.305
27.2425
26.897499
26.807501
26.875
27
27.275
27.752501
27.8925
27.637501
27.9375
28.122499
28.3125
28.1425
28.6525
28.334999
28.799999
28.690001
28.639999
28.682501
28.467501
28.67
28.754999
28.9725
28.872499
28.852501
28.655001
28.145
27.725
27.397499
26.855
27.344999
27.6
28.115
28.1
28.2425
28.477501
28.532499
28.3125
28.695
29
29.075001
29.264999
29.25
28.9125
28.102501
28.672501
29.012501
28.5625
30.025
29.115
29.459999
30.445
30.262501
30.65
29.9175
31.15
31.264999
32.067501
31.66
31.235001
31.467501
31.67
32.112499
31.879999
31.5375
31.415001
29.9725
30.1675
30.215
29.815001
30.455
30.15
30.25
29.875
29.975
29.785
29.75
29.6
29.9
29.985001
30.195
30.514999
30.485001
29.504999
28.35
29.315001
29.01
29.334999
29.74
29.639999
29.76
29.219999
