Adjusted
11.531215
11.427572
11.869759
11.99412
11.524299
11.786844
12.035569
12.007938
12.291209
11.987208
11.883574
11.289392
11.254846
11.227206
11.517395
10.95085
10.971578
11.075213
11.510483
10.902487
10.819578
10.902487
10.805759
10.778087
10.660484
10.411438
10.563632
10.612057
10.480618
10.743496
11.172405
11.573648
11.608236
11.732756
11.615154
11.442208
11.573648
11.234668
11.552894
11.933377
11.525224
11.49755
11.746592
11.525224
11.075558
10.999458
10.964869
11.186244
12.002558
11.878033
12.493728
12.625164
12.438383
12.639008
13.08867
12.327695
12.479895
12.376124
12.161666
11.912623
11.262344
11.359194
12.120157
12.154752
11.795016
12.002558
11.82961
11.539059
11.677416
11.580563
11.871116
11.850361
12.562904
12.908801
12.901887
13.144004
13.476076
13.109418
12.645921
12.971064
13.08867
12.728938
12.818867
13.164762
13.17169
13.524878
13.296346
13.067806
13.559498
13.843429
13.732628
13.6149
13.850351
13.504096
12.92931
12.92238
13.047034
12.998561
13.026258
13.698006
13.670298
14.425145
14.418223
14.11351
14.612128
14.806035
15.124593
15.069191
15.006862
15.214617
15.159214
15.332343
14.792177
15.145367
14.854505
15.062263
14.625982
14.314342
14.099663
14.161996
13.878056
14.286641
14.245093
14.411294
14.826805
15.380819
15.041482
15.865585
16.031786
16.260319
15.865585
16.163364
16.634277
16.689684
17.527624
17.264465
17.077486
16.661978
16.911285
17.181364
16.599653
17.25062
17.14674
17.243687
16.959757
17.236769
17.326799
17.402973
16.820793
16.730692
16.626734
16.342571
16.564356
16.89011
17.125748
17.423763
17.361382
18.151482
18.345547
18.269306
18.2901
18.983168
18.879211
19.204952
19.419802
19.613863
19.814852
19.918816
19.558418
19.821789
19.898026
20.223766
19.953474
19.170303
19.426733
19.641584
19.399012
20.036634
20.015844
20.209904
20.216831
19.766338
20.057426
19.253469
19.024757
18.900003
19.662378
19.073269
19.842573
19.835648
20.52178
20.487133
20.757421
20.563372
20.632675
21.090099
21.346535
21.540596
22.011887
22.337626
21.94257
22.289114
22.261389
21.845547
21.637619
21.540596
21.776239
22.642569
22.732674
22.795048
22.836637
23.592079
23.342577
23.398054
23.661577
23.488209
23.155336
23.169209
23.647711
23.425795
22.746183
22.350895
22.080442
22.552008
22.073507
22.413317
23.203876
22.933422
23.127604
23.259357
23.606106
23.474327
23.120665
23.259357
22.260746
21.941744
20.977804
21.095703
21.435497
21.400833
20.970865
20.984743
20.922333
21.42857
21.19972
21.095703
21.574203
21.553392
21.747566
22.29542
22.219139
22.226072
22.302357
22.822468
22.815535
23.571423
23.744801
23.55756
23.682384
23.294035
23.155336
22.926495
22.808601
22.614422
22.330088
21.934811
22.018026
22.48959
21.934811
21.761442
21.421635
21.165045
21.026348
21.775309
20.844864
20.775417
21.442022
21.226761
21.205929
21.518391
21.344795
20.928181
21.393404
21.247591
20.754593
20.830971
20.136608
20.275482
20.567114
20.483788
20.275482
20.615717
20.553226
20.164379
20.587938
20.101891
19.233927
19.428352
18.963133
18.803425
19.226984
18.817312
18.858971
19.296431
18.886742
18.393757
18.213207
18.164608
18.421532
19.296431
19.011732
19.226984
19.046452
18.886742
19.011732
19.525568
19.824137
19.629717
19.178381
19.004787
19.164494
19.213095
19.004787
18.511793
18.365973
18.525677
18.102118
18.247932
18.414581
19.115896
18.852032
18.664545
18.296535
18.143776
17.866032
18.081291
18.247932
18.220114
18.067118
18.407879
18.463509
19.31193
19.172844
19.082441
18.804279
18.66519
18.880772
18.852947
19.061573
19.158945
19.291059
19.541414
19.729185
19.784819
19.854364
19.70137
19.478838
19.061573
19.569227
19.993448
20.160349
19.750046
19.916946
19.46492
19.770912
19.555328
19.214571
19.221529
19.138077
19.499697
19.8335
19.437107
19.318882
19.04071
19.193707
19.193707
18.790358
18.310524
18.157534
18.317474
18.234022
18.477415
18.247931
18.178387
16.259014
16.099066
15.806991
15.932171
16.161657
15.688768
16.182518
15.765261
15.973893
16.182518
16.314646
16.85708
16.954441
17.316069
16.808403
16.696947
16.487972
15.861054
15.721743
15.700848
15.436144
14.795297
15.018201
14.920679
14.983375
15.477937
15.331659
15.059998
15.248075
15.094823
15.289864
15.16448
15.338629
15.04606
14.830122
14.927646
15.066957
13.966368
13.854914
13.736497
14.049959
14.328586
14.488797
14.467907
14.224103
14.008166
14.342518
14.572393
14.683842
14.224103
14.196236
14.022097
13.875808
13.708635
13.980298
13.973331
14.52363
14.718671
14.851021
14.718671
14.795297
14.31466
14.356451
14.126584
14.621151
14.286789
14.356451
14.481837
14.488797
14.941575
15.108759
14.837091
14.844053
14.906747
15.324697
15.51277
15.505804
15.631184
15.749614
15.819389
15.96593
16.300875
16.210159
16.105494
15.951973
16.168291
16.531155
16.586979
16.635822
16.970778
17.305719
16.859129
16.817259
16.307856
16.47533
16.196203
16.091532
15.617027
16.119444
15.847301
16.684668
16.754454
16.384615
16.056643
15.882193
15.742628
15.791478
16.217136
16.147356
15.95895
15.889174
15.840322
16.391586
16.363682
16.426487
16.307856
16.245052
16.224115
16.224115
16.321812
16.098511
15.777518
15.624004
15.672842
15.91011
15.96593
15.728673
16.161314
15.924059
16.063625
16.007793
15.770541
15.756582
15.644932
15.344872
15.53328
15.644932
15.568175
15.519329
15.665865
15.791478
15.756582
15.672548
16.106728
16.043697
16.393848
16.316814
16.456877
16.926077
17.024107
17.136162
16.905064
16.547913
16.821037
16.638954
16.323822
16.596935
16.870043
16.800022
17.241203
17.171175
17.157166
17.283216
17.584347
17.367258
17.395275
17.402269
16.947079
16.996099
16.72299
16.48489
16.393848
16.393848
16.456877
16.120737
16.379847
16.23278
16.316814
16.211775
16.449873
16.267796
16.113726
16.057713
16.197769
16.141748
16.393848
16.309814
16.190763
16.260792
15.980677
15.749585
15.490468
15.553495
15.847619
15.868627
16.358833
16.274801
16.393848
16.330822
16.463879
16.239784
16.470884
16.491892
16.687971
16.940928
17.046324
17.207933
17.425764
17.334412
17.404676
17.453861
17.6506
17.798162
18.058138
18.219755
18.275967
18.514866
18.620264
18.94348
18.971594
19.231575
19.245625
18.94348
19.17536
19.386154
19.203465
19.091045
18.873217
19.041853
19.463446
18.957535
18.971594
18.760798
18.929428
19.05591
19.05591
18.901323
19.098064
19.048887
18.809977
18.339201
18.170567
18.500813
18.444609
18.282991
18.416498
18.746744
18.620264
18.662424
19.168333
19.463446
19.498583
19.386154
19.58992
19.885038
19.835852
20.173124
19.28076
18.992668
18.795923
18.634315
18.8943
19.01375
19.210495
19.069963
19.048887
19.365072
19.477827
19.033871
18.86474
18.822462
18.956348
18.942257
18.899975
18.540579
18.69561
18.322124
18.38554
18.237558
18.075487
18.364401
18.124807
17.990915
17.941589
17.906347
18.131855
18.019104
18.124807
17.800648
17.814745
18.110714
18.082527
18.38554
17.7936
17.610382
17.546963
17.258036
17.300308
17.483532
17.391924
17.250984
17.265072
17.307364
17.180511
17.067755
16.792938
16.877499
17.250984
17.370777
17.335543
17.265072
16.962063
16.743601
16.785879
16.504005
16.504005
16.377161
16.348974
16.370117
16.532198
16.715414
16.694269
16.644943
16.313744
16.278502
16.285545
16.257362
16.095285
16.440582
16.560383
15.961387
16.468765
16.893045
16.963755
17.324383
17.359735
17.536518
17.847652
17.769873
17.939575
17.734512
17.614309
17.755732
17.890074
17.854717
18.498201
18.83761
18.957827
18.993179
18.936611
18.865898
19.21946
19.396235
19.021465
18.858826
18.491125
18.172928
18.441631
18.823473
18.894184
18.830547
18.795189
18.653759
18.229494
18.250708
18.300203
18.363846
18.363846
18.003218
17.989075
17.727442
17.649654
18.080999
18.321421
18.575979
18.604267
18.717405
18.469917
18.484058
18.363846
18.236559
18.045643
15.980859
15.839433
15.386882
15.096962
15.047464
14.997967
15.195958
15.323241
15.309093
15.033322
15.238383
14.990898
14.735128
14.642766
14.685397
14.685397
14.919845
15.125881
15.012208
15.18272
15.168512
15.168512
14.642766
14.649872
14.315947
14.41541
14.465152
14.578822
14.635658
14.777755
14.557509
14.436728
14.422522
14.252011
14.216483
14.031765
14.102808
14.017554
14.038861
14.152537
13.960711
13.882562
13.939406
14.053079
14.195171
13.996244
13.925194
14.031765
13.910986
14.081492
13.996244
13.825724
13.747572
13.712049
13.839931
13.768889
13.669424
13.754675
13.612581
13.584167
13.818624
13.633901
13.775987
13.896769
13.818624
13.541537
13.434967
13.605479
13.847041
14.266213
14.195171
13.847041
13.918087
13.682429
13.810966
13.932369
14.360835
14.210873
13.98236
13.825256
13.596736
13.796687
13.611018
13.325371
13.318223
13.111137
12.861197
12.81835
12.775502
12.889761
13.011159
12.718377
12.86834
12.882624
13.018302
12.839774
12.70409
12.418446
12.218496
12.254199
12.039969
12.225636
12.661248
12.939754
13.06829
13.025443
12.961171
13.139704
13.032583
12.854057
13.05401
12.889761
13.325371
13.796687
13.568174
13.825256
13.389641
13.461052
13.253962
12.982599
13.332512
12.768367
12.654105
12.768367
12.739797
13.004019
13.203972
12.211355
12.247061
12.482718
12.525564
12.497002
12.475576
12.982599
12.854057
12.611259
12.561268
12.446357
12.561268
12.439178
12.467905
12.49663
12.748
12.503814
12.834183
13.02092
13.365652
13.329745
13.214824
13.107097
13.171738
13.200465
13.329745
13.573929
13.918663
14.134121
14.249031
14.055119
14.277761
14.356766
13.868389
13.803754
13.96894
13.933027
14.184395
14.24185
14.205945
14.012029
14.112575
13.947389
13.997667
13.782202
13.696023
13.940209
14.335216
14.644042
14.916957
14.773316
14.679954
14.773316
14.952868
14.924137
14.816411
14.809228
15.003142
15.003142
15.434058
15.513061
15.520245
15.010322
15.161146
15.103689
15.319143
15.405326
15.527426
15.599243
15.63515
15.153958
15.268869
15.326333
15.096505
14.852319
14.801799
15.025524
15.011088
14.946138
14.736852
14.852319
15.15543
15.79051
16.108055
16.115267
15.949279
16.071968
15.566793
15.682255
15.581222
15.169859
15.140986
15.328632
15.444099
15.104908
15.314203
15.242033
15.083261
14.902834
14.924488
14.938924
14.960567
14.938924
14.989439
15.12656
15.039961
14.910056
14.86675
14.700768
14.491474
14.541997
14.722417
14.736852
14.614161
14.686329
15.278112
15.227597
15.162645
15.177081
15.530704
15.81938
15.970938
16.093616
15.184296
14.902834
15.025524
15.003879
14.830666
15.039961
14.86675
14.816236
15.076043
15.104908
15.12656
15.234818
15.321415
15.43968
15.461441
15.606555
15.497719
15.258293
15.091416
15.142206
15.338102
15.461441
15.403401
15.367126
15.149464
15.21476
15.062392
15.127696
14.532743
14.409397
14.213502
13.94505
13.865235
14.075647
13.872495
13.952301
13.857982
14.13369
13.872495
13.952301
13.887006
13.89426
13.865235
13.778172
14.03212
13.901518
13.981326
13.995838
13.828964
13.683849
13.850726
13.87975
13.87975
14.010345
14.061135
14.206242
14.583532
15.004351
14.851989
14.873746
14.84473
15.011613
15.222012
15.490466
15.824222
16.078167
15.896773
15.918546
16.150717
16.027369
15.867752
15.599296
15.816964
15.911284
15.855131
15.97182
16.015574
16.15414
16.387526
16.197903
16.24896
16.132269
16.052042
16.176023
16.212488
16.555262
16.504215
16.766762
16.533382
16.022867
16.161438
16.263542
16.103092
16.176023
16.307301
16.161438
16.015574
15.672803
15.541529
15.920766
15.993702
16.190613
16.533382
16.941797
17.678394
17.627346
17.576298
17.459608
17.714865
17.284567
17.124125
17.051189
17.350216
17.445017
17.313747
17.700283
17.933653
17.940948
17.999292
18.203497
18.210789
17.919075
18.961975
18.9401
18.925508
19.202644
18.276424
18.422289
17.904488
18.028469
17.889896
17.868013
17.503359
17.167885
17.393967
17.226225
17.357504
17.722157
17.519194
17.680389
17.680389
18.083387
17.526522
17.57048
17.599792
17.438597
17.013624
16.925694
17.365322
17.665741
17.504539
17.695051
17.753662
18.163982
17.914862
17.555822
18.383791
18.52301
18.867388
19.182457
19.043242
19.160477
18.662222
18.574306
18.801443
18.654902
18.574306
18.266565
18.207949
18.618265
18.816095
18.91135
18.955311
19.035917
18.969973
18.984617
18.874718
18.947992
19.321676
19.328995
18.91135
18.757483
18.71352
18.801443
18.933338
18.962641
18.632919
18.720844
18.867388
18.669552
19.578121
19.761293
19.270378
19.519499
19.636736
19.057898
18.969973
19.006599
19.241072
19.2484
19.710007
19.416924
19.636736
19.749315
20.2276
19.793463
19.079723
18.505785
18.667669
19.234245
19.020857
18.785402
18.770685
18.520508
18.77804
18.123165
18.44692
17.931852
18.476357
19.271042
19.381409
19.190094
19.315182
19.359333
20.028923
20.588146
20.404192
20.440989
19.815538
20.073074
19.984781
19.344618
18.925203
19.06501
19.271042
19.432917
19.837614
20.09515
20.198172
19.741961
19.690456
