Adjusted
22.123581
21.930544
22.472275
22.59058
22.061312
22.75248
23.443642
23.617994
23.804792
23.605547
23.91065
23.730074
23.150991
22.652849
23.094954
22.534536
21.905642
22.073769
22.466055
22.042618
22.229431
22.136032
22.360193
22.35397
22.117355
21.886961
21.999048
21.774885
22.260565
22.036411
22.117355
22.484735
22.052095
21.738583
22.321705
21.776201
21.895344
21.907873
22.221384
21.964314
22.039553
21.87026
21.914148
21.287132
21.50659
21.211895
21.105301
21.061413
21.625723
22.346798
22.986349
23.205795
23.268501
23.26223
23.820265
22.89856
22.879757
22.340519
21.726046
21.713497
21.193085
21.412535
21.958044
21.807552
21.769926
21.920416
21.769926
21.349833
21.22443
21.155462
21.274593
21.356104
20.96736
21.211895
21.218164
22.064636
22.396948
22.196304
22.227657
22.415762
22.547436
22.415762
22.139875
22.628946
22.509809
22.917374
22.572506
22.35306
22.904833
23.412708
23.425249
23.281042
23.462875
23.281042
22.666563
22.610132
22.812178
23.374128
23.159445
23.689812
23.355183
23.071053
23.15313
23.260475
23.329918
23.967632
24.371716
24.270699
24.04339
24.112858
24.56114
24.466429
23.910805
24.403288
24.138098
23.980253
23.999197
23.721388
23.30467
23.487762
23.172073
23.235207
22.805864
22.559626
22.77429
23.292036
23.235207
23.727699
23.721388
23.582481
22.793242
22.970028
23.064737
23.197327
23.146818
23.266779
23.85397
23.797152
24.384344
24.359083
23.910805
24.119164
24.340143
24.289631
24.270699
24.700037
24.624277
24.567451
24.201244
24.08127
24.15073
24.548504
24.876827
25.072557
25.059937
25.760786
25.697639
26.007023
26.324642
26.019733
26.045139
25.791033
25.530596
25.530596
25.670343
25.981619
25.759283
25.975254
25.791033
25.37178
25.187555
25.409889
25.810091
25.047796
25.340021
25.524233
25.295544
26.045139
25.702106
26.045139
26.019733
25.644941
25.683043
25.276484
24.888988
24.730175
25.066858
24.787348
25.009687
25.104969
24.698414
24.774647
24.749229
24.965218
24.692059
24.342676
24.863579
24.971558
24.933451
25.282843
24.952509
25.187555
24.98428
24.628538
24.781004
24.418903
24.139389
24.634884
24.58407
24.98428
24.996973
25.07321
24.927094
24.520546
24.234686
23.967876
23.6439
23.694727
23.948818
23.872595
23.720131
23.50416
23.415207
23.728619
23.619886
23.728619
24.150738
23.997236
23.837347
23.798964
24.783924
25.007788
25.135696
25.461891
25.161276
25.730516
25.973553
25.992744
26.235788
26.286953
26.082289
26.197401
26.338127
26.824207
27.028873
27.092827
27.092827
26.984104
27.009689
27.578909
27.572527
27.572527
27.335869
27.885914
27.994644
28.308044
28.768543
28.403973
28.544697
28.256872
28.333616
28.052212
27.885914
27.809168
27.706839
27.738813
27.054459
27.553331
27.310293
26.868973
26.645124
27.035259
27.188757
26.65152
26.043915
26.414873
27.003277
27.118422
27.016075
27.706839
27.726023
27.757996
27.82836
27.571035
27.982735
28.156422
28.381586
28.542393
28.786844
28.574562
28.47164
28.62602
28.265781
28.188589
28.388008
28.323685
28.104969
27.307295
26.413132
26.155823
26.638279
26.07863
26.258749
26.709047
26.67045
26.676872
26.014296
25.924242
25.705526
26.342373
26.747639
27.152912
27.288
27.185066
27.13361
27.448818
27.275133
27.551741
27.275133
27.024252
27.26227
26.741203
26.953491
26.940626
27.493849
27.390924
26.824831
26.496771
27.673965
27.789755
27.300871
27.397358
26.483898
26.046467
25.937105
25.937105
25.943548
25.673357
25.467501
24.708445
24.875687
25.22949
25.724817
26.149387
26.226578
25.756981
25.994999
26.053253
26.066208
26.279806
26.409267
26.817055
26.907673
27.296047
27.140707
27.257215
27.380192
26.907673
27.037136
27.483757
27.606747
27.419029
27.567902
27.127754
27.509642
27.664989
27.865664
28.299339
28.409372
28.467628
28.499996
28.370554
28.150467
28.150467
28.79775
28.933678
28.487051
28.189308
28.215185
28.254028
27.852715
27.723257
28.176361
28.28639
28.247553
28.176361
28.169884
28.008064
27.787977
27.393139
27.354305
27.386663
27.606747
28.150467
28.176361
27.910971
27.982172
28.163408
27.846247
27.936857
27.341364
26.765276
26.933571
27.393139
26.862364
26.596977
26.344538
27.037136
27.160114
27.355461
27.264305
27.225235
26.99732
27.160112
27.108023
27.023373
26.79546
26.209429
26.059645
26.41778
26.704302
26.567562
26.736868
26.398258
26.183367
26.118256
25.903368
26.124767
26.092207
26.053137
25.981514
26.007559
25.519178
25.134993
25.161041
25.297783
25.232676
25.447542
25.903368
26.313601
26.541502
26.482914
26.6392
27.036386
26.574062
26.450346
26.339645
26.202898
25.740585
25.499647
25.473591
25.395466
24.822439
25.284756
25.441038
25.134993
25.271742
25.291273
24.887552
24.614067
25.076387
25.108953
24.952667
25.232676
25.655924
26.124767
26.085693
26.567562
26.508951
26.671749
26.574062
26.476387
26.424297
26.69294
26.869848
26.535688
26.653624
26.489811
27.190886
27.387457
27.177788
27.203999
27.780573
27.236759
26.548794
26.699493
26.234291
26.384983
26.660181
26.699493
26.941914
26.896053
27.125374
27.276066
27.086056
26.935358
27.177788
27.262959
27.452972
27.413652
27.525042
27.485722
27.531595
27.518492
27.525042
26.863293
27.249849
27.11882
27.053307
27.171236
26.863293
27.125374
26.83708
26.810871
26.568438
26.011522
25.985321
25.618406
25.402187
25.389086
25.710144
25.81496
25.81496
25.651163
26.024626
26.391537
25.742887
25.906691
25.290808
24.884573
24.419382
24.406279
24.419382
24.412832
24.242489
24.770203
25.067051
25.304537
24.638277
25.020878
25.020878
25.13961
24.638277
25.133022
25.152807
25.258354
26.122511
25.878435
25.772888
25.621176
25.634365
25.891623
26.16868
26.016964
25.251757
25.370501
25.680532
25.390289
24.770203
24.611893
24.585505
24.288645
23.576227
23.978621
24.268864
23.978621
23.945637
23.991814
24.473366
24.81638
24.605299
24.585505
24.295258
23.68177
23.121056
22.712069
23.094669
22.956152
22.428413
22.626314
22.32947
22.270102
22.124969
22.507578
22.006239
22.619719
22.303087
22.566946
22.566946
22.22393
22.289879
22.012831
21.828129
22.01943
21.663216
20.87822
21.095905
21.372969
21.911444
21.977917
21.864908
22.250486
21.964632
21.499275
21.572399
21.632231
21.412849
21.652168
21.725304
21.85161
21.751892
21.951336
21.971273
21.638884
21.731943
21.971273
22.449923
22.483162
22.715832
22.536337
22.576231
22.416677
22.356853
21.971273
21.572399
20.894314
20.900963
20.641703
20.083271
20.169699
20.522032
20.103216
20.11651
20.349186
20.728113
20.708174
20.661644
20.801243
20.515383
20.382423
21.4195
21.539162
21.180176
21.000677
21.007328
20.827839
20.641703
20.615107
21.007328
20.940851
21.093758
21.000677
20.914259
20.734766
20.834484
21.033918
21.073812
21.040571
20.814539
20.887663
20.768007
21.096388
20.948942
20.821621
20.928843
20.365911
20.392723
20.439636
20.459734
20.251986
20.486542
20.674181
20.774712
20.513348
21.076277
21.042767
20.881929
21.344341
21.397949
21.069578
21.24382
21.230412
21.156696
20.674181
20.92214
20.52005
20.392723
20.305603
20.2855
20.184977
19.896811
20.104563
19.970528
19.80299
19.394199
19.179745
18.844669
19.025618
18.837969
18.791058
18.422476
18.194626
18.228136
18.261642
18.476089
18.650328
18.590012
18.770954
19.012207
18.764254
19.219959
18.998804
19.340582
19.555031
19.642147
19.930319
19.769476
19.675661
19.977234
19.782883
19.642147
19.80299
19.990635
20.406126
20.486542
20.621677
20.91898
20.871685
21.351412
21.364929
21.223036
21.223036
21.121675
21.594656
21.304113
22.202766
22.608164
22.3379
22.425737
22.891954
22.736555
22.858175
23.020336
22.986547
22.770336
22.8379
22.763577
22.641956
22.513575
23.054121
23.297363
23.263588
23.317633
23.331144
23.121685
22.709522
22.628443
22.804111
22.729801
23.094658
22.912226
23.141956
22.993307
22.567635
22.46628
22.486551
22.168983
22.033848
21.797361
22.067625
21.89871
21.993307
22.074385
22.101414
22.256819
22.047358
22.324392
22.243301
21.95952
22.114931
21.89196
21.78385
21.85817
22.067625
22.094654
22.709522
22.906942
22.947779
22.784405
22.648256
22.920551
22.961403
22.763979
22.648256
22.307884
22.396385
22.341921
22.192162
22.260237
22.042397
22.505306
22.62784
23.288157
23.587683
23.948473
24.452227
24.213966
23.968895
23.914442
23.492386
23.451534
23.329006
23.437918
23.757864
23.397072
23.540028
23.580868
23.533222
23.635324
23.757864
23.37665
23.499187
23.417498
23.145199
23.465153
23.363033
23.471956
23.696602
24.649635
25.323572
25.493753
25.309954
25.602676
25.003618
25.017237
24.595175
24.744942
24.690472
25.160194
25.228266
25.166994
25.486946
25.582256
25.589062
25.14658
24.282038
23.55364
23.696602
23.356228
22.841928
22.643061
23.116222
22.944786
22.540207
22.224764
22.629356
23.260227
22.615633
23.301369
23.356232
23.184795
22.773354
22.457912
21.929893
22.368767
22.067045
21.648741
21.120728
21.401875
21.902468
21.785887
21.374443
21.600742
22.101326
22.094469
21.779032
21.964178
21.374443
21.449879
21.91618
22.14933
22.396194
22.382479
22.601915
22.457912
22.430483
22.361914
22.025898
21.737886
22.190472
22.245333
22.265905
22.739071
22.293339
21.717319
22.265905
22.937927
22.725353
22.547058
23.232796
23.541386
22.828209
23.013359
23.459089
23.068222
23.479662
23.705948
23.980246
23.74024
23.383661
23.315083
23.664816
24.175961
24.113794
24.065451
24.037811
24.169054
24.452261
24.231216
24.224319
24.003284
24.134508
24.093073
24.017086
24.182869
24.32102
24.182869
24.127609
24.231216
24.120701
24.52133
24.624947
24.003284
23.485214
23.60955
23.381615
23.505939
23.243467
23.526663
23.616463
23.809868
23.982553
24.024
23.920389
24.127609
23.989458
24.037811
24.307207
24.41081
24.32102
24.169054
24.086164
24.169054
24.59041
24.079254
23.844402
23.851311
23.42996
23.353977
23.236553
23.208927
23.050049
23.505939
23.319447
23.443779
23.03623
22.822104
22.449108
22.048477
22.214258
22.262608
22.4422
22.22117
22.262608
22.449108
22.884279
22.821634
22.974754
22.85644
22.793795
22.731155
22.724199
22.870354
22.424923
22.689396
22.654604
23.037392
23.086117
23.18355
23.31579
23.49675
23.454987
23.649872
23.434109
23.413235
23.879547
24.150988
24.206659
23.837788
23.9561
24.060514
23.851704
23.524588
23.635952
23.844746
23.740351
23.733391
24.116186
23.775148
23.287947
23.580267
23.489796
23.601145
23.879547
23.865631
24.137058
23.823868
24.018745
24.130104
23.670748
23.601145
23.663788
22.981712
22.85644
23.065229
23.155714
23.454987
23.802986
24.276264
24.304104
24.575546
25.069698
25.431616
24.95138
25.24369
25.9188
26.157053
26.171055
26.472359
26.402294
26.304193
26.016905
26.051941
26.248137
25.470364
25.211107
25.070969
24.559456
24.265171
24.510406
24.454355
24.629526
24.699598
24.769665
24.054962
24.440338
24.797697
24.734631
25.014908
25.3092
25.463356
25.540434
25.519413
25.547436
25.5054
25.225122
25.148043
25.5054
25.673557
26.29018
25.631521
25.778673
25.967854
26.241129
26.030922
25.848736
25.869753
25.960855
26.023914
25.792685
25.673557
26.065956
26.037924
25.855745
26.493389
26.773651
26.402294
26.430321
26.521421
26.913807
26.773651
26.696585
26.934828
26.780672
27.257151
26.983868
27.250132
27.20109
27.348238
27.186033
27.362335
27.588005
27.376438
27.3694
27.475168
27.143721
27.468124
27.256559
27.411697
27.623268
27.912405
28.123966
27.736107
27.411697
26.861643
27.066149
26.741745
26.15642
26.643011
26.551348
27.030893
27.235403
27.454014
27.066149
27.439909
27.355284
27.157825
26.805218
26.720589
26.995625
27.538649
27.305931
27.503378
28.215645
27.736107
27.940617
27.3694
27.496325
28.095768
28.765718
28.215645
28.335537
28.857388
29.238211
28.42016
28.751616
28.377848
27.489275
26.445566
25.895487
26.375034
26.142313
26.015379
25.098597
24.58379
24.329916
24.492111
24.964611
23.730486
23.786907
23.694532
23.303782
22.650133
22.962744
23.495604
23.261145
23.310879
24.028458
24.113724
24.440544
24.405014
24.014261
24.440544
24.696312
24.944986
25.193657
25.21497
25.293125
24.909464
24.461861
24.603952
24.625269
24.767366
24.809998
24.646585
25.321539
25.591524
25.413906
25.477848
25.286013
25.421001
25.513369
25.520481
25.484955
25.577316
25.598621
25.435211
25.307331
25.882814
25.875717
26.330425
25.7052
25.662573
25.34996
25.072868
24.809998
25.058662
25.577316
24.937874
25.023129
25.250486
25.21497
25.513369
25.882814
26.223854
25.7052
26.259369
25.627037
25.186548
25.158125
25.165234
24.333969
24.554222
24.277134
23.992939
24.532906
24.683197
24.010473
24.411243
23.745672
24.003323
23.165993
23.538137
23.244713
23.273344
23.988998
23.867338
24.153603
24.182232
23.402159
23.31628
24.439871
24.704664
24.583006
23.41647
23.738527
24.010473
23.158836
22.657871
23.008541
22.779531
22.843945
23.681269
23.738527
23.588228
23.294815
23.294815
