Adjusted
12.590822
12.745625
13.167041
12.986432
12.909035
13.227242
12.960632
12.917632
12.900433
12.771426
12.556421
12.195207
11.532984
11.438381
11.713591
11.309379
10.853564
11.034167
10.973969
10.423549
11.068569
10.844962
10.096738
9.890332
9.520518
9.064704
8.815295
8.892696
7.938064
7.611254
8.14447
8.170273
8.041268
8.08427
8.307877
7.938064
8.024067
7.946664
8.342278
8.299277
8.187474
7.963869
7.740258
7.387646
7.267243
6.88883
6.88883
7.250042
7.275844
7.473648
7.826264
7.714458
7.955265
8.196075
8.540088
8.11007
8.402482
8.342278
8.170273
8.187474
7.998269
7.998269
8.39388
8.703491
8.471283
8.600288
8.419683
8.256276
8.445483
8.342278
8.591687
8.669092
8.703491
8.729291
8.806696
9.262509
9.761327
9.529119
9.460317
9.718325
9.85593
9.804328
9.976333
10.285945
10.002133
10.105335
10.01934
9.795729
10.20854
10.492348
10.251544
10.285945
10.655755
11.008369
10.440752
10.595552
10.70736
11.077171
11.231975
11.40398
11.352381
11.369582
11.825396
11.782394
11.532984
11.730792
11.661991
11.9114
11.9286
12.049004
12.307012
12.186607
11.816795
12.281211
12.341411
12.513418
12.324213
12.513418
12.023202
11.524387
11.059967
11.180373
11.188973
11.507182
11.360982
11.507182
11.188973
11.670588
11.876997
11.790995
11.610388
11.524387
11.481385
11.309379
11.610388
11.154572
11.32658
11.128773
11.378179
11.317978
11.507182
11.919998
11.9114
11.730792
11.515784
11.868396
11.825396
11.704992
11.722194
11.438381
11.481385
11.481385
11.438381
11.782394
11.498587
11.670588
11.765195
11.67919
11.696391
11.722194
11.945799
12.092004
12.307012
12.350012
12.556421
12.891829
13.029437
13.278844
13.261645
13.24444
13.253041
13.24444
13.029437
12.685426
12.969234
12.797228
12.711225
12.883228
12.84023
12.685426
12.926233
12.86603
12.814428
12.384414
12.152208
11.9544
11.9544
12.143606
12.375813
12.040401
12.074804
12.049004
12.049004
11.825396
12.023202
12.014601
12.264011
13.192842
12.797228
12.307012
12.083405
11.945799
12.066203
11.799593
11.799593
11.65339
11.876997
12.152208
12.350012
13.003635
12.797228
12.960632
12.977832
13.43365
13.588457
14.11307
13.235844
13.459451
13.399247
12.926233
12.943434
12.745625
12.633822
12.659624
12.195207
12.307012
12.221007
12.203807
12.092004
12.255409
12.358612
12.470417
12.384414
12.315612
12.479018
12.212408
12.057603
11.885597
12.195207
12.315612
11.945799
11.842594
12.573621
12.943434
13.287443
13.201442
13.106838
12.891829
12.848827
13.270246
13.339046
13.416449
13.347648
13.545451
13.98407
14.250676
14.319478
14.11307
14.181873
14.001269
14.233477
14.431284
14.603288
14.345281
14.37108
14.457081
14.482882
14.36248
14.36248
14.250676
14.319478
14.224877
14.319478
14.37108
14.11307
14.11307
14.491488
14.38828
14.783896
14.689291
14.67209
14.551687
14.611889
14.594686
14.534486
14.216279
14.285076
14.130275
14.534486
14.611889
14.577489
14.560284
14.448483
14.353881
14.36248
14.250676
14.164674
14.560284
13.966866
13.622854
13.49385
13.038038
13.029437
13.192842
13.072438
12.995033
12.780026
13.003635
12.86603
12.917632
12.900433
13.020836
13.003635
13.227242
13.227242
13.700259
13.743259
13.889464
13.872263
13.98407
14.044269
13.855062
13.71746
13.631454
13.786262
13.915265
13.966866
14.070069
14.130275
14.078672
13.889464
14.018468
13.803462
13.76046
13.49385
13.640054
13.476651
13.605654
13.364847
13.201442
12.375813
12.556421
12.393015
12.238209
12.298412
11.997403
12.049004
12.221007
12.126406
12.212408
12.341411
12.358612
12.350012
12.384414
12.367216
12.160807
12.24681
12.229608
12.014601
12.195207
12.642422
12.410215
12.625222
12.367216
12.444615
12.556421
12.470417
12.479018
12.083405
11.876997
12.006001
12.117806
12.040401
11.997403
11.833993
11.808192
11.713591
11.39538
11.257776
11.206176
11.223378
11.223378
11.068569
11.283577
11.188973
11.223378
11.025567
11.068569
11.188973
11.180373
11.154572
10.982569
10.982569
11.04277
11.034167
11.04277
10.999767
10.922366
10.664357
10.483749
10.457948
10.045135
9.726927
9.460317
9.615121
9.253909
9.150704
9.236712
9.365711
9.365711
9.417315
9.357115
9.374313
9.296911
9.357115
9.322712
9.271109
9.288307
9.073305
9.073305
9.116305
9.099104
9.116305
9.038902
9.503318
9.60652
9.537719
9.503318
9.339911
9.400116
9.408714
9.357115
9.434513
9.391516
9.288307
9.296911
9.228109
9.219508
9.167905
9.107706
9.511919
9.554918
9.434513
9.701122
9.529119
9.417315
9.486118
9.460317
9.537719
9.795729
9.744126
9.787127
9.924732
9.93333
10.088136
10.027937
9.90753
10.285945
10.500955
10.509551
10.543953
10.595552
10.423549
10.19134
10.47515
10.715958
10.492348
10.251544
10.303144
10.389146
10.371948
10.457948
10.337547
10.457948
10.638555
10.492348
10.440752
10.47515
10.595552
10.69016
10.586956
10.672958
10.76756
10.76756
10.78476
10.750357
10.733156
10.758959
11.077171
11.04277
11.051368
11.137373
11.231975
11.446982
11.472783
11.524387
11.610388
11.464185
11.472783
11.412582
11.39538
11.421182
11.541587
11.524387
11.567385
11.360982
11.343779
11.378179
11.317978
11.343779
11.171773
11.180373
11.09437
11.051368
11.412582
11.455585
11.386779
11.309379
11.317978
11.309379
11.343779
11.266376
11.223378
11.223378
11.309379
11.343779
11.33518
11.507182
11.65339
11.65339
11.661991
11.696391
11.765195
11.713591
11.558787
11.489984
11.317978
11.32658
11.33518
11.352381
11.352381
11.352381
11.300777
11.352381
11.360982
11.317978
11.292178
11.266376
11.034167
10.78476
10.621355
10.758959
10.251544
10.036535
9.890332
10.105335
10.113938
10.088136
10.113938
10.277345
10.328942
10.363344
10.354746
10.457948
10.561153
10.47515
10.543953
10.939567
11.223378
11.137373
11.283577
11.378179
11.421182
11.369582
11.257776
11.180373
11.09437
11.197574
11.09437
11.317978
11.240576
11.266376
11.249176
11.214777
11.102972
11.059967
10.922366
10.844962
11.04277
10.948166
11.059967
11.09437
10.853564
10.715958
10.76756
10.672958
10.518152
10.526751
10.647155
10.672958
10.733156
10.70736
10.664357
10.629953
10.595552
10.647155
10.612753
10.724557
10.827762
10.836364
10.664357
10.741758
10.647155
10.664357
10.853564
10.724557
10.526751
10.414949
10.440752
10.457948
11.171773
11.266376
11.274976
11.352381
11.231975
10.999767
10.561153
10.466552
10.47515
10.535352
10.518152
10.397744
10.363344
10.552553
10.569755
10.629953
10.664357
10.879364
10.836364
10.801964
10.896563
10.887962
10.750357
10.836364
10.793361
10.77616
10.793361
10.801964
10.750357
10.569755
10.406349
10.509551
10.466552
10.440752
10.363344
10.346148
10.294543
10.23434
10.268744
10.47515
10.371948
10.457948
10.483749
10.535352
10.44935
10.44935
10.320345
10.346148
10.23434
10.440752
10.47515
10.432149
10.122539
10.070935
10.105335
10.122539
9.795729
9.563519
9.778528
9.683921
9.744126
9.726927
9.692524
9.503318
9.511919
9.494717
9.554918
9.503318
9.511919
9.589322
9.59792
9.640922
10.010735
10.105335
9.90753
9.778528
9.718325
9.683921
9.812928
9.640922
9.658121
9.54632
9.54632
9.468916
9.038902
8.987301
8.884096
8.892696
9.004501
8.9357
8.832495
8.763692
8.901298
8.884096
8.970101
9.030301
9.142105
9.159305
8.995901
9.004501
8.626086
8.63469
8.565887
8.436883
8.385279
8.316479
8.333678
8.471283
8.522884
8.471283
8.385279
8.402482
8.376678
7.998269
8.015467
8.032671
8.032671
7.981065
7.912265
7.860661
8.161673
8.127275
8.161673
8.075667
8.127275
8.350878
8.454083
8.402482
8.221874
8.402482
8.376678
8.359479
8.239076
8.247676
8.333678
8.299277
8.36808
8.479881
8.65189
8.789494
8.789494
8.600288
8.617487
8.565887
8.600288
8.557285
8.600288
8.694892
8.462682
8.583083
8.729291
8.780892
8.884096
8.780892
8.712092
8.68629
8.737893
8.531487
8.479881
8.514284
8.479881
8.600288
8.591687
8.591687
8.669092
8.68629
8.643287
8.600288
8.617487
8.514284
8.608891
8.849697
9.038902
9.081904
8.9099
9.013101
8.987301
8.823894
8.68629
8.68629
8.617487
8.522884
8.68629
8.626086
8.626086
8.832495
8.694892
8.694892
8.806696
8.479881
8.970101
8.841097
8.9787
8.643287
8.522884
8.419683
8.178872
8.221874
8.359479
8.299277
8.204678
8.239076
8.127275
8.161673
8.178872
8.135869
8.092871
8.032671
8.101472
8.075667
8.127275
8.135869
8.170273
8.187474
8.196075
8.256276
8.239076
8.204678
8.359479
8.445483
8.63469
8.540088
8.583083
8.583083
8.626086
8.514284
8.428282
8.299277
8.29068
8.230474
8.161673
8.14447
8.135869
7.998269
7.963869
7.972466
8.041268
8.049868
8.196075
8.32508
8.316479
8.196075
7.731658
7.78326
7.637056
7.654256
7.551053
7.422048
7.473648
7.456448
7.370446
7.439249
7.387646
7.473648
7.361846
7.336045
7.232841
7.224242
7.215642
7.207041
7.18124
7.103839
6.983433
7.035035
7.000635
7.000635
7.069437
6.923231
6.86303
6.759825
6.828628
6.768427
6.931832
6.88023
6.86303
6.85443
6.85443
6.87163
6.89743
7.035035
7.043635
7.052236
7.078037
7.189841
7.258642
7.241441
7.138238
7.387646
7.439249
7.387646
7.533851
7.551053
7.594053
7.654256
7.723057
7.628454
7.551053
7.568253
7.611254
7.602654
7.77466
7.748859
7.748859
7.895065
7.972466
7.946664
8.041268
8.118672
8.161673
8.11007
8.273477
8.479881
8.462682
8.488484
8.36808
8.436883
8.445483
8.282077
8.264875
8.454083
8.583083
8.514284
8.479881
8.514284
8.514284
8.419683
8.600288
8.63469
8.694892
8.65189
8.694892
8.600288
8.755094
8.918497
8.927098
9.004501
8.9443
9.013101
9.099104
9.202309
9.133504
9.537719
9.314114
9.210908
9.288307
9.382914
9.142105
9.073305
9.021699
9.107706
9.176509
9.623721
9.701122
9.821526
9.93333
9.90753
10.113938
10.260142
10.251544
10.070935
10.337547
10.320345
10.242941
10.139741
10.217143
10.268744
10.294543
10.277345
10.432149
10.621355
10.604154
9.924732
9.976333
10.070935
10.105335
10.23434
10.277345
10.20854
10.217143
10.260142
10.285945
10.294543
10.242941
10.294543
10.440752
10.526751
10.526751
10.526751
10.595552
10.561153
10.526751
10.629953
10.991168
11.214777
11.498587
11.876997
11.859798
11.782394
11.73939
11.636189
11.584588
11.541587
11.438381
11.489984
11.32658
11.343779
11.317978
11.412582
11.33518
11.300777
11.33518
11.283577
11.309379
11.111571
10.896563
10.70736
10.793361
10.793361
10.793361
10.991168
10.939567
11.008369
11.33518
11.33518
11.102972
10.827762
10.70736
10.595552
10.466552
10.655755
10.518152
10.569755
10.69016
10.810563
10.621355
10.647155
10.827762
10.681558
10.69016
10.758959
10.827762
10.870762
10.827762
10.681558
10.672958
10.578355
10.569755
10.586956
10.604154
10.612753
10.466552
10.526751
10.543953
10.509551
10.423549
10.483749
10.879364
11.034167
11.068569
11.154572
11.04277
11.111571
11.09437
11.085771
11.128773
11.085771
10.982569
10.905165
10.948166
10.922366
10.973969
11.008369
11.077171
10.999767
11.128773
10.328942
10.122539
10.17414
10.002133
10.088136
9.976333
10.070935
10.002133
10.148339
10.217143
10.010735
10.002133
10.01934
10.096738
10.105335
10.15694
10.217143
10.320345
10.122539
9.94193
9.967731
9.898933
9.787127
9.864532
9.821526
9.976333
10.096738
10.13114
10.088136
10.139741
9.924732
10.079536
9.804328
9.726927
9.881731
9.804328
9.735526
9.761327
9.85593
9.838728
9.752727
9.529119
9.683921
9.744126
9.769925
9.769925
9.752727
9.623721
9.640922
9.451715
9.417315
9.185107
9.314114
9.038902
8.806696
8.772293
9.021699
8.9443
8.832495
8.462682
8.385279
9.623721
9.735526
9.984933
9.692524
9.821526
9.675324
9.460317
9.554918
9.692524
9.615121
9.451715
9.511919
9.451715
9.494717
9.348513
9.202309
9.27971
9.460317
9.417315
9.537719
9.503318
9.408714
9.228109
8.9615
8.901298
8.798092
8.832495
8.729291
8.591687
8.798092
8.927098
9.021699
9.081904
9.167905
9.021699
9.090505
8.995901
8.927098
8.995901
8.952899
8.866898
8.815295
8.918497
8.927098
8.892696
8.849697
9.056103
9.073305
8.901298
8.729291
8.669092
8.72069
8.540088
8.72069
8.65189
8.643287
8.565887
8.677691
8.600288
8.643287
8.901298
8.29068
8.092871
8.024067
7.929466
7.619855
7.637056
7.723057
7.809062
7.989667
7.886464
7.877864
7.981065
7.972466
7.766061
7.705856
7.75746
7.740258
7.877864
8.075667
8.118672
8.161673
8.067073
8.015467
7.912265
7.740258
7.697258
7.654256
7.396246
7.310244
7.344646
7.009234
7.026434
6.974834
6.992035
6.966233
7.078037
7.103839
7.207041
7.086637
7.069437
