Adjusted
9.4
9.35
9.38
9.3
9.2
9.53
9.44
9.3
9.41
9.36
9.33
9.32
8.98
8.85
8.89
8.57
8.45
8.6
8.64
8.46
8.68
8.51
8.32
8.18
8.04
7.77
7.5
7.6
7.5
7.48
7.48
7.46
7.44
7.5
7.59
7.41
7.5
7.4
7.4
7.32
7.4
7.24
7.35
7.28
7.16
6.86
6.9
6.95
7.03
7.07
7.19
7.15
7.19
7.07
7.37
7.13
7.24
7.11
7.27
7.22
6.95
7.21
7.4
7.32
7.24
7.27
7.3
7.15
7.23
7.24
7.54
7.65
7.53
7.71
7.8
7.83
8
7.96
7.68
8.02
7.95
7.94
7.85
7.96
7.7
7.49
7.4
7.1
7.46
7.4
7.5
7.62
7.75
7.25
6.93
7.17
7.31
7.23
7.11
7.1
7.37
7.26
7.44
7.47
7.56
7.73
7.76
7.88
7.71
7.95
7.94
8
7.94
8.18
8.17
8.05
8
7.9
7.65
7.66
7.66
7.83
7.65
7.58
8.01
7.99
7.96
8.11
8.25
8.13
8
8.12
8.35
8.35
8.62
7.98
8.34
8.14
8.32
8.37
8.11
8.33
8.55
8.52
8.55
8.79
9.86
9.85
9.69
9.77
9.79
9.84
9.63
9.97
9.98
10.2
10.03
10.52
10.5
10.34
10.29
10.2
10.26
10.33
10.49
10.51
10.48
10.85
11.3
11.44
11.45
11.61
11.42
11.3
11.41
11.3
11.26
11.37
11.36
11.5
12.38
12.19
12.21
11.8
11.15
11.75
11.46
11.02
11.57
11.42
11.6
11.65
11.65
11.57
11.6
12.42
12.52
12.65
12.41
12.35
12.42
12.48
12.49
12.1
12.2
11.95
12.25
12.8
12.88
13
12.75
13.1
13.45
13.38
13.52
13.45
12.97
12.75
13.04
12.87
12.91
12.78
12.44
12.81
12.62
12.87
12.87
12.97
13.05
12.92
13.03
13.14
13.1
12.9
12.78
12.5
11.99
12
12.07
11.97
11.34
11.27
11.33
11.35
11.49
11.48
11.44
11.4
11.41
11.56
11.37
11.31
11.45
11.42
11.25
11.4
11.4
11.17
11.35
11.24
11.4
11.4
11.51
11.85
11.83
11.75
11.78
11.8
11.53
11.2
11.25
11.37
11.23
11.44
11.15
11.1
11.73
11.4
11.77
11.85
11.73
11.61
11.8
11.8
11.62
11.56
11.15
11.07
11.35
11.31
11.3
11.45
11.25
11.34
11.53
11.46
11.5
11.46
11.19
11
11.43
11.29
11.3
11.38
11.32
11.25
11.18
11.28
11.37
11.55
11.48
11.7
11.5
11.65
12.32
12.67
12.85
12.71
12.9
12.61
12.92
12.5
12.6
12.38
12.33
12.49
12.05
12.48
12.77
12.5
12.22
12.75
12.29
12
11.94
12.32
12.48
12.21
12.16
12
11.87
11.93
11.87
12.04
11.88
11.96
12
11.95
12.14
12.11
12.14
12.4
12.25
12.35
12.25
12.45
12.45
12
12.14
12.49
12.27
12.13
12.3
11.7
11.99
11.84
12.19
13.04
13.02
13.15
13.09
13.06
13.38
13.12
13.18
13.22
13.15
13.17
13.03
13.07
12.78
12.9
12.81
12.85
12.75
12.78
12.65
12.7
12.94
12.6
12.59
12.66
12.5
12.5
12.35
12.35
12.55
12.6
12.27
12.46
12.45
12.15
11.93
12.16
11.99
11.91
12.02
12.11
12.08
12.12
12.07
12.29
12.16
12.12
12.2
12.16
12.09
12.05
11.95
11.97
11.93
11.78
11.88
11.68
11.8
11.85
11.88
11.83
11.71
11.93
11.79
11.64
11.9
11.65
11.68
11.62
11.25
11.48
11.65
11.69
11.93
12.09
12.1
12.13
12.1
12.1
12.11
12.07
11.97
11.9
12.05
12.08
12
12.1
12.2
12.02
12.2
12.12
12.12
12.01
11.9
11.7
11.69
11.68
11.69
11.8
11.51
11.72
11.85
11.9
11.88
11.83
11.75
11.77
11.43
11.6
11.8
11.78
11.81
11.74
11.74
11.9
12.04
12.02
12.04
12.15
12.15
12.2
12.21
12.17
12.38
12.4
12.43
12.2
12.2
12.3
12.29
12.43
12.44
12.6
12.85
12.73
12.68
12.46
12.35
12.15
12
12.05
12
11.95
11.72
11.48
11.32
11.4
11.47
11.18
11.15
11.08
11.1
11.1
11.2
11.15
11.12
11.3
11.44
11.46
9.41
9.48
9.29
9.16
9.2
9.32
9.51
9.44
9.31
9.87
9.77
9.8
9.55
9.56
9.47
9.55
9.63
9.92
10.02
9.77
9.8
9.8
9.74
9.73
9.83
9.6
9.56
9.51
9.53
9.52
9.54
9.51
9.7
9.52
9.52
9.4
9.35
9.65
9.57
9.55
9.66
9.71
9.56
9.53
9.41
9.21
9.29
9.11
8.93
8.9
8.68
8.55
8.32
8.5
8.16
8.48
8.52
8.51
8.31
8.44
8.42
8.6
8.77
9.01
9.2
9.29
9.31
9.38
9.32
9.33
9.37
9.39
9.64
9.7
9.54
9.72
9.79
9.7
9.91
9.91
9.92
10.1
10.06
9.78
10.14
10
10.12
10.16
10.2
10.12
10.28
10.59
11.19
11.14
11.18
11.08
11.02
10.7
10.65
10.51
10.65
10.74
10.62
10.6
10.66
10.4
10.42
10.61
10.75
11.03
11.11
11.02
11
10.9
11.08
11.06
10.88
11.12
10.84
10.91
10.92
10.55
10.37
10.39
10.64
10.6
10.58
10.41
10.62
10.64
10.5
10.63
10.55
10.76
10.76
10.98
11.01
11.3
11.18
11.08
11.11
11.15
10.63
10.96
10.95
11.24
11.32
11.3
11.22
11.1
11.04
11
11.16
11.1
11.02
11.02
11.08
11.04
11
10.92
10.95
10.95
10.88
11.1
11.25
11.48
11.69
11.89
11.6
11.3
11.46
11.29
11.4
11.34
11.3
11.26
11.28
11.45
11.4
11.55
11.34
11.81
12.02
11.92
11.8
11.88
12.11
12.04
11.91
12.17
12.37
12.5
12.52
12.55
12.86
13.18
13.02
12.95
12.79
12.74
13.08
13.24
13.79
13.78
13.81
13.77
13.43
13.38
13.48
13.55
13.56
13.34
13.46
13.58
13.52
13.55
13.45
13.91
13.96
14.03
14.09
13.8
13.5
13.85
13.57
13.4
12.99
13.06
12.97
12.9
13.01
13.55
13.5
13.58
14
13.9
13.71
13.48
13.54
13.33
13.39
13.97
13.44
13.43
13.63
13.38
13.81
14
13.94
13.76
14.35
14.4
14.42
14
13.68
13.56
13.51
13.21
13.3
13.58
13.79
13.89
14.21
14.22
14.47
14.36
14.3
14.48
14.08
14.3
14.05
14
14
13.98
13.98
14.2
14.11
14
14.05
14.44
14.22
14.05
14.05
13.97
13.86
13.87
13.8
13.7
13.7
13.95
13.95
13.95
13.75
13.6
13.53
13.46
13.18
13.29
13.15
13.09
13.07
13.08
13.35
13.33
13.36
13.37
13.41
13.36
13.71
13.89
14.02
14.52
16.34
16.4
16.129999
15.96
15.72
15.32
15.63
15.11
14.49
14.75
14.42
14.5
15.17
14.6
15.05
15.16
15.4
15.35
15.47
15.1
15.65
15.81
15.61
15.05
15.14
15.18
14.61
14.62
14.21
13.98
14.1
14.55
14.15
14.1
14.06
14.22
14.02
13.98
14.07
13.6
13.64
14.39
14.2
14.38
13.96
14.15
13.97
13.79
13.68
13.4
13.21
13.07
13.41
13.46
13.47
13.38
13.31
13.42
13.76
13.77
13.68
13.96
14.24
14.4
14.83
15.29
15.29
15.15
15.09
14.93
15.14
14.95
15.01
15.42
15.65
15.69
15.6
15.56
15.59
15.46
15.46
15.49
15.75
15.75
15.71
15.59
15.66
15.78
15.34
15.63
15.77
16
15.94
15.69
15.76
15.69
15.44
15.96
16.57
17.059999
17.049999
17.5
17.450001
17.49
17.620001
17.59
17.5
17.66
17.98
18.559999
18.43
18.33
18.530001
18.709999
18.85
18.709999
18.65
18.5
18.76
18.99
19.059999
19.01
18.959999
18.76
18.719999
18.34
18.549999
18.6
18.91
18.629999
18.780001
18.9
18.959999
19.25
19.299999
19.450001
19.700001
19.91
20.209999
20.200001
20.190001
19.809999
19.74
19.700001
19.5
18.629999
18.700001
19.41
19.280001
19.27
19.450001
19.65
19.91
20.75
20.59
20.629999
19.969999
20.309999
20.48
20.17
19.85
19.92
19.92
19.860001
19.74
19.860001
20.309999
19.950001
19.790001
20.32
20.700001
20.379999
20.290001
20.49
20.629999
20.9
21.030001
21.17
21.120001
20.700001
20.58
20.629999
20.76
21.129999
21.07
21.33
21.82
21.799999
21.860001
22.49
22.299999
22.65
21.83
22.209999
22.17
22.040001
21.790001
22.02
22.1
21.85
21.780001
22.02
21.870001
22.02
22.24
22.129999
21
21.16
20.98
20.700001
20.01
20.700001
20.799999
21.41
22.049999
22.469999
22.190001
22.48
22.83
22.559999
23.16
23.190001
23.639999
23.76
23.52
23.540001
23.58
23.379999
23.860001
23.950001
24.299999
24.379999
25.139999
24.959999
25.08
25.389999
25.299999
25.540001
25.459999
25.889999
25.76
25.389999
25.07
25.639999
25.549999
25.23
25.370001
25.67
25.5
25.23
25.290001
25.98
25.639999
27.67
27.01
27.23
27.4
26.620001
26.879999
26.629999
26.32
27.25
27.33
27.66
27.799999
28
28.219999
27
26.889999
27.299999
27.209999
27.559999
27.559999
27.52
27.17
26.799999
26.15
26.57
26.469999
25.68
26.48
26.52
26.610001
26.1
25.620001
24.93
24.9
24.030001
24.07
24.08
24.35
24.860001
24.59
24.57
24.559999
24.450001
24.549999
24.82
24.360001
24.610001
24.68
24.639999
24.139999
24.23
24.16
24.459999
24.08
24.17
23.02
23.1
22.25
21.9
22.129999
20.93
21.66
22.379999
21.67
22.85
23.66
24.32
23.9
23.059999
22.540001
22.629999
22.23
21.65
23
22.51
22.26
22.370001
21.68
22.139999
22.17
21.84
22.200001
21.879999
22.110001
22.17
21.85
22.200001
21.85
21.620001
22.450001
22.389999
22.559999
22.93
22.280001
23.040001
23.139999
23.540001
23.74
23.870001
23.959999
24.91
25.040001
24.459999
25.27
25.530001
25.549999
25.120001
25.75
25.700001
25.91
25.959999
25.809999
25.860001
25.280001
25.41
25.65
25.940001
24.65
24.290001
24.23
24.620001
24.719999
25.5
25.360001
22.08
21.9
20.92
21.42
21.35
21.809999
21.52
20.950001
19.33
19.370001
19.610001
19.5
19.26
19.49
18.66
18.049999
18.18
18.57
17.790001
18.34
18.65
18.780001
18.889999
18.290001
18
18.58
18.77
18.73
18.85
17.870001
17.75
17.5
16.379999
16.42
17.129999
17.33
17.950001
18.34
18.42
18.35
17.709999
17.889999
