Adjusted
8.92521
8.837775
9.106812
9.012648
8.575466
8.898308
9.019371
9.046274
9.073179
8.979019
8.965568
8.709981
8.131558
7.997042
7.70783
7.956684
7.250471
7.633847
7.472424
7.754907
7.768364
8.010494
7.472424
7.257197
6.92763
7.048697
6.840194
6.900728
6.456821
6.571159
6.550984
6.732581
6.524079
6.557707
6.389562
6.355934
5.999463
5.817864
5.972558
6.295402
6.221418
6.248317
6.100351
6.053269
5.871671
5.642992
5.562283
5.326876
5.844769
5.959108
6.725855
6.752757
6.772934
6.658597
7.136133
6.60479
6.71913
6.665322
6.550984
6.355934
6.147431
6.255046
6.914779
6.804365
6.894074
7.121807
7.087303
7.108006
6.93548
7.038996
7.384044
7.397848
7.177016
7.646282
7.63938
7.901618
8.26737
7.763598
7.570371
7.70149
7.301232
7.666984
7.377145
7.473757
7.50136
7.798108
7.798108
7.439253
7.763598
7.83951
7.66008
7.818806
8.005136
8.412288
7.970629
8.136251
7.818806
8.060341
7.936122
7.818806
7.798108
8.329477
8.543407
8.971271
8.771139
9.24731
9.316318
9.606158
9.406032
9.454336
10.040921
10.227249
10.372165
10.593
10.717216
10.50329
10.089228
9.695873
9.357728
9.385329
9.419837
9.447437
9.751077
9.647564
9.695873
9.764881
9.661368
10.082329
10.275556
10.37907
10.020218
10.37907
10.599901
10.372165
10.310059
9.785586
10.054725
9.723477
9.654466
9.751077
9.937406
10.123734
10.66201
10.241049
10.075426
10.627502
10.593
10.862136
10.73102
10.475684
10.52399
10.73102
10.751721
11.110574
11.048534
11.222803
11.32039
11.390096
11.14612
11.153093
11.299474
11.187945
11.048534
11.090358
10.957912
11.292507
11.180977
11.961692
12.275377
12.031398
11.411008
11.850162
11.501626
10.943973
11.292507
11.738631
11.773482
11.919868
11.93381
12.519346
12.575116
11.93381
11.829247
11.44586
11.383125
11.027622
11.187945
10.588468
11.153093
11.153093
11.578308
11.641043
11.641043
11.606188
11.759542
11.710748
12.059278
12.101105
12.296283
11.898955
11.710748
12.059278
11.989576
11.473745
10.957912
10.874268
10.630291
11.069447
11.097328
11.187945
10.978827
11.013677
10.456024
9.745013
9.828665
9.758954
9.508011
9.703191
9.905341
10.002928
9.898368
9.633484
9.382538
9.556807
9.340714
9.333744
9.410421
9.968079
9.982019
9.926255
10.037784
9.605603
9.438307
9.424362
9.459218
9.103714
8.685471
8.85277
9.124623
9.068861
9.103714
9.264038
9.354658
9.77987
9.814722
9.988988
9.954132
10.114463
9.988988
10.281758
10.086577
10.274785
10.316613
10.637262
10.672114
10.637262
11.292507
11.125209
11.306449
11.306449
11.578308
11.668923
11.313419
11.452834
11.564363
11.313419
11.027622
10.978827
11.14612
10.804561
10.727885
10.428145
10.532702
10.832438
10.644236
10.574526
10.867296
11.013677
10.943973
11.132182
10.748795
10.971855
11.292507
11.215829
11.627103
11.424952
11.39707
11.167034
11.292507
11.28554
11.299474
11.459804
11.24371
11.508598
11.557394
12.045341
11.794395
11.648012
11.11824
10.497848
10.804561
10.490879
10.518762
10.923062
10.637262
10.769706
10.344494
10.449052
10.379345
10.790616
10.52573
10.644236
10.665146
10.713295
11.024855
11.216036
11.017773
11.180629
11.067337
11.116903
11.159389
10.982367
10.543355
10.557518
10.684976
10.677889
10.352173
10.274282
10.366336
10.529196
10.338015
9.934403
9.608684
9.601606
9.474152
9.530797
9.559117
9.608684
9.396262
9.353777
8.978492
8.907682
8.886442
8.836878
8.766068
8.638613
8.808551
9.120107
9.035136
9.113028
9.219242
9.488313
9.438745
9.523715
9.608684
9.559117
9.672417
9.62993
9.651171
9.941483
9.849431
9.700739
9.693658
9.339614
9.615767
9.729061
9.729061
9.799868
9.7149
9.707817
9.644089
9.601606
9.771545
9.799868
9.679494
9.842351
9.750302
9.686575
9.254644
9.183835
8.921846
8.978492
8.914763
8.950169
8.674015
8.652776
8.63153
8.63153
8.695259
8.674015
8.468672
8.319973
8.150032
8.0155
8.11463
7.519839
7.456113
7.441949
7.286174
7.264929
7.059587
7.010023
6.946295
7.080829
7.066668
6.960456
6.960456
7.102074
7.031263
7.130396
7.172878
7.144557
7.208287
7.229527
7.250768
7.342819
7.562328
7.512759
7.4986
7.590649
7.895126
7.845559
7.965934
7.774749
7.50568
7.739347
7.788913
7.725186
7.873886
8.291653
8.213763
8.08631
8.242088
7.984495
7.841788
7.85606
7.791842
7.970226
7.863195
7.827518
8.020177
8.148611
8.034445
8.248507
8.191422
8.155747
8.18429
7.955957
7.848925
7.727624
7.891737
7.806112
7.706217
7.649137
7.727624
7.36372
7.406529
7.349449
7.413667
7.806112
7.806112
7.920279
8.084393
8.2271
8.29132
8.355536
8.319859
8.312724
8.248507
8.419755
8.783659
8.655224
8.576736
8.740849
8.669494
8.883558
8.933506
8.997724
9.004861
8.897828
9.011994
8.862154
9.04767
8.997724
9.054808
9.011994
8.919234
8.919234
8.719445
8.483977
8.669494
8.619549
8.690901
8.569602
8.462567
8.419755
8.498248
8.876419
8.847879
8.94064
8.926369
8.769392
8.855013
8.962046
8.883558
8.669494
8.740849
8.797934
9.01913
8.897828
8.933506
8.962046
8.819339
8.790797
8.698035
8.64809
8.526787
8.369809
8.462567
8.369809
8.47684
8.555325
8.983452
9.58996
9.704124
9.746938
9.647045
9.775476
9.639908
9.882509
9.789754
9.996681
10.003814
10.025218
9.975272
9.811157
9.789754
9.789754
9.504332
9.425847
9.318816
9.654181
9.404442
9.846834
9.825427
9.739802
10.032352
9.953863
9.796886
9.761209
9.811157
9.789754
9.746938
9.739802
9.796886
9.754074
9.725534
9.682718
9.354492
9.026263
9.04767
9.061939
9.069078
9.321116
9.18351
9.313876
9.284903
9.284903
9.284903
9.292145
9.161782
9.226963
9.255936
9.096596
8.937263
8.654806
8.698262
8.835867
8.618592
8.662046
8.763444
8.705503
8.596866
8.654806
8.249224
8.473742
8.473742
8.27095
8.582381
8.546167
8.415802
8.43753
8.350617
8.27095
8.256465
8.118856
8.249224
8.343379
8.372347
8.633076
8.582381
8.582381
8.495469
8.502714
8.633076
8.777926
8.625837
8.741715
8.67653
8.589621
8.662046
8.828624
8.741715
8.770681
8.828624
8.828624
8.7562
8.966232
9.038656
9.074872
9.12557
9.074872
9.045898
9.038656
9.009686
8.86484
8.879324
8.828624
8.698262
8.792414
8.879324
10.646494
10.603041
10.834803
11.189687
11.081047
10.863773
10.820318
10.581313
10.68271
10.68995
10.443704
10.39301
10.472674
10.421977
10.421977
10.617527
10.68995
10.530615
11.204171
10.972408
10.827557
9.71221
9.647031
9.71221
9.697729
9.704971
9.799124
9.828093
9.74118
9.639787
9.480451
9.473209
9.581844
9.647031
9.74118
9.647031
9.523905
9.545633
9.58909
9.509421
9.675999
9.755665
9.755665
9.929491
9.940467
10.174706
10.174706
10.020988
9.918508
9.911188
9.940467
9.984389
9.947786
9.786748
9.596431
9.318274
9.318274
9.464673
9.457354
9.45003
9.559833
9.537871
9.530552
9.501269
9.515911
9.340235
9.340235
9.274352
9.215793
9.054754
8.930317
9.054754
8.988876
8.747318
8.608239
8.476482
8.513081
8.827841
8.75464
8.930317
8.761961
8.827841
9.171877
9.259711
9.45003
9.750149
9.837988
9.77943
9.845306
9.808709
9.947786
9.896547
9.940467
9.757472
9.77943
9.889228
9.962429
9.918508
10.064905
9.977069
9.889228
10.072227
10.189346
10.064905
10.306468
10.511417
10.760299
10.943297
10.818856
10.8335
10.92866
10.987218
11.038456
11.089695
10.96526
11.375174
11.441055
11.616735
11.433734
11.455694
11.441055
11.360534
11.389812
11.301974
11.265376
11.616735
11.79241
12.165728
12.392645
12.385324
12.312128
12.517082
12.590283
12.561004
12.495121
12.238924
12.458524
12.853804
13.029476
13.263719
13.278358
13.468675
13.424756
13.424756
13.505277
13.754157
13.497954
13.292996
12.95628
13.695597
13.541881
13.534552
13.761466
13.812711
13.849314
13.549195
13.739509
13.87127
14.061591
14.325106
14.27387
14.076228
14.090867
13.951791
13.966434
13.688269
13.48331
13.505277
13.285673
13.13196
13.227117
13.395474
13.651673
13.702912
14.244581
14.573988
14.881424
14.8375
14.603268
14.705744
14.573988
14.603268
14.383662
14.14943
14.157565
14.046664
13.943166
14.320207
14.31282
14.475461
14.423705
14.216708
13.987524
13.588302
13.795303
14.05406
14.061454
14.623319
14.970792
14.749002
14.822928
14.919038
15.303469
16.619423
16.575068
16.168453
16.264563
16.59724
16.560276
16.567673
16.974285
17.011253
16.952112
16.759893
16.449389
15.917092
15.554838
15.613977
14.896856
14.357176
14.601141
14.253667
14.423705
14.150168
14.364566
14.66768
14.201912
14.453279
14.541998
14.645498
14.209311
13.588302
13.447834
12.989472
13.004255
12.752892
12.294527
12.568069
13.152116
13.122542
13.218648
13.004255
13.011645
12.937719
12.693748
12.71593
12.427602
12.59764
13.255617
13.669621
13.854448
13.38869
13.470013
13.299973
13.240827
13.307364
13.1669
12.945112
12.782465
12.501533
12.449784
13.152116
13.048614
12.678967
13.359116
13.35173
13.876626
14.364566
14.519814
14.505033
14.342385
14.556782
14.40892
14.615927
14.327601
14.194528
14.31282
14.231489
14.127995
14.172352
14.608535
15.10386
15.325653
15.370009
15.355223
15.406974
15.10386
15.029936
15.096468
15.259117
15.03733
15.399579
15.436544
15.702699
15.392189
15.074902
14.695046
14.821662
14.829115
15.290888
15.186618
15.231314
15.417511
15.357927
15.097245
15.61861
15.693094
15.596266
16.065493
16.430452
16.378317
16.125078
16.326178
16.408113
16.385759
16.743269
16.750713
16.616655
16.914576
17.674274
17.502974
17.8009
17.354013
17.286976
16.743269
17.033751
16.981607
17.368908
17.555113
17.651934
16.869888
17.108232
17.108232
17.026299
17.115669
17.063536
16.810301
16.869888
17.175261
17.324224
17.272087
16.676237
17.003956
17.190151
17.138016
17.212498
17.197601
16.981607
16.735819
16.69113
16.802858
16.080393
15.760124
16.281494
16.087837
16.110189
16.005917
16.117632
16.318733
16.266588
16.303833
16.497484
16.579409
16.54962
16.892235
17.003956
16.765619
16.735819
17.07843
16.817747
16.832647
16.825195
16.877333
17.175261
17.227392
18.359499
17.43594
17.279528
16.959261
17.115669
17.294426
17.093327
17.465733
17.562557
17.920059
18.471222
17.979647
18.188202
18.240332
18.314816
18.590389
18.061583
17.912619
17.905169
17.741316
18.150959
18.538258
18.679766
18.285025
18.657421
18.478672
18.217989
18.374399
18.344604
18.061583
18.292465
18.404194
18.471222
18.70956
18.99259
19.342648
19.305407
19.037281
17.681723
17.778553
17.383806
16.966713
16.661343
17.123119
17.123119
17.570007
17.510424
17.53277
16.698584
16.773062
16.966713
17.108232
17.368908
17.525314
18.1584
17.994545
17.94986
18.001991
17.614691
16.452795
16.490034
16.460247
16.55707
16.832647
16.959261
16.944372
17.07843
17.249739
17.056089
17.15291
17.398703
17.756208
17.89027
17.838139
17.637043
17.823244
17.51787
17.175261
17.519484
18.000507
17.782536
17.820114
17.895287
18.01553
18.46649
19.052721
19.030172
18.864824
18.759602
18.353739
18.549158
18.316164
18.436424
18.443939
18.338713
18.549158
18.308653
18.195915
18.248529
17.925348
17.827635
17.75248
17.84267
18.075657
18.46649
18.391321
18.165852
17.729929
17.301525
17.519484
17.60216
17.406748
17.790049
18.165852
18.534128
18.39884
18.504066
19.090303
19.571314
19.563795
19.556284
19.616409
19.766727
19.691572
19.428513
19.84189
20.38303
20.067362
19.992205
19.751696
19.443542
19.646477
20.232716
20.428123
20.390543
20.16507
20.13501
20.240229
20.104942
19.947119
19.466099
19.541252
18.639351
18.361263
18.564192
18.932468
18.729534
19.112848
18.39884
18.579222
18.64687
19.338327
18.917437
18.458973
18.504066
17.759991
17.128664
17.038471
17.226368
17.444326
17.526997
18.263557
18.368774
18.361263
18.804695
17.526997
18.391321
18.323679
18.556677
18.924957
18.451448
18.504066
17.8577
17.361654
17.872734
17.782536
18.218458
17.759991
17.346622
18.609291
19.444571
19.005743
19.573193
19.520227
20.549202
20.465975
20.708086
20.655127
20.9956
21.298237
21.21501
21.381462
21.858116
21.737064
22.387732
22.67524
22.410433
22.410433
22.062399
21.487385
22.039698
21.820293
20.972895
21.109085
21.835423
22.062399
22.001865
22.380171
22.45583
22.743336
23.1973
22.312082
22.160755
21.956476
22.251551
21.441986
21.02586
20.465975
20.20117
21.199877
21.139349
20.004454
20.163338
19.565626
19.694241
19.119234
19.732077
19.240294
19.157064
20.11038
20.29196
19.860704
20.602161
20.80645
20.980463
20.866974
21.275534
21.24527
21.071253
20.617298
20.700525
21.389029
21.563042
21.842983
22.168322
22.243986
24.211138
23.779877
24.127909
23.719351
23.552895
