Adjusted
37.047718
38.038708
38.400261
37.536522
37.315559
38.065483
38.299831
37.523117
37.737389
36.826763
36.612495
36.686146
36.150478
36.157177
36.69286
35.896049
34.938564
35.514374
35.08588
34.510029
35.896049
35.715275
35.326912
34.884972
34.898373
34.710903
34.844814
34.818031
33.478878
34.497456
34.793285
35.674061
35.344597
34.907578
35.956436
35.250481
35.472347
34.840355
35.485794
35.263924
35.250481
34.75296
35.505959
35.835407
37.180084
36.393444
36.628769
36.763218
37.301098
37.106106
37.912914
38.175125
38.531452
38.585255
39.445839
38.154964
38.376846
38.094437
38.296139
38.578537
38.907974
39.277763
39.271027
38.632317
38.887802
38.544918
38.659195
38.497841
38.464233
38.578537
38.847466
37.637257
36.568268
36.9851
37.220409
37.711227
38.188587
38.659195
37.791901
38.329765
38.249081
37.892761
37.865856
38.080997
37.959976
38.00032
38.329765
37.946533
37.879311
37.758289
37.314541
37.21368
37.274212
37.841427
36.889301
36.457146
36.092499
36.045227
35.849411
36.072247
36.234314
36.051991
36.700245
35.937183
36.362606
36.50441
35.126888
35.619812
35.599564
35.545544
35.788635
35.970959
35.49152
36.261318
36.97707
37.105385
36.740742
36.767754
36.024982
35.518528
35.430752
35.315956
34.802761
34.910789
35.396992
35.721111
35.781883
35.775131
35.4375
35.059368
34.606937
35.032352
36.19379
35.484776
35.518528
35.295704
35.613068
34.694733
34.951324
35.248436
34.910789
35.268688
34.748734
34.188282
34.485382
34.971581
34.053223
34.168018
33.6143
33.904659
34.978325
34.944553
34.897301
34.613686
34.431374
34.438129
34.634872
34.207451
33.963215
33.942863
33.515423
33.610405
33.630779
33.698605
33.420441
33.339035
33.637562
33.922504
34.085331
34.682365
34.261738
34.804485
34.770561
35.30653
35.449009
35.028374
34.492401
34.499176
34.071743
34.424557
34.132828
34.044624
33.936062
33.549358
33.603626
33.366173
33.827511
33.596859
34.105675
34.12603
33.997131
34.031055
33.99036
33.773251
33.508656
33.406872
33.780029
34.553459
34.261738
34.390629
34.200672
34.349922
34.499176
33.861435
34.12603
34.159962
33.868225
34.288857
33.56971
33.56971
34.146389
33.773251
33.345825
33.345825
33.359383
33.115147
33.060871
33.298321
33.583282
34.153179
35.530212
35.223431
35.407501
35.625645
35.100742
34.68491
35.093922
34.555367
33.880497
33.607815
33.744167
33.369221
33.512363
33.628269
33.512363
33.982746
34.09182
34.25544
34.084991
33.66917
33.716888
33.689617
33.641891
34.06456
34.153179
34.412228
34.459934
34.582642
34.507652
34.93713
35.018932
35.216618
35.216618
35.421139
35.264359
35.277966
35.441597
35.039391
35.714275
35.618828
35.448406
35.339333
34.391773
35.107555
35.830158
36.164196
36.130108
36.470951
36.32098
36.239174
36.736824
36.416409
36.491394
36.702732
37.139019
37.152653
36.914066
36.886791
37.104923
37.254898
37.38501
37.131672
37.254898
36.898861
36.67976
36.494884
36.323711
37.097427
37.01527
36.95364
36.912567
36.809853
36.200462
36.440109
36.310005
36.37849
36.357944
36.06353
35.447281
34.995377
34.721497
34.625629
34.974831
34.837894
34.906361
34.269596
33.892998
33.995701
33.995701
34.372295
34.324379
34.625629
34.522942
34.728344
34.591396
35.043304
35.276115
35.248714
35.180252
34.831051
35.057003
35.187088
36.015591
37.330238
37.063202
36.919411
36.37849
36.755074
36.727684
36.755074
36.905708
37.220676
37.104279
37.042645
36.994713
37.610962
37.521946
37.02895
37.549332
37.864304
37.967014
37.754753
37.823227
37.610962
37.524921
37.648819
37.600628
37.359737
37.566227
37.813992
37.380394
38.103085
38.185665
38.399036
38.343971
38.385273
38.681229
38.949665
38.805115
39.039131
39.211201
39.066658
39.280025
39.238724
38.688114
38.460991
38.23386
38.02737
38.048023
38.109951
38.295792
38.330215
37.511147
37.834656
38.364624
38.33709
38.178772
38.096191
37.820881
37.531807
37.690109
37.848419
37.779594
38.116837
38.488518
38.096191
39.0942
38.81889
38.756958
38.371506
38.708767
38.364624
38.151257
38.302681
38.323322
38.178772
38.041145
38.2132
38.151257
38.254486
38.006721
37.579979
37.504276
37.848419
38.543556
38.750065
38.421459
38.801941
39.113239
39.452225
39.279282
39.459137
39.466049
39.549046
39.88802
39.791187
39.922623
39.805023
40.192417
39.977966
39.929543
40.019482
40.026398
40.310028
39.784275
39.825775
40.227001
40.365364
40.247765
40.206253
40.482967
40.067898
40.054062
39.639
39.127083
39.120155
39.106319
39.500641
39.452225
38.967972
39.431465
39.604404
39.749683
39.950302
38.684334
38.269272
38.296947
39.306938
39.092503
39.099407
39.140919
39.652824
39.161678
39.777351
39.971046
39.632076
39.486801
39.590565
39.964149
40.130157
40.386116
40.427631
40.150917
41.126331
40.967216
40.939545
41.396122
41.389202
41.589813
41.921856
42.397972
42.50919
42.418835
42.32848
42.481388
42.078262
42.307621
42.099117
42.057407
42.015705
41.841934
41.925354
42.530033
42.91927
43.030468
42.974876
41.987911
42.502239
42.613445
41.876701
42.147758
42.69685
42.32848
44.100849
44.191204
43.836727
43.753326
43.99659
44.205109
44.156452
44.316311
44.156452
44.170357
44.079998
43.718571
43.579559
43.551762
43.676868
43.517002
43.857578
43.70467
44.010506
43.072178
43.579559
43.808926
43.662975
43.433609
42.988781
42.738567
44.288502
44.934917
44.636044
44.914055
44.96965
45.470085
45.873226
45.629959
46.040035
46.185993
46.102589
46.00528
45.963573
46.490612
46.071793
46.008957
45.890289
45.61805
45.673893
45.422588
45.659924
45.994999
46.225372
45.792557
46.525524
46.741924
46.595329
47.286396
47.775043
47.600521
47.300369
47.467884
47.188671
47.342258
46.95134
46.804741
46.762852
46.944344
46.665127
46.623253
47.607513
47.530716
47.712208
47.41206
47.502804
46.881531
46.665127
47.453945
48.172932
48.033325
48.333485
47.914658
48.089165
47.914658
47.87973
48.340473
48.445171
48.193882
48.200859
47.537697
47.670345
47.809948
47.844837
47.481853
47.698261
47.230568
47.907684
48.012371
47.977489
47.621471
47.823906
47.614475
47.586563
47.27943
47.43298
47.223568
47.069241
47.448048
47.637447
47.419983
47.28672
47.139397
47.181477
47.419983
47.328793
47.293736
47.300735
47.069241
47.216541
46.9991
46.60627
46.564175
46.676418
46.550159
46.809692
46.634331
46.627323
46.704475
46.543125
46.508072
46.690456
46.683437
46.669411
46.297623
45.841663
46.003014
46.052109
46.346722
46.08717
45.596149
45.561073
45.490913
44.999878
44.838543
45.091076
45.448837
45.441814
45.189278
45.315556
45.617184
45.315556
45.610172
45.568081
44.880642
45.119129
44.431686
43.961681
45.273468
45.406734
44.866604
45.245392
45.336594
45.504963
44.999878
44.571987
44.501823
44.908695
44.789444
45.112129
44.586014
44.438694
44.200207
44.543922
45.070026
44.823242
44.773907
44.252129
43.892509
44.089939
43.673923
44.428391
44.421345
44.69632
44.512997
44.350838
44.978359
45.690517
45.196941
45.641163
45.605904
45.161682
45.337971
45.387314
45.958462
45.584778
45.408489
45.62001
45.605904
45.119396
45.034779
44.738644
44.569408
44.950157
44.618767
44.125206
44.456589
43.892509
43.413052
43.250877
43.342529
43.215614
43.575222
45.140537
44.914909
44.421345
44.400188
45.352074
45.246304
45.1758
45.196941
44.830299
44.287384
43.321373
44.386086
44.1534
43.645729
43.222675
43.152161
42.926533
43.314331
42.848965
43.025238
43.30022
42.954739
42.665638
44.301487
44.597614
44.661079
44.33503
43.938103
43.668774
43.711288
44.051517
44.228706
43.945194
43.767994
43.725468
43.38525
43.271847
42.860744
42.555954
42.584309
42.598495
42.63393
42.704819
42.605568
42.641003
43.137169
43.371075
43.080463
43.15134
43.463203
43.314369
42.740242
42.825306
42.704819
42.598495
43.682934
44.356289
44.171986
44.370468
44.646885
44.724869
44.299591
44.094036
43.817608
43.434864
44.079861
44.065693
43.094646
43.371075
42.073978
41.464424
41.563644
41.613258
41.393539
40.783978
41.010799
40.86195
40.670567
40.294899
40.259468
41.535301
41.499866
41.386456
41.464424
41.854244
41.889694
41.804638
41.868431
41.918049
41.840084
41.528214
41.171795
41.278725
41.093407
41.100513
41.12191
40.965092
41.235962
41.499695
41.870358
41.563862
42.084194
42.112717
42.262402
42.625935
42.782761
43.010838
43.110638
43.174797
43.481312
43.345879
43.046482
42.725719
42.483364
42.41922
42.305172
42.212509
42.176861
41.927387
41.628002
41.699287
41.221703
41.136158
41.16468
41.250214
41.278725
41.093407
41.435539
41.357136
41.499695
41.606621
41.578106
41.492565
41.727791
41.806206
41.777699
41.763432
41.820457
41.592358
41.52821
41.84185
41.848976
41.599487
41.57098
41.941631
41.934505
42.747105
42.946693
42.86116
42.868282
42.697212
42.668709
42.76849
43.331615
43.356724
43.528847
42.926361
43.191753
43.50016
43.564709
43.127213
43.708157
43.873112
44.152832
44.023743
44.023743
43.787052
43.930511
44.088287
44.238918
44.00222
44.131325
44.317806
43.880299
43.980705
43.184582
42.711208
42.481693
42.955067
42.976589
43.141548
43.062656
43.406925
43.478649
43.71534
43.586227
43.478649
43.227615
43.363884
43.686649
43.464279
43.973534
44.016571
44.274773
44.454075
44.46843
44.504284
44.870083
45.128273
44.862907
44.95615
45.293255
45.243038
45.565784
45.379311
45.587307
45.415161
45.580135
45.522762
45.838337
46.196953
46.340412
46.067856
46.204121
46.096535
46.017643
45.838337
46.620125
46.652592
46.587658
46.602077
46.602077
46.645374
46.688644
46.392887
46.111542
45.779701
45.873478
46.198109
46.046619
46.032192
45.974483
46.017765
46.284683
46.299099
46.306313
46.335167
46.140396
46.306313
46.652592
46.760803
46.818508
46.847366
46.955574
47.251331
47.489414
46.969997
46.933926
46.796871
46.861782
46.96278
46.775227
46.587658
46.84016
47.669758
49.163048
49.083714
49.502102
49.848362
49.595875
49.653591
49.646374
49.177464
48.838406
48.621994
48.463291
48.982697
48.917767
49.357815
49.567032
49.047619
47.720257
47.821232
47.568764
48.016014
48.001602
47.994389
48.506573
48.340637
48.044884
48.167511
47.772133
47.627041
47.859203
48.026047
47.815674
47.859203
48.084084
48.004295
47.902725
47.924488
47.844685
47.663319
47.57626
47.496468
48.062336
48.091343
48.316242
48.519371
48.192902
47.880962
47.627041
47.619789
47.88821
48.18565
47.895462
48.171131
48.773293
48.330742
48.250957
48.069576
47.989799
48.410561
48.345245
48.272709
48.512108
49.121525
49.15778
48.737011
48.243687
48.613686
48.374275
47.931732
47.989799
48.163887
48.461327
48.613686
48.301731
48.098598
47.880962
47.735867
47.706848
47.590771
47.489193
47.43116
47.772133
47.728607
47.525478
47.489193
47.155476
46.995876
46.809818
46.91927
46.007153
45.919582
45.569324
45.204475
45.116928
45.022068
45.138817
45.036659
45.343136
45.087742
44.343449
44.299671
44.168324
44.153728
44.314259
44.562359
44.671818
44.409119
44.153728
43.964005
43.803474
43.781593
44.029682
43.971302
43.854549
44.248589
44.722881
44.912609
44.970985
45.000168
45.160698
45.182587
45.496372
45.98526
47.101688
47.014122
47.38628
47.517612
47.247635
47.057896
47.196545
46.875481
46.824413
46.860886
47.108982
47.050613
46.933857
47.050613
46.890083
46.481441
46.780609
45.605812
45.437988
45.686089
45.109634
46.007153
45.780945
46.27713
46.350105
46.39389
46.561722
46.624146
46.411144
46.308319
46.433189
46.469929
46.572742
46.712292
46.49929
46.198158
45.537132
45.63261
45.735439
45.412285
45.669346
45.867638
46.102673
45.779495
45.845608
45.566513
45.617916
44.604347
44.883453
45.280083
45.133175
45.169899
45.258034
45.426952
45.500412
45.742775
45.63261
46.065933
45.684025
46.168774
46.536003
46.587433
46.859169
46.080635
45.684025
45.82357
45.382893
45.537132
45.14785
45.191921
44.773277
43.899258
44.119617
44.43544
44.773277
44.824692
44.472149
45.757473
45.595894
45.89703
44.677799
44.912842
45.133175
44.898136
45.023003
45.265369
45.551815
45.412285
45.294758
45.544479
45.617916
45.754711
45.547676
45.288891
45.739925
45.547676
45.688156
45.828663
45.584648
45.592037
45.606834
45.725132
45.880413
46.220543
46.6642
46.730728
46.538494
47.196568
47.68457
47.906391
48.150406
48.20956
48.039494
48.350052
48.460953
48.579262
48.904594
48.838051
48.875027
48.88242
48.985931
48.815868
48.985931
48.675388
48.764103
48.756718
48.542294
48.113434
47.950764
47.98774
47.492336
47.573654
47.728931
47.647606
47.285301
47.544086
48.046886
47.928589
48.187366
47.810268
47.899014
47.68457
47.773304
47.255714
47.758511
48.179981
49.030312
49.769714
49.459164
49.451771
50.095039
49.97673
50.013721
49.644005
49.759327
50.123905
50.39175
50.853027
50.890224
50.39917
50.37685
50.547989
50.748878
50.815826
50.354534
50.436371
50.257832
50.369415
50.495899
50.28759
50.257832
50.37685
50.0867
50.094143
50.614933
50.495899
50.265266
50.094143
50.13134
