Adjusted
7.020837
7.049455
7.67904
8.384941
8.012911
8.976368
8.833282
8.785585
9.243464
9.243464
8.804663
8.108304
8.556645
8.499408
8.709272
8.346783
8.442177
8.756969
8.919134
8.594803
8.365861
8.499408
8.213234
8.423096
8.556645
8.070148
8.289546
8.394478
8.16554
8.012911
8.299087
8.737889
8.671115
8.470794
8.661574
8.566182
8.289546
8.089224
8.136921
8.575724
8.470794
8.575724
8.537567
8.508948
8.470794
8.184616
7.774432
7.459639
8.232312
8.089224
8.671115
8.823742
8.756969
8.756969
8.690195
8.098764
8.089224
8.299087
8.070148
8.060607
7.793511
7.783972
8.127383
8.489872
8.404018
8.451714
8.337245
8.02245
8.02245
8.671115
8.96683
9.520103
9.42471
9.586876
9.806277
9.968445
9.758583
9.529641
9.272084
9.615494
9.901669
9.768121
9.729964
10.636186
11.389781
11.723653
11.628261
11.351625
11.447016
11.952593
11.933516
12.410473
12.46771
12.553561
12.057525
12.009828
12.133838
12.33416
12.210152
13.249923
13.259462
13.030519
13.173611
13.345314
13.240382
13.72688
13.784117
13.183146
12.820659
13.106833
12.896973
12.963747
12.22923
12.563102
12.572639
13.259462
12.744344
12.544024
12.009828
11.447016
11.943055
11.99075
11.923976
11.895359
12.047984
12.706186
12.715728
13.364391
14.165684
14.184762
13.459783
13.812734
14.337388
14.089371
13.946281
13.259462
13.106833
12.92559
13.297618
13.469323
13.602873
13.354853
13.908126
14.117989
13.488401
13.765037
13.641027
13.469323
12.954209
12.591719
12.515407
12.763423
12.620336
12.830196
12.982823
12.982823
12.982823
13.574255
14.032134
14.680798
14.881123
14.766648
15.167297
15.615638
16.178448
16.64587
16.416929
16.502781
16.817574
17.170525
16.598173
16.865274
16.684023
15.787343
16.016285
16.388313
15.644256
15.959049
16.016285
15.901818
15.653796
15.424855
15.310384
14.957434
14.594946
14.30877
14.699877
14.30877
14.470938
14.537713
15.863658
16.493246
17.208687
17.122829
17.552095
16.808037
16.788956
16.960665
16.312
16.607716
16.302462
16.216608
16.245226
15.987668
15.730111
15.730111
16.083061
16.865274
17.122829
17.03698
17.170525
17.695177
17.647484
18.133984
18.124441
17.838268
17.485319
17.513939
17.742872
17.609325
16.932045
16.798496
16.502781
16.874813
16.598173
16.61725
17.456701
17.77149
17.80965
18.000435
18.076746
17.53301
17.141909
17.304071
17.075134
17.34223
16.693565
16.416929
17.075134
16.693565
16.331079
15.83504
16.245226
17.189606
17.22776
17.113291
17.409004
17.657022
17.723801
17.657022
17.657022
17.819189
18.773109
18.935274
19.269148
19.259604
20.318455
20.986197
22.626936
21.949654
21.653938
21.873337
28.550766
28.989571
28.255058
27.825794
26.690628
28.007034
27.45376
27.11989
26.871872
27.501457
27.243896
26.929108
26.871872
26.919565
28.111963
24.973576
26.099194
25.708094
25.37422
25.421913
25.240671
25.650854
24.754177
24.353527
23.590393
23.609474
24.086428
24.744637
24.677862
24.782789
24.544312
24.095968
24.181824
24.057814
23.285141
22.741407
23.161135
23.475924
24.620623
23.647631
23.275604
24.2486
24.181824
23.714405
22.407539
22.693708
22.636477
23.971962
24.200899
25.011728
25.316982
24.820946
25.068968
25.851179
26.251825
25.822561
25.956108
26.251825
26.280439
24.964037
24.840025
24.820946
24.010117
24.506155
23.762098
24.639706
25.58408
24.92588
24.153204
23.914726
23.065739
21.89242
20.871725
21.157904
22.359837
22.016432
21.777948
22.025969
21.224676
21.129282
21.215139
21.463152
19.955965
18.982969
19.593477
19.889189
19.269148
19.507626
19.555319
20.623709
20.356615
19.793798
19.984581
19.765181
19.975044
19.173752
18.99251
19.908272
20.556932
19.507626
19.831959
19.32638
19.812878
20.060894
19.641174
19.78426
19.316835
19.898729
22.273987
22.092741
22.789099
22.483847
22.989428
23.437765
22.569704
22.607859
21.472694
21.653938
21.606245
22.092741
21.253294
20.986197
23.456846
23.142052
22.970348
22.636477
23.18021
21.911497
22.140436
21.711174
20.795414
21.730255
21.148365
21.844725
21.90196
21.89242
21.367764
21.272371
20.804955
20.089514
19.984581
20.566471
19.736568
19.269148
19.354998
19.431311
20.060894
20.72864
20.747721
20.967117
20.986197
20.60463
21.577627
21.663479
21.90196
21.358223
21.835186
22.25491
22.550621
22.083202
22.23583
22.512463
22.932186
23.771637
23.218365
23.619013
23.0562
23.218365
23.027576
23.447306
24.534773
23.609474
23.88611
23.51408
23.122972
22.464771
22.331224
22.512463
22.81772
23.819332
23.88611
24.696938
24.038736
23.227905
23.380533
23.466383
23.542698
23.87657
22.665098
23.485464
23.18021
22.855873
23.466383
22.903576
22.569704
23.132507
24.630165
25.097584
25.383762
25.240671
25.631781
26.185053
26.013348
26.557079
26.10874
25.898874
25.917953
26.423532
27.186666
27.463303
27.396528
27.396528
27.444221
26.642931
26.900486
27.158045
27.310675
27.034039
26.852793
26.289982
26.976803
27.377449
27.224821
27.72086
27.463303
27.739935
27.072191
26.843254
26.719246
26.061039
26.32814
25.603163
25.336061
25.183437
25.698553
25.803482
25.641317
25.612701
25.784403
25.851179
25.917953
25.937033
25.58408
24.611084
24.45846
24.019655
24.286753
24.649244
24.487076
25.059425
25.088047
25.37422
25.240671
24.553852
24.267675
23.847952
22.951265
23.342373
23.437765
23.847952
23.418688
23.971962
23.847952
23.342373
22.22629
21.911497
22.073664
22.541084
22.302605
22.178595
22.550621
22.445688
22.102282
21.90196
21.415462
20.938501
20.461546
20.509237
20.70956
20.633247
20.547398
20.566471
20.852648
20.30892
20.280298
21.940115
21.52993
22.273987
21.978271
21.32007
21.32007
20.852648
20.404306
20.843109
20.394766
20.25168
19.793798
19.93689
20.58555
20.242142
20.223063
21.157904
21.04343
20.537855
20.957581
20.967117
20.852648
20.986197
20.70956
20.766796
20.652327
20.203985
19.765181
18.83988
19.354998
20.280298
21.58717
21.797028
21.577627
21.921038
21.28191
21.797028
21.339148
21.539467
21.711174
21.844725
22.035509
21.577627
21.89242
22.130899
21.978271
22.397995
22.56016
23.161135
23.075283
22.932186
23.590393
23.943344
24.544312
24.544312
24.611084
24.181824
24.706474
24.601547
24.467999
24.506155
24.487076
24.057814
23.895649
23.647631
23.466383
23.714405
23.971962
24.000578
23.838409
24.286753
25.030813
25.059425
24.820946
25.87026
25.813025
25.517309
24.420303
24.105507
24.019655
24.067352
24.019655
23.743019
23.580853
23.800257
23.704863
24.229521
24.324909
24.801868
24.954496
25.068968
24.878183
24.916342
25.307444
23.847952
22.798641
22.741407
21.968731
22.035509
23.018042
22.865417
22.884495
23.046658
23.132507
23.351915
22.693708
22.541084
22.045046
22.22629
22.474312
22.693708
22.493389
22.407539
22.512463
22.397995
22.293068
22.245367
22.512463
22.569704
22.474312
22.264444
21.911497
21.787493
21.577627
21.692097
21.959196
22.092741
22.273987
22.703251
22.970348
22.913111
22.922651
22.894032
22.426611
22.302605
22.445688
22.188133
22.064123
21.653938
21.386845
21.300991
21.424999
21.549007
22.445688
22.588779
22.703251
21.949654
21.510855
21.072048
21.291449
21.396383
21.176981
20.58555
20.404306
20.890806
20.595089
20.871725
20.327993
20.976658
21.73979
22.197676
22.188133
21.911497
21.797028
21.434542
21.625324
22.25491
22.626936
22.989428
23.075283
22.865417
23.370993
23.29468
23.466383
23.323296
22.884495
22.474312
22.149975
21.89242
22.302605
22.283525
22.331224
22.502926
22.960808
22.827257
22.731869
22.216753
21.453615
21.854261
21.787493
22.359837
21.949654
21.653938
21.28191
21.510855
21.424999
21.234219
20.776337
20.595089
20.833569
20.890806
21.024355
21.110205
21.119743
21.272371
21.081591
21.625324
21.253294
21.272371
20.213524
20.37569
20.51878
21.04343
20.079973
21.224676
21.110205
20.623709
20.909883
20.70956
21.28191
21.348684
20.61417
20.213524
20.366152
20.52832
16.273842
16.67449
17.456701
17.294535
17.447165
17.21822
17.523476
17.800112
17.952736
18.086285
17.933661
18.324764
17.790573
18.124441
18.248453
17.761955
17.141909
16.64587
16.922506
16.998816
16.855728
17.065592
17.542551
18.744486
18.677717
18.696795
18.75403
18.687256
18.458315
18.229372
18.029053
18.076746
19.278679
19.345459
18.658636
18.553711
18.601402
18.467859
18.114902
18.172136
18.362926
18.448776
18.181679
18.525089
18.28661
18.238916
18.000435
17.990896
18.076746
18.048132
18.172136
17.895508
17.990896
18.200758
18.410618
18.525089
18.944815
19.364536
17.409004
17.046518
16.836655
17.265915
17.628407
17.370844
17.628407
17.21822
17.370844
17.237297
17.189606
17.046518
17.141909
17.132364
16.884354
16.388313
16.092598
16.121214
15.806424
16.092598
15.358081
14.366007
14.776191
14.337388
13.879507
14.585407
14.966973
15.119602
15.195915
16.664949
16.168909
16.035362
16.025822
16.235687
16.226145
15.959049
15.634717
15.348541
15.262689
15.892273
15.97813
15.15776
15.186377
15.100523
15.071906
15.090982
15.100523
14.709415
14.862044
15.281769
15.253149
15.434396
15.176837
15.272229
14.995592
14.709415
14.423239
13.784117
13.688725
13.440705
13.621948
13.660106
13.488401
13.412089
13.001904
13.135451
13.068677
12.79204
12.715728
13.040059
12.830196
12.67757
12.620336
12.591719
12.524945
12.400934
12.324622
12.79204
12.305542
11.637802
11.866739
12.868355
13.144991
13.192685
13.345314
13.335774
13.316695
12.877893
12.820659
13.125913
13.135451
13.192685
13.602873
13.984437
13.7555
14.327848
14.089371
13.71734
13.71734
13.583793
13.86043
14.509092
14.680798
14.614023
14.871583
15.176837
15.501167
15.815961
15.424855
16.083061
16.359695
16.493246
16.540939
16.483704
15.997207
16.302462
16.932045
17.361311
17.265915
17.017897
16.531401
16.016285
16.67449
16.64587
16.951122
16.560017
16.808037
17.704716
17.132364
16.798496
16.245226
16.159372
16.369232
16.149834
16.312
16.426468
16.331079
16.168909
16.044901
16.884354
17.256378
17.82873
18.744486
18.582323
18.42016
18.744486
19.021122
19.078358
19.374075
19.536242
20.432926
20.566471
20.289837
19.354998
19.727026
19.927349
20.30892
19.822418
19.755642
19.679329
19.269148
19.097441
19.097441
19.402695
19.164217
18.773109
19.431311
18.887577
18.687256
18.362926
18.315224
18.467859
17.905041
17.981356
17.933661
18.143522
18.067209
18.343845
18.601402
19.011583
19.29776
19.135595
19.345459
19.717485
19.631634
19.812878
19.173752
18.630018
18.610939
18.248453
17.819189
18.114902
17.609325
18.086285
18.582323
18.906649
17.284996
17.151447
17.361311
17.599789
17.77149
18.324764
19.154676
18.324764
18.401079
18.267532
18.75403
18.944815
18.782648
19.049746
18.649096
18.601402
18.868502
18.706333
17.676104
18.038588
17.82873
17.552095
17.141909
17.657022
17.265915
17.561634
17.46624
17.599789
16.922506
17.256378
17.504396
17.180067
17.141909
17.885963
18.353386
18.391539
18.076746
18.715874
18.553711
18.715874
18.99251
18.773109
19.164217
19.593477
19.698408
19.622095
19.831959
20.013203
19.564861
19.536242
19.641174
20.003662
19.917809
19.975044
19.622095
19.5744
20.137209
19.908272
20.576014
21.28191
21.653938
21.329609
21.692097
21.90196
22.197676
21.89242
21.959196
22.541084
22.617392
22.159515
22.808184
22.3503
22.455231
22.894032
22.598318
22.216753
22.674633
22.750948
22.617392
22.436153
22.121363
22.979889
23.275604
23.285141
23.51408
23.800257
23.485464
23.342373
22.81772
23.370993
23.781179
23.714405
24.219978
24.239059
24.315374
24.115049
24.315374
23.676245
24.143667
23.924265
23.800257
23.838409
24.324909
24.162743
24.010117
24.601547
25.250206
25.717632
25.793945
25.593618
25.316982
25.965647
26.614313
26.566616
25.717632
25.851179
25.498232
28.674776
28.999109
29.571461
28.836945
30.315519
29.323441
28.588923
29.228046
28.579382
29.933947
31.050032
29.790861
31.918098
31.822704
32.805241
32.051643
30.611229
31.631922
30.153351
28.550766
28.760628
30.181965
30.134272
30.544458
31.154964
30.687542
31.08819
31.345749
30.792475
31.107267
31.269434
31.402977
32.347359
33.005562
33.339439
32.986492
33.539764
34.512756
35.380821
34.407818
33.969025
33.406212
34.76078
34.350586
34.331512
34.255196
33.902245
34.073959
33.549297
34.646297
34.922947
34.798931
34.951557
34.131184
34.283817
35.333126
35.266354
35.915016
35.895939
34.665375
35.409431
34.980167
34.942017
35.199577
35.218651
33.978561
34.236111
35.428516
32.45229
31.994413
32.385521
34.302895
34.188427
34.341049
33.110493
33.749626
33.530224
33.644691
32.547684
31.288511
29.77178
28.321825
29.77178
29.313904
28.503069
29.151739
28.369524
27.377449
27.70178
28.131044
27.23436
27.739935
29.161274
28.445837
28.350445
28.970495
29.008646
29.857634
29.809938
29.476068
29.953026
31.107267
31.899014
31.622385
31.584227
30.401369
30.735243
32.204269
32.499989
33.100956
32.786167
32.900635
31.994413
32.356895
