Adjusted
23.190607
22.818169
23.25046
22.512241
22.572094
22.778261
22.279478
22.951181
22.711758
22.179707
23.21056
23.030993
22.711758
22.78492
22.339327
22.179707
21.88043
22.033403
21.75407
21.095669
22.212969
21.494705
21.634365
21.501356
21.441496
21.348389
21.361687
20.949352
20.816345
20.756483
21.049112
21.108967
20.763142
20.031578
20.131327
19.858658
20.018272
19.798801
19.988625
19.834352
20.129486
19.452021
19.452021
19.062977
19.270916
18.794668
18.80809
18.915415
19.445313
19.56605
20.236805
20.042292
20.652679
20.337423
20.719757
20.07583
20.471579
20.136196
20.364248
20.028875
20.558773
20.43133
20.867325
20.652679
20.961227
20.927691
21.081961
20.887447
21.048428
21.189289
21.370394
21.008179
20.706343
21.048428
20.827074
21.531372
21.289898
21.484417
21.417343
21.920408
22.168591
21.960665
22.061277
22.161888
22.161888
22.114931
22.336285
22.047863
22.396658
22.510674
22.54422
22.443611
22.698496
22.31616
22.503977
22.510674
22.571053
22.68508
22.503977
22.805817
22.909218
23.172771
23.787731
23.585001
23.841803
23.720156
23.882351
23.895855
23.652578
23.321445
23.585001
23.652578
23.551208
23.835043
23.706642
23.706642
23.314682
23.497145
23.22683
23.483625
23.010569
23.233599
23.199806
23.22683
23.355227
23.618793
23.389025
23.679605
23.645823
23.368753
23.436331
23.503901
23.132221
23.280891
23.145737
22.976795
23.280891
22.719992
22.942997
22.699715
22.67944
22.976795
23.497145
23.220074
23.314682
23.199806
23.145737
23.111952
22.733503
22.794338
22.591595
22.841633
22.828117
22.740263
22.760536
22.8957
22.956518
22.794338
22.706476
22.760536
22.496984
22.442919
22.706476
22.80784
22.789461
22.76903
22.830311
22.952877
22.694132
22.666895
22.598806
22.598806
22.639658
22.76903
22.775846
22.700943
22.912024
23.048201
22.707745
23.089056
22.687323
22.83712
22.741795
22.510298
22.598806
22.517111
22.414968
22.707745
23.041395
22.952877
23.157133
23.116291
23.150328
23.109476
22.986919
22.946068
23.19799
23.06863
23.163952
23.150328
22.973299
23.150328
23.361406
22.966494
22.946068
22.905209
22.843927
22.843927
22.755413
22.734987
22.557951
23.763132
23.558863
23.558863
23.483965
23.953783
23.831228
23.865269
23.960592
24.055922
24.096771
24.069538
23.919737
24.028675
23.933359
24.124012
24.444031
24.507805
24.350073
24.528368
24.555798
24.500938
24.596941
24.720375
24.768381
24.871233
24.932953
24.473509
24.610659
24.562653
25.028954
25.10438
24.576366
25.24839
25.20038
25.282661
25.646101
25.817539
25.920389
26.009542
26.256399
26.112391
25.920389
26.228971
25.975245
25.7901
25.934107
25.680395
25.89982
25.618666
26.112391
25.57753
25.982111
25.673527
25.961542
25.817539
25.968391
26.132963
26.064388
26.057537
26.359261
25.927258
25.755814
25.508949
25.886101
25.865532
26.091831
26.160393
26.366108
26.53754
26.43469
26.393549
26.475834
26.510117
26.571831
26.708975
26.640404
26.660975
26.818691
26.811832
27.079271
27.312416
27.22477
27.300688
27.135054
27.121244
27.135054
27.210976
27.362793
26.983234
27.293776
26.679585
26.872818
27.038445
27.045341
26.824503
26.237913
26.472548
26.24481
26.776186
26.513958
27.162663
27.03154
27.079857
27.038445
27.045341
27.259275
27.838963
28.066698
28.23234
28.121908
27.714741
27.852772
28.101206
28.529079
28.453154
28.460058
28.397949
29.267481
29.550428
29.626345
29.591841
29.239872
29.667759
29.605644
29.895485
29.847181
29.72296
29.667759
29.219187
28.92243
28.970758
28.839621
28.839621
28.998352
28.791309
29.081165
28.956945
29.122564
29.198477
29.101851
29.143261
29.419312
29.476944
29.435282
29.379742
29.601896
29.435282
29.476944
29.643547
29.692142
29.553293
29.358917
29.08123
29.088167
28.866014
28.602209
28.511959
28.671635
28.956264
28.866014
28.761868
28.581377
28.636904
28.866014
29.053459
28.720215
28.678574
28.595266
28.810469
29.032627
29.053459
29.060398
28.803539
28.685511
28.636904
28.60915
28.57443
28.359215
28.185663
27.87327
27.928812
28.289804
28.984032
28.900721
28.879898
28.921549
28.775763
28.657742
28.671635
28.463358
28.296747
28.123184
28.532784
28.643852
28.324512
28.386995
28.539724
28.532784
28.921549
28.82436
28.866014
29.004852
29.095118
29.213129
29.268669
29.340603
29.138075
29.31966
29.17996
29.403461
29.340603
29.487272
29.312662
29.277742
29.417427
29.33362
29.592035
29.801563
29.689821
29.829491
29.668852
29.599024
29.361547
28.984402
28.942505
28.837744
28.907591
29.047256
29.79458
29.8225
30.032036
30.004103
30.025057
29.640923
29.396467
29.682825
29.340603
29.17996
29.515215
29.368538
29.738707
29.79458
29.759657
29.990131
29.619963
30.136789
29.878387
29.990131
30.108868
30.032036
29.724739
29.766626
30.220612
30.744427
30.91902
30.974901
30.870132
30.967922
31.149504
31.428871
31.414923
31.247293
31.128563
31.338081
30.933004
31.596498
31.626705
31.359802
31.612644
30.531044
30.692579
31.099953
31.029703
31.240416
31.149097
30.411638
30.481874
30.376528
30.467833
30.538054
31.015659
30.98757
31.254457
30.91733
30.91733
31.170177
31.212315
31.28957
31.198267
31.331715
31.057793
31.247431
31.366827
31.156122
31.043751
31.233389
31.275528
31.050772
30.98757
31.015659
30.938408
30.804956
31.113983
31.591576
31.359802
31.12804
31.113983
31.12804
31.226362
31.106962
31.570517
31.80932
31.352783
31.570517
31.394928
31.099953
31.219336
31.345755
31.113983
31.163147
31.317659
31.535397
31.570517
31.570517
31.493252
31.106962
30.910295
30.671499
30.790907
30.90328
31.29393
31.081995
31.357492
31.251541
31.322187
31.491724
31.173828
30.990171
30.877144
30.891279
30.622839
30.735861
30.608698
30.417973
29.958803
30.241386
30.410921
30.206051
30.290819
30.248453
30.255507
30.262581
30.516884
30.566322
30.156599
30.425047
30.686417
30.658171
30.742935
30.587517
30.474497
30.679354
30.446234
30.700546
30.679354
30.538057
30.347338
30.156599
30.410921
30.319082
30.375593
30.234316
30.234316
30.771187
31.753096
31.717772
31.866116
32.127502
32.056847
32.113354
32.155754
31.922634
31.887299
31.844936
31.717772
32.007412
31.979149
32.191067
32.1063
31.922634
32.254642
32.226383
32.198128
32.3606
32.4977
32.313007
32.689487
32.760509
32.803135
32.945213
32.973625
32.746311
32.774734
32.334332
32.078602
32.078602
32.156731
32.149647
32.320126
32.355633
32.220661
32.284599
31.8939
31.588465
31.545849
31.787369
31.631105
31.567158
31.709225
31.666611
31.531641
31.318539
31.702122
31.467712
31.766054
31.638199
31.83709
31.822874
31.517441
31.588465
31.631105
31.623981
31.602678
31.538755
31.581367
31.872602
32.582935
32.185146
31.964954
32.313007
32.291691
32.085709
31.83709
31.865505
31.972044
32.220661
32.38406
32.178032
32.391148
32.199352
32.362743
32.40535
32.490604
32.4977
32.305916
32.121223
32.10701
32.078602
32.27039
32.097446
32.39761
32.268963
32.283257
32.733521
32.776405
32.526253
32.754967
32.454792
32.376163
32.419052
32.519104
32.161762
31.925907
31.911602
31.382717
31.32556
31.489929
31.611435
32.383324
32.426201
32.697784
32.969368
33.012268
32.955082
32.712082
32.747818
32.597725
32.619164
32.669209
32.6549
32.576298
32.740665
32.876461
32.912193
32.940788
32.6549
32.940788
33.140911
33.155205
32.969368
32.783527
33.205223
31.568552
31.940197
31.618582
31.482794
31.375582
31.532818
31.411316
31.561419
32.040249
32.068836
31.947336
31.70435
31.432753
31.625719
31.854435
32.054558
32.161762
32.268963
32.290413
32.333282
32.396561
31.691814
31.957907
32.044193
31.893183
31.792515
31.51923
31.576775
31.562372
31.533621
31.583956
31.957907
31.950695
32.094536
31.90036
32.037014
31.77812
31.90036
31.734972
31.526423
31.476089
31.267534
31.080561
31.440121
31.713404
31.828461
31.929144
32.080158
31.986675
31.77812
31.627108
31.468895
31.461708
31.461708
31.504856
31.159676
31.015846
31.023031
31.281925
31.389791
31.461708
31.411362
30.850464
31.404182
31.440121
31.130901
30.987091
30.699423
30.663483
30.872017
30.92955
30.886406
30.994276
31.483282
31.957907
32.001041
32.180824
32.331848
32.432518
32.310268
32.258179
32.062801
32.070034
32.033852
32.004917
31.990448
32.200294
32.525906
32.663387
32.764694
32.786404
32.981773
33.068615
32.706806
32.909405
32.771935
32.677864
32.851517
32.562088
32.547607
32.294353
31.715471
31.997681
31.968739
31.86743
31.852959
31.852959
32.033852
31.910845
31.766125
31.831245
31.6793
31.266836
31.194458
31.252369
31.360912
31.780592
31.874653
31.98321
32.250942
32.236473
32.562088
32.99625
33.510014
33.473816
33.394234
33.27121
33.488297
33.56789
33.575138
33.654724
33.821156
33.546181
33.329102
33.466591
33.632999
33.278446
33.162674
33.206097
33.466591
33.321865
33.705376
34.096123
34.233616
34.144814
34.283104
34.501465
34.697994
34.399555
34.770771
34.435955
34.101135
34.210316
34.115692
33.911884
34.021057
34.457798
34.479622
34.115692
34.566982
34.55241
34.952736
34.814453
34.807171
34.501465
34.690716
35.149273
35.251186
35.411312
35.229336
34.923634
34.596096
35.265736
35.629677
35.404034
34.916363
34.989136
35.556881
35.418594
35.607834
35.542332
35.476826
35.738853
35.906277
35.615116
34.792614
35.214779
35.061943
34.799892
35.134731
34.989136
35.141994
34.836285
35.251186
35.091045
35.542332
35.622395
36.102802
36.2047
36.415779
36.030014
36.153755
36.073689
36.248379
35.964508
36.248379
36.248379
36.546806
36.896187
37.014057
37.116547
36.984768
36.809071
36.779789
36.464985
36.574814
36.684616
36.948174
36.347862
36.750507
36.391781
36.230724
36.318573
36.238052
36.413746
36.545521
36.779789
36.772476
36.538197
36.464985
36.252693
36.055031
36.084309
36.333218
36.530872
36.377136
36.252693
35.981819
35.886646
35.864677
35.066715
35.410789
36.011097
36.26733
36.186802
36.157509
36.421059
36.355183
36.340538
36.757824
36.60408
36.677303
36.831032
36.443016
36.303932
36.142876
36.303932
36.435707
36.31126
36.216087
36.135551
36.186802
36.428383
36.443016
36.611408
36.713898
36.582127
36.60408
36.823719
36.677303
36.464985
36.464985
36.458355
36.657188
36.524628
36.708725
36.885468
37.135849
36.48045
36.760281
36.775002
37.268372
37.165276
37.371475
37.246296
37.268372
37.400936
37.121105
37.157925
36.900188
37.172661
37.194748
37.253647
36.863365
37.15057
36.863365
36.613003
36.701363
36.782368
36.973835
37.165276
36.988564
37.143185
37.003281
36.900188
36.819195
37.091656
37.025372
37.172661
37.018013
37.05484
37.415661
36.973835
36.281635
36.369991
36.068077
36.082806
36.068077
36.075439
36.075439
36.001808
36.053356
36.112259
36.546738
36.318451
36.657188
36.524628
36.355263
36.649826
36.701363
37.076927
36.351818
36.914726
36.803619
36.470325
36.485138
36.574017
36.929535
37.270245
37.38134
37.692417
37.433197
37.529469
37.818325
37.440578
37.788704
37.988682
38.284943
38.425682
38.321983
38.181248
38.099785
37.855366
37.907204
38.092369
38.440491
38.566399
38.484932
38.344204
38.351612
38.373821
38.166443
38.11459
38.188656
38.521969
38.699726
38.744171
38.462719
38.914516
38.914516
38.936733
39.181168
39.077469
39.314476
39.188549
39.529259
39.240406
39.151527
39.410759
39.50705
39.699612
40.077354
39.432976
39.307079
39.477413
39.232986
39.684822
39.470016
39.736649
39.699612
39.714432
39.351501
39.514454
39.618149
39.832943
40.176235
40.198589
40.451778
40.243271
39.476227
39.386856
38.612381
38.761322
39.059204
38.463451
38.84325
38.798553
38.850693
38.664509
38.664509
38.426212
38.597488
38.247486
38.64962
38.478348
38.277271
38.381538
38.567711
38.545361
38.351734
38.679401
38.493225
38.478348
38.23259
38.351734
38.910267
38.895367
38.694294
38.254929
38.53791
38.865582
38.545361
38.880482
38.552814
38.664509
38.657066
38.686863
38.791119
38.582607
38.873024
38.84325
39.15601
40.786888
40.608162
41.256042
40.027294
39.707077
39.64006
39.677299
39.692196
40.146454
40.362408
40.109219
39.900703
40.213474
40.340076
40.660286
41.010292
40.139015
40.805618
40.850563
41.14267
41.464741
40.91048
41.255024
40.895493
41.082752
41.68195
41.666965
41.547138
42.05645
42.05645
42.251186
42.05645
42.191273
41.936604
41.741875
41.14267
41.547138
41.80928
41.944099
41.899151
41.607052
40.947929
41.187607
41.29248
41.195095
41.457249
41.269993
40.715748
41.187607
40.753189
40.850563
40.805618
40.461079
40.071606
40.318771
40.625858
40.700764
40.655819
40.775665
39.779491
38.925625
39.539799
39.270172
39.382515
39.008007
39.127861
38.820763
39.390007
39.240204
39.022999
39.464901
39.247692
39.150326
39.52483
39.277653
39.824425
39.607204
39.66713
39.285145
39.757023
40.573433
40.814476
40.709011
40.543301
40.302235
40.957615
41.168552
40.844624
41.108284
40.746693
40.44537
40.671349
40.392639
40.01598
40.03104
39.918041
39.789989
40.332367
40.385094
40.279629
39.78244
39.865311
