Adjusted
17.161295
17.002388
17.724062
17.664474
17.498955
17.876333
17.724062
17.743923
17.876333
17.081839
16.790512
16.538931
16.353544
16.161535
16.287336
15.863597
15.770899
15.830486
15.903323
15.559045
15.923173
15.996013
15.969532
15.784148
15.784148
15.618624
15.969532
15.684832
15.499449
15.65834
15.856979
16.075468
15.989391
15.883458
16.128441
15.804012
15.94305
15.704693
15.810633
15.91458
15.91458
15.753625
15.921288
15.606084
15.679855
15.364641
15.217102
15.103099
15.632906
15.418301
16.015186
15.934707
16.021889
16.028589
16.31027
15.713392
15.860924
15.934707
15.76704
15.552431
15.129922
15.465241
15.807276
15.492072
15.69998
15.67315
15.69998
15.378057
15.599373
15.512191
15.988357
16.142607
15.800569
15.559137
15.505483
15.813989
15.91458
15.894463
15.760335
16.001764
16.035305
16.169432
16.182838
16.598642
16.618765
16.840086
16.679127
16.578529
16.766312
17.101637
17.19553
17.168705
17.396725
17.175413
16.900436
16.97422
16.893738
16.960798
17.336359
17.50403
17.510725
17.309538
17.705219
18.034292
18.217487
18.441391
18.421034
18.258192
17.844307
17.912163
18.244629
18.09536
17.871458
18.312479
18.115713
17.966444
17.620407
17.640772
17.389729
17.335443
17.213316
17.15904
17.097973
17.145462
17.308306
17.437222
17.315094
17.572922
17.620407
17.464369
17.423647
17.457581
17.762899
17.661119
17.539
17.308306
17.80361
17.559347
17.762899
17.86467
17.810394
18.190348
18.054644
18.054644
18.244629
18.258192
18.061436
18.190348
17.89859
18.013939
18.027508
18.115713
18.163202
18.38711
18.149637
18.332823
18.326038
18.543159
18.475307
18.488886
18.51602
18.271765
18.359968
18.488886
18.414251
18.554922
18.685299
18.712742
18.623533
18.541195
18.568642
18.50688
18.355917
17.77265
17.683441
17.765793
17.758923
17.916754
17.717754
18.053993
18.040274
17.806957
17.827539
17.57365
17.511889
17.546202
17.601101
17.546202
18.053993
17.930475
17.889301
18.047127
18.252989
18.150064
18.136339
17.97851
18.204964
18.184376
18.005953
18.218683
18.177504
18.211813
18.397089
18.273581
18.50688
18.45199
19.000957
19.04899
19.247984
19.296017
19.385229
19.844982
19.810671
19.694019
19.941051
19.673431
19.419531
19.33033
19.241121
19.213675
19.04899
19.0284
18.939188
19.179369
18.911745
19.0284
19.199951
19.117607
19.28915
19.278749
19.389744
19.459126
19.632553
19.736616
19.625618
19.916981
19.674173
19.424431
19.66724
19.688053
19.44525
19.660303
19.632553
19.646429
19.632553
19.674173
19.708862
19.750486
19.799051
20.083477
20.284657
20.340155
20.138979
20.194481
20.152851
20.215281
20.270779
20.069607
20.180595
19.979412
20.173668
20.756395
21.013079
21.124067
21.436249
21.609682
21.588871
21.783113
21.810863
21.561119
21.588871
21.568062
21.67905
21.575001
21.332191
21.262817
21.713739
21.651308
21.817799
22.095293
22.005108
21.956543
22.157732
22.067539
22.199354
22.12998
22.025921
22.060602
22.400536
22.678028
22.706047
22.797089
22.593975
22.860121
22.88814
23.070234
22.762066
22.558958
22.089712
21.578445
21.928633
21.396345
21.830578
22.054701
21.851591
21.466389
21.116198
21.116198
20.962122
21.291288
20.920092
21.046162
21.081184
21.214256
21.333317
20.82205
20.878071
20.941111
20.787025
20.681965
20.632944
20.226723
19.911562
20.051636
20.492868
20.499876
20.611933
20.801035
21.151215
21.109196
20.997129
20.997129
20.801035
20.794025
20.801035
21.109196
21.116198
21.347322
21.067171
20.674961
20.569912
20.499876
20.955114
21.095186
21.256277
20.969116
21.480396
21.452379
21.683496
22.07571
21.998667
22.285816
22.579977
22.198109
22.21225
21.922304
21.816229
21.490934
21.589939
21.943521
21.851589
21.490934
21.646502
21.236355
21.363638
21.215137
21.215137
21.179775
21.208063
21.420214
21.462643
21.356569
21.215137
21.151489
20.911049
21.137339
20.981768
21.031267
20.918123
21.123199
20.882769
20.797907
20.960552
20.896912
20.691824
20.826189
20.571609
20.790836
21.024199
20.81912
20.776686
20.741331
20.932272
21.271708
21.278776
21.540436
21.342422
21.568722
21.427282
21.498009
21.257561
21.038342
21.038342
21.208063
21.568722
21.526289
21.413143
21.646502
21.759653
21.993021
21.901091
22.099094
22.148598
22.233463
22.417332
22.587048
22.501356
22.229996
22.387098
22.358536
22.479931
22.4585
22.529917
22.379959
22.465643
22.444227
22.608475
22.651314
22.572763
22.701307
22.801277
22.522778
22.572763
22.344255
22.115738
22.21571
22.108597
22.229996
22.187155
22.565624
22.694164
22.67988
22.737015
22.815559
22.629892
22.715584
22.772715
22.622746
22.529917
22.415653
23.122627
23.436832
23.086918
23.008362
23.03693
23.044073
23.372561
23.686762
23.858149
23.929554
23.986685
23.843868
23.843868
24.065237
24.607956
24.186628
23.99383
23.965265
24.000967
24.158066
24.450857
24.457994
24.215202
24.27947
24.036671
23.708187
24.029531
23.943842
23.958128
23.936502
23.979748
23.994164
24.455444
24.36175
24.167141
24.152727
23.691437
23.799559
23.691437
23.770721
23.994164
23.986958
23.943705
23.850012
23.979748
24.152727
24.5996
24.505903
24.462654
24.36175
24.505903
24.469858
24.376163
24.433825
24.102278
24.001368
23.8428
23.626574
23.38872
23.280607
23.302233
23.136456
22.826521
22.840946
23.028339
22.869768
22.84815
23.446381
23.770721
23.929291
23.900457
23.73468
23.568913
24.087862
24.304089
24.2248
24.239212
24.448235
24.469858
24.469858
24.340128
24.433825
24.354546
24.340128
24.404987
24.260845
24.087862
23.73468
23.244572
23.431967
23.73468
23.97855
24.022228
24.18965
24.386194
24.364359
24.640976
24.779282
24.70649
24.160532
24.167814
23.89119
24.058624
24.04406
23.665531
23.658257
23.585459
23.468987
23.068613
22.915747
22.923023
23.112297
23.003099
23.476265
23.621859
23.301558
23.286995
23.112297
23.432585
23.432585
23.27972
23.265162
23.541786
23.410749
22.944868
23.490822
23.869358
24.058624
23.636415
23.701921
23.811117
23.993105
23.796555
24.000389
23.709211
24.138695
24.269726
24.058624
24.517225
24.167814
23.993105
24.000389
23.731047
23.731047
23.498102
23.337955
23.803844
23.913029
24.3134
24.160532
24.255167
24.269726
24.058624
24.036783
24.202196
24.113976
24.084568
24.672718
24.275717
24.091917
24.209551
24.150736
24.150736
24.091917
24.040455
24.113976
24.165445
24.334532
24.28307
24.56978
24.613901
24.466866
24.437464
24.180136
24.143381
24.062517
24.459511
24.613901
24.371296
24.363939
24.687414
24.430105
24.349232
24.533028
24.834454
24.849159
24.944731
25.150579
25.246159
25.01825
25.194689
25.606398
25.393198
25.327032
25.297617
25.415243
25.385845
25.606398
25.172638
25.216749
25.260862
25.327032
25.032955
24.937378
24.760937
24.790348
24.702122
24.834454
24.797697
24.952076
24.709473
24.665361
24.650661
24.790348
24.893272
24.63595
24.525677
24.63595
24.201664
24.454071
24.209082
24.587698
24.751024
24.669359
24.802996
24.854956
24.751024
24.840113
24.751024
24.506035
24.543154
24.461493
24.736179
24.424376
24.275906
23.919559
23.837891
23.756231
23.600328
23.69684
23.704262
24.082878
23.941828
24.075455
23.60775
23.36277
23.474123
23.548357
23.162331
23.110363
22.932182
23.162331
23.340498
23.273687
22.872801
23.318233
23.058393
23.199442
23.474123
23.266256
23.318233
23.36277
23.84532
23.934404
23.934404
24.120003
23.993795
23.926977
24.201664
24.097729
24.402105
24.810417
24.817839
24.773291
24.431801
24.290745
24.617393
24.780724
24.862387
24.981159
25.062824
25.089069
25.186506
25.171518
24.856688
25.029093
25.021601
24.94664
25.156527
24.849188
24.751747
24.834208
24.714258
24.991615
25.029093
25.111547
25.516335
25.268965
25.208996
25.246473
25.321444
25.336422
25.059076
24.939138
24.856688
24.684282
25.238977
25.3964
25.516335
25.523823
25.55381
25.418892
25.276461
24.999111
25.253975
24.92415
24.991615
24.834208
25.613775
26.190971
26.468325
26.738174
26.985542
26.745668
26.595749
26.528288
26.640734
26.565773
26.490808
26.580761
26.610743
26.708195
26.700697
26.97056
26.87311
27.435301
27.420311
27.682678
27.532764
27.48028
28.169918
28.139921
28.022665
28.310144
28.196663
27.924309
27.667089
27.462812
27.35689
27.704908
27.810822
27.561163
27.765432
28.030228
28.34798
28.1891
28.143713
28.272335
28.423628
28.287453
28.295017
28.234503
28.226934
28.242065
27.871355
27.924309
27.962132
27.841091
27.992405
28.552242
28.158838
28.037798
27.878916
27.992405
27.863791
27.931881
27.94701
27.886488
28.166405
27.387159
27.485518
27.530901
27.447681
27.561163
27.598995
28.242065
28.9154
28.166405
28.022665
28.06805
28.060488
28.242065
28.317717
28.279894
28.378237
27.999969
27.651957
27.91675
27.75786
27.198019
26.812185
27.15263
27.016447
26.857563
27.243408
27.40765
27.461115
27.125019
27.285427
27.751381
27.942356
27.400009
27.453476
27.590969
27.7132
27.674995
27.514587
27.01807
26.575031
27.11738
26.865301
26.689606
26.735441
26.827101
26.781277
26.59795
26.880575
26.65906
26.796545
27.262516
27.254869
27.4382
27.040983
27.109741
27.048626
27.140293
26.895849
26.773632
26.445173
26.689606
26.796545
27.147932
27.934717
27.911802
27.720833
28.018734
28.056934
28.064583
27.865963
28.477064
28.186796
28.347206
28.461794
28.86664
28.851364
28.752062
28.515263
28.133312
28.377768
28.240269
28.10277
28.629843
28.683308
28.431238
28.209703
28.133312
28.377768
28.278461
28.606924
28.364069
28.56451
28.448874
28.495131
28.364069
28.286959
28.333227
28.271547
28.017118
28.232996
28.340937
28.888325
28.695578
28.718714
28.734131
28.772676
28.749544
28.934578
28.64933
28.641617
28.980841
28.880613
28.880613
29.01939
28.865198
28.703297
28.857492
29.25069
29.01939
28.872902
28.942297
28.757256
28.811224
28.687868
28.54138
28.024834
28.818941
29.135031
28.973131
28.826645
29.219833
28.957716
28.973131
28.99626
28.703297
28.726418
28.633904
28.71101
28.487425
28.317804
28.471994
28.549093
28.572237
28.302378
28.533674
28.525974
28.425745
28.348648
28.687868
28.441158
28.533674
28.525974
28.533674
28.327452
28.086203
28.078419
28.296324
28.093985
28.117331
28.257412
28.249626
28.195154
28.109549
27.961679
28.350794
28.646521
28.700998
29.012295
29.463661
29.24575
29.300228
29.479229
29.370274
29.339142
29.743824
30.039547
29.837214
29.595957
29.595957
29.378056
29.043419
29.276886
29.424749
29.26132
29.292458
29.253538
29.206837
29.175724
29.152361
29.479229
29.26132
29.401394
29.549261
29.455872
29.572613
29.378056
29.603737
29.704916
29.868332
30.171843
30.171843
30.428671
30.646568
30.592098
30.389759
30.26523
30.327488
30.638781
30.576521
30.739952
30.9345
30.957859
30.965637
30.694662
30.529716
29.705023
29.626486
29.587206
29.532225
29.03739
29.414413
29.115948
29.555786
29.799273
29.587206
28.801779
28.801779
28.951002
28.974566
29.422266
29.86997
30.490446
30.191978
30.278391
30.144867
29.964209
29.390852
29.626486
29.430124
29.202349
29.665756
29.485098
29.540085
29.485098
29.634329
29.414413
29.335861
29.492947
30.301949
28.558298
28.699671
28.464041
28.85675
28.85675
28.566137
28.636833
28.338369
28.354073
28.0242
28.04776
28.346216
28.471899
28.542572
28.70752
28.699671
28.927446
28.652538
28.77821
28.464041
28.369787
28.691811
28.833195
28.927446
28.738941
28.644693
28.519016
28.284956
28.340506
28.332571
28.348433
28.253222
28.745138
28.634068
28.459507
28.173883
27.856518
28.118345
28.213566
27.896193
28.364305
28.396038
28.610266
28.697536
28.729267
28.269094
28.213566
27.761312
27.634369
27.69784
27.808918
27.721645
27.237671
27.840662
27.880314
27.761312
27.713707
27.428082
26.880634
27.063116
27.824783
27.999334
27.848585
29.125975
29.038694
29.181509
28.721342
28.737213
28.284956
28.681671
27.935862
27.761312
28.094543
27.523294
27.681965
27.777174
26.45219
28.300823
28.816542
28.284956
26.531527
26.412521
26.261778
25.484236
25.151007
26.880634
27.317007
26.745752
27.364611
27.229727
27.396353
27.576769
27.247997
26.397997
26.983381
26.638567
26.702717
26.758848
26.32583
26.301773
25.908857
25.94895
26.197527
26.117346
26.269703
26.341866
26.41404
27.977713
28.097998
27.408375
27.023468
26.365925
26.22159
26.149416
26.253664
25.924894
26.309795
26.438095
26.798943
26.847059
27.079607
26.766869
26.959322
26.75083
26.64658
26.494226
25.940929
24.409327
23.615469
23.687632
23.006029
23.086222
23.158394
22.781513
22.573015
22.89377
22.781513
22.725374
22.813587
21.747082
21.065475
21.097553
21.851324
20.616417
21.121607
21.249918
21.450377
22.388584
21.771132
20.752739
20.448021
20.063128
19.782463
19.710297
20.389965
19.103888
19.869017
21.138813
20.699263
21.439985
20.894623
20.308565
20.50391
20.976025
20.577173
21.073694
19.624826
18.892252
18.892252
18.452715
18.298054
18.298054
18.159685
17.834091
19.095743
19.32366
19.470177
19.258541
19.250401
