Adjusted
7.993642
8.083546
8.188858
8.111798
7.965386
8.027034
7.955115
7.839524
7.95768
8.016758
7.911447
7.911447
7.949974
7.947404
7.975662
7.878053
7.834384
7.847229
7.944837
7.916581
8.065566
8.039874
8.106661
8.158035
8.160604
8.104095
8.183721
8.132348
8.122074
8.114367
8.22482
8.394352
8.440587
8.486824
8.610118
8.556176
8.635802
8.604981
8.707728
8.656353
8.689746
8.682041
8.707728
8.756529
8.753963
8.735978
8.743685
8.759101
8.79763
8.831023
9.090457
9.116145
9.116145
9.093025
9.221456
8.987712
9.051929
9.131553
9.144394
9.11871
9.021101
9.198497
9.281976
9.203715
9.107189
9.274156
9.274156
9.388941
9.446329
9.365461
9.417632
9.443722
9.519376
9.495897
9.506329
9.623726
9.657642
9.61068
9.602857
9.623726
9.597637
9.443722
9.430681
9.519376
9.649814
9.756773
9.652423
9.777646
9.782859
9.795904
9.748948
9.704596
9.71503
9.761992
9.743731
9.795904
9.939385
10.043736
10.095915
10.158524
9.876777
9.548073
9.756773
9.866341
9.947214
9.952433
9.926342
9.996779
9.960258
10.174175
10.205482
10.017652
9.808948
9.986344
9.795904
9.704596
9.887209
9.975906
9.868946
9.751555
9.746338
9.910689
9.928953
9.887209
9.985131
10.14921
10.321233
10.538241
10.466788
10.503839
10.339758
10.41386
10.53295
10.530303
10.599113
10.448261
10.450911
10.387395
10.41386
10.421799
10.56206
10.546184
10.450911
10.596466
10.895515
10.832001
10.744666
10.646745
10.744666
10.70497
10.7182
10.654688
10.652044
10.638809
10.678506
10.784365
10.7182
10.72085
10.765838
10.890223
10.890223
10.876989
10.797598
10.847878
10.974914
10.996083
11.030484
11.141636
11.358648
11.469801
11.324245
11.128408
10.956386
10.771133
10.757903
10.850526
10.863758
10.858463
10.771133
10.948444
10.969619
10.887577
10.969619
10.890223
10.699677
10.69703
10.821414
10.842589
10.847951
10.94718
11.129539
11.271673
11.236814
11.156361
11.129539
11.129539
11.102728
11.102728
11.046412
11.030314
11.038356
11.065176
11.097363
10.990087
10.968633
10.955222
11.022268
10.914994
11.019585
11.169772
11.17245
11.236814
11.344082
11.352134
11.534492
11.464769
11.486223
11.397725
11.464769
11.491586
11.612265
11.639086
11.633724
11.531813
11.445992
11.464769
11.504993
11.585449
11.716854
11.799994
11.998448
11.856312
11.821451
11.770492
11.759769
11.813406
11.781222
11.759769
11.818768
11.915313
11.896544
12.035997
12.033317
12.019906
12.019906
12.092316
12.089633
12.137902
12.202266
12.298818
12.35855
12.152175
12.179328
12.187481
12.252645
12.103291
12.043541
12.076135
12.038124
12.125016
12.095142
12.076135
11.948508
11.989236
12.029973
12.122302
12.220064
12.380285
12.518776
12.548639
12.442742
12.526925
12.708864
12.749596
12.581232
12.627396
12.926106
12.814769
12.893521
12.977707
12.879943
12.763182
12.708864
12.573088
12.6627
12.803909
12.812051
12.608388
12.763182
12.714293
12.749596
12.871801
13.170511
13.167795
13.224825
13.382324
13.428487
13.347021
13.151498
12.947839
13.102615
12.966843
12.920681
13.374178
13.507238
13.442065
13.428487
13.444783
13.34159
13.615861
13.368749
13.572418
13.754362
13.843972
14.058183
13.745109
13.04481
12.523013
12.921224
12.569697
11.655192
11.589277
11.646952
11.92158
11.81722
11.987489
11.624981
11.58379
11.773284
11.699135
11.765042
11.965517
11.995728
11.734829
11.737578
11.987489
12.009459
11.797999
11.754056
11.339372
11.196564
11.188324
11.149877
11.136147
11.254234
11.405276
11.699135
11.457458
11.685401
11.721101
11.880383
12.086354
12.369224
12.454355
12.619134
12.492805
12.698778
12.668566
12.68779
12.679552
12.707012
12.68779
12.555972
12.281344
12.440628
12.473582
12.454355
12.413166
12.550476
12.479074
12.572445
12.501045
12.599914
12.701521
12.278595
12.495555
12.642954
12.987809
12.918281
13.201954
13.04065
12.890469
13.140769
13.035086
13.201954
13.279828
13.271488
13.552379
13.538471
13.471718
13.168582
12.926627
12.820942
13.037869
13.18249
13.238108
13.377164
13.391073
13.399412
13.485629
13.377164
13.360481
13.360481
13.302072
13.221424
12.996152
12.948874
13.054559
13.174143
13.449474
13.404978
13.616342
13.780427
13.986223
13.86108
13.88611
13.74427
13.905573
13.994572
13.916706
13.916706
14.100252
14.314401
14.392274
14.047417
14.039067
14.014042
13.710899
13.813798
14.175349
14.100252
13.944511
13.933386
13.938952
13.905573
13.911142
13.847172
13.905573
14.016823
14.267126
14.337431
14.427426
14.492111
14.537109
14.295247
14.402114
14.343059
14.615856
14.528673
14.793041
14.871778
15.046148
14.807096
14.807096
15.060209
14.891465
14.812716
14.964587
15.198019
15.366753
15.341447
15.456751
15.369565
15.451125
15.591745
14.973026
15.009589
14.975842
14.981462
15.327387
15.830798
16.058599
15.81111
15.465188
15.366753
15.130516
15.307704
15.496132
15.771738
15.81111
15.83361
15.996722
16.306086
15.9461
16.241405
16.424202
16.019222
16.286406
16.522636
16.576071
16.449512
16.255463
16.396082
16.185156
16.283588
16.255463
16.362333
16.424202
16.320152
16.353893
16.334213
16.46076
16.594339
16.480659
16.341404
16.148146
15.46039
15.747431
15.761631
15.633743
15.4746
15.341021
15.403548
15.517224
15.798587
15.829845
15.704804
15.622384
15.417758
15.019877
15.005676
14.948831
14.974402
15.056825
15.176188
15.520077
15.520077
15.744585
15.596802
15.758799
15.792895
15.829845
15.915111
15.949214
15.932156
16.085629
16.054367
16.082783
15.511542
15.318289
15.1904
15.346705
15.09377
15.346705
15.295553
15.375126
15.690585
15.832685
15.770162
15.213133
15.383651
15.261455
15.517224
15.545645
15.4746
15.659328
15.358076
15.352395
15.184718
15.011356
15.073882
14.889153
15.036933
15.360919
15.318289
15.223434
15.234922
15.206183
15.24355
15.289537
15.257924
15.214806
15.418897
15.364284
15.197555
15.24355
15.278045
15.263675
15.269423
15.407403
15.421774
15.508004
15.602862
15.827075
15.818453
15.921938
16.005299
16.039793
16.088661
16.384735
16.284124
16.519842
16.456594
16.534206
16.355989
16.215137
16.367489
16.40486
16.672182
16.790039
16.801537
16.882021
16.603195
16.410608
16.353117
16.422106
16.603195
16.838911
16.715305
16.551455
16.620434
16.769917
16.867649
16.844654
16.83029
16.744047
16.916519
16.936632
17.008503
17.178104
17.12923
16.902145
16.887772
16.959631
16.700926
16.64344
16.801537
16.844654
16.933767
17.247456
17.369455
17.407215
17.494354
17.683155
17.903904
18.005566
17.729628
17.395597
17.485634
17.625053
17.715101
17.903904
17.74995
17.839994
18.002647
18.342491
18.641668
18.998928
19.071545
19.051212
19.315533
19.274872
19.059929
18.470295
17.752855
17.752855
17.764482
17.898092
17.950369
18.083984
18.287302
18.176929
18.121742
18.054935
18.153688
18.176929
18.26988
18.153688
17.921333
17.869043
17.950369
18.368635
18.502243
18.618429
18.82756
18.508053
18.595192
18.53129
18.432535
18.316349
18.304735
18.380249
18.647474
18.351206
18.275686
17.793526
17.863232
17.857426
17.874855
17.863232
17.747053
17.961983
18.252453
18.522503
18.07633
17.577303
17.612528
17.360075
17.11351
16.978474
16.679062
16.614485
16.990221
17.031317
16.861061
16.937378
16.655579
16.843451
17.11351
17.013706
16.943253
16.73777
17.213316
17.389437
17.142868
17.318987
17.154606
17.18396
17.360075
17.178085
17.418785
18.017614
18.123293
17.964779
17.847361
17.729946
18.170261
18.099812
18.199614
18.375736
18.434446
18.504892
18.217226
18.510769
18.4638
18.557735
18.698633
18.534252
18.569477
18.434446
18.592962
18.610571
18.751471
18.909983
19.156561
19.215267
19.185915
19.080236
19.009789
19.18004
19.238747
19.326817
19.29159
19.197655
19.21545
19.025665
19.411161
19.636528
19.915272
20.110985
20.158432
20.223663
20.247393
20.170296
19.855963
19.933065
19.909344
20.306692
20.164358
20.312624
20.40159
20.29484
20.312624
20.668465
20.626953
20.810808
20.745564
20.668465
20.371933
20.454964
20.211802
20.152496
20.182148
20.146568
20.638817
20.876038
20.965004
21.09548
21.113266
21.196295
21.605516
21.552143
21.368288
21.285255
21.308989
21.486906
21.480974
21.498762
21.991011
21.902054
22.163
22.305336
22.643389
22.42988
22.560358
23.153427
23.129713
23.473688
23.011087
22.87468
22.957718
23.064465
22.928059
22.607807
22.981438
24.553074
23.965933
24.102331
23.618023
23.22937
23.277195
23.008131
22.517836
22.344431
22.123207
22.218874
22.00362
21.752497
22.326496
22.446089
22.398252
22.188976
22.224852
22.093315
21.854141
22.206919
22.200939
21.764452
21.51333
21.477448
21.81826
22.123207
22.218874
22.278667
22.428148
21.770433
21.591057
21.943827
21.824253
21.208385
20.867569
20.837666
21.023031
20.84963
20.939312
21.531261
21.746513
21.369825
21.435596
21.997639
22.374336
22.248774
22.147127
22.117229
22.015585
22.254753
21.824253
21.399721
21.142611
21.60302
21.5492
21.333952
21.190453
21.453533
21.166531
21.082819
21.316013
21.148594
21.10075
21.698685
21.81826
22.282867
22.270796
22.331139
22.246668
22.572496
22.735405
22.699203
22.240641
22.04755
22.08375
22.337175
23.043137
22.880211
22.656965
23.145704
23.236212
23.272413
23.381023
23.773224
23.676682
23.549976
23.465496
23.712881
24.135252
23.966303
23.737019
23.688751
23.646509
23.381023
23.785288
24.14732
24.189562
24.183521
24.310236
24.412804
24.702435
24.352468
24.455042
24.449005
24.835173
24.883448
25.106697
25.070484
24.895514
25.130831
25.022215
24.805002
24.992056
25.016195
25.450615
25.776449
25.227377
25.402346
25.040329
25.197201
24.967915
24.388668
24.768806
25.269604
25.402346
25.691975
25.776449
25.866949
25.80002
26.025158
26.530201
26.797947
26.524124
26.925728
27.004841
26.919651
27.223877
27.528139
27.382099
27.138695
27.181295
27.07177
27.041344
27.126535
26.883129
26.919651
27.187382
26.919651
26.591061
27.035255
27.254316
26.518047
26.128611
26.378082
26.049507
26.055588
26.073843
26.061678
26.14077
26.591061
26.767523
27.047421
26.864868
27.528139
28.00276
28.209644
28.209644
27.315163
27.351669
27.887154
28.221811
28.106205
28.526056
28.282667
28.136629
28.00276
28.051441
27.990587
27.954073
27.783699
28.087952
27.996677
27.850634
27.509878
27.692413
27.321255
26.986589
27.357754
27.613323
27.63785
27.570391
27.66852
27.447721
27.036772
26.938637
27.361849
28.177608
28.692827
28.790968
29.208055
29.306189
29.220314
29.600594
29.146711
29.189644
29.784599
29.845953
30.005405
30.05448
30.348896
30.422497
30.673985
30.956123
30.931593
31.152393
32.07243
32.011086
31.820951
31.109463
31.894552
31.974291
32.46497
32.133774
32.593777
32.759392
32.538589
31.949766
31.796413
30.581963
30.833452
30.526775
30.011543
28.895248
29.839809
29.287781
29.987001
30.391836
30.551302
29.471796
29.520863
29.90115
29.741678
30.171022
30.330492
30.992918
30.949986
30.925438
30.459301
30.11582
29.790749
29.62513
29.895014
30.241045
30.506756
30.173077
30.092741
30.136
30.315212
29.728168
29.56752
29.938267
29.938267
30.228678
29.956806
29.919724
30.173077
30.617971
30.401703
30.525295
30.389351
30.346088
29.703459
29.536613
29.715815
30.210144
29.833218
29.932083
29.598408
29.969168
29.28327
29.623121
29.307985
28.690063
28.362572
27.65196
27.046394
27.244123
27.478945
27.095831
26.465553
26.712719
27.689043
28.838362
28.603565
28.640631
28.683882
28.072153
27.664309
26.681822
27.361547
26.477911
25.680794
26.440832
26.125692
26.298712
25.551029
25.594278
24.69212
24.438768
24.203955
23.474808
23.314156
23.975325
23.555147
23.524246
24.553553
24.541077
24.615934
24.59721
24.534838
23.848629
23.798729
24.590971
25.02142
25.139942
24.778124
24.703268
24.9216
24.297783
23.960924
23.518005
23.555439
23.393248
22.831808
23.312143
23.287201
23.886066
24.023304
23.518005
24.154306
24.11688
25.614038
25.963383
24.753172
24.59721
23.574148
23.655252
24.871695
24.971514
25.327085
25.289661
25.894764
25.957144
26.10063
25.439375
24.578501
25.526705
25.876047
26.711967
27.25469
26.125574
26.350155
25.339558
25.3458
26.212914
26.250334
27.048826
27.136169
27.435604
28.371323
29.020105
28.383801
28.546005
28.976437
28.084377
28.39628
28.371323
28.202898
28.737879
29.467964
29.134386
29.335802
29.977779
28.983341
29.367268
29.008512
28.788239
28.763054
27.944857
27.239937
26.912645
27.051109
25.836395
26.245497
26.541311
26.214029
26.811947
26.490965
25.899336
26.075565
26.132212
25.175539
24.432863
23.923054
23.916765
23.3629
23.853819
23.853819
23.923054
25.018192
24.609095
24.07411
23.816055
23.457312
22.878263
23.054501
23.803474
22.217419
22.840509
23.551714
23.602064
24.854555
24.432863
23.753119
24.690903
25.546879
25.509115
26.302147
24.407688
24.546152
24.357328
23.482487
22.513224
22.613928
22.934914
23.142618
23.620958
24.753847
23.97341
23.22443
22.925379
