Adjusted
27.568052
27.446054
27.73654
27.358902
26.987062
27.161366
26.899912
26.824392
27.074219
26.830196
26.923157
26.754669
26.406067
26.400259
26.394457
26.016811
26.098148
26.673336
26.493225
26.435127
26.911543
27.161366
26.92897
26.562935
26.301493
26.14463
26.249199
26.00519
25.952911
25.859943
25.877371
26.156256
26.377024
26.464167
26.714005
26.545504
26.853437
26.481613
26.83602
26.626854
26.435127
26.21435
25.991886
25.991886
25.775297
25.400637
25.517721
25.470877
25.816265
25.822117
26.460213
26.635841
26.606567
26.395828
26.723646
26.372404
26.471928
26.261175
26.577295
26.723646
26.612415
26.665115
27.156836
27.004644
27.092461
27.168558
27.367586
27.069017
27.13929
27.232952
27.578339
27.753965
27.543209
27.794928
27.660288
29.211607
29.129658
29.041851
28.795969
29.246735
29.404787
29.135506
29.129658
29.510162
29.615534
29.346252
29.60969
29.270145
29.486732
29.404787
29.147219
29.246735
29.878977
29.445766
29.041851
29.076967
29.363811
29.767742
29.644808
29.925798
30.183369
30.364857
30.399969
30.470224
30.63999
30.852125
30.622318
30.734285
30.934603
31.246885
31.529734
31.871479
31.182083
31.983437
31.523846
31.199757
30.875687
30.916943
31.146721
31.235125
30.816765
30.598745
30.616428
30.722492
30.787302
30.810865
30.663555
30.905149
31.052456
30.875687
30.934603
30.993528
30.793192
30.510351
30.286451
29.75614
29.815069
29.555805
30.139143
29.638298
29.508671
29.219942
28.848726
28.736788
28.577677
28.518755
27.917749
28.359667
28.306637
28.283075
28.353773
28.554111
28.506973
28.636606
28.819263
29.614738
29.602947
29.502781
29.685436
29.614738
29.932924
29.284765
29.57349
29.591167
29.697224
29.938803
30.115574
30.516256
30.931444
30.717918
30.409489
30.373901
30.106997
29.911255
29.786707
29.83415
30.195965
30.439148
30.231552
30.439148
30.284935
30.071411
30.290867
29.762981
29.911255
30.142586
30.219685
30.439148
30.961098
30.895849
30.806881
30.866198
30.812809
30.700127
30.664524
30.634874
30.700127
30.848415
30.735703
30.842463
30.9433
30.551834
30.261208
30.415424
30.806881
30.486591
30.373901
30.806881
30.967012
31.346624
31.322906
31.655052
31.352541
31.435587
31.435587
31.36442
31.536425
31.678774
31.921959
31.714359
31.856722
31.69063
31.738096
31.749947
31.453394
31.714359
31.815193
31.933823
32.028717
32.159222
32.817562
33.084484
33.478344
33.69318
33.836414
33.896065
33.896065
33.943821
33.955757
34.462982
33.955757
34.42123
34.612202
34.504772
34.278019
34.385418
34.67186
34.642029
34.797188
35.202991
35.113468
35.262669
35.000095
35.01799
34.504772
34.916531
34.69574
34.844936
34.958309
34.230255
34.391392
34.19445
34.266064
34.02737
34.015419
33.699146
33.746887
34.910583
34.970245
34.612202
35.20895
35.244751
35.340233
35.268639
35.370083
35.722164
35.423782
35.805714
35.710243
36.378613
36.008614
36.187637
36.3965
36.277161
36.951504
37.518425
38.013744
37.906311
38.544846
38.664207
38.598564
38.80743
38.676132
38.700157
38.447952
38.495995
38.483986
38.159725
38.357883
37.367119
37.421146
36.874725
36.928764
37.132931
37.090904
36.886745
36.226227
36.292278
36.238243
36.89275
37.241016
37.271034
37.132931
37.889523
38.105694
38.183758
38.393925
38.688133
38.688133
38.309856
38.171745
38.219788
38.465984
38.447952
38.574055
38.616089
38.802235
38.886307
39.438728
39.594852
39.120487
39.102467
38.556023
38.730179
39.300632
39.889084
39.823036
39.480759
39.420719
39.012405
38.640102
38.381901
38.429943
38.309856
38.195759
37.901524
37.943573
37.625317
38.093681
38.532021
38.387917
39.210567
39.264591
39.792999
39.570839
39.372688
39.602253
39.227661
39.106846
39.801643
39.982876
39.946629
39.801643
39.457256
39.451218
39.837875
39.855999
40.085571
39.946629
40.007023
39.843914
39.747261
39.179344
39.723083
39.795589
39.801643
39.849957
39.77747
39.692883
39.650604
39.505589
39.831848
39.511642
39.855999
39.765385
39.71706
39.698914
39.680805
39.680805
38.484589
39.572052
38.913525
38.925606
39.433098
39.227661
38.810818
38.708103
39.2579
39.306217
39.330372
38.720188
37.844158
38.291256
38.514786
38.967899
38.665821
38.617485
38.653725
38.629566
39.233723
38.714157
39.414967
39.100811
39.239765
39.408916
39.463291
39.753315
39.723083
40.29705
40.460159
40.635368
41.160969
41.142853
40.972683
40.759983
40.735672
41.06992
41.021297
40.456123
40.298115
40.486511
39.805862
39.532383
39.392609
39.410847
39.50808
39.046204
39.100895
39.532383
39.252838
39.495926
39.100895
39.046204
39.240677
38.95504
38.863899
38.857807
38.52964
38.244015
38.189308
38.256165
38.52356
38.286545
38.444561
38.195393
38.323021
35.87389
36.773308
36.05014
36.572773
36.262836
36.305382
36.098755
36.767242
37.788216
37.72744
37.721375
37.502586
37.976627
38.408112
38.438484
38.286545
38.286545
38.134617
38.408112
37.970539
38.335175
38.268314
38.560017
38.724117
38.815285
38.657265
39.275387
40.245827
39.547379
39.76989
39.510269
39.000233
40.05764
39.808838
40.182056
40.374866
40.063869
40.275345
39.920799
40.020325
40.269127
40.617466
40.648563
40.586357
40.735638
40.524155
41.077744
40.934669
40.150955
40.169601
39.479179
40.119843
39.895924
40.157166
39.858597
40.188259
39.547588
40.03899
39.877266
39.808838
40.113625
39.672001
40.05764
40.182056
40.026546
40.250454
40.542793
40.748093
40.617466
41.108852
41.413631
41.61269
41.531815
41.55048
41.475838
41.656231
42.091637
42.390186
41.674889
41.015556
40.916008
41.003094
40.38731
40.972004
41.457176
41.239475
41.040432
41.338993
41.270103
41.220013
41.24506
41.032135
41.176174
40.844257
41.32021
41.075962
41.332729
41.050915
40.700214
40.643852
40.643852
40.668903
40.487301
40.919403
40.587494
40.769104
40.988297
41.207481
41.163631
40.994556
40.913143
41.194965
41.182446
41.583233
41.18869
41.639603
41.733536
41.207481
40.938187
40.41214
40.380833
40.230518
39.453964
40.073971
39.785881
39.604267
38.871555
38.952965
38.570957
39.109528
39.14711
39.090748
39.071953
38.921654
38.533386
39.009327
38.65237
39.078217
39.053173
38.815189
39.717007
40.136581
40.35577
40.875568
40.831726
40.756569
40.825466
40.706486
40.888084
40.549915
40.28688
40.819202
40.280628
40.343258
40.681427
40.906879
40.925793
40.843815
40.850128
40.812294
40.969933
41.064533
40.976254
41.152828
40.925793
40.635738
40.541134
40.042976
39.607849
39.481731
39.872704
39.973591
39.46912
39.809643
39.809643
38.870056
38.59259
38.649349
39.046619
39.015091
39.134907
39.532177
39.210583
39.380829
39.393436
39.797031
39.633068
40.597889
40.12495
39.752895
39.992508
40.339344
40.206905
40.106022
40.106022
39.809643
39.462807
39.26733
39.160126
39.31147
39.191666
39.727665
39.797031
40.238449
39.853783
39.58894
39.967297
39.841171
39.292553
39.097073
38.643044
39.052917
39.052917
39.147511
39.046619
39.298859
39.223179
39.078148
39.639374
39.429787
38.870865
39.175728
39.328159
38.972485
38.63586
39.112198
39.747341
38.769238
38.750191
38.775589
38.839104
38.585045
38.413559
38.419907
38.394505
38.007061
37.810165
37.568806
37.71489
37.003532
36.806633
37.022568
36.844746
36.698662
36.450958
36.14608
36.355679
36.120686
36.21595
36.54623
36.235001
36.088928
36.920959
36.152428
35.885681
35.847576
36.412857
36.101627
35.549053
35.71418
36.107979
35.942844
36.53352
36.419205
36.946381
37.492599
37.505291
38.026119
37.740284
37.695843
37.962605
38.007061
38.045158
37.200424
37.206787
37.530701
37.276638
37.733955
37.460846
37.962605
37.829227
37.727608
37.880035
37.29126
37.169659
37.27206
37.451252
37.969635
37.796837
37.560036
37.835236
37.66243
38.187214
38.110416
38.168026
38.289619
38.238419
38.782394
38.392014
38.174419
38.027225
38.174419
38.315205
38.539211
39.006378
38.635204
39.153576
39.140774
39.300762
39.127975
38.750393
38.596798
38.296013
38.212811
37.470448
37.201653
37.48325
37.63044
37.14407
36.55529
37.04166
37.118469
36.670479
36.702473
36.260902
36.619282
36.811275
36.523289
36.728065
36.785686
36.772881
37.099266
37.476852
37.457634
37.944027
38.046432
38.20002
38.283211
37.873638
38.142418
38.142418
37.988831
37.764832
37.656033
38.010994
37.55278
37.817368
38.178783
38.062618
38.127155
38.462727
38.069061
38.353008
38.172318
38.488525
38.269123
38.101337
38.307846
37.804474
37.772202
37.546326
37.301117
37.617321
37.810928
37.514065
37.184948
36.997787
37.139759
36.881615
36.971966
36.946159
36.842903
37.217201
36.920345
36.946159
36.907444
37.765743
37.623768
37.901276
38.036808
37.772202
37.830276
38.08197
37.888367
38.18523
38.488525
38.837032
39.250046
39.566284
39.398483
39.63081
40.037369
39.695339
39.166145
38.766037
38.591793
38.701496
38.50145
38.482082
38.740234
38.798309
39.011269
39.153248
39.417847
39.237141
38.701496
38.849934
38.77837
39.201286
39.728306
39.02562
39.383453
39.546124
39.676262
39.585155
38.999588
39.071163
39.689259
39.637211
39.689259
39.767349
39.68277
39.695766
40.255322
40.144718
40.196766
39.845421
39.819389
39.435516
39.910484
39.604675
39.389973
39.032116
38.667759
38.628716
38.5116
39.298874
39.142712
38.433521
38.99308
39.103695
39.689259
39.162243
39.650219
39.721809
39.637211
39.350925
39.676262
39.68277
39.832405
39.897472
39.715282
40.339909
39.793365
39.747829
39.76083
40.079647
39.825905
40.203274
40.339909
39.975544
40.151218
40.567638
40.13821
40.45702
41.101173
40.749817
41.315868
41.823372
41.777832
41.836845
41.948299
41.961411
42.735077
42.997341
42.551506
42.492481
42.820316
42.459702
42.93832
42.656403
42.558052
42.558052
42.708839
42.80719
42.584278
42.748184
42.853092
42.787533
42.879314
43.410381
43.41695
43.338272
43.430061
43.384182
43.259594
43.39072
43.469406
43.357941
43.292377
43.941463
43.987362
44.203728
44.052925
42.833435
43.030113
43.253044
43.436623
43.39072
43.613651
43.246487
43.174358
43.213703
43.371048
43.266155
43.331711
43.253044
43.266155
43.423504
43.344814
43.364498
43.469406
43.613651
43.475975
43.351379
43.495621
43.462845
43.115353
43.344814
43.469406
43.58086
43.495621
44.03981
44.479103
44.49231
44.155491
43.76585
43.805477
43.726219
43.726219
43.963966
44.399841
44.162086
44.56496
44.518726
44.756477
44.749878
44.664021
44.921581
44.994232
44.875347
45.139526
45.37727
45.198963
45.456524
45.568798
45.766903
45.654648
45.575397
45.32444
45.714085
45.661247
45.509357
45.601814
46.017876
45.879196
45.397072
45.073479
45.119705
45.581997
45.832954
45.88578
45.879196
45.707466
45.88578
45.555584
45.179127
45.132915
45.126308
45.476315
45.945213
45.984852
45.793335
46.222607
45.971634
45.898991
46.229214
46.163162
45.047062
44.908375
45.020649
44.406452
44.6376
44.921581
44.642029
44.795105
44.768482
44.522221
44.289253
44.575474
44.595432
44.409069
44.828392
45.287666
45.733616
45.999863
45.919991
45.886703
45.687031
45.740269
45.793518
45.587177
45.673714
45.959927
46.033131
46.365936
46.665462
46.825211
46.339329
46.552307
46.685432
47.051506
47.45752
47.45752
47.524082
47.883511
47.324413
47.158016
47.843582
47.730419
47.677177
47.370995
47.564022
47.657215
47.331062
47.424244
47.610607
47.384308
47.54406
47.171322
47.437557
47.051506
46.785267
47.657215
47.757053
47.863537
47.564022
47.217907
47.158016
47.004913
47.2645
47.124729
47.384308
47.231228
47.703793
47.883511
47.910133
47.212765
46.709873
47.112202
46.911034
46.562351
47.185959
47.025024
46.522121
46.44836
45.724163
45.328556
45.315144
44.711662
44.711662
44.993298
44.792118
44.65802
44.852467
45.375492
45.402317
45.476082
45.19445
44.993298
44.094761
44.295925
45.17432
44.946346
45.207855
44.772007
44.792118
45.107269
44.631199
45.248089
45.791233
46.408134
45.985683
45.717472
45.831463
45.107269
44.570843
45.717472
45.34866
46.595879
46.77692
46.716576
45.905224
45.737579
46.743393
46.341076
46.032627
45.543129
46.314262
46.62941
46.562351
46.696465
46.709873
47.159134
46.233791
45.925343
46.508717
45.818047
46.059444
46.367889
46.13813
46.415188
45.786777
46.050301
46.394936
46.996307
47.097668
46.996307
46.178692
46.894958
47.374725
46.996307
47.273365
47.043602
47.0774
47.672028
47.672028
47.476059
47.428783
47.82069
47.41526
47.273365
47.320656
47.219303
47.320656
47.158493
47.307137
47.638252
46.793594
46.915211
46.827381
46.496277
45.367832
47.428783
46.854404
47.354454
47.232815
47.895035
47.617973
47.266609
47.901775
46.793594
46.732777
46.813862
46.989563
45.942188
46.462498
46.036793
45.928677
46.827381
46.192207
46.435463
46.726021
46.408436
46.570606
45.651649
46.117882
46.178692
46.712513
47.104416
46.874691
47.171993
47.023342
46.253025
47.431149
47.247265
47.213219
47.472
46.756954
47.383472
47.138309
46.382404
46.423267
46.348358
46.389225
47.288128
47.185993
47.553726
47.730774
47.328991
47.628628
