Adjusted
6.739546
6.74798
6.760635
6.739546
6.743763
6.790156
6.790156
6.908246
6.874506
6.819679
6.895593
6.887157
6.78172
6.870288
6.802808
6.646762
6.465409
6.600369
6.469627
6.300928
6.364189
6.317797
6.191273
6.102705
6.056313
5.946659
5.984615
5.921354
5.782177
5.824351
5.980398
5.938223
5.858092
5.77374
5.807481
5.680958
5.777957
5.672521
5.718915
5.575518
5.592391
5.508039
5.503821
5.478518
5.406819
5.115815
5.33934
5.309819
5.330904
5.330904
5.685174
5.718915
5.971963
5.976182
6.119576
5.904484
5.967747
6.005703
5.752655
5.731565
5.545998
5.685174
5.748435
5.655653
5.756872
5.786393
5.718915
5.672521
5.735785
5.777957
5.950876
6.031008
5.77374
5.92979
5.870745
5.955092
6.026791
6.00992
5.988832
6.098489
6.085835
6.031008
6.275623
6.267187
6.052097
6.064747
6.043661
5.912919
6.035224
6.123793
6.237666
6.43167
6.478062
6.406364
6.368406
6.494931
6.343103
6.368406
6.503367
6.507585
6.566629
6.61302
6.769069
6.937768
7.022118
7.001032
6.672065
6.663631
6.516018
6.575065
6.769069
6.608803
6.537107
6.739546
6.878723
7.013683
6.95042
6.714242
6.705807
7.098035
6.95042
7.076945
7.089597
7.034771
7.038988
7.157079
7.119118
7.283605
7.380603
7.380603
7.249863
7.384823
7.308908
7.211907
7.085381
6.996813
7.001032
6.916679
6.98416
7.060076
7.001032
7.064291
7.026335
6.967291
7.013683
7.148642
7.064291
7.182383
7.123336
7.1866
7.220343
7.190817
7.1866
7.190817
7.464954
7.70957
7.764399
7.848746
7.760174
7.975272
8.009011
8.110234
7.992138
7.941535
8.013227
8.046967
8.101794
8.156622
8.21145
8.266276
8.190362
8.257845
8.055404
7.949966
7.975272
8.013227
7.865617
7.507129
7.591477
7.591477
7.658961
7.65474
7.810791
7.764399
7.840309
7.671612
7.55352
7.53665
7.865617
7.70957
7.945746
7.971056
8.013227
8.055404
8.14397
8.106012
8.122882
8.055404
7.928875
7.89092
7.680047
7.570395
7.355299
7.279387
7.414343
7.443866
7.40591
7.363736
7.321558
7.296254
7.376385
7.464954
7.279387
7.410127
7.604133
7.646306
7.633654
7.532432
7.561955
7.574609
7.62522
7.515566
7.545084
7.629436
7.663175
7.865617
7.865617
7.971056
8.000575
7.954183
7.815005
7.705353
7.663175
7.55352
7.464954
7.545084
7.300473
7.313127
7.313127
7.308908
7.283605
7.308908
7.275168
7.359515
7.46074
7.63787
7.650524
7.629436
7.650524
7.755961
7.764399
7.80657
7.793918
7.844528
7.793918
7.920445
7.874049
7.89092
7.840309
7.844528
7.869831
7.878271
8.000575
7.933095
7.907788
7.869831
7.865617
7.899357
7.861396
7.772831
8.013227
7.815005
7.912007
8.02588
8.030099
7.945746
8.051188
7.903572
7.971056
7.992138
8.07227
7.975272
7.975272
7.983705
8.118666
8.156622
8.207232
8.021662
8.068058
8.203017
8.106012
8.194578
8.04275
8.169275
8.118666
8.097577
7.975272
7.827658
7.30469
7.064291
7.068511
6.954638
6.954638
7.047422
7.127554
7.093814
7.165513
6.828114
6.891376
6.992593
6.815462
6.887157
6.929333
7.017902
7.047422
6.979943
7.064291
7.140208
7.140208
7.211907
7.287821
7.220343
7.148642
7.169731
7.173948
7.157079
7.15286
7.359515
7.452302
7.486042
7.380603
7.380603
7.300473
7.317342
7.380603
7.33843
7.393257
7.355299
7.317342
7.165513
7.182383
7.232992
7.110685
7.085381
6.975723
6.90403
7.001032
6.899808
6.933553
6.874506
6.832332
6.958854
6.95042
6.958854
7.038988
6.988378
7.098035
7.089597
7.047422
7.098035
7.199252
7.169731
7.169731
7.169731
7.266732
7.292038
7.207687
7.490258
7.325776
7.523999
7.583044
7.663175
7.55352
7.599913
7.612567
7.675829
7.591477
7.498694
7.528216
7.258298
7.262513
7.232992
7.216119
7.254078
7.216119
7.190817
7.068511
7.093814
7.127554
6.98416
6.933553
6.866072
6.752198
6.726893
6.676283
6.621458
6.663631
6.688936
6.68472
6.735328
6.524453
6.313578
6.389494
6.456975
6.452755
6.435887
6.326232
6.503367
6.638326
6.705807
6.823895
6.870288
6.844984
6.920899
7.098035
7.076945
7.098035
6.992593
6.971509
7.051641
7.1866
7.190817
7.190817
7.15286
7.144425
7.123336
7.043205
6.739546
6.621458
6.600369
6.629891
6.596152
6.579281
6.570845
6.570845
6.549758
6.537107
6.579281
6.638326
6.545543
6.663631
6.583499
6.562411
6.558195
6.494931
6.402147
6.359974
6.368406
6.334667
6.284058
6.334667
6.381061
6.284058
6.326232
6.300928
6.313578
6.262969
6.212359
6.334667
6.338885
6.372624
6.393712
6.43167
6.490715
6.680501
6.836548
6.790156
6.811244
6.823895
6.874506
6.874506
6.967291
6.979943
6.954638
6.874506
6.714242
6.756416
6.823895
6.857637
6.857637
6.844984
6.823895
6.975723
6.819679
6.714242
6.74798
6.844984
6.979943
7.190817
7.15286
7.1866
7.384823
7.376385
7.275168
7.135987
7.148642
7.169731
7.245644
7.182383
7.220343
7.224557
7.249863
7.258298
7.397475
7.232992
7.038988
6.979943
6.925117
7.013683
7.110685
7.013683
7.034771
6.98416
7.076945
7.169731
7.173948
7.15286
7.089597
7.169731
7.157079
7.190817
7.292038
7.270948
7.211907
7.237208
7.241426
7.245644
7.249863
7.216119
7.355299
7.275168
7.296254
7.287821
7.359515
7.545084
7.587263
7.448084
7.583044
7.443866
7.452302
7.464954
7.439647
7.587263
7.612567
7.55352
7.473388
7.528216
7.473388
7.106468
6.958854
6.777503
6.735328
6.756416
6.587717
6.461192
6.642545
6.587717
6.629891
6.61302
6.587717
6.621458
6.570845
6.621458
6.722676
6.760635
6.608803
6.638326
6.688936
6.680501
6.739546
6.722676
6.629891
6.642545
6.718458
6.70159
6.600369
6.440104
6.48228
6.558195
6.659414
6.575065
6.591934
6.524453
6.667849
6.608803
6.65098
6.722676
6.65098
6.887157
6.874506
6.74798
6.840765
6.853419
6.853419
6.790156
6.714242
6.882941
7.135987
7.119118
7.110685
7.211907
7.123336
7.081162
7.093814
7.102251
7.119118
7.072726
7.022118
7.085381
7.043205
7.089597
7.051641
7.047422
7.076945
7.017902
6.963074
7.043205
7.376385
7.410127
7.334213
7.46074
8.203017
8.194578
8.215664
8.2958
8.181926
8.118666
8.076487
8.02588
7.954183
8.101794
8.110234
8.106012
8.219888
8.207232
8.181926
8.203017
8.249408
8.253624
8.283147
8.228319
8.236753
8.14397
8.224102
8.245188
8.371715
8.363277
8.397021
8.371715
8.392801
8.342194
8.409675
8.228319
8.169275
8.245188
8.346411
8.30845
8.30845
8.152403
8.219888
8.186143
8.266276
8.30845
8.30845
8.388582
8.44763
8.384365
8.30845
8.203017
8.312672
8.228319
8.325318
8.354844
8.397021
8.485582
8.41389
8.337971
8.464499
8.527763
8.422322
8.650068
8.624763
8.66694
8.612107
8.569939
8.481368
8.553067
8.595239
8.607891
8.612107
8.557285
8.696462
8.683809
8.66694
8.489799
8.392801
8.409675
8.46028
8.418105
8.434978
8.291582
8.321102
8.316887
8.388582
8.354844
8.430757
8.354844
8.350625
8.464499
8.350625
8.316887
8.07227
8.266276
8.392801
8.363277
8.371715
8.270495
8.169275
8.148186
8.013227
8.038531
8.07227
8.194578
8.165059
8.139753
8.186143
8.219888
8.198794
8.215664
8.148186
8.21145
8.228319
8.257845
8.106012
8.207232
8.287364
8.405453
8.531981
8.232539
8.245188
8.173491
8.219888
8.097577
8.173491
8.101794
8.009011
8.059617
8.055404
8.017446
7.903572
8.004791
8.000575
7.89092
7.920445
7.97949
7.962614
7.992138
7.907788
7.93731
7.912007
7.920445
7.869831
7.836095
7.899357
7.912007
7.924662
8.04275
8.013227
8.034315
8.02588
8.009011
7.848746
7.819227
7.831876
7.739097
7.760174
7.713786
7.705353
7.857181
7.954183
7.992138
8.089144
8.165059
8.232539
8.274712
8.354844
8.350625
8.439198
8.426541
8.46028
8.405453
8.477152
8.430757
8.536199
8.451846
8.481368
8.346411
8.418105
8.384365
8.49824
8.633199
8.510893
8.645852
8.66694
8.738635
8.755507
8.751287
8.747071
8.620546
8.662722
8.780808
8.789244
8.789244
8.675374
8.582587
8.586809
8.430757
8.586809
8.544633
8.654284
8.633199
8.510893
8.409675
8.426541
8.371715
8.266276
8.316887
8.249408
8.350625
8.380151
8.388582
8.2958
8.283147
8.190362
8.270495
8.257845
8.544633
8.582587
8.401237
8.367496
8.451846
8.692242
8.709112
8.527763
8.523543
8.386033
8.428342
8.563736
8.474885
8.44527
8.436807
8.424113
8.517198
8.491814
8.377572
8.559507
8.563736
8.436807
8.508734
8.593354
8.563736
8.364876
8.356416
8.402961
8.466423
8.331029
8.246406
8.309872
8.347951
8.360649
8.297179
8.233711
8.661057
8.661057
8.589122
8.686442
8.834531
8.7626
9.037621
9.189939
9.249177
9.249177
9.219562
9.249177
9.219562
9.278797
9.316872
9.223791
9.228021
9.295716
9.31264
9.304178
9.414192
9.587664
9.782294
9.769602
9.773834
9.765369
9.714598
9.723059
9.701905
9.579202
9.587664
9.604588
9.689211
9.651133
9.651133
9.511504
9.756908
9.623254
9.899054
9.848136
9.848136
10.187577
9.877836
9.916023
9.763272
9.725087
9.865105
9.877836
9.983913
10.039072
10.017857
10.102718
10.081505
10.013614
10.013614
9.954209
10.179091
10.217277
9.652951
9.7166
9.809947
9.546873
9.585064
9.546873
9.631738
9.517176
9.69114
9.763272
9.797215
9.843892
9.848136
9.818432
9.780244
9.835402
9.733572
9.640222
9.542635
9.652951
9.63598
9.474745
9.474745
9.313508
9.37291
9.296536
9.398372
9.275327
9.453529
9.453529
9.377155
9.4408
9.648711
9.67417
9.585064
9.542635
9.330483
9.228646
9.165004
9.30078
9.351698
9.415341
9.4408
9.37291
9.392063
9.426105
9.519727
9.460152
9.434617
9.392063
9.285674
9.298439
9.264395
9.149493
9.204816
9.302695
9.13247
9.213328
9.502708
9.996353
9.860175
9.830387
9.81762
10.089974
10.209132
10.175087
10.294245
10.336801
10.034655
9.928263
9.809106
9.894219
9.872943
9.741017
9.86443
9.71974
9.81762
9.860175
10.038912
10.043166
10.068699
10.064442
10.085722
10.11551
10.034655
10.106995
10.094234
10.128276
10.264457
10.341056
10.353821
10.366588
10.243178
10.430419
10.651713
10.877256
10.894282
10.945347
11.000669
11.051737
10.945347
11.124083
11.043223
11.013438
11.021948
11.015549
11.130735
11.177669
11.292858
11.309921
11.292858
11.092344
10.951556
10.985685
10.652913
10.938758
10.891826
10.815037
10.755304
10.725441
10.635848
10.908893
10.789435
10.989949
11.216063
11.335518
11.412315
11.348322
11.536033
11.924267
12.026658
12.094917
12.077855
12.214375
12.111984
12.094917
11.945599
12.052255
12.180244
12.372227
12.521547
12.419157
12.466085
12.581276
12.329563
12.321034
12.227174
12.542878
12.521547
12.542878
12.832986
12.803119
12.884184
12.645271
12.760459
12.581276
12.683664
12.589808
12.559945
12.700735
12.67513
12.594074
12.636736
12.50448
12.406362
12.308232
12.340312
12.451529
12.46436
12.59696
12.575572
12.656841
12.6269
12.631178
12.6269
12.52424
12.639731
12.823662
12.857879
12.969093
13.435329
12.95626
12.797997
12.789439
12.6269
12.639731
12.789439
12.575572
12.849327
13.016143
13.110249
12.95626
12.981925
12.917761
12.870715
12.447249
12.686786
11.831303
12.083674
12.092226
12.032339
12.301821
12.199161
12.015231
12.075115
12.113613
11.998124
12.032339
12.417309
12.323203
12.477189
12.365977
12.447249
12.29754
12.122168
12.229101
11.874076
11.702984
11.463445
11.25813
11.326571
11.104142
11.54899
11.463445
11.048537
11.318014
11.228188
10.885996
10.620796
10.890273
10.922447
10.759428
10.656462
10.639306
11.192723
11.09405
11.218462
11.330002
11.325713
11.746139
11.415805
10.99109
11.227043
11.01683
11.402935
11.334292
11.012542
11.111207
10.918161
11.076891
11.467283
11.342874
11.454415
11.656047
11.591697
12.479733
12.441125
12.278106
12.243786
12.123661
12.063601
12.080759
12.260945
12.235201
12.333871
12.282392
12.312422
12.338166
12.441125
12.333871
12.333871
12.37248
12.462576
12.792908
12.574116
12.260945
12.23091
12.059308
12.016409
12.278106
12.188008
12.269523
12.342456
12.303845
12.509764
12.475445
12.608434
12.09792
12.153693
12.0207
11.943478
11.724688
11.737559
11.458704
11.458704
11.968505
12.050245
11.912579
12.325583
12.179307
12.166403
12.14489
12.045944
12.045944
11.977111
12.278255
12.166403
12.368603
12.428831
12.170707
12.153498
12.101872
12.213728
12.192219
11.387717
11.172612
11.275866
11.275866
11.069362
11.258654
11.133894
11.447949
11.529687
11.800722
11.628638
11.568409
11.602827
