Adjusted
6.245873
5.978193
6.013884
6.26818
6.134338
6.326179
6.219106
6.120956
6.071883
5.880044
5.790816
5.688205
5.53206
5.554365
5.786354
5.576675
5.53206
5.621285
5.585596
5.442832
5.616824
5.648055
5.598979
5.509752
5.384836
5.206382
5.242074
5.175151
5.130539
5.041312
5.157307
5.304532
5.103772
4.943163
5.027926
4.929779
4.956546
4.961007
5.023467
5.30007
5.295609
5.06808
5.203109
5.194109
5.338139
5.221113
5.239116
5.185106
5.495671
5.603693
5.851244
5.806239
5.932263
5.900757
6.103302
5.828742
5.95927
5.986277
5.950268
5.792735
5.792735
5.747725
5.981774
6.026785
6.161813
6.220323
6.215824
6.04929
6.121304
6.071796
6.224827
6.386858
6.148312
6.323847
6.242832
6.431871
6.431871
6.256336
6.188817
6.404864
6.611908
6.544393
6.251831
6.265336
6.260832
6.368858
6.211323
6.265336
6.310344
6.526391
6.485883
6.436373
6.211323
6.098798
5.887254
5.972774
6.04929
6.211323
6.211323
6.400362
6.562399
6.634414
6.868464
6.953982
6.904472
7.044916
7.108344
7.06757
6.936185
7.063039
7.294095
7.398292
7.180831
7.430008
7.226137
7.158178
7.022266
7.085691
6.945249
7.013203
6.904472
6.945249
6.800273
7.022266
7.072099
7.09022
7.031324
7.226137
7.393763
7.257849
7.334867
7.538743
7.547799
7.371113
7.275971
7.153649
7.343928
7.448128
7.493435
7.683715
7.633881
7.620291
7.710897
7.633881
7.588573
7.570454
7.55233
7.6067
7.375641
7.303156
7.452662
7.697305
7.792448
7.860407
7.778856
7.733548
7.706369
7.783386
7.855874
7.887591
7.52968
7.362053
7.362053
7.466251
7.516089
7.742611
7.683715
7.611228
7.688709
7.515519
7.346888
7.37423
7.173694
7.150908
7.246618
7.191928
7.278521
7.45627
7.483614
7.45627
7.387902
7.22383
7.201042
7.005065
6.886567
6.790856
6.950372
6.872893
7.182812
7.305869
7.39702
7.369673
7.451712
7.292193
7.752515
7.693263
7.875569
7.989512
8.053316
8.03053
7.925703
7.989512
8.016855
7.802648
7.788977
7.7434
7.793531
7.925703
7.925703
7.884685
8.021415
8.108009
7.980398
7.98495
8.185488
8.044203
7.994071
7.930262
8.048761
8.203722
8.112565
7.953048
7.953048
7.971279
8.135356
8.085221
8.112565
8.203722
8.071547
8.167256
8.267527
8.139915
8.33241
8.084913
8.075747
8.144496
8.016164
7.961166
8.029914
7.988662
7.869499
7.951996
8.130747
8.249911
8.217831
8.222412
8.213243
8.16741
8.236157
8.249911
8.240743
8.263663
8.13533
8.181162
8.291162
8.428657
8.249911
8.144496
8.121577
8.057412
8.171995
8.226995
8.318658
8.240743
8.272828
8.162828
8.217831
8.327826
8.304911
8.181162
8.171995
8.341578
8.589077
8.73574
8.73574
8.662408
8.795321
8.694489
8.65324
8.662408
8.818238
8.689905
8.87324
8.831989
8.726576
9.051984
9.024487
9.07032
9.258229
9.216986
9.051984
9.07032
8.983238
9.070856
8.987847
8.964789
8.909451
8.872557
8.891009
8.784941
8.858722
8.752659
8.807997
8.877172
8.831055
8.955564
8.895619
9.08008
9.010907
9.029352
9.038577
9.107746
9.130807
9.223037
9.163085
9.33371
9.476673
9.74875
9.693414
9.485892
9.47206
9.250706
9.21381
9.227644
9.287599
9.375216
9.462835
9.435165
9.63807
9.716465
9.716465
9.891706
9.808699
9.591955
9.51817
9.665742
9.568898
9.596569
9.421331
9.223037
9.186143
9.223037
9.223037
9.153862
9.167695
8.895619
8.987847
8.987847
8.872557
8.900229
8.858722
8.964789
8.946344
8.946344
8.900229
8.886393
8.891038
8.923517
8.895673
9.002405
9.044168
8.937437
9.002405
8.858554
8.932798
8.891038
8.858554
8.691495
8.654372
8.612607
8.700778
8.719341
8.710058
8.793586
8.659017
8.677577
8.714699
8.728623
8.87247
9.076651
9.002405
9.150899
9.160182
9.257631
9.164821
9.239067
9.081292
9.016325
9.132338
9.118415
9.169459
9.076651
9.164821
9.37828
9.29011
9.443243
9.48501
9.480366
9.364357
9.192663
9.002405
8.853912
8.923517
9.002405
8.904957
8.733263
8.765741
8.997765
9.211224
9.396842
9.280831
9.276191
9.239067
9.304032
9.359714
9.396842
9.373639
9.28547
9.317952
9.453333
9.66341
9.70542
9.906159
9.798788
9.686749
9.808128
9.836138
9.915498
10.013535
10.190927
10.18159
10.176924
10.260953
10.092895
10.195597
10.228278
10.223605
10.214266
10.415006
10.405667
10.190927
10.307632
10.069553
10.214266
10.643755
10.634421
10.72778
10.821148
10.76513
10.723118
10.755794
11.01255
11.040558
11.01255
11.138595
11.143263
11.049897
11.180614
11.185279
11.484052
11.568082
11.6241
11.45137
11.61943
11.96022
11.941546
12.50174
12.417709
12.487735
12.413044
12.735154
12.991912
12.791177
12.651125
12.627789
12.371034
12.548426
12.23098
12.025575
12.034912
11.764151
11.409358
11.540716
11.231088
11.296766
11.338989
11.16541
11.184172
11.080961
10.95899
11.141953
11.399971
11.324915
11.254545
11.263926
11.00186
11.204586
11.1947
11.328206
11.254035
11.080976
11.357879
11.377656
11.382599
11.150199
11.056251
11.184813
11.036469
11.120526
11.031528
10.972195
11.061196
10.907911
11.150199
11.30348
11.397432
11.382599
11.352934
11.283705
11.298538
11.387541
11.372712
11.486434
11.718835
11.872122
11.886954
11.743558
12.020456
12.069903
12.064958
11.985846
11.882009
11.990788
12.00068
12.015512
11.995735
11.94134
11.847393
11.619942
11.728723
11.521048
11.585326
11.758391
12.074847
12.179324
11.995244
12.164404
12.194255
12.244005
12.398241
12.482817
12.472869
12.497744
12.393261
12.418138
12.283806
12.119625
12.005196
11.74151
11.726587
11.627083
11.826089
11.756433
12.000223
12.089776
11.995244
12.234058
12.263904
12.258935
11.870866
11.721608
11.617127
11.701708
11.607178
11.462895
11.204185
11.234039
11.318617
10.945473
11.094732
10.930549
11.010153
10.895721
11.005177
10.88577
10.791246
10.706667
10.831043
10.821097
10.801191
10.428055
10.547459
10.373325
10.194217
10.054912
10.164367
10.174318
10.174318
10.343473
10.398198
10.393226
10.418102
10.28377
10.174318
10.159392
10.174318
10.234021
10.414441
10.820395
10.639973
10.644985
10.825407
10.680068
10.800344
10.825407
10.870509
10.945689
11.000818
10.910606
10.935664
10.905594
10.775291
10.83042
10.69009
10.629943
10.649992
10.815382
10.750232
10.735194
10.715149
11.126111
11.015857
11.261432
11.466912
11.436842
11.371688
11.291501
11.326581
11.226351
11.481948
11.722508
11.717501
11.642322
11.87788
11.797688
11.792678
11.988132
12.273805
12.218675
12.203644
12.489315
12.544439
12.203644
12.158536
12.083357
12.173574
12.238725
12.133471
12.148512
12.123452
11.702463
11.667384
11.081008
11.101052
11.060958
10.990794
10.715149
10.960726
10.865501
10.945689
10.79534
11.093101
10.603554
10.492522
10.7701
10.780195
10.633834
10.61365
10.603554
10.447103
10.391582
10.300737
10.265412
10.159426
9.937361
9.745581
10.169521
10.184662
10.260364
10.18971
10.129139
10.27046
10.310832
10.240176
10.063535
10.073629
10.013066
10.058488
9.972693
9.937361
9.715297
9.750628
9.917174
9.790999
9.780908
9.836423
9.685017
9.659782
9.831379
9.785955
9.816236
9.493237
9.750628
10.098868
10.164468
10.290643
10.381489
10.437008
10.57832
10.356257
10.7701
10.825616
10.775149
10.835709
10.497571
10.674212
11.057775
10.926555
10.977024
11.325261
11.173854
11.340402
11.350499
11.335253
11.304768
11.751881
11.51308
11.640097
11.685831
11.589292
11.558811
11.609616
11.50292
11.594372
11.868736
11.756961
11.635021
11.635021
11.50292
11.43687
11.355577
11.38606
11.253963
11.38098
11.396224
11.355577
11.330171
11.20315
11.528323
11.60454
11.675667
11.645183
11.914466
11.701074
11.60454
11.26412
11.452117
11.457192
11.370822
11.375897
11.690913
11.838253
11.817931
11.695992
11.792526
12.021161
11.797609
11.889061
11.767121
11.741713
11.711234
11.838253
11.975431
11.985596
12.112617
12.097369
12.209151
12.10753
11.965272
11.838253
11.894142
12.239637
12.15834
12.13802
12.102228
12.163582
11.913051
11.87726
11.723878
11.764777
11.974406
11.831244
12.035762
12.163582
12.255611
12.209599
12.322085
12.388554
12.460132
12.393666
12.460132
12.603294
12.608407
12.536827
12.409008
12.475472
12.470356
12.506147
12.434566
12.741341
12.777132
12.777132
12.649306
12.552166
12.31186
12.475472
12.557274
12.495925
12.83849
12.736231
12.853826
12.679982
12.700439
12.731113
12.833371
13.058339
13.109469
13.063455
13.053229
13.048114
13.467368
13.625871
13.753697
13.651431
13.830391
13.528726
13.181049
13.406019
13.191275
12.935628
13.641213
14.249647
14.316116
14.152501
13.799711
13.784369
13.717905
13.671623
13.964704
14.211503
14.041827
13.645919
13.507096
13.53795
13.769318
13.738466
13.167747
12.936378
13.106047
13.404265
13.265438
13.188313
13.239728
13.162607
13.018643
13.106047
13.023781
12.823259
12.854109
13.136894
13.157468
13.111192
12.936378
13.044347
12.998075
13.183173
13.080346
12.735851
12.483906
12.303952
12.411928
12.22683
12.674154
12.571314
12.298813
12.684434
12.828397
12.684434
12.504478
12.859252
12.936378
12.797546
12.591884
13.270582
13.327139
13.471108
13.214022
13.136894
13.42483
13.260298
13.476246
13.784743
13.964704
13.522523
13.388844
13.183173
13.244877
13.106047
12.843824
12.740993
12.987794
13.049859
13.029169
13.308475
13.432615
13.525718
13.339512
13.230892
13.344682
13.618818
13.934334
14.01709
14.079164
13.986059
13.887778
13.939505
13.934334
13.706749
13.996399
14.198126
14.389502
13.94985
13.960193
13.701573
13.841231
14.301568
14.47743
14.415363
14.415363
14.68432
14.69467
14.513637
14.792939
14.880873
14.906734
14.906734
14.96363
14.751568
14.787769
15.118803
15.129147
14.932599
15.28432
15.118803
15.232594
15.242938
14.901563
15.34121
15.361908
15.641211
15.9619
16.391207
16.334305
16.603266
16.365339
16.551544
16.437757
16.132587
15.930855
15.863615
16.163618
16.236038
16.230864
16.080858
15.945723
16.252377
16.470663
15.893758
16.304346
16.314745
16.226391
16.054873
15.982107
15.831379
15.898953
16.070471
16.153625
15.826188
15.711841
15.633879
15.623489
15.218085
15.446771
15.072562
15.228483
15.238875
15.041378
15.374012
14.214982
14.204589
13.929123
14.137021
14.001889
14.563208
14.875057
14.630774
14.412483
14.734728
14.755518
14.70354
14.693147
14.708739
14.443668
14.355315
14.32413
14.448866
14.521629
14.802287
14.843874
14.869852
15.160913
15.223286
15.098543
14.812688
14.70354
14.968613
15.119331
15.228483
15.186901
15.353218
15.316836
15.420791
15.337634
14.916633
14.237418
14.451629
14.065005
13.756744
13.093204
13.396237
13.474607
13.735846
13.626123
13.78287
13.458933
13.291737
13.396237
13.427583
13.563427
13.78287
13.803761
13.688824
13.965734
13.991858
13.882135
13.819439
13.741072
13.615675
13.808993
13.819439
13.70972
13.986629
14.033651
14.185172
14.164269
13.751516
13.479833
13.479833
13.532081
13.824661
13.93961
14.033651
13.913482
15.078597
15.308487
15.05248
14.864387
14.404606
14.294892
14.383714
14.671074
14.906186
14.801689
14.509105
14.634501
14.6554
14.456857
14.321017
13.67837
13.307418
13.359663
13.694045
13.667923
13.573877
13.824661
13.610451
13.714949
13.641381
13.735966
13.793765
14.151094
14.151094
13.977686
13.86208
13.678164
13.872585
13.904119
13.567811
13.830548
13.783255
13.783255
13.888354
14.024978
14.287719
14.287719
14.45061
14.203638
14.103799
14.57147
14.671313
14.424339
14.97609
14.955066
15.091696
15.233572
14.839463
14.555708
14.466373
14.476891
14.429592
14.329755
14.308731
14.208887
14.319248
14.182621
14.072271
13.751728
13.562556
12.8952
12.66399
12.826889
12.690265
12.464308
12.485331
11.986123
12.311922
12.711283
12.910966
12.548385
12.217338
12.327685
12.03342
11.392338
11.297752
11.59202
11.796952
11.607784
11.691859
12.448547
12.322432
12.070206
11.747556
12.160124
12.006735
12.250038
12.419294
12.128386
11.87979
11.361438
11.139283
11.541273
11.504251
11.832181
12.15483
11.922107
12.461616
12.414006
11.811031
12.218301
12.186568
12.086071
12.017311
12.107229
12.107229
12.144254
12.043756
11.985574
11.832181
11.969704
11.77929
11.366728
11.414332
11.615319
11.684086
11.763424
11.541273
11.557142
11.610039
11.313833
11.461935
11.509537
11.424909
11.414332
11.493668
11.673508
11.647059
11.641768
11.329698
11.329698
11.34557
11.557142
11.340277
10.419939
9.869853
10.039109
10.552174
10.092
9.727039
9.71646
9.277451
9.272159
9.494309
9.938612
9.436127
9.564146
10.262922
10.305593
10.710992
10.636314
10.73766
10.614974
10.839012
11.100382
10.935023
10.63098
10.657649
10.385605
9.969543
10.081559
10.076225
9.857524
9.676163
9.793517
10.156241
9.910868
9.894864
10.05489
