Adjusted
1.97375
2.03125
2.0125
1.95
1.9275
1.91375
2.0375
2.00125
2.0125
1.98125
1.99375
1.99375
1.98
1.9375
1.99125
2
1.97875
2.0125
2.08
2.1625
2.18875
2.15375
2.125
2.11
2.125
2.11875
2.125
2.12375
2.0775
2.0925
2.05125
2.0375
2.0625
2.05625
2.075
2.0875
2.09375
2.225
2.2125
2.25
2.20625
2.23
2.24625
2.22
2.1125
2.00625
2.0375
2.1125
2.1675
2.15625
2.20875
2.25
2.25
2.25
2.25
2.28
2.28125
2.28125
2.28125
2.235
2.24375
2.215
2.22
2.22
2.24375
2.24125
2.24125
2.2375
2.20625
2.20625
2.26375
2.2975
2.355
2.4725
2.46875
2.44875
2.4575
2.3775
2.375
2.34
2.335
2.34375
2.29875
2.26125
2.2375
2.1375
2.175
2.23625
2.21125
2.23375
2.2425
2.2
2.2375
2.20125
2.2125
2.18875
2.20375
2.48125
2.3825
2.35
2.29875
2.24375
2.2825
2.31125
2.295
2.28625
2.2875
2.2875
2.2875
2.28
2.19625
2.15625
2.1925
2.16125
2.11875
2.10125
2.12125
2.14875
2.155
2.065
2.06375
2.125
2.1875
2.2
2.21875
2.225
2.215
2.23125
2.225
2.21875
2.2275
2.25
2.25
2.25
2.30875
2.3125
2.285
2.26625
2.25
2.25
2.22375
2.2375
2.17625
2.22
2.25
2.21875
2.2475
2.225
2.27375
2.26375
2.28125
2.26875
2.27
2.265
2.24875
2.25
2.24
2.21875
2.2175
2.23125
2.24875
2.275
2.28125
2.3125
2.32125
2.315
2.30875
2.325
2.33125
2.33625
2.31125
2.30375
2.3125
2.3125
2.3125
2.32375
2.3225
2.31125
2.44
2.52125
2.4825
2.45625
2.40625
2.41875
2.325
2.2625
2.29875
2.3625
2.37125
2.3825
2.30125
2.33625
2.33625
2.28125
2.29625
2.26625
2.2975
2.3125
2.2625
2.24375
2.13
2.125
2.135
2.1375
2.15
2.22125
2.19125
2.1275
2.24125
2.2
2.1375
2.145
2.2375
2.25125
2.18625
2.21125
2.28
2.26125
2.28625
2.25
2.33875
2.29125
2.28375
2.28125
2.2675
2.23625
2.22375
2.28
2.21375
2.24125
2.215
2.24875
2.23
2.30625
2.25
2.255
2.24
2.2625
2.3125
2.2125
2.215
2.26625
2.21875
2.1975
2.2275
2.20125
2.275
2.29125
2.28375
2.36875
2.25
2.27625
2.26875
2.2525
2.215
2.21375
2.19
2.1875
2.1575
1.8775
1.83
1.85625
1.83625
1.79625
1.75
1.69375
1.69875
1.7
1.9025
2.04625
1.9625
1.9475
1.91875
1.96375
2.115
2.115
2.23125
2.21875
2.19625
2.25
2.23
2.14375
2.125
2.16875
2.14375
2.185
2.20625
2.21125
2.21875
2.2225
2.2425
2.33375
2.34625
2.27
2.3475
2.34875
2.405
2.4225
2.4375
2.49375
2.53
2.52125
2.4775
2.505
2.4575
2.4975
2.5
2.495
2.4625
2.5125
2.50625
2.5
2.50875
2.475
2.375
2.26875
2.26375
2.27375
2.25125
2.20875
2.21875
2.165
2.25375
2.25875
2.23375
2.1725
2.13125
2.08875
2.085
2.1
2.105
2.0875
2.09125
2.12875
2.20625
2.1425
2.2175
2.24375
2.2775
2.17625
2.22625
2.2675
2.2525
2.27125
2.28375
2.275
2.19625
2.135
2.185
2.2375
2.3125
2.26875
2.29
2.25375
2.25
2.37375
2.46125
2.42625
2.3725
2.385
2.3925
2.41375
2.40875
2.4475
2.5125
2.49125
2.505
2.4675
2.4875
2.4625
2.415
2.4375
2.455
2.50875
2.47625
2.49125
2.53125
2.63125
2.60875
2.60125
2.58125
2.625
2.52375
2.3875
2.40875
2.4375
2.4375
2.43375
2.5
2.5
2.48375
2.38625
2.42
2.5
2.5175
2.84
2.88125
2.93
2.7225
2.75
2.8
2.85625
2.8075
2.85375
2.78125
2.8275
2.8225
2.89
2.86875
2.955
3.08125
2.995
3.01875
3.17875
3.1125
3.1025
3.11625
3.0725
3.065
3.185
3.1125
3.15875
3.27125
3.3525
3.3675
3.35625
3.375
3.5
3.45125
3.47375
3.405
3.40375
3.27
3.33875
3.35125
3.40375
3.39375
3.39375
3.32125
3.4375
3.41125
3.45
3.475
3.55625
3.5525
3.52625
3.4625
3.4225
3.2775
3.38125
3.44375
3.425
3.45625
3.59375
3.60625
3.625
3.79125
3.85
3.875
3.975
3.9325
3.8025
3.79125
3.84125
3.81
3.49625
3.65625
3.72
3.835
3.83375
3.8675
3.785
3.785
3.85125
3.89625
3.89625
4
3.86875
3.84375
3.885
3.91
3.75
3.5075
3.62
3.7625
3.7525
3.735
3.7925
3.76375
3.68125
3.6
3.6975
3.6575
3.51875
3.42375
3.49125
3.51875
3.51
3.62
3.64375
3.83375
3.775
3.75625
3.785
3.6825
3.65625
3.8125
3.72625
3.6375
3.64625
3.65125
3.66
3.635
3.605
3.58625
3.61875
3.6175
3.6875
3.7025
3.71875
3.54
3.585
3.7875
3.73375
3.80625
3.80875
3.83125
4.00375
3.9625
4.07625
4.195
4.14625
4.1325
4.02375
4.04625
4.11875
4.19125
4.34875
4.1675
4.19
4.16
4.14875
4.07
4.07375
4.19625
4.25875
4.27625
4.3725
4.3675
4.4225
4.4025
4.35
4.35
4.28125
4.1875
4.32875
4.26375
4.315
4.29
4.33875
4.37125
4.36125
4.3575
4.3475
4.3275
4.73625
4.7525
4.85
5
5.075
4.87125
5.01375
4.875
4.85
4.795
4.7825
4.925
4.75
4.8625
5.0625
5.165
5.265
5.475
5.6475
5.6225
5.5125
5.37
5.325
5.3125
5.1775
5.175
5.15
5.1675
5.165
5.23
5.225
5.3575
5.4275
5.4225
5.4425
5.4325
5.465
5.55
5.505
5.4525
5.625
5.0525
5.2325
5.2925
5.275
5.2875
5.3425
5.385
5.5325
5.4775
5.4375
5.3075
5.325
5.175
5.0625
5.1025
5.1225
5.1725
5.04
5.07
5.0175
5.2025
5.025
5.0475
5.125
5.0575
4.9975
5.05
5.0175
5.025
5.0075
5.025
5.3725
5.525
5.4675
5.385
5.295
5.25
5.275
5.095
5.26
5.3475
5.2275
5.355
5.7525
5.735
5.78
5.7
5.625
5.525
5.55
5.59
5.6225
5.5
5.525
5.585
5.4225
5.22
5.185
5.1675
5.1
4.9425
4.8875
4.91
5.05
4.98
5.0375
5.1275
5.1275
5.1325
5.125
5.05
4.995
5.04
5.0025
4.8275
4.72
4.7425
4.74
4.6875
4.645
4.495
4.4725
4.7575
4.75
4.9225
4.6925
4.77
4.6225
4.85
5.2475
5.19
5.125
5.0575
5.025
5.155
5.385
5.105
5.1975
5.5025
5.3775
5.23
5.6175
5.545
5.6
5.49
5.295
5.5575
5.5125
5.375
5.0775
4.9725
5.25
5.0575
5.02
5.21
5.3575
5.31
5.3125
5.25
5.32
5.0375
5.0625
5.06
5.14
5.2575
5.3025
5.1925
5.175
5.275
5.295
5.265
5.2925
5.3125
5.445
5.6425
5.7025
5.51
5.525
5.485
5.5125
5.52
5.4425
5.5875
5.7425
5.745
5.5875
5.4925
5.27
5.125
5.3175
5.5775
5.59
5.6925
5.7475
5.8375
5.9975
6
6.185
6.04
6.1125
6
5.96
6.0025
5.945
5.9925
6.3475
6.09
5.87
5.785
5.5825
5.54
5.575
5.6575
5.735
5.7625
5.7275
5.8075
5.8125
6.0625
6.1525
6.1325
6.0825
6.1275
6.165
6.2075
6.08
5.9075
5.955
5.855
5.73
5.6775
5.96
5.9575
5.8125
5.4975
5.3875
5.6625
5.6575
5.655
5.7825
5.8425
5.8125
5.9775
5.93
6.005
5.915
5.8775
5.975
5.895
5.7475
5.61
5.5575
5.3825
5.2925
5.2475
5.1475
5.03
5.005
5.105
5.11
5.185
5.225
5.1975
5.3
5.3875
5.3275
5.2975
5.2725
5.2825
5.355
5.6175
5.505
5.5575
5.7
5.65
5.6725
5.67
5.585
5.5375
5.5725
5.57
5.645
5.685
5.635
5.64
5.635
5.58
5.29
5.43
5.245
5.1
5.2425
5.2475
5.215
5.205
5.29
5.3675
5.1875
5.19
5.1875
5.195
5.25
5.3975
5.41
5.49
5.55
5.5625
5.4475
5.3775
5.4175
5.465
5.5375
5.625
5.6325
5.5675
5.565
5.5825
5.615
5.6275
5.6225
5.6
5.5325
5.45
5.715
5.8025
5.75
5.8175
5.9525
5.915
5.89
5.645
5.74
5.975
5.9725
5.8
5.8275
5.84
5.905
5.755
5.8225
5.9425
6.0275
6.075
6.055
6.1025
6.285
6.44
6.4
6.3625
6.1925
6.235
6.2375
6.2425
6
5.94
5.92
5.855
5.785
5.7725
5.79
5.765
5.88
5.955
5.9325
6.0175
6.0575
6.02
6.01
6.0325
6.105
6.125
6.255
6.19
6.165
6.2725
6.26
6.2
6.135
6.25
6.085
6.235
6.3725
6.38
6.345
7.2725
7.1475
7.15
7.005
7.0525
7.2975
7.2525
7.22
6.95
7.12
7.1075
7.28
7.235
7.19
7.59
8.005
8.205
8.465
7.9975
7.4875
7.13
7.3775
7.6575
8.0975
8.24
8.21
8.3125
7.845
7.915
7.915
7.4875
7.6675
7.685
7.745
7.5525
7.44
7.4225
7.1725
7.325
7.37
7.335
7.5075
7.5875
7.75
8.4575
8.1775
8.48
8.61
8.7
8.7725
8.7275
8.7175
8.7025
8.6075
8.7275
8.8675
8.8225
8.6525
8.5475
8.83
8.75
8.47
8.765
8.7625
8.65
8.8475
8.9275
8.75
8.82
9.0325
9.235
9.5875
9.8975
9.9375
9.68
9.64
9.5825
9.6875
9.735
10.2875
9.685
9.8525
9.6875
9.695
10.12
9.705
9.645
9.7175
9.27
9.175
9.1425
9.355
9.6525
9.9075
10.095
9.9525
9.9275
9.93
9.945
10.32
10.3
10.185
10.055
9.665
10.02
10
9.97
9.985
10.245
10.63
11.2
10.935
11.255
11.31
10.775
10.89
