Adjusted
38.969536
39.85601
40.44503
39.635883
39.921452
39.998806
40.016651
39.564491
39.980946
40.028545
40.224888
39.148006
38.915989
38.642303
37.809357
36.63731
35.828171
36.256527
36.435028
35.322449
35.840069
36.696808
36.387424
36.00071
36.41716
35.554485
35.774612
35.721073
35.233463
34.276207
33.941151
34.593296
34.790722
34.012947
34.389874
33.905258
33.480476
33.253124
33.809528
33.839436
33.863384
33.624065
34.102692
33.474487
34.090729
33.504406
32.128319
32.331745
33.049709
32.295856
33.08559
33.492435
33.983025
33.881325
34.820644
33.923203
34.784752
34.617229
34.826614
34.916363
34.192448
34.898422
35.664246
36.196724
36.645432
35.783897
35.777916
35.454834
35.700134
34.916363
35.598412
35.341164
34.844585
34.928345
35.580482
36.669369
37.393303
38.320652
37.859962
38.314674
38.58989
38.183067
38.362537
38.434341
38.260822
38.284767
38.506138
38.236897
38.380482
38.512115
38.370785
38.33469
38.58128
38.208382
36.536434
35.09301
35.062954
34.720127
34.942661
35.664368
35.30352
35.014839
35.947048
34.972736
35.844807
36.193623
37.119812
36.795033
36.067326
36.223686
38.00391
38.527138
39.218781
40.806545
41.997345
41.49818
40.535877
41.215504
40.337433
41.293709
40.746391
41.816929
40.96891
41.480118
41.967281
41.865044
41.660549
42.298054
41.600407
40.842625
40.343437
40.565964
40.505825
39.59166
39.83223
40.181057
40.403595
39.778111
39.627747
39.736004
40.18708
40.505825
40.066784
39.020313
40.024681
39.597675
38.491043
38.863945
38.376801
37.853554
38.400856
37.847538
37.93174
37.817478
37.608868
37.125145
37.264202
37.282337
37.034454
37.258163
38.431183
37.971649
38.443275
39.03582
39.434879
39.827923
40.226971
40.390236
37.548397
36.907478
36.883293
37.336769
37.149319
37.506077
36.871204
37.179565
36.822811
36.883293
36.726078
36.907478
36.405621
35.825165
36.175846
35.825165
35.5047
35.063316
35.190277
35.915848
38.098633
38.400936
38.334438
38.352573
38.092575
37.65723
37.590725
37.675369
37.512131
37.717705
37.282337
37.439564
36.98003
37.215839
37.790257
36.750275
39.362339
40.081867
40.299534
40.722786
39.985111
40.293472
40.281387
40.359997
39.453022
39.93071
40.136269
39.815807
39.62233
39.320015
40.228634
41.966869
43.322201
42.969692
43.115547
44.088001
43.474148
42.307224
42.848137
42.951462
42.118816
41.814926
42.726593
42.240368
41.924328
41.942558
41.814926
42.562481
42.878517
42.78735
43.63826
43.875286
43.571388
44.543831
44.05154
44.440514
44.908489
43.881351
42.860298
42.848137
42.921082
43.528847
43.109493
42.744831
43.297905
42.659733
42.623264
42.434864
41.389488
41.073441
41.833145
41.693378
42.058037
42.246437
42.580723
42.3923
43.030468
43.121628
42.216053
41.86961
41.602196
40.67231
41.571808
41.353008
41.966869
42.179581
42.848137
43.425518
44.276421
44.501278
45.303543
45.618057
44.934078
44.885231
44.555454
44.250134
44.366161
44.256229
43.981415
44.19516
44.451653
44.946304
45.153946
44.848587
44.353935
44.628742
44.653168
44.860802
44.457756
43.877602
43.047062
42.240982
43.315792
42.552433
43.157009
42.64402
42.637901
41.911198
41.502041
41.251667
40.60434
39.99976
39.694408
40.060833
40.182964
40.854717
41.282196
41.953964
42.228764
42.002796
42.381424
42.063889
42.265404
42.344799
42.99823
44.518818
44.244011
44.824165
44.121868
44.830288
45.202789
44.671501
44.793617
45.056225
44.97683
44.824165
45.074535
45.581409
46.002781
46.002781
46.570721
46.137138
45.422619
45.098972
45.230904
44.954773
45.316818
44.752285
44.531349
44.107956
44.371799
44.169315
43.42683
44.224545
45.052944
45.384312
45.206364
45.862934
45.715679
45.629776
46.022491
46.427494
46.25568
45.145008
45.18795
44.611134
44.562042
44.917953
45.126572
45.151127
44.592712
44.752285
44.881119
44.629524
43.813412
43.997498
43.107738
42.899097
42.297749
42.567741
41.898857
41.438656
41.653408
41.113426
41.800686
41.99091
41.720921
41.009109
40.68388
40.211372
39.683659
40.057991
39.726608
38.480927
38.131172
38.701851
39.082294
39.051632
39.100708
38.996384
38.793892
39.057758
37.683201
37.431614
37.106407
37.468449
38.638081
38.304783
38.002346
38.940517
38.780033
39.847828
39.718216
39.810802
39.749069
39.93425
39.798443
39.212097
39.699707
39.008411
39.16272
39.570072
39.995964
40.107067
40.736637
40.162624
40.569981
40.644043
40.397152
41.020542
41.44643
41.205738
40.977348
40.434193
40.218178
39.452801
39.193573
39.292336
38.823242
38.298599
38.175159
37.064178
37.897408
37.99617
38.273911
37.940628
36.761723
36.465458
36.416069
35.274216
34.749588
34.582932
35.397655
35.428528
34.564415
34.008907
32.490551
32.002945
31.13266
32.373272
34.687862
34.5891
33.89164
34.039772
34.021267
34.953274
35.379154
35.551964
35.150761
34.891548
34.54681
34.776642
34.913284
35.515774
35.285957
34.695892
35.0313
34.298363
34.863598
33.931919
34.031292
34.006443
33.739361
33.124447
33.832523
34.031292
33.851162
33.913265
33.329411
33.751785
33.962959
34.186565
34.813892
35.403976
35.230042
35.652412
34.795258
34.348064
34.664829
35.167938
35.565468
35.515774
35.671055
35.559246
35.714531
35.248692
34.938126
34.472286
34.832546
35.112034
34.944328
35.366699
35.422592
35.888435
35.04372
35.559246
35.739368
35.403976
35.049934
34.360485
34.062347
34.06855
34.472286
34.515762
33.279728
33.689667
34.012653
34.24868
34.080975
34.180363
34.621349
34.410164
33.944332
34.037502
34.71299
34.650452
34.881863
34.669216
34.481579
34.150089
34.125065
34.293926
34.475315
34.919403
35.025723
35.332199
35.244637
35.119541
35.501076
35.851318
35.48856
34.775547
34.750526
34.306458
33.58717
32.961716
32.705273
32.66774
32.849125
32.511387
32.423813
33.011742
33.086796
32.992985
32.355019
33.005497
32.58643
32.017258
32.104836
33.280685
33.499603
33.774807
33.968708
34.006214
33.662216
35.726234
34.50034
36.320435
36.9021
37.183544
36.289154
36.589371
36.526821
36.758247
36.526821
36.42049
36.276646
36.57061
36.845802
37.371189
37.690182
37.802765
37.640152
37.377441
36.98341
36.98341
37.260399
36.989704
37.392586
37.493313
37.996925
37.732525
37.077843
36.964512
36.901569
36.951942
37.203743
37.172268
36.700127
36.794559
36.630878
36.290962
36.316135
36.290962
36.114689
35.925846
35.875477
36.070648
36.290962
36.108402
36.7379
36.838615
36.542744
36.586823
36.71273
36.209122
35.825115
35.529259
35.667747
35.44112
35.069717
34.887165
35.076023
35.019352
34.754967
35.409645
35.642567
35.535553
35.491482
35.843994
35.667747
35.755875
35.705521
36.045441
35.409645
34.622772
34.465393
34.219879
34.566105
34.899754
35.453724
35.686634
35.258568
34.584995
33.930321
33.647041
33.426704
33.892548
33.930321
34.006386
33.860569
33.632336
33.429482
33.46117
33.296337
33.328022
33.41679
34.05711
33.8479
33.917629
33.860569
34.259972
34.278992
34.881271
34.557945
34.710102
35.267998
35.730812
35.787865
35.959034
36.104851
35.198257
35.153881
34.811527
34.995384
34.716438
34.298012
34.038086
34.202923
34.101498
33.784489
33.962013
33.898624
34.418476
33.930321
33.556274
33.98737
34.076126
34.240959
33.860569
33.549927
33.042755
33.080784
33.309013
33.35973
32.668709
32.732109
32.713081
32.491192
32.142506
32.193226
31.895266
31.952318
31.698727
31.692379
31.565594
31.546568
31.635319
31.80015
32.224918
32.396107
32.763798
32.985683
32.826035
32.557808
32.066051
32.21294
31.804213
31.778646
32.149078
32.40453
32.327896
32.474785
32.276802
32.059677
31.963871
32.251251
32.889896
32.934605
32.870731
33.330555
33.815918
33.343319
34.109699
34.786652
35.572178
35.738224
35.942593
36.185272
36.779202
36.41518
36.402409
36.479046
36.849453
36.919716
36.88139
36.696182
36.140556
36.632317
36.453495
36.651463
36.92609
37.411453
37.156002
37.156002
37.009125
37.009125
36.574833
36.376865
36.517368
36.338554
36.536518
36.47266
36.510967
36.357704
36.753654
36.638702
36.159729
36.332146
35.955368
35.674366
35.393349
35.112358
35.572178
35.955368
35.878716
35.602146
35.685764
36.033085
36.251797
35.91732
35.698616
36.084553
35.975208
36.033085
36.489765
35.77581
35.949474
35.859425
35.833698
36.3354
36.412586
36.895
36.714909
36.824261
36.817825
37.017223
36.644161
36.811398
36.721333
36.933605
36.862862
37.621845
37.332394
37.859833
37.737629
36.264652
36.226063
36.052391
35.569981
35.531384
35.479919
35.293388
35.04253
34.43792
34.328568
34.154888
34.360725
34.264248
34.097012
35.055408
35.151897
34.489368
34.045551
33.807564
33.582436
33.601727
33.92976
34.039116
33.640316
33.402332
33.421627
33.460217
34.051991
34.032696
33.569569
33.485962
33.135933
32.695152
33.557247
33.576698
33.058144
32.902573
33.064617
32.837765
32.675705
32.88961
33.460014
33.881344
33.343338
33.472988
33.699856
33.72578
33.285019
33.155373
33.518353
33.550762
33.537819
33.453537
33.453537
34.464733
35.035145
35.164791
35.320351
35.579628
35.475929
35.385178
35.197197
35.255531
34.659206
34.63974
35.346283
35.825954
36.091702
36.441746
36.733433
36.454693
36.474148
36.253757
36.052818
35.573162
35.36573
35.521297
35.631485
36.35099
36.467663
35.424084
36.305607
36.007442
35.988007
36.078758
36.889
36.798252
36.487114
36.901951
36.713982
36.474148
36.026886
35.748161
35.650936
35.838917
35.49287
35.532032
36.100075
36.276367
36.531002
35.930317
35.832386
35.897682
35.943386
36.067429
35.949913
36.45919
36.635479
36.602833
36.517944
36.563652
36.380844
36.15884
35.825859
36.080498
35.42757
36.008671
36.047852
35.904209
35.78014
36.008671
35.923794
36.400425
36.54406
36.517944
36.942345
37.118645
37.223103
37.425503
37.216572
37.079472
37.014172
37.608322
37.712803
37.582218
37.549564
37.379818
37.25576
37.575684
37.458164
37.647507
37.575684
38.03273
37.536514
37.373291
37.810745
37.725861
37.536514
37.40593
37.23616
36.772598
36.570179
36.557133
36.805229
36.615891
37.00111
37.203526
36.877056
35.825859
35.349216
35.559708
35.42157
35.763626
35.888607
35.882023
35.770203
35.553135
35.539974
35.454464
35.243973
35.336075
35.546555
35.250549
35.125572
35.539974
35.98069
36.085922
35.513668
35.520248
35.507084
35.454464
35.316334
35.500515
35.862286
35.013748
34.612507
34.467793
34.066551
33.777115
34.059975
34.204685
34.21125
34.270462
34.369133
34.441486
34.230988
34.073109
34.092861
33.981037
34.355961
34.599346
34.783527
34.763798
34.888767
34.83614
34.684853
34.632236
35.079533
34.947979
34.724327
34.763798
34.684853
35.599178
36.026737
35.914913
35.960945
35.941227
35.796509
35.658371
35.671532
35.789928
35.985512
36.370018
36.436314
36.456211
36.442955
36.144611
35.8927
35.939098
36.065063
35.136909
34.865097
34.639683
34.32148
34.228661
34.626438
34.381145
34.712627
34.865097
35.00433
34.52037
34.407661
34.507103
34.593292
34.92477
34.984444
35.68055
35.912582
35.673916
35.607616
35.315922
35.143555
35.408726
35.607616
36.058422
36.297092
36.56892
36.781059
36.847355
36.913651
36.853989
37.086029
37.709209
38.7169
39.0285
39.207504
39.790905
40.148891
39.532352
39.300316
39.452789
39.59864
39.519096
39.200867
39.041748
39.220753
39.207504
39.472691
39.592014
39.664936
39.6119
38.922421
39.019249
39.540119
39.560169
39.473354
39.41325
39.646976
39.813938
39.753822
39.667015
39.526787
39.640293
39.707081
39.560169
39.146137
39.359833
39.506748
39.399902
38.925781
38.017567
38.07766
38.271328
37.917389
38.024239
38.318069
38.545116
38.338112
38.565151
37.910706
37.937428
37.262955
37.049252
37.309696
37.61021
37.516712
37.316391
37.884007
37.924072
37.770477
37.823906
37.423214
37.022549
37.23624
37.924072
38.010887
37.990841
37.663635
37.429901
37.650272
37.416546
38.177841
38.177841
39.025928
37.863964
36.742069
36.575134
36.121025
36.194489
36.461601
36.147732
37.543434
37.743767
38.999218
38.631935
38.171154
38.302353
37.299877
37.124966
36.889465
37.548817
37.427715
37.192238
37.501736
37.58918
38.087051
37.939041
37.743931
37.891949
38.127426
38.584927
39.109699
38.544571
38.652222
37.791027
37.77084
38.080334
38.383076
38.470554
38.228348
37.643009
38.443634
38.706028
38.403271
38.766586
38.706028
38.490734
38.618568
38.598389
38.302353
39.217354
39.304817
39.614304
39.668118
40.011265
39.695034
39.392284
39.291367
39.257725
39.378822
38.981873
38.450371
38.315811
38.113979
37.717018
37.730476
38.436901
37.777565
35.274765
35.442963
36.008102
36.122486
36.431984
35.503517
35.436222
35.093113
35.308403
34.669247
34.72979
34.655777
35.321854
35.705097
35.96962
35.311687
35.142113
34.436687
34.151817
33.297161
34.450256
33.690567
34.531654
35.447342
35.806831
35.915367
35.630482
35.3456
36.281651
36.58009
36.831047
37.156628
36.668255
36.681839
36.749653
36.430862
36.071373
36.281651
36.071373
36.105278
36.783577
36.959923
36.83783
36.546177
36.661472
