Adjusted
15.049056
15.02944
15.152029
14.818588
14.61263
14.661672
14.568506
14.617537
14.539083
14.563603
14.416492
14.514564
14.539083
14.47533
14.490047
14.338035
14.132085
14.215447
14.269385
14.22035
14.563603
14.573402
14.784254
14.789159
14.833294
14.749937
14.995116
14.931367
14.877429
14.926466
14.980396
15.274615
15.333456
15.483299
15.733025
15.733025
15.782973
15.777977
15.982759
16.057678
15.932815
15.822931
15.817934
15.867882
15.887867
15.762987
15.683079
15.648124
15.728035
15.733025
16.157574
16.182549
16.457247
16.472225
16.567123
16.197529
16.232494
16.237482
16.082651
16.057678
15.822931
16.187538
16.382324
16.302414
16.057678
16.232494
16.407303
16.482218
16.422287
16.307405
16.457247
16.322393
16.317396
16.482218
16.482218
16.682007
16.781893
16.55714
16.647047
16.642044
16.597097
16.482218
16.552141
16.811863
16.93173
17.106544
16.881788
16.871799
16.906763
16.911757
17.02663
16.93173
17.236401
17.25672
17.38876
17.602057
17.79504
17.850903
17.952471
17.764566
17.596981
17.287189
17.520794
17.749336
17.83567
17.967707
18.054047
18.165777
18.054047
18.500944
18.521261
18.2064
17.881372
18.069281
17.871218
17.505568
17.439548
17.403999
17.139915
17.053581
17.317665
17.729017
17.744247
17.840744
18.089586
18.460321
18.526344
18.83613
18.74979
18.460321
18.201321
18.612679
18.709167
18.643147
18.668543
18.181
18.282572
18.282572
18.434925
18.42478
18.612679
18.688856
18.561888
18.63299
19.04435
18.958014
18.714249
18.78027
18.770111
18.739639
18.917385
18.968172
19.018961
19.003721
18.917385
18.892002
18.892002
19.005461
18.902306
18.948734
18.824947
18.670218
18.44845
18.824947
19.026094
18.959034
19.18597
19.521212
19.717196
19.82551
19.598576
19.598576
19.469635
19.273649
19.516048
19.124081
19.057037
19.082817
19.026094
18.953884
18.979668
18.824947
19.03125
18.979668
19.18597
19.134399
19.21176
19.469635
19.7533
19.959604
20.269054
20.465034
20.501141
20.336105
20.593975
20.413467
20.593975
20.774485
20.75901
20.913736
20.52692
20.449564
20.609453
20.552719
20.413467
20.3722
20.707436
20.31547
20.475357
20.578503
20.733232
21.145832
21.094255
21.300556
21.316027
21.63579
21.584221
21.584221
21.955818
21.981987
22.175638
22.029091
22.238451
21.824978
21.458611
21.484774
21.636557
21.824978
21.929659
22.086662
22.1861
22.254139
22.343121
22.337883
22.374529
22.269842
22.358828
22.243683
22.343121
22.604805
22.871737
23.081087
23.112486
22.871737
22.740885
22.688553
22.542004
22.704256
22.641449
22.767056
23.138659
23.290436
22.819389
22.897907
23.028753
23.348007
23.264269
23.405586
23.190996
23.494564
23.677731
23.552128
23.761477
23.353239
23.709145
23.813824
24.389542
24.96002
25.410128
25.122269
25.069933
25.190308
25.514809
25.540989
25.294985
25.028065
25.572376
25.933502
26.336515
26.587744
26.451662
26.221373
26.216141
26.294641
26.024433
25.844307
25.642977
25.642977
25.971462
25.939665
26.172791
26.46418
26.480078
26.760868
26.994001
27.412556
27.5662
27.709246
27.550304
27.285395
27.550304
27.481422
27.364882
27.518518
27.974155
27.725136
27.550304
27.656271
27.444344
27.550304
27.470829
27.8417
28.159582
28.556957
28.768873
28.31324
26.861547
25.219124
24.742294
24.588652
22.781979
22.940928
22.676014
23.248215
23.560802
23.862801
22.728998
22.617735
23.068073
22.813766
23.041592
23.11577
22.819063
22.347536
22.183298
22.093222
22.199183
22.135607
22.342236
21.56341
21.060085
21.134254
21.457447
21.56341
21.881294
21.844206
22.710011
22.053947
22.634731
22.801441
22.645483
23.285433
23.774805
24.172754
24.334085
24.038305
24.554571
24.23728
24.360968
24.565329
24.629856
24.409367
24.39324
24.038305
24.651365
24.898745
25.14612
25.436512
25.855986
25.818338
25.839842
25.678511
25.651621
26.02268
25.226782
25.743036
25.705404
26.485168
26.31308
26.673382
26.028065
26.17864
26.431383
25.93664
26.275444
26.361485
26.237795
26.823961
26.619606
26.296953
25.425747
25.060076
25.194511
25.113855
25.26442
25.232162
25.759169
26.081833
26.565838
26.646492
26.216284
26.108732
26.028065
26.001175
25.94739
25.753792
25.818338
25.94739
26.108732
26.462721
26.184967
27.764339
27.775244
28.6793
28.450554
28.472347
29.468981
29.43631
29.681381
29.381845
29.409086
29.539772
30.269562
30.383936
29.19124
29.354618
29.027857
28.570366
28.706533
29.65415
29.441763
29.13678
28.859022
28.728302
28.494131
28.445107
28.646616
28.635733
28.848127
29.022396
29.463537
29.490763
29.773968
29.844759
29.59425
29.893791
29.844759
30.280453
30.280453
30.58
30.906765
31.070147
30.988453
31.124611
31.587521
31.353346
31.179068
31.897957
32.11581
32.360867
32.5406
32.731216
32.622295
32.736664
33.439194
31.451374
31.59297
32.094009
32.160095
32.413418
33.360592
34.109516
33.674496
32.920048
33.052208
32.710781
32.710781
32.820923
33.553333
33.448704
33.261475
33.448704
34.181103
33.679996
34.115036
34.417915
33.922298
33.905777
33.977375
34.225174
34.500515
34.957581
34.913528
34.638187
35.60741
35.216404
35.161327
35.299015
33.883743
34.170105
34.148079
34.506031
34.544575
34.583115
34.225174
33.674496
32.049957
31.961851
31.939817
32.033436
31.444208
31.389139
31.813173
32.121555
32.683247
32.980621
32.628178
32.765854
32.242706
31.488276
31.394646
30.722799
31.278994
31.504776
31.526817
31.763599
32.37487
32.826435
32.462982
32.628178
33.068726
33.041195
33.041195
32.931068
33.344078
33.619415
34.142574
33.246574
32.172478
31.499086
31.276482
32.12796
31.83857
32.111259
31.933178
32.044479
32.801361
33.074047
32.756844
31.554733
31.805174
31.220835
31.471272
31.554733
31.52692
31.860826
31.387798
31.020491
30.341532
30.035448
30.180138
29.723782
29.746058
29.968666
29.651447
30.16345
30.052143
30.118917
30.246925
30.469528
30.219093
30.669882
31.059443
31.354399
31.3377
31.287613
31.755096
32.016663
31.955442
32.055622
32.194744
32.806923
32.918224
33.190914
32.92379
33.558224
33.168667
32.550922
32.934933
33.174217
32.901531
33.530396
33.547104
33.608311
33.586048
33.279968
33.85318
34.209362
34.501839
35.334297
35.632397
35.604275
34.664951
34.029366
34.029366
34.591839
35.452404
35.199303
35.069946
34.901188
35.109303
35.671772
36.284859
36.464851
36.217365
36.273617
36.549229
36.644848
36.476101
36.757336
36.852951
36.841705
36.903591
37.837273
37.70792
37.46043
37.544804
37.865398
37.713535
37.910389
38.000389
37.882282
37.994774
38.29287
38.641605
38.500992
38.29287
37.617916
37.685417
37.949768
38.416618
38.669727
37.859783
37.989159
38.191631
38.669727
38.658482
39.277199
39.496563
39.395306
39.850914
40.042164
39.153442
37.33091
35.400486
35.718449
35.939869
36.518997
36.848309
37.245743
37.285492
36.677979
36.53603
36.35434
36.530361
36.581455
36.808563
36.876698
36.121559
36.399773
36.178345
36.950512
37.274139
36.939152
37.489887
37.16058
37.245743
37.336597
37.461498
37.183289
36.88237
36.626873
36.905087
36.337318
36.166973
35.286938
35.321007
35.548119
35.797924
35.81496
35.911484
36.604164
36.871014
37.319561
36.592808
36.036385
36.064781
35.536747
35.037117
35.218803
34.582897
34.685101
35.570831
35.593533
35.468624
35.548119
35.230156
35.724117
36.394093
36.201054
35.701412
35.41753
36.337318
36.490616
35.173389
35.945549
35.434555
35.286938
35.826317
35.315327
35.92284
36.778011
37.55283
37.541363
37.489693
37.518379
37.989029
38.316177
38.585922
39.045067
39.297604
39.360737
38.717937
39.148369
39.016376
39.337776
39.240223
38.884354
38.746616
38.385029
38.557209
38.815498
38.878624
38.867149
39.016376
38.890106
38.895836
38.643318
38.195641
38.775314
39.131157
39.314819
38.884354
38.884354
38.689228
38.53426
39.56163
39.538658
40.244602
40.652092
41.08828
42.224686
42.224686
42.132862
40.233128
40.003555
39.791187
40.175732
39.974846
40.08963
40.347908
40.520088
40.634884
41.185871
41.197357
41.650749
41.696678
41.323605
40.583218
40.520088
40.279037
40.147034
40.233128
40.147034
40.118332
39.980591
40.175732
40.399555
40.864445
41.142612
42.226227
41.948067
41.895916
41.855362
41.751057
42.011822
41.646748
41.200539
41.542442
41.252705
41.385994
41.681522
41.953869
41.513462
41.438141
42.365299
42.776714
43.078053
42.666607
42.29575
42.376881
42.382675
41.977051
41.646748
42.469593
43.535831
42.996922
42.852055
41.635155
41.733673
41.948067
41.837967
41.403378
40.858658
40.88184
41.13102
40.713787
40.650059
41.565624
42.371067
42.301544
42.683998
41.977051
41.982841
41.971252
42.278362
42.429031
42.145096
41.611969
41.484489
42.011822
42.910004
42.852055
42.788311
42.741951
41.669918
41.026703
41.704685
41.646748
40.570332
40.658081
40.622982
40.178368
39.967777
39.722073
40.388969
40.675632
40.207645
40.31292
41.108532
41.681843
41.535587
40.816032
41.406895
41.219696
41.646748
41.102695
40.833584
40.628822
40.933037
40.979847
40.558632
40.014576
40.459179
40.032131
39.844925
40.236877
40.236877
40.201786
40.757526
41.067585
41.59409
41.945091
41.945091
41.576553
42.091347
42.220055
42.372158
41.845634
41.535587
41.465393
41.389347
41.857357
41.699402
40.962276
41.477085
41.757896
41.945091
41.950954
42.413101
42.559364
41.956799
41.59409
41.090988
41.991909
41.845634
41.336685
41.36594
41.518036
41.184589
41.553146
41.939259
42.287716
42.447178
42.624363
42.683422
43.203156
42.890148
43.144104
42.81926
43.415768
43.285843
43.905991
44.094978
43.516174
43.911888
44.065453
43.468941
43.527996
44.313507
45.010426
45.447487
44.827335
45.146267
44.827335
45.541985
45.110825
44.526123
44.797806
44.685593
44.791897
45.352989
45.358883
45.099033
44.980888
45.329353
45.83136
46.587357
46.008553
46.244793
46.061707
45.766399
45.896343
46.451504
46.622784
46.262516
46.439705
46.44561
46.150299
46.232998
46.173931
46.717289
47.272461
47.130714
47.313816
47.455547
46.912174
46.297958
45.866817
45.784122
45.163979
45.524261
45.772316
46.191643
46.447929
47.610168
47.473091
48.075077
48.158504
50.018093
51.043243
51.436623
51.686962
50.602203
49.833344
50.572395
50.941921
51.102856
51.853855
51.287655
50.924065
50.60817
50.739288
50.882343
50.345909
49.821411
49.767776
49.696255
49.308846
48.420753
50.053864
49.648567
49.213486
50.053864
50.786964
51.126698
51.597561
51.865768
51.984985
51.11478
51.234001
52.193569
53.415428
54.14854
53.969738
54.786259
54.237946
54.237946
55.120049
54.446548
54.023369
54.583641
55.519382
55.704144
55.912766
56.502827
56.937908
57.384926
57.575649
57.99287
60.174309
61.580921
60.806087
59.661716
58.499485
59.339867
58.517372
59.101463
58.559097
58.988224
59.384434
58.790115
57.775547
57.565422
56.004612
56.190704
56.052643
55.206161
53.099007
55.008041
54.029503
55.242191
55.914543
55.770462
54.87598
54.725918
55.020061
54.431728
54.761902
54.923996
55.770462
55.950573
56.088642
55.374268
54.629837
54.52779
54.593838
55.446289
56.076622
56.448849
56.280746
56.406811
56.472843
57.055161
56.27475
55.950573
56.598923
56.544888
57.649498
57.481415
57.121193
57.505432
58.646027
58.369892
58.057713
57.96767
57.661491
57.103195
56.881081
57.133205
57.139221
56.286755
56.544888
56.010609
56.863049
55.944561
55.848518
55.374268
54.215614
53.737591
52.370117
51.825531
51.879982
52.521381
51.752922
50.669811
50.875565
52.273296
53.979641
53.973579
54.088558
54.857002
53.828346
53.453194
51.892071
52.829964
52.224892
51.099445
52.097816
51.867889
52.000999
51.408024
51.746876
50.421745
50.403568
50.282558
49.695621
49.114742
50.197842
50.064728
49.871109
50.833191
50.875565
51.51693
51.801319
51.734764
50.500393
50.149452
50.663761
51.256741
50.669811
50.300716
49.725876
49.931618
48.60648
47.892475
46.930401
46.694408
45.950146
44.25592
44.528198
44.261974
44.685535
45.750477
45.248253
46.34346
46.700466
48.703281
48.443092
47.765415
47.487076
46.222458
46.712559
49.054237
49.512074
50.299526
50.665775
50.574219
49.725708
49.542576
48.724602
47.100864
48.388863
48.913834
49.579208
50.140804
49.304512
49.469337
48.755131
48.584209
49.505947
49.444912
50.055336
50.525356
50.085876
51.685192
52.55201
51.758472
51.538685
52.362789
52.234596
52.704609
53.223495
53.461555
54.401615
55.427162
54.920475
54.847214
56.025352
55.677414
56.361092
56.562538
55.884968
55.475971
54.792301
54.474873
54.13913
53.901054
51.978203
52.631374
52.857239
52.600838
51.880531
52.075859
51.404388
52.063648
52.320042
50.824512
50.104191
49.835602
50.104191
48.74292
48.376678
47.943268
47.894424
49.195686
49.275875
49.28204
48.696156
47.789574
46.716496
46.056595
46.747322
43.898083
44.317444
45.939419
46.389626
47.888268
47.672398
47.049522
48.467972
49.713741
49.399227
50.348953
47.672398
47.401051
46.913841
46.013416
43.910416
43.688393
44.348293
45.069851
45.55088
46.648647
45.705063
44.95266
43.55888
