Adjusted
11.042658
10.755751
11.109379
11.122724
11.236156
11.25617
11.503045
11.563096
11.316218
11.136069
10.575597
10.308702
10.23531
10.248654
10.008449
9.941726
9.80828
9.788264
9.594767
9.648148
9.501353
9.688178
9.541388
9.381253
9.127709
9.040968
9.14105
9.274495
9.227788
9.054312
9.087671
8.974243
9.007606
8.927538
9.06098
8.854142
8.774074
8.547218
8.840796
9.080999
8.800765
8.613938
8.520528
8.413771
8.553888
8.340376
8.320361
8.260307
8.540542
9.034294
9.14105
9.54806
9.721541
9.594767
9.77492
9.361235
9.447976
9.494684
9.674833
9.901693
9.648148
9.37458
9.554735
9.394599
9.708195
10.542234
10.568921
10.342067
10.542234
10.528888
10.475513
10.575597
10.50887
10.675681
10.682351
10.709042
10.575597
10.622304
10.548903
11.296203
11.529736
11.409634
11.449668
11.736574
11.669852
11.930071
11.603131
11.50972
11.729902
12.203637
12.190291
12.383786
12.41048
12.357099
12.116897
11.30955
11.543077
11.676525
11.876693
11.856676
12.183622
12.237
12.49722
12.610647
12.790796
12.670696
12.864196
14.051863
13.925088
14.458875
14.438854
14.425514
14.318756
14.812504
14.812504
14.712422
14.38548
14.692408
14.925935
15.032694
14.839197
14.979317
14.925935
14.719094
14.639031
15.159466
15.092743
15.279572
15.212845
15.246204
14.852537
15.066053
14.625682
14.06521
14.091898
13.671544
14.272049
13.925088
14.06521
14.151948
14.06521
14.305411
14.18531
14.77914
14.945951
15.352962
15.326273
15.066053
14.67906
14.558961
14.719094
15.94012
15.853385
15.873402
15.45972
15.312928
15.332949
15.159466
15.266223
15.34629
15.012677
14.645701
14.812504
14.879229
15.052706
14.912596
14.959293
15.012677
15.139453
15.606508
15.546456
15.579823
15.739958
15.479739
15.813354
15.666558
15.673237
15.846708
15.846708
15.953472
15.960144
15.766643
15.946796
15.966814
15.586493
15.74663
15.833368
15.706592
16.153645
16.200348
16.186995
16.080242
16.493923
16.113609
16.153645
16.207016
16.333786
16.273739
15.960144
16.013523
16.113609
16.133625
15.84004
15.946796
16.013523
16.140295
16.180323
16.413858
16.420534
16.500601
16.680752
16.940969
17.421375
17.448071
17.334637
17.354652
17.347982
17.414705
17.780619
17.665422
17.401155
16.940374
16.737089
16.703209
16.723536
16.920044
17.374043
17.455364
17.204639
17.367266
17.855152
17.943243
17.929689
17.997452
17.611214
17.360495
17.224972
17.313055
17.482464
17.46891
17.224972
16.859056
16.601564
16.811621
16.46604
17.048792
17.130104
16.235647
16.323746
16.669323
16.791294
16.825174
16.798071
16.960695
17.163984
17.218195
17.279181
17.042017
17.014902
16.69643
16.987806
17.042017
17.150429
17.055567
17.292736
17.204639
17.109777
17.130104
17.2453
16.845505
17.279181
17.441813
17.611214
17.719625
17.895805
18.092314
18.404013
18.234615
18.146524
18.329487
18.078766
18.044889
18.295605
18.329487
18.465006
18.404013
18.817371
18.722496
18.932554
19.176502
19.176502
19.251038
19.257826
19.576294
19.542414
20.226807
19.860891
19.637281
19.589846
19.447552
19.657602
19.278147
19.420446
19.447552
18.986771
19.040977
19.210384
18.810585
18.769932
19.278147
18.885134
19.291698
19.420446
19.359457
19.589846
19.610174
19.894775
19.657602
19.583075
19.427217
19.664383
19.156174
18.295605
18.248169
18.6073
18.126202
17.990671
18.261721
18.566647
18.525993
18.512442
18.431122
18.70895
18.417572
18.451456
18.810585
18.70895
18.844469
18.478558
18.099094
18.051662
17.922915
17.665422
17.67897
17.733187
17.529898
17.475689
17.44858
17.150429
17.2453
17.177534
17.2453
17.44858
17.800949
17.889032
17.936466
17.909363
17.970346
18.200741
18.031334
18.187187
18.011
18.329487
18.295605
18.078766
18.099094
18.105867
18.24139
18.200741
18.227839
18.370142
18.349812
18.288822
18.011
17.895805
17.617985
17.828049
17.699305
17.706076
17.902584
17.956795
17.96357
18.173635
18.078766
18.830919
18.91223
18.844469
18.925783
19.081638
18.742828
18.681845
18.349812
18.282053
18.62763
18.505667
18.458237
18.634409
18.6073
18.465006
18.404013
18.214287
17.848373
17.726406
18.119421
17.855152
17.516344
17.489233
17.44858
17.868708
17.943243
18.024557
18.343035
18.051662
18.207514
18.261721
18.363365
18.410795
18.295605
18.309149
18.424349
18.62763
18.810585
18.553089
18.634409
18.593746
18.329487
18.410795
18.702171
18.654739
18.6954
18.749607
18.614079
18.817371
18.30238
18.390463
18.702171
18.932554
18.946104
18.898678
18.993549
19.068077
18.973213
18.932554
18.864798
18.925783
18.932554
18.756384
18.668285
19.555967
19.705042
19.644058
19.786356
19.650833
19.515308
19.325579
19.325579
19.230711
19.562746
19.779583
19.671158
19.752474
20.043854
19.779583
19.860891
20.077728
20.369104
20.463968
20.450417
20.719593
20.899042
21.050882
20.995672
20.78171
20.981865
20.671274
20.222652
20.277868
20.774811
20.981865
21.099199
21.223438
21.216534
21.540916
21.68586
21.589235
21.451195
21.547823
21.741081
21.934334
21.844612
22.072367
22.024057
22.389856
22.541706
22.458876
22.355352
22.493391
22.445076
22.31394
22.189703
22.40366
22.451981
22.348452
22.127588
21.961939
22.141392
21.968845
22.141392
21.996449
21.85841
21.464998
21.630651
21.320066
21.60994
21.810099
21.823904
21.706564
21.568531
21.906727
22.044756
22.079271
22.169001
22.086178
22.355352
22.072367
21.927431
22.127588
22.479586
22.624519
22.376057
22.065468
22.155195
22.25873
22.507189
22.886799
22.500286
22.286333
22.31394
22.051661
22.389856
22.534801
22.762564
22.831583
23.004135
22.969618
23.059345
23.438953
23.611502
23.107662
22.451981
22.603821
22.493391
22.74876
22.382957
22.307041
21.948137
22.017162
21.865316
21.706564
21.706564
21.796291
21.761784
21.409788
21.844612
21.492605
21.395987
21.389078
21.540916
21.734179
21.720373
21.492605
21.257946
21.326963
21.547823
21.230337
20.912848
20.774811
20.830025
20.664381
20.602257
20.747202
20.899042
20.705793
20.816217
20.436615
20.229557
20.409004
20.567747
20.795519
20.664381
20.277868
20.788609
20.774811
20.602257
20.553951
20.46422
20.622963
20.685083
21.106096
21.375277
21.354576
21.616842
21.306259
21.320066
21.727272
21.575434
21.354576
21.409788
21.478804
21.057789
20.988771
20.409004
20.174341
20.001789
20.381401
20.091516
20.222652
19.981089
20.105322
20.015596
20.057011
20.043207
20.0294
19.718819
19.518658
19.435829
19.491047
19.263285
19.152855
19.283998
19.304699
19.118343
19.325401
19.774027
19.994888
20.12603
20.422808
20.429714
21.389078
21.326963
21.292454
21.326963
21.244143
21.354576
21.133703
20.95426
20.761003
20.899042
21.513319
21.520218
21.727272
21.823904
21.534027
21.603037
22.182806
22.389856
22.569311
23.942793
22.948917
23.190483
22.893702
23.376837
23.04554
23.038641
22.976524
22.803974
22.762564
22.983421
23.107662
22.893702
22.362255
22.396767
21.775589
22.017162
22.541706
23.259508
23.03174
23.563187
23.328516
22.859188
22.334652
23.08696
23.632212
23.121469
22.514093
21.68586
22.838482
22.527899
22.955816
22.783272
22.845387
23.107662
23.114563
23.376837
22.693548
22.672838
22.590014
22.238018
22.320843
22.320843
21.85841
22.120682
22.307041
22.569311
22.41057
23.2526
22.362255
22.417463
22.859188
22.776363
22.300133
21.775589
22.286333
21.810099
21.927431
22.265623
22.935106
23.073156
23.259508
23.466564
23.004135
23.405609
23.807096
23.898659
23.461962
23.102739
23.377436
23.307007
23.292923
23.236565
23.7437
23.567612
23.912748
23.898659
23.842306
24.884754
24.588919
24.349443
24.765013
24.835447
24.52553
24.539618
24.279013
24.842487
25.004492
24.638231
24.476229
24.018396
24.053617
24.257874
24.356493
24.335358
24.018396
24.081789
24.046568
23.750751
23.609877
23.821182
23.849358
23.990217
24.448051
24.469187
24.891796
24.504396
24.279013
24.363531
24.645275
24.793184
25.25806
25.152407
25.251013
24.765013
24.61005
24.687532
24.666412
24.659353
25.124228
24.969273
25.335541
25.44824
25.490499
25.610231
25.567968
25.5891
25.610231
25.617273
25.363705
25.617273
25.398932
25.117184
25.321455
25.067879
24.891796
24.828403
24.588919
24.603008
24.61005
24.54665
24.419884
24.398745
24.426918
24.321276
24.40579
24.173355
24.131098
24.490316
24.69458
24.722746
24.462137
24.581884
24.511444
24.328318
24.441004
24.335358
24.166311
24.370569
24.335358
24.20153
24.462137
24.412832
24.51849
24.370569
24.567793
24.898836
25.039715
24.78614
24.54665
24.173355
24.286055
24.335358
24.708668
24.370569
24.131098
23.842306
24.025446
24.384661
24.349443
24.208578
24.236748
24.553707
24.54665
24.800232
24.927013
25.236927
25.328489
24.898836
24.567793
24.631187
24.441004
24.342405
24.257874
24.053617
23.96909
23.616919
23.208397
23.426746
23.187262
23.046392
23.363354
23.722569
23.602835
23.349272
23.461962
23.469006
23.729622
23.511265
23.194311
22.496994
23.137959
23.490139
23.34222
23.137959
23.215435
23.525352
22.926653
22.961864
23.004135
22.898479
22.518122
23.638046
23.66622
23.92683
23.778921
23.729622
23.370396
23.722569
24.145182
23.814137
23.363354
23.271788
24.455099
24.51849
24.71571
24.419884
24.441004
24.539618
24.483273
24.264921
24.462137
24.856573
24.927013
24.708668
25.067879
25.243971
24.941103
25.025625
24.765013
24.20153
24.560743
24.433966
24.455099
25.004492
25.335541
25.525709
25.483454
25.152407
25.074926
25.067879
25.272148
24.814314
25.222837
25.413015
25.462326
25.28623
25.891972
25.814497
25.511631
25.722927
26.413193
26.145538
26.906239
26.652676
26.293455
26.575199
26.356842
26.469543
26.610407
27.004864
26.913277
27.364069
27.511986
28.047297
27.885286
27.554247
27.828939
27.94869
28.174082
28.033199
28.25156
28.57556
28.765734
29.054525
29.744774
29.660265
29.667297
29.301041
29.20948
28.716427
29.20948
29.681376
29.758867
29.582777
29.660265
29.20948
29.526428
29.526428
29.484171
29.617994
29.047474
29.463037
29.350353
29.603909
29.646173
29.561657
29.951277
29.778109
29.655445
30.066727
30.174953
30.22547
30.348131
30.413069
30.218245
29.655445
29.87191
30.196608
30.283197
30.36256
30.665617
30.845999
30.997515
31.228416
31.574755
31.444872
31.055244
31.452089
31.52425
31.32221
31.372721
31.740705
31.646915
31.654123
31.437658
31.610846
31.986038
32.007687
31.986038
31.654123
31.416012
31.416012
31.538681
31.596409
31.93552
32.115906
31.906672
32.159206
32.368454
32.173637
32.332386
32.000469
32.361237
31.863382
31.026379
30.975872
31.192343
31.581966
32.000469
32.094273
32.137558
32.130348
32.303516
32.267433
32.000469
32.151993
32.274647
32.397316
32.483917
32.455036
32.700359
33.0467
33.169357
33.227085
33.198227
33.0467
32.079826
31.52425
31.820078
31.509815
30.961439
31.098539
31.098539
31.488171
31.856165
32.231358
31.372721
31.495394
31.365501
31.372721
31.654123
31.971594
32.188065
32.101475
32.505547
32.556057
32.498322
32.346817
32.375668
32.505547
32.339577
32.657066
32.635429
33.032272
33.544571
33.414696
33.50848
33.645584
34.374336
34.706253
35.362858
35.269054
35.196915
34.893852
35.095879
34.973236
35.088673
35.521603
35.319569
34.836128
35.456665
36.091621
36.012257
36.019459
35.716415
35.586548
35.961739
36.077198
36.546192
36.531761
36.993538
37.498615
37.707886
37.758389
37.715088
37.881046
37.210018
36.769867
36.72657
36.517338
36.243149
36.474045
36.762653
36.870884
36.690495
36.538979
36.22871
37.09457
36.979126
37.145073
37.657364
37.700661
37.642941
37.808899
37.866623
37.036842
36.849243
36.380249
37.01519
37.339878
37.044056
36.690495
36.625557
37.072926
37.087349
36.950253
37.108997
36.899742
36.322521
36.596695
37.267738
37.455338
37.592422
37.635731
37.664581
38.0037
37.585213
37.881046
37.195587
36.769867
35.716415
35.18248
34.915497
34.540295
34.828918
35.348427
35.009312
35.68755
35.882366
36.286438
36.026691
35.651459
35.1464
34.634102
34.316628
34.684616
34.323833
34.843349
34.973236
35.615406
35.968945
36.163773
35.694767
35.095879
35.492729
35.232975
35.536026
35.831852
35.528824
35.904015
35.528824
36.185429
37.347099
36.943035
39.179817
40.009602
39.425152
39.699345
39.98074
39.591103
39.5406
39.656048
39.07159
39.5406
39.367439
39.30249
40.41367
40.370384
40.485809
40.435318
40.673424
41.034191
41.40218
41.149643
40.586838
41.142433
40.543541
40.99091
41.099136
40.976479
40.709503
40.420879
41.106346
41.236229
41.900047
42.188671
42.700958
42.700958
43.112255
42.571083
42.585518
43.054523
43.105026
42.123722
42.838047
42.073208
42.23917
42.283592
41.9874
42.34285
43.046337
43.394379
43.305519
42.453922
42.742718
42.076252
42.55019
42.927841
43.209244
43.298111
44.305229
44.453327
44.068249
44.638447
44.549583
45.838093
46.748932
45.660362
45.549278
45.290104
44.25338
44.305229
43.579517
43.535084
44.453327
44.660671
44.342247
43.831287
44.060848
