Adjusted
20.97563
21.020819
21.374802
21.07354
20.862658
21.954742
21.834234
21.96981
22.097843
21.661011
21.630882
21.465191
21.31455
21.005753
21.066006
20.546329
20.214935
19.996515
20.01911
19.800695
20.162209
20.388163
19.604868
19.650064
19.250881
19.333729
19.582281
18.54291
18.670944
18.746258
19.401514
19.582281
19.484364
19.416578
19.665127
19.484364
19.439173
19.28101
19.597338
19.710314
19.619936
19.198164
19.785631
19.461769
19.612402
18.904428
18.362148
18.083473
18.927021
19.250881
19.657589
19.710314
20.523733
20.448414
20.892778
20.117023
20.207401
20.177277
20.094427
20.267653
19.868473
20.245058
20.817461
20.840061
21.058479
20.892778
20.983164
20.448414
20.764742
20.802401
20.97563
21.276896
20.937971
21.322083
21.19405
21.834234
21.954742
21.374802
21.050945
21.555569
21.480253
21.638412
21.600752
21.683603
21.209108
21.156389
20.75721
20.252588
20.162209
20.764742
20.335438
20.252588
20.335438
20.516195
20.335438
20.0417
20.064301
20.237528
20.169746
20.305311
20.56139
20.237528
21.066006
21.201576
21.058479
21.442585
21.676073
21.796579
21.32962
21.30702
21.585691
21.751387
21.593225
21.992403
21.871895
21.743853
21.284428
21.32962
21.246765
21.563099
21.435061
21.450123
21.38987
21.32962
21.337145
21.61582
21.849302
22.26354
22.278601
22.26354
21.736322
21.902021
21.999937
21.811638
21.359743
21.058479
20.990692
20.930441
20.990692
21.269363
21.269363
21.962278
21.811638
21.299488
20.862658
20.877712
20.599051
20.606581
21.081074
21.51037
21.841766
22.052658
21.397398
21.804108
21.653479
21.954742
21.917084
22.007463
21.886955
21.841766
21.819172
21.457651
21.578159
21.480253
21.148851
21.231707
21.404934
22.007463
21.992403
21.849302
21.804108
21.939678
21.886955
21.758923
21.600752
21.42
21.261831
21.404934
21.322083
21.834234
21.578159
21.367275
21.457651
21.261831
21.133793
21.148851
21.457651
21.126259
21.826704
21.811638
22.120441
22.286135
22.429237
22.165628
22.361456
22.353924
22.760626
22.685316
22.933853
23.092018
23.333033
23.031769
23.355629
22.745567
22.941387
22.911261
22.896206
23.295376
23.182398
23.197464
23.649359
23.732218
23.363159
23.575619
23.689436
23.446625
23.355572
23.218998
23.234165
23.082411
22.930647
23.006525
23.256929
23.575619
23.560446
23.727383
24.205416
24.51652
24.956619
24.804865
25.320837
25.252548
24.933857
24.789688
24.713804
25.20702
25.040089
25.313251
25.738174
25.495358
25.191849
25.108377
25.115965
25.138725
25.161491
25.131142
25.275316
25.244965
25.115965
25.578823
25.601599
25.548473
25.465014
25.723005
25.510536
25.267727
25.100794
24.979382
24.759338
24.933857
25.252548
25.093203
25.2222
25.267727
25.76853
25.882345
25.723005
25.685061
25.48778
25.41189
25.404305
25.457418
25.927874
26.345207
26.064455
26.155508
26.534906
26.466619
26.937069
26.830837
26.140333
26.292101
26.754951
26.830837
26.762545
26.466619
26.451437
26.383144
26.367973
26.413498
26.671488
26.762545
26.565254
26.861187
27.066055
26.868773
26.656307
26.603205
26.00375
25.396721
26.026516
25.806463
25.920288
26.519733
27.05088
26.603205
26.390726
26.398323
26.193449
26.625965
26.770132
27.164698
27.217817
27.073643
27.232992
27.521336
27.817257
27.771729
27.263346
27.278521
27.528919
26.937069
26.838425
26.625965
26.709427
26.527317
26.00375
25.935453
26.390726
26.216211
26.064455
26.451437
25.935453
26.00375
26.178274
26.466619
26.246571
25.851992
25.996159
25.373951
25.199432
25.480186
25.821644
25.912693
25.905109
25.495358
25.654705
25.601599
25.54089
25.791294
26.064455
26.421089
26.937069
26.891539
26.975004
27.104
27.179878
26.99777
27.111589
27.619976
27.430277
27.134346
27.354395
27.255754
27.202639
26.921886
27.141941
26.754951
26.557669
26.921886
26.883949
26.92947
26.95224
26.944645
27.012941
27.202639
27.066055
26.95224
26.868773
26.724602
26.527317
26.299679
26.633543
26.557669
26.307268
26.087221
25.988581
26.1024
26.018927
26.284502
25.950634
25.776117
25.806463
25.965815
26.026516
26.959822
27.066055
27.468212
27.195051
27.399921
27.126762
27.058475
27.164698
27.422691
27.415108
27.232992
27.043291
27.361986
27.346809
27.915901
27.82485
27.840027
27.506161
27.506161
27.657921
27.748972
27.82485
27.70344
28.26495
28.052483
28.120779
28.401527
28.940269
28.750568
28.735397
28.955448
29.387955
29.000978
28.826458
28.735397
28.530525
28.272533
28.545694
28.105598
28.1663
28.57605
28.356005
28.712627
28.963034
29.327257
29.881168
30.108807
30.306103
30.381975
30.078457
29.236191
29.395544
29.296898
28.955448
28.26495
26.550076
26.178274
25.783697
26.163101
26.178274
26.132742
26.603205
27.885553
28.424292
28.758167
29.099617
29.023737
29.190666
29.382664
30.235117
30.235117
30.565344
30.012402
30.181356
30.565344
29.490185
30.488546
30.204401
30.63446
30.342628
29.835762
30.442467
30.334953
30.235117
30.24279
29.797365
29.950964
30.588381
30.6959
31.087572
30.795732
30.534636
30.780384
30.826454
30.97237
31.179714
31.010761
31.625156
31.333324
30.419434
30.795732
31.156677
31.202761
31.172045
31.033815
31.494589
31.348677
31.241167
31.110609
30.84181
30.64983
30.450153
30.803415
30.496223
31.018448
30.427105
30.780384
30.665184
30.772696
31.509953
31.655865
30.98773
30.933971
30.941652
31.118273
31.356363
31.218119
30.672863
30.526943
31.05685
30.933971
30.488546
31.118273
31.087572
31.049166
30.903259
30.281197
30.672863
30.818777
31.310272
31.771061
31.041496
31.548346
30.826454
31.102919
31.486908
31.701941
31.517633
31.548346
31.149008
31.563713
31.4562
31.2258
31.410114
31.302599
31.479233
31.026136
31.410114
30.849493
30.419434
30.43479
30.296553
30.21208
29.574654
29.513212
29.421061
29.605377
29.490185
29.989363
30.027763
29.843443
30.442467
30.519274
30.63446
30.557674
30.327276
30.526943
30.964691
30.196718
30.073843
29.543941
29.582335
29.805038
29.528572
30.173679
29.64377
29.981684
29.190662
29.067793
29.106192
29.874165
29.843443
29.828089
33.44524
32.992138
33.44524
33.522038
32.838551
33.353088
32.569752
32.362408
33.191807
33.80619
32.815506
33.122692
33.399166
33.644924
33.97514
33.644924
34.33609
34.328411
34.251625
34.013542
33.967461
33.353088
33.844589
33.47596
33.522038
33.913708
33.675636
33.230217
33.307007
33.291641
33.706356
34.359135
34.643284
34.589523
34.482006
34.051949
34.243942
34.482006
34.84296
34.904392
34.512726
34.91975
35.810596
35.864357
35.40358
35.441982
35.134781
35.119411
34.981186
35.357494
35.633961
35.633961
35.603252
35.703091
35.28838
35.626293
35.741486
36.186905
36.709126
36.908806
37.73822
37.162235
37.323509
37.745907
37.553905
36.847363
36.593929
36.855049
37.146877
37.538532
37.446384
37.653744
37.054718
37.054718
36.993275
37.031677
37.745907
38.01469
37.699814
37.999329
37.538532
37.722851
37.392632
37.615341
37.676777
37.607658
37.715164
37.807331
37.607658
38.321873
38.329556
37.761253
37.546211
37.822697
38.552258
38.175961
37.638382
37.630703
37.169918
37.300461
37.285107
37.1008
37.169918
37.853405
38.268116
37.891811
37.753578
37.269749
37.054718
37.123837
36.678413
36.27906
35.941147
36.179222
36.041
36.394264
36.209949
37.016323
36.586262
36.793606
37.907169
37.400307
37.914845
38.859455
37.630703
37.945568
38.621384
38.959293
38.726517
38.835155
38.998085
38.835155
38.734272
39.137753
39.091202
39.355011
38.695488
39.052399
39.339497
39.634354
39.595543
39.649868
39.673145
39.510208
39.61108
40.324928
39.913685
40.061111
40.464588
39.409336
39.417088
39.277416
39.370533
39.347252
39.067928
38.967049
38.827381
39.067928
38.656681
38.392864
38.416145
38.268719
38.408382
38.501499
38.10577
37.919552
38.074738
38.02042
39.199825
39.44038
39.331726
39.549
39.967999
39.61108
39.735214
39.238632
39.316219
38.842911
38.509258
38.183353
37.353134
37.67902
38.066975
38.175602
39.323975
39.153271
39.378284
38.920494
38.951534
38.602356
37.95834
38.10577
38.082485
38.377346
38.175602
39.029129
38.594612
39.541245
39.471401
39.448124
38.936016
38.734272
40.332684
39.735214
39.603313
39.424847
38.889454
38.548058
38.842911
38.369591
37.997143
38.377346
38.563568
38.136814
38.509258
38.586842
39.300694
39.145519
39.215359
39.347252
39.510208
38.842911
38.408382
38.02042
38.175602
38.136814
37.826443
37.989388
37.81868
37.531597
37.585903
37.87299
38.377346
38.625637
38.268719
38.059208
38.268719
38.788582
38.214397
38.082485
38.904976
39.161041
38.703236
38.757553
38.928257
38.897224
39.572269
40.146454
40.425797
40.014568
39.882641
40.231812
40.177494
40.829277
40.728413
40.41803
41.271553
40.968948
40.542183
40.394756
40.588745
39.789539
39.378284
39.960239
39.882641
39.797291
40.014568
40.045589
40.464588
39.060158
39.936962
40.456833
40.829277
40.340443
40.255093
39.517956
40.045589
39.742973
39.510208
39.207592
38.602356
39.580036
38.86618
38.454941
38.749794
38.641155
38.098022
38.082485
38.672203
37.95834
38.439411
39.362778
39.735214
40.099915
39.603313
39.750736
39.494682
40.425797
40.549938
39.874893
39.005859
38.827381
38.86618
38.524769
40.666336
40.767208
40.674084
40.767208
40.837032
40.557709
40.317162
40.852558
40.348206
40.860306
40.526657
40.348206
40.743919
40.689606
40.689606
40.231812
41.356903
40.829277
41.783665
41.690556
41.543133
42.016453
41.969894
42.024204
41.853497
42.163864
42.350094
42.078518
42.575108
42.233707
42.52079
42.699257
42.753571
42.559597
42.148346
42.404411
42.691505
43.444157
43.739002
43.545029
43.265682
43.451908
43.126022
42.97084
43.568298
43.630375
43.894196
44.406296
44.289913
44.033859
43.995052
43.979542
43.661415
43.630375
44.499409
44.421814
44.507168
44.654598
44.220078
43.995052
43.801083
43.940746
44.328705
44.553722
45.585716
45.089115
45.360695
45.577946
45.585716
45.725376
46.423714
45.515869
45.740891
44.328705
44.693394
44.763958
44.669876
44.94426
45.273521
45.006981
45.085365
45.422478
45.57143
45.900684
45.92421
46.284828
46.237789
46.488659
45.994762
45.736053
45.547909
45.532227
45.900684
45.822292
46.041805
45.516544
45.790939
45.92421
45.720379
45.108891
45.367596
45.57143
45.469513
45.704697
46.041805
46.041805
45.955563
46.378906
46.308353
46.410255
46.339703
46.520012
46.645443
46.645443
46.261307
47.155014
47.437241
46.880634
46.880634
46.331871
47.045265
48.299599
48.393665
48.76997
48.252556
48.017368
48.205528
48.291763
48.425022
49.19331
48.276073
48.189831
48.197681
48.511261
48.699409
49.514732
49.67152
49.593124
49.781273
50.337883
50.000778
49.640163
49.742077
50.839603
51.223751
50.894497
50.839603
51.435425
51.357029
51.678444
51.161041
51.20808
49.232498
49.514732
49.546085
48.98164
48.34663
48.785656
48.472065
48.730774
49.122746
49.428497
47.758656
48.299599
48.628857
48.425022
49.03651
49.389301
50.016468
49.749912
49.859661
50.345726
49.99295
49.67152
49.655842
49.506889
49.648006
49.977264
49.734238
50.039986
50.071335
49.82048
49.710732
49.836151
49.616653
50.079182
50.275173
50.251652
50.369236
51.02776
50.714191
50.580914
51.404064
51.615726
51.388382
51.505974
51.631405
52.34481
53.410999
53.740257
53.936253
54.124397
54.046009
53.32476
53.897045
53.497238
54.046009
53.998959
53.724583
53.638344
53.701065
53.975445
53.120937
52.815182
53.08173
53.167973
53.669708
53.309082
53.614822
53.395317
52.979824
52.517284
51.584377
51.749001
51.937153
51.364864
51.639256
51.984188
52.329136
52.203697
52.086109
50.941536
50.831776
49.9851
50.188927
50.706352
50.965057
50.761219
50.549549
51.411915
51.427586
50.761219
50.863136
50.573067
49.350101
50.220291
50.957211
51.20808
50.870972
50.259491
49.757759
49.428497
49.953743
50.298683
49.67152
50.126217
48.056568
46.739525
47.2099
47.2099
48.464222
49.938065
47.813545
49.742077
50.533878
50.957211
47.499958
48.668056
49.208988
48.025204
46.770878
47.837067
50.67498
49.961578
50.063499
52.336971
52.289932
52.336971
51.827393
49.593124
50.102699
49.702873
50.212448
51.24728
50.549549
50.455479
49.796959
49.765598
50.196774
50.094868
50.706352
50.690666
50.518188
53.724583
54.81427
53.567787
54.241993
53.716732
53.7481
54.633984
54.782913
54.665333
55.38657
54.947552
54.09304
54.657486
55.559036
55.300327
55.363045
54.994591
54.68885
54.971073
53.842171
53.003334
53.152287
53.175808
51.466782
52.846542
52.917103
52.579994
53.842171
54.61829
54.414463
53.810818
53.975445
51.372711
50.738388
51.444061
51.824669
50.080261
51.666077
50.968323
51.095188
52.403484
52.466915
51.404427
50.722519
49.675873
49.509365
48.446869
48.978111
47.9394
49.596592
51.911888
51.42028
52.007038
51.364773
50.183342
50.5798
50.825607
51.674011
51.729511
49.572811
49.683804
49.826527
49.112904
48.050407
48.351711
48.288284
48.058338
49.263557
50.310211
49.953396
48.502369
48.740238
