Adjusted
32.425297
32.329914
33.263355
33.20203
32.595615
32.827305
32.854542
33.113453
33.726673
32.670582
32.26178
31.852957
31.185244
30.476654
30.347183
28.718765
28.705145
28.964048
29.502321
28.596125
29.045815
28.889103
28.275896
28.085112
27.608177
27.901152
27.798944
27.178934
27.17211
27.042652
28.119183
28.405338
28.357662
28.173702
28.664251
28.023794
28.132816
27.948849
28.207769
27.73082
27.451454
26.879128
27.451454
27.015411
26.988144
26.402184
26.245472
26.531643
27.737612
28.173702
29.22978
28.820969
29.727175
29.672659
30.449387
29.781675
29.747604
29.754421
29.550026
29.352428
29.045815
29.37285
30.135973
30.095095
30.592478
31.662037
31.408373
30.613041
30.331934
30.462204
31.449495
31.675766
31.312374
31.915728
31.435787
31.84716
32.704185
31.963717
31.538633
32.196835
32.39566
32.690475
33.019566
33.046997
32.923599
33.410385
33.046997
32.402504
32.909878
33.170422
33.252689
33.437805
33.924606
33.952019
33.341824
33.094986
33.225254
33.691486
33.76004
34.171421
33.677773
33.636642
34.370258
34.740479
34.774773
35.179283
35.193001
35.899204
35.097
35.912903
36.235146
36.852215
36.790504
37.530972
37.085335
37.051037
35.858051
35.912903
35.282127
35.405533
35.014744
35.453526
35.467247
35.014744
35.062733
36.200855
36.008877
37.002052
36.512352
36.684784
35.415752
35.877865
36.11924
36.029575
36.126141
35.650242
36.560646
35.974411
34.719158
34.077744
33.884647
35.022617
34.877796
34.443291
34.263954
34.222591
33.519089
33.726002
33.325981
33.560474
33.760487
34.28466
34.201889
34.926083
34.732964
35.188164
35.643337
35.305401
35.153671
34.98814
34.112232
33.801861
34.346733
34.388119
34.491554
34.243279
34.484676
35.243336
34.795033
34.484676
34.070862
34.388119
34.339832
34.091557
34.450191
33.870842
33.753593
34.208786
34.28466
34.484676
34.208786
33.677723
33.932911
33.332893
33.381165
33.10527
33.408737
32.8363
33.381165
33.063904
33.229427
33.519089
33.45013
33.077702
33.181137
33.153378
33.632362
33.285263
33.3894
34.021095
33.778133
33.583752
32.20932
32.146843
32.105198
31.279135
31.306898
32.841015
31.59845
30.890406
29.675611
31.154181
30.959806
30.612732
30.779339
31.147253
31.404093
30.869562
31.612335
31.522093
30.994532
30.932053
30.633564
30.557188
30.237886
30.18235
30.494722
30.751566
30.994532
30.848761
30.952871
31.147253
30.696035
31.0084
30.689091
30.952871
30.675215
30.508604
31.244425
31.480434
31.459608
31.480434
31.230532
32.028828
32.417557
32.20932
32.584171
32.771584
32.87571
33.514343
33.424103
33.459023
33.542873
34.437172
34.409222
34.206604
33.703587
32.900116
32.942024
32.697487
33.018879
33.354248
33.361217
33.34026
33.906174
33.696571
33.619724
33.738495
32.962994
32.837223
32.627621
32.788322
32.928059
32.69051
32.627621
33.046822
32.997917
33.039841
33.291359
33.759464
33.843307
34.206604
34.283459
34.444164
34.017975
33.850288
33.521919
33.452049
33.563831
33.528904
33.528904
33.738495
33.647682
33.997002
33.906174
33.899204
33.675621
33.382191
32.669544
32.145546
32.844212
32.061707
32.110626
32.802299
32.858189
32.445969
32.222404
32.432014
32.348156
32.893116
32.928059
32.564728
32.306225
32.348156
32.522827
32.054726
32.208416
32.250633
32.173271
33.05954
32.813347
32.461651
32.201397
31.905972
32.088856
31.793428
32.13105
32.004452
32.349106
31.659769
32.081829
31.983347
31.751223
31.905972
31.723078
31.371387
31.575375
31.230713
31.20961
30.998579
30.850889
30.822754
30.998579
30.485117
30.140444
29.957571
30.06308
30.245958
30.238926
30.456966
30.351469
30.675024
30.710199
30.94232
31.033764
30.86495
31.139277
30.900118
30.710199
31.026724
31.216637
30.871979
30.703165
30.555454
30.576559
30.71723
30.843832
30.583597
30.492155
30.738333
31.132242
31.434698
31.4769
31.512064
31.652746
31.92004
31.92004
32.033432
31.863352
31.501909
31.516069
31.664904
31.75704
31.594034
31.601122
31.49482
31.388523
31.402687
31.466478
31.268034
31.140469
30.786114
30.800282
30.899498
31.941315
31.43104
31.45229
31.253853
31.112127
31.133371
30.545153
30.098671
30.098671
30.50263
30.50263
30.070318
30.197889
30.601845
30.417574
31.027079
31.182989
31.345976
31.246773
31.23259
31.416859
31.530251
31.636553
31.438122
31.671986
31.884592
32.46574
32.274399
32.196426
32.338181
32.5508
32.607491
32.515343
32.309814
32.224777
32.423229
33.0327
32.827175
32.954742
32.423229
32.26022
32.366516
32.295654
32.543686
32.522434
32.430302
32.85553
33.209885
33.046879
32.961838
32.890961
32.58622
32.607491
32.947651
32.93338
24.880299
20.846628
18.255074
17.205603
17.791019
17.741051
19.126062
18.861914
20.611031
20.482525
20.146975
19.747175
19.904242
19.718622
19.882828
19.847126
19.70434
19.533003
19.133202
19.590111
19.661505
19.761456
19.989916
19.654364
19.654364
19.597252
19.468744
19.918522
20.032742
20.489658
20.41827
20.639585
20.411129
20.575331
20.453964
20.789513
20.868042
21.253561
21.139328
21.824701
22.317305
22.452961
22.488651
22.917006
22.809919
22.867031
22.781361
22.902729
23.252554
23.102619
23.031233
23.102619
23.323942
23.209711
23.488148
23.488148
23.559538
23.345364
22.617153
22.317305
22.245914
21.946062
22.060299
21.681917
22.495789
22.652847
22.667128
22.495789
22.138824
22.174526
21.881817
22.024601
22.324448
22.195948
23.202574
23.573818
23.281111
22.838478
23.074066
22.988405
22.809919
23.202574
23.18116
23.552401
23.059793
23.331085
22.674271
22.060299
22.545767
22.124546
22.631439
22.574318
22.581463
23.309658
23.559538
22.845619
22.645723
22.702824
22.488651
22.188801
21.938925
21.846115
21.702538
21.939451
21.860474
21.781507
21.752789
21.537418
21.960985
21.393831
21.702538
21.666636
21.537418
21.537418
22.039953
21.838943
21.458443
21.630743
21.695717
21.652407
21.652407
21.580208
21.65963
21.652407
21.125355
20.915976
20.316725
20.114576
20.027933
19.991833
20.461132
20.143452
20.360052
20.360052
20.208439
19.926857
20.23731
20.287851
20.396147
21.652407
21.349169
21.544102
21.609089
21.045937
21.053156
20.749926
20.699379
20.822113
20.894316
21.118135
21.486349
21.61631
21.479124
21.125355
21.320295
21.269754
20.944855
20.966518
20.908758
20.721041
20.930408
20.937634
20.79324
20.735479
20.648846
20.634401
20.388926
20.352835
20.107349
20.186769
20.136227
20.295071
19.999056
20.150667
19.962954
19.789682
20.186769
20.129009
19.955738
19.999056
19.999056
20.115288
20.166136
20.355015
21.357508
21.321186
21.204956
21.132309
21.640821
21.800634
21.662609
21.786106
21.662609
21.597229
21.422888
21.11051
21.066935
21.197689
21.197689
21.045134
21.037868
20.747293
20.427652
20.035374
19.955463
19.563185
19.868296
19.890085
19.759325
19.570454
19.781116
19.795643
20.151611
20.0499
20.129818
20.180666
19.984526
20.071699
19.969992
19.592253
20.071699
19.977266
20.376802
20.398598
20.449455
20.943434
20.645596
20.391335
21.066935
21.204956
21.103252
20.979761
20.994284
21.059666
21.081461
21.386568
21.255814
21.815168
21.357508
21.531855
21.539125
21.560915
22.149334
22.076691
21.640821
21.757051
21.793375
21.815168
21.553642
21.517328
21.466476
21.183163
21.380455
21.095472
20.98587
20.868958
21.263536
21.058939
20.715509
21.080864
20.956646
20.810507
20.971262
21.190468
21.300076
20.825113
20.971262
21.073551
21.117399
20.963949
20.854345
20.649748
21.175852
21.358522
21.716574
21.146626
21.051634
21.380455
21.687347
21.928482
22.366899
23.367968
23.433733
23.280283
22.81263
22.571499
23.236446
23.689482
23.411814
23.93062
23.579878
23.557955
23.850237
23.528728
23.850237
23.462971
23.550644
23.528728
23.536032
23.747942
23.864851
24.179054
24.157143
23.579878
23.645641
23.338747
23.207214
23.294899
23.309513
23.507864
23.794373
23.911898
23.632748
24.04413
23.515209
23.573978
23.40501
23.103821
22.861399
22.516123
22.714472
22.74386
22.663046
22.663046
22.685089
22.479399
22.325119
22.126774
22.03862
22.244307
22.185543
21.928425
22.802626
22.88343
23.155239
22.934856
21.825579
21.649273
22.251663
21.891697
21.663965
21.928425
21.906387
22.03862
22.633656
22.707119
22.69978
22.98628
22.9569
22.707119
22.633656
22.736509
22.516123
22.361853
22.222273
22.229622
22.060663
22.068007
22.075346
22.442663
22.560202
22.479399
22.141468
22.060663
22.148811
21.663965
21.597843
21.531731
21.568462
21.627235
21.671307
21.796919
21.686085
21.634365
21.649141
21.538311
21.279705
21.434864
21.952085
22.240242
22.38802
22.395411
22.875683
22.668798
22.373247
22.676188
22.750072
22.661413
22.64662
22.314135
22.232857
22.351076
22.173748
21.841253
22.018583
22.011194
21.604816
21.353594
21.397919
21.324036
20.984154
20.984154
21.087595
20.836378
20.69599
20.688597
21.021093
20.888098
20.607327
20.71076
20.858541
20.91765
20.851154
20.836378
20.799427
20.629486
20.570381
20.459555
20.385662
20.444769
20.673824
20.348717
20.208326
20.252665
20.016224
19.824106
19.654171
19.506393
19.151733
19.920166
20.016224
19.868446
19.897999
19.652622
19.831078
19.823643
19.674925
19.496469
19.340319
19.325451
19.295712
19.102373
18.975969
19.459291
19.013144
19.236221
19.533646
19.109812
20.11364
20.024403
20.492861
20.098763
19.935179
19.994659
19.347755
18.58931
18.641357
18.83469
18.418289
18.552139
18.581875
18.72316
18.89418
18.990847
19.117247
19.035456
18.983404
18.968542
19.072634
19.221352
19.072634
19.325451
19.184172
19.600571
19.451853
19.555956
19.518778
19.50391
19.362631
19.511347
19.555956
20.165689
20.344147
20.225168
20.589527
20.678749
21.563602
20.909262
20.753109
21.080284
21.139765
21.251299
21.080284
21.043098
20.931568
20.544918
20.626698
20.671314
20.634136
20.805155
20.634136
20.671314
20.552345
20.55982
20.455082
21.24815
21.165842
21.315483
21.233183
21.158369
21.741934
21.749418
21.891577
21.906544
21.996313
21.966391
22.026247
22.744495
22.737013
22.796864
23.14851
23.41785
23.732082
23.634819
23.889204
23.717121
23.836834
24.031347
24.098684
24.008905
24.031347
23.94157
23.896685
23.836834
23.507635
23.290665
23.627335
23.507635
23.320585
23.687191
23.791939
23.844313
23.791939
23.530077
23.328072
23.230806
22.879166
23.170952
22.946503
22.894136
22.744495
22.579893
22.490112
22.811827
22.864201
23.170952
22.98391
22.939018
23.387922
23.664749
23.447781
23.223326
23.290665
23.328072
23.350517
23.46274
23.447781
23.111103
22.879166
22.924059
22.886414
22.826187
22.645506
22.28414
22.404591
22.412125
22.276611
22.208855
22.540106
22.065813
22.088402
22.020643
22.013113
22.073345
22.201328
22.457294
22.088402
22.118517
22.660563
22.698204
22.690672
22.397066
22.570223
22.44976
22.585279
22.043226
22.148636
22.103456
22.088402
21.809847
21.990526
21.711981
21.967941
21.870077
21.817379
21.448488
21.636696
21.719505
21.719505
21.779736
21.915253
22.156157
22.28414
22.517521
22.434706
21.907717
22.020643
22.208855
22.05076
22.073345
22.452225
22.270361
22.232475
22.149118
22.36887
22.467377
22.376446
22.694704
23.020531
23.869225
23.982876
23.952568
24.316296
24.134434
24.270828
24.285982
24.346603
24.558771
24.066235
24.179895
24.354181
24.354181
24.339025
24.195055
23.58885
23.831335
23.626734
23.384253
23.391838
23.475185
23.399412
23.422144
23.702513
23.846485
23.838905
25.028578
24.967964
25.104357
25.005846
25.149817
24.877033
24.589085
24.717903
24.376905
24.376905
23.801018
23.831335
23.861639
23.376684
23.437302
23.482767
23.998034
24.104126
24.482998
24.172316
24.376905
23.838905
23.657047
23.475185
23.240282
23.331213
23.399412
23.558542
23.901625
23.871132
23.970242
24.01598
23.581409
23.558542
23.78727
23.825382
23.833008
23.665277
23.512791
23.459423
23.024851
23.00198
22.491163
22.73513
21.873604
20.95109
21.271307
21.004461
21.461903
21.370411
20.486023
21.0807
19.906586
20.356411
20.158188
20.356411
19.898958
19.883709
19.708357
20.005699
20.165802
20.211552
20.165802
20.56226
20.135311
20.211552
20.4174
19.837971
20.074312
20.173429
20.318285
20.455523
20.303038
20.348782
20.02095
19.937084
20.142933
19.929457
20.158188
19.959951
18.755337
18.968817
19.174667
18.846832
18.9307
18.907824
18.884949
19.067934
19.311903
19.441509
19.639738
19.63212
20.142933
20.074312
20.409777
20.150555
20.280167
20.516516
19.971354
19.94832
19.771719
19.633507
19.47994
19.065313
18.658358
19.556721
19.533689
19.787073
19.79475
19.994385
19.98671
19.787073
19.879208
19.47994
19.502974
19.487616
19.57976
18.581573
18.827282
18.819599
19.180485
19.833141
19.349409
19.180485
19.47994
19.257273
19.165131
18.950138
19.134415
18.70443
18.765856
19.17281
19.211199
19.287981
19.441544
19.380123
19.556721
19.779394
19.725647
19.88689
19.3878
19.618149
19.495298
19.01156
18.750492
18.842636
19.01156
19.111376
20.124918
20.224731
20.362951
20.109562
20.278484
