Adjusted
9.002016
8.893456
9.135628
8.968616
8.851705
9.310989
9.336045
9.411203
9.411203
9.302642
9.219135
9.210782
9.093874
8.79325
8.968616
8.726444
8.359012
8.283861
8.200356
7.816222
8.158599
7.933134
7.933134
7.774472
7.590755
7.432091
7.390339
7.315183
6.989507
6.972806
6.855896
7.114768
6.956105
6.897648
6.939402
6.722287
7.047958
7.098067
7.29848
7.356935
7.515595
7.373639
7.331886
7.15652
7.27343
6.914351
6.839194
6.830824
7.282862
6.931278
7.266121
7.4754
8.002778
8.053004
8.530159
8.044632
8.086486
8.161829
8.086486
8.128345
8.053004
7.927437
8.1702
7.977665
8.061376
8.253913
8.119971
8.027892
7.868841
7.826987
7.952551
7.960923
7.944181
7.693045
7.768388
7.843728
7.701417
7.651191
7.63445
7.592595
7.55911
7.584225
7.743275
7.726532
7.885583
8.069748
8.178573
8.10323
8.412963
8.32925
8.145087
8.26228
8.32925
8.161829
7.986038
7.885583
7.734904
7.927437
7.835357
7.701417
7.709791
7.709791
7.316345
7.023358
6.65503
6.152763
6.186248
6.169506
6.085794
6.161134
6.002083
6.06924
6.010478
6.279103
6.505756
6.480572
6.564517
6.51415
6.06924
5.338917
5.481624
5.599147
5.60754
5.632724
5.834192
5.909743
5.892956
5.934928
5.943323
6.010478
5.943323
5.993688
5.926533
5.783826
5.850982
5.60754
5.691487
5.62433
5.775432
5.62433
6.010478
6.253919
6.136395
6.094425
6.035662
6.136395
6.002083
5.884561
5.758643
5.62433
5.565569
5.758643
5.943323
6.094425
6.002083
6.06924
6.111214
6.295892
6.564517
6.715619
6.707223
6.49736
6.463783
6.598095
6.77438
6.707223
6.572911
6.891904
6.715619
6.841537
6.707223
6.715619
6.656857
6.564517
6.606597
6.547684
6.413028
6.623429
6.505605
6.640261
6.606597
6.26154
6.253123
5.975392
5.596671
5.411518
5.47043
5.394684
5.571422
5.487265
5.478848
5.495679
5.579839
5.478848
5.38627
5.293694
5.546176
5.62192
5.647169
5.605086
5.512511
5.453598
5.47043
5.26003
5.226365
4.965468
5.083292
5.007548
5.529345
5.857567
5.882817
6.118466
6.110051
6.051138
6.101635
6.185794
6.059554
6.101635
6.135298
6.278373
6.244707
6.17738
6.194211
6.244707
6.118466
5.882817
5.975392
5.975392
6.000642
6.118466
6.497187
6.278373
6.657092
6.631845
6.572934
6.833831
6.859079
6.867492
7.162058
7.574443
7.465034
7.406122
7.793263
8.23931
8.121485
8.399214
8.205645
8.214064
8.340304
8.618033
8.483375
8.357133
8.626448
9.038834
8.777935
8.988339
9.838359
9.156658
9.375477
9.400726
9.291314
9.055667
9.131409
9.425973
9.442804
9.425973
9.089331
8.710609
9.880438
9.257651
9.518554
9.518554
9.526967
9.181906
8.828433
8.862099
9.274485
9.173489
9.358645
9.552212
9.585877
9.627959
9.872023
9.594293
9.552212
9.232402
9.282897
9.282897
9.383893
9.409141
9.510136
9.956183
10.250745
10.166585
10.45273
10.595802
10.402232
10.461146
9.956183
9.998263
10.309663
10.149754
10.360154
10.604218
10.671548
10.612635
10.318074
10.166585
10.52006
10.553722
11.041854
11.555231
11.917121
12.034949
12.287429
12.270597
12.657738
12.607239
12.455749
12.203269
12.287429
11.698304
11.563649
11.588896
11.656225
11.572065
11.344829
11.378495
11.614145
11.353249
11.269087
11.117599
10.881949
10.56214
10.578974
10.318074
10.679964
10.570555
10.52006
10.065592
9.779447
10.141336
10.090842
9.9646
9.754202
9.577462
9.872023
9.787866
9.754202
9.796281
9.846776
10.040343
10.351739
10.435897
10.477977
10.604218
10.705214
10.528475
10.713627
10.780954
10.780954
10.587388
10.604218
10.351739
10.503226
10.587388
11.159678
11.10918
11.437408
11.580481
11.361661
11.328001
11.277502
11.277502
11.285918
11.277502
11.22701
11.496319
11.496319
11.588896
11.462656
11.614145
11.487903
11.353249
11.294337
11.361661
11.235425
11.10918
11.311166
10.814623
10.587388
10.368569
10.351739
11.580481
11.370081
11.546819
11.487903
11.950785
12.068608
11.976034
11.664638
11.353249
11.774048
12.102277
12.051779
11.908708
11.740387
12.077026
11.950785
12.169606
12.060194
12.102277
11.816129
12.119107
12.371589
12.262184
12.556746
12.52308
13.415178
13.591912
13.743404
13.743404
14.046383
13.777068
13.936975
14.046383
14.105295
13.928555
13.827563
13.844396
14.088463
14.307284
14.517684
14.349362
14.315696
14.551349
14.500852
14.930068
14.66917
14.63551
14.896402
14.829077
14.652339
14.374607
14.088463
13.869647
13.718158
13.718158
13.044873
12.927048
13.02804
12.969129
12.927048
12.758727
12.969129
12.62407
12.62407
12.758727
12.62407
12.590406
12.657738
12.725065
12.6914
13.02804
13.347851
13.676077
14.004303
13.827563
13.659244
13.676077
13.676077
13.617167
13.398347
13.692904
13.760236
13.701325
13.650828
13.676077
14.500852
14.711246
14.559761
14.627089
15.308793
15.317203
15.443446
15.342452
14.829077
14.643922
14.820662
14.660755
15.300377
15.317203
15.350872
15.241461
14.433517
13.541417
13.861224
13.760236
13.819148
13.928555
13.844396
13.768654
13.743404
13.734984
13.633999
12.884968
12.581989
12.842888
12.73348
12.901799
12.666152
12.884968
12.876552
13.061707
13.406762
13.457257
13.070121
13.15428
12.952295
12.708231
12.666152
12.927048
13.272107
13.886479
13.852815
13.768654
13.549836
13.701325
13.575081
13.465675
13.423596
13.440428
13.507756
13.297354
13.280522
13.457257
13.558253
13.642411
13.549836
13.575081
14.096881
14.004303
13.852815
13.886479
14.122126
14.138955
14.509269
14.349362
14.265201
14.189458
14.248372
14.181041
14.340946
14.0548
13.861224
14.0548
14.138955
14.138955
14.223119
14.189458
14.197868
14.138955
13.945389
14.307284
14.357776
13.339436
13.62558
13.482507
13.482507
13.086954
12.969129
12.62407
12.674571
11.959203
11.285918
10.814623
11.311166
11.580481
11.412159
11.361661
10.865117
11.22701
11.176513
11.10918
10.780954
10.814623
10.789369
10.890362
11.193341
11.513153
11.748803
11.799299
11.445822
11.336413
10.932445
10.848285
10.8567
10.713627
10.982942
10.932445
10.940861
10.957695
10.722045
10.679964
10.494809
10.957695
11.00819
11.218592
11.193341
11.445822
11.386914
11.521569
11.605729
11.580481
11.639394
11.588896
11.950785
11.824544
12.514665
12.211688
12.018113
12.077026
12.750313
12.876552
12.876552
12.62407
12.960713
13.086954
13.095368
13.314184
13.457257
13.482507
13.566669
13.709743
13.869647
13.852815
13.768654
13.852815
13.802319
14.096881
14.307284
14.282031
14.138955
14.256788
14.113711
14.223119
14.189458
14.324117
14.643922
14.551349
14.568178
14.399855
14.534512
14.559761
14.854324
14.938485
15.056308
14.988983
15.022644
15.089974
14.786991
14.601843
14.324117
14.568178
14.568178
14.155788
14.239954
13.83598
13.920139
13.844396
13.608747
13.591912
13.802319
13.533005
13.684491
13.718158
13.802319
13.785481
13.533005
13.457257
13.457257
13.356266
13.086954
13.129033
13.103783
12.994374
12.792392
13.196363
13.246858
13.171113
13.044873
13.339436
13.482507
12.851304
12.977545
12.489413
12.371589
12.337928
11.933951
11.933951
11.992868
11.807714
11.816129
11.698304
11.454239
11.311166
11.302752
11.193341
11.311166
11.294337
11.269087
10.764125
10.814623
11.10918
11.386914
11.344829
11.285918
11.26067
11.361661
11.361661
11.437408
11.378495
11.31958
11.210173
10.940861
10.738876
10.8567
11.067102
10.940861
10.8567
10.940861
11.092352
11.285918
11.445822
11.395329
11.403741
11.370081
11.462656
11.428992
11.529984
11.866628
11.883461
12.060194
12.102277
12.203269
12.043365
11.875042
11.933951
11.925537
12.119107
12.489413
12.480997
12.438918
12.312676
12.321093
12.312676
12.62407
12.792392
13.036456
13.196363
13.255274
13.381517
13.213195
13.086954
12.725065
12.598821
12.253764
12.026532
12.203269
12.085444
12.321093
12.52308
12.918634
12.943878
13.162699
13.01121
13.322603
13.002793
13.734984
13.886479
14.265201
14.324117
14.147375
14.307284
14.004303
14.0548
14.138955
13.650828
13.701325
13.43201
13.507756
13.524589
13.339436
13.490924
13.381517
13.499341
13.465675
13.558253
13.398347
13.02804
12.674571
12.682983
12.716648
12.960713
13.02804
12.775558
12.834472
12.826056
12.851304
12.716648
12.666152
12.337928
12.034949
12.085444
11.900291
11.774048
12.034949
12.077026
12.034949
12.001284
12.371589
12.169606
12.001284
11.891875
12.211688
12.018113
11.925537
11.959203
12.169606
12.531495
12.682983
12.6914
12.354759
12.203269
12.043365
12.539909
12.62407
12.489413
13.575081
14.130545
14.307284
14.298863
14.298863
14.332533
14.399855
14.029548
13.861224
13.7939
13.844396
13.465675
13.802319
13.920139
13.701325
13.633999
13.314184
13.339436
13.314184
12.918634
13.095368
13.465675
13.549836
13.558253
13.086954
12.792392
12.56516
12.295849
11.883461
11.748803
12.119107
12.539909
12.817638
12.590406
12.62407
12.666152
12.960713
13.01121
12.666152
12.590406
12.73348
12.977545
13.171113
12.960713
13.053289
12.590406
12.068608
12.287429
12.716648
12.842888
12.506246
12.346343
12.161185
12.161185
12.56516
12.144357
11.900291
12.363171
12.354759
12.699816
12.666152
12.969129
13.204781
12.876552
12.792392
12.682983
13.002793
12.994374
12.910216
12.809223
13.01121
12.927048
12.884968
13.246858
13.718158
13.591912
13.802319
13.701325
13.878059
13.743404
13.785481
13.760236
13.566669
13.490924
13.608747
13.667663
13.777068
13.928555
13.667663
13.533005
13.490924
13.331019
13.230025
13.297354
13.558253
13.280522
13.36468
13.945389
14.021132
13.995888
13.979054
13.558253
14.147375
14.282031
14.282031
14.223119
14.138955
13.852815
14.248372
14.298863
14.071628
14.189458
14.214705
14.0548
14.67759
14.736498
14.887986
14.618673
14.517684
14.416688
14.349362
14.509269
14.542929
15.106803
14.837489
14.829077
15.435031
15.754842
15.84742
16.141979
15.956827
16.621693
16.798428
17.101404
17.261314
17.252895
17.648447
17.917761
17.75786
17.75786
17.623205
18.052425
17.951427
18.052425
18.027174
17.505375
17.362305
17.513792
17.926174
17.875687
18.203913
18.767786
18.801453
18.481638
18.750954
19.045515
19.104424
18.961351
19.087597
18.515303
18.010342
18.027174
18.422722
18.170244
18.245989
18.220741
18.271238
18.456396
17.976679
18.220741
17.597952
17.151897
17.034081
16.865757
16.630108
17.488544
18.599466
18.60788
18.128166
18.464804
18.262817
17.816769
18.178661
17.959843
17.210815
16.790016
17.513792
17.168741
16.764769
17.421219
17.547462
16.949921
17.429634
17.412804
17.303394
17.867268
18.818281
19.895529
19.979692
20.41733
21.233688
21.856478
22.63916
22.083708
22.277281
22.218361
21.124279
21.410427
21.191605
20.753971
20.43416
21.44409
21.839643
22.45402
22.462433
22.866402
22.462433
22.698082
22.496094
22.327768
22.731747
22.647585
23.564932
23.135721
23.270367
23.144131
22.622332
22.277281
22.193117
22.437183
22.597086
23.051554
23.52285
24.255049
24.490696
23.152548
23.943653
25.071402
25.45854
26.190737
26.005587
25.862509
24.945168
24.608522
25.054573
25.256556
25.719435
26.73778
25.879347
24.827341
24.558025
24.894667
25.938257
24.633766
25.298637
25.029329
25.037741
24.549612
24.802094
25.340717
25.567953
25.778357
26.182318
26.603123
26.880856
27.158587
27.705629
26.645206
27.747713
27.360571
29.0522
29.565575
29.944302
30.802729
30.903725
30.17153
29.136356
29.742317
29.961128
29.935894
31.837908
31.947321
32.70475
33.470619
33.647358
32.435459
32.856255
33.445377
33.159222
32.662678
31.989389
32.763672
32.839424
33.479038
32.92358
32.864655
32.906734
33.075054
32.216629
32.309204
33.445377
34.329063
33.866173
33.714676
33.201309
33.521114
32.645851
33.664188
32.393364
31.282448
29.994787
29.127937
30.264111
31.610662
31.989389
33.689434
33.226547
32.612186
34.169151
33.992416
31.568598
33.19289
33.697849
33.773605
32.098797
29.641325
30.272524
32.595352
32.822578
33.925091
33.335964
34.531033
34.185978
32.645851
33.664188
33.596855
35.364231
36.130089
36.416237
37.291508
36.121677
36.054348
37.0811
38.21727
38.293011
37.678638
37.779644
39.016808
39.504925
39.908909
42.290638
41.625774
42.139149
43.468884
44.798615
45.042679
45.530819
44.142162
41.171299
42.820854
44.100086
43.241653
46.801636
49.073971
49.848251
51.910179
50.91708
52.903275
52.12899
53.290413
52.600288
50.572029
52.288891
53.071587
55.125114
57.927639
58.626186
57.229137
58.743999
58.028648
58.46627
56.867229
58.912334
59.661354
59.829685
59.787582
51.61562
55.899376
55.77314
52.162663
53.559719
49.940819
51.422043
49.595753
51.337887
52.162663
53.273571
57.675156
57.607815
58.196968
60.763859
59.804447
63.5075
65.182297
67.01696
71.031441
69.011581
69.516571
71.519592
69.693291
71.107178
69.979439
69.272476
76.341949
74.869164
77.848465
78.892044
80.25544
80.659378
