Adjusted
4.534405
4.490583
4.659606
4.463458
4.430071
4.455109
4.455109
4.48015
4.5198
4.530231
4.559445
4.509363
4.419636
4.369554
4.402943
4.315301
4.215139
4.236007
4.440503
4.382073
4.361209
4.465544
4.557358
4.592833
4.582397
4.540665
4.613698
4.645
4.526058
4.503103
4.522089
4.728789
4.657075
4.652858
4.733006
4.756207
4.749881
4.779409
4.783627
4.870106
4.857448
4.830029
4.931271
4.918614
4.946034
4.937597
4.88276
4.741445
4.745663
4.692933
4.827919
4.876431
4.920723
4.960799
4.889086
4.903851
4.948143
4.965017
5.036729
5.070477
5.055711
5.144297
5.093676
5.01353
5.059929
4.998764
4.929161
4.914397
4.876431
4.859558
4.893305
4.956581
4.876431
4.895413
4.878539
4.897523
4.838464
4.819483
4.781519
4.840577
4.758317
4.802609
4.813156
4.891196
4.893305
4.939707
5.030401
4.983999
4.956581
4.973454
5.068367
5.125314
5.184372
5.205463
5.092627
5.096884
5.184176
5.216111
5.333207
5.45456
5.405594
5.399207
5.47798
5.507789
5.563142
5.597206
5.6334
5.639787
5.58656
5.614238
5.748369
5.673851
5.658948
5.748369
5.680237
5.658948
5.635528
5.712174
5.637656
5.563142
5.573787
5.5674
5.584432
5.609981
5.644043
5.663206
5.646173
5.631271
5.686625
5.684495
5.5674
5.592947
5.5674
5.471593
5.465207
5.533336
5.652562
5.550366
5.563142
5.537592
5.554625
5.599335
5.539721
5.469464
5.47798
5.480109
5.416239
5.373656
5.324691
5.403464
5.426884
5.52482
5.673851
5.695141
5.801594
5.837785
5.82714
5.816395
5.801354
5.779867
5.844328
5.762679
5.827139
5.788463
5.893746
5.947463
5.992582
6.091423
6.153732
6.188111
6.17522
6.32133
6.216044
6.153732
6.110761
6.153732
6.155881
6.104315
6.035559
6.065639
6.091423
6.061343
6.061343
6.091423
6.026964
6.054894
6.054894
6.12365
6.256868
6.211748
6.224638
6.23753
6.327775
6.338518
6.355706
6.491073
6.521154
6.499667
6.471732
6.48892
6.46314
6.437356
6.420165
6.366448
6.34926
6.289097
6.344964
6.299843
6.271909
6.265461
6.353559
6.379339
6.306288
6.312733
6.32133
6.392233
6.293396
6.254719
6.274057
6.360004
6.411572
6.359567
6.272892
6.322731
6.305397
6.335732
6.346565
6.426735
6.428905
6.415903
6.511245
6.541579
6.459239
6.535078
6.548077
6.548077
6.565411
6.600083
6.688919
6.693253
6.60658
6.660751
6.730087
6.964105
6.966271
6.983603
6.968436
7.052941
7.078943
7.193789
7.230621
7.169949
7.20462
7.384466
7.386632
7.356297
7.388798
7.367131
7.362795
7.416964
7.358462
7.25879
7.239289
7.393131
7.471135
7.390965
7.416964
7.488469
7.464637
7.247955
7.13745
7.037777
7.07461
7.113614
6.90777
6.860096
6.990108
7.050775
7.117948
7.25879
7.232785
7.311378
7.370327
7.400887
7.422718
7.398707
7.429269
7.416173
7.448918
7.518779
7.671598
7.872452
7.651951
7.67815
7.634484
7.710897
7.750192
7.721812
7.610475
7.446736
7.536244
7.538427
7.52533
7.682515
7.730544
7.416173
7.300466
7.232784
7.047215
6.719746
6.876933
6.876933
7.134544
7.350678
7.176023
7.152008
7.23715
7.23715
7.182574
7.335394
7.433639
7.350678
7.285184
7.420536
7.512228
7.488216
7.269897
7.298283
7.413988
7.440186
7.496947
7.671598
7.466383
7.224053
7.32666
7.365957
7.492583
7.542793
7.579904
7.350678
7.127997
7.357225
7.398707
7.22842
7.333209
7.280424
7.199037
7.086865
7.137452
7.14405
7.20564
7.364003
7.405793
7.247427
7.333208
7.533367
7.544364
7.394798
7.293617
7.533367
7.522368
7.456383
7.588353
7.504773
7.667535
7.812705
7.997465
8.059053
8.085443
8.034857
8.23941
8.191021
8.230614
8.136037
8.138234
8.322997
8.241615
8.358187
8.320796
8.158032
8.215218
8.16903
8.070049
8.028258
8.133838
8.184423
8.268008
8.230614
8.263605
8.129438
8.160229
8.105242
8.032657
8.092043
8.109641
8.235012
8.285601
8.281206
8.285601
8.039253
7.874293
7.735722
7.898486
7.819306
7.667535
7.614748
7.733523
7.890807
7.629402
7.66263
7.633831
7.61611
7.527497
7.59839
7.731306
7.830994
7.884159
7.846501
8.034799
8.116762
8.214233
8.174362
8.196512
8.196512
8.324998
8.293983
8.351582
8.435763
8.415821
8.444624
8.57311
8.6152
8.889896
8.861094
8.770271
8.976288
8.962998
9.197817
9.044962
9.144649
9.295286
9.235476
9.215537
9.332946
9.138002
9.135792
9.08705
9.00952
8.708241
8.916476
8.9054
8.807928
8.734822
8.940845
8.889896
8.927553
8.894322
8.714885
8.43133
8.342724
8.44241
8.336076
8.20759
8.318355
8.418037
8.51108
8.356011
8.293983
8.271831
8.289555
8.464562
8.219082
8.243629
8.344054
8.375295
8.56052
8.714505
8.75467
8.83278
8.893031
8.843936
8.801538
8.524817
8.335127
8.370833
8.330663
8.198997
8.234703
8.248093
8.183373
8.239164
8.261485
8.379758
8.321735
8.328432
8.281564
8.346286
8.279335
8.321735
8.221313
8.216847
8.294958
8.352976
8.39315
8.16329
8.071795
7.973603
8.096342
8.214616
8.317273
8.377529
8.457862
8.547131
8.547131
8.649784
8.580603
8.422156
8.493571
8.607384
8.741282
8.792609
8.678795
8.56052
8.643093
8.743515
8.926511
9.058171
9.038089
9.004614
9.082723
9.178679
9.428624
9.526814
9.499858
9.657103
9.857032
9.767175
10.003042
9.897464
9.946883
10.151301
10.474779
10.634271
10.512969
10.535429
10.782528
10.953258
10.944268
10.876878
10.510722
10.265867
10.317533
10.39391
10.254633
10.301811
10.535429
10.544417
10.587095
10.292823
10.2142
10.254633
10.198477
10.115359
10.290577
10.539924
10.838688
10.838688
10.721878
10.870139
10.874632
10.726373
10.894848
10.59159
10.250142
10.297314
9.883986
10.088407
10.364709
10.355721
10.60731
10.769054
10.892602
10.755572
10.614054
10.301811
10.461301
10.748834
10.492751
10.670212
10.802748
10.854416
11.070064
10.930787
10.88811
10.337749
10.184999
10.103626
10.270892
10.350002
10.557952
10.447193
10.646103
10.74556
10.826929
10.933165
11.052962
10.960287
11.213445
11.202143
11.299335
11.278996
11.25413
11.439473
11.735579
11.740097
11.701675
11.764963
11.925445
12.146955
12.418196
12.350383
11.945787
12.217023
12.307438
12.382028
12.562852
12.196686
12.083668
12.063325
12.55381
12.843138
12.463402
12.702995
12.687173
12.754984
13.042041
13.035257
12.585457
12.483746
12.361688
12.576417
12.637444
12.639705
12.974232
13.107592
13.037521
13.08273
13.333624
13.191222
13.487323
13.706573
13.613901
13.627464
13.55287
13.88062
13.932609
14.199329
14.391454
14.332685
14.148638
13.8419
13.423823
13.394285
13.678307
13.689665
13.546522
13.664673
13.532886
13.451092
13.653311
14.08502
14.61216
15.182469
14.784838
14.927984
14.998422
14.914352
15.393777
15.209731
15.093852
15.255173
15.321068
15.450577
15.723234
15.550557
16.093596
16.014067
15.580088
15.811853
15.882287
15.961807
15.889097
15.661882
15.725503
14.737119
13.875974
13.6215
14.166816
14.098651
14.446286
14.130459
13.610138
13.576059
13.960049
13.376104
13.637407
12.787625
13.023924
13.541974
13.807817
13.878254
13.014839
13.619227
13.669218
13.557879
13.982773
14.344047
13.844173
13.401105
13.553338
13.451092
12.798986
13.008025
13.325678
13.05373
13.341675
13.405665
13.487938
13.657052
13.974706
13.876442
13.940432
13.225126
13.394239
13.54964
13.970138
13.892439
14.102688
14.06155
14.052412
14.264943
14.102688
14.139254
14.152965
14.680877
14.370069
14.120968
14.038698
14.038698
14.155249
14.287802
14.205527
13.702757
14.008987
13.871871
13.933573
14.909404
15.105941
15.055664
15.240778
15.531006
15.882947
15.96979
15.837243
16.29888
16.360582
16.3263
16.534262
16.595968
16.579967
16.646246
16.445135
16.568542
17.149019
17.494095
17.567225
17.352406
16.710228
16.36515
16.721663
15.960653
15.84867
15.517305
15.181359
15.412173
15.278973
15.508625
15.956451
16.33539
16.305527
16.291754
16.349167
16.583416
16.41806
16.213669
16.647724
16.684465
16.613268
16.027649
15.830137
15.967937
15.802584
15.961045
16.323902
16.7924
17.159847
17.805191
17.53648
17.159847
17.380316
17.508926
17.708729
17.752357
17.947565
17.91312
17.674271
17.685757
17.492849
17.614567
17.940678
18.292048
18.204779
17.936087
18.174925
18.202482
18.207075
18.29664
18.916714
19.410471
19.410471
19.444914
19.759554
19.256603
19.013166
18.806479
18.046314
18.225452
18.631939
18.870785
18.592897
18.487255
18.659496
18.560745
18.567631
18.827148
18.519407
17.995792
17.370235
17.709555
17.273289
17.245583
17.42795
16.71929
17.120935
16.931652
17.476425
17.543352
17.192492
17.324068
17.730333
18.095051
17.774197
17.776499
17.114016
17.174025
16.936268
16.684658
16.119112
16.566933
17.273289
17.208654
16.57847
16.580782
17.11632
17.284824
17.709555
17.746498
18.42284
18.882195
19.286156
19.228447
19.221519
19.600082
19.833231
19.789375
19.819384
20.458796
19.978659
20.059443
20.281042
19.609324
19.897867
20.02482
19.699352
19.420036
20.262573
20.541889
20.971235
20.655005
20.62499
20.922766
20.899685
20.454178
20.001747
20.128695
20.486488
20.885834
21.280556
21.031256
20.62499
20.017488
20.36993
20.520643
20.022123
20.221529
20.854544
21.169889
20.926422
21.230177
21.362341
20.791943
20.381519
19.685911
19.361292
19.706779
19.268539
18.440756
18.424528
17.912096
17.362555
17.297634
17.51096
17.058805
16.975332
17.515593
17.028662
16.400286
16.625208
16.509272
16.537092
17.153866
17.696449
17.622255
17.830938
17.541096
16.680853
17.144596
17.490088
17.821661
17.726595
18.431486
18.336409
18.616978
19.275494
19.736919
19.648811
19.604757
20.005901
20.087048
20.237768
20.212261
20.311962
20.133425
20.022123
19.776342
20.033718
19.934013
19.938646
20.527603
20.812809
20.43718
20.488186
20.750204
20.51833
20.706142
20.822603
20.927414
20.233334
20.727102
20.748075
21.253494
21.137041
21.262814
21.37229
21.414207
22.0291
21.982523
22.278328
22.227083
22.147888
22.315588
21.84976
21.831129
21.889351
21.782213
22.129257
22.725519
22.243385
21.53532
22.150221
21.786873
21.383923
21.141699
21.199926
21.591227
21.691378
21.544643
20.345133
19.620762
20.012058
20.203049
19.986435
19.77449
19.432102
20.210037
19.83737
20.035349
19.839706
20.303198
20.377733
21.013592
21.137041
20.696821
20.687517
20.310194
20.801645
21.041548
21.174305
20.873846
21.006607
20.852882
20.787666
21.47011
21.22555
20.967018
21.519016
21.614515
21.258162
21.295586
21.150543
21.478056
21.550585
21.660532
21.697964
21.003153
21.223063
21.318981
20.876831
20.860453
21.300266
21.761129
22.02548
22.161167
21.878099
21.485077
21.85236
21.966993
21.824291
22.341297
22.926153
23.216234
23.737921
23.656044
23.992908
23.957825
23.932095
23.829153
23.120325
23.501646
23.562469
23.861912
24.046719
23.845535
23.712185
23.70985
23.96718
23.859575
23.908695
23.377651
23.702835
23.515675
23.522703
23.482929
23.342567
23.99058
24.142639
24.049067
23.756639
23.691135
23.941454
24.231539
24.425709
24.423365
24.661991
24.916983
24.692396
25.122856
25.595186
26.19206
26.262552
26.659685
26.911129
27.275366
27.334108
27.691298
27.493896
28.104889
27.938032
28.692364
29.094196
29.787418
30.165747
29.904913
29.371485
29.018988
29.479572
29.355038
28.896807
29.629967
30.313787
31.138615
30.870724
30.403109
29.03544
29.726313
29.19524
29.185833
28.438562
28.147175
28.076679
28.180077
28.76285
29.594711
29.491325
29.886112
30.031799
30.107002
29.54772
29.970713
30.567581
29.702818
29.199938
29.83441
29.655819
28.791056
28.776955
27.287117
27.926291
26.765432
25.919466
26.788935
25.942965
25.482384
24.31683
23.409765
23.14188
24.62702
24.46722
23.14188
24.37323
25.266197
24.657196
23.604439
23.722462
25.228426
24.50141
24.166225
24.520292
24.147346
25.36533
24.9499
23.897133
25.351175
25.134007
25.440868
26.290625
26.465294
26.710783
25.733564
25.119844
24.964052
25.478634
25.903507
26.389763
26.639971
27.248972
27.560541
27.541656
27.499168
27.272568
26.88546
27.163992
27.050682
26.918497
27.163992
27.102615
26.828802
27.239527
27.598312
27.654957
27.560541
27.876841
27.277294
27.541656
28.02319
28.056244
27.338673
28.060959
27.433086
27.428356
27.253679
27.744665
28.155382
28.674671
28.561373
27.08374
27.914612
27.225361
28.174261
27.735222
28.953211
28.377256
28.802141
28.178978
27.097893
27.168707
26.408649
25.681629
27.149828
26.704208
27.254118
26.67576
26.723167
25.500074
25.286741
25.993105
26.220657
26.500347
26.917528
26.495619
26.851168
27.728184
28.078997
27.979441
27.732925
28.169065
28.282843
27.647594
27.050274
27.751892
27.761372
28.368185
29.112467
29.335276
29.671858
29.363716
29.572308
