Adjusted
32.650002
33.299999
33.220001
33.32
32.369999
33.099998
33.75
34.119999
33.549999
32.599998
32.349998
31.9
31.889999
31.1
31.49
30.950001
31.02
31.35
31.09
30.48
30.48
30.690001
30.42
30.629999
29.969999
29.91
29.75
29.450001
29.049999
29.309999
29.299999
29.51
29.23
29
29.530001
29
28.9
29.15
29.450001
29.860001
29.48
29.200001
29.26
29.549999
29.65
29.68
29.26
29.200001
29.950001
29.799999
30.75
30.799999
30.790001
30.700001
31.5
31.120001
30.530001
30.459999
29.940001
30.02
29.790001
29.82
30.5
30.9
30.200001
31.030001
31
32.09
32.700001
32.950001
32.860001
33.490002
33.799999
34.189999
34.330002
34.439999
34.290001
33.950001
33.150002
34.080002
35.169998
35.5
35.59
35.810001
35.77
35.84
35.439999
35.200001
35.130001
35.299999
35.599998
35.450001
35.869999
35.5
35.200001
35.369999
35.5
36.060001
35.939999
36.049999
35.919998
35.790001
35.830002
36.389999
36.759998
37.150002
37.549999
37.400002
36.439999
36.240002
36.57
36.709999
36.599998
36.869999
37.580002
38
37.66
37.889999
36.990002
36.599998
36.849998
37.549999
36.959999
36.650002
36.650002
36.98
36.959999
37.549999
37.950001
38.450001
38.09
37.669998
37.259998
37.450001
37.27
37.119999
37.32
36.950001
37.169998
37.209999
38.349998
35.200001
35.599998
35.150002
35.040001
34.900002
34.900002
34.98
34.700001
34.599998
34.75
34.73
35.439999
35.849998
36.209999
36.459999
36.459999
36.580002
36.98
37.599998
37.950001
38.700001
38.299999
37.939999
37.560001
37.98
38.509998
38.700001
38.830002
38.939999
39.599998
39.700001
39.75
39.18
39.25
38.950001
38.5
38.470001
38.240002
38.009998
37.93
37.5
36.799999
37.189999
36.720001
36.330002
36.450001
35.950001
36.349998
36.099998
36.52
36.599998
37.419998
37.450001
36.93
37.66
37.610001
38.209999
38.549999
38.560001
37.52
38.150002
37.150002
36.880001
36.060001
36.380001
36.75
38
38.110001
37.669998
38.34
38.580002
39.139999
38.849998
39.509998
40.5
40.200001
40.110001
40.349998
40.970001
39.950001
39.689999
39.529999
39.509998
39.48
39.200001
39.950001
39.799999
39.84
39.220001
39.650002
39.490002
39.52
39.450001
39.41
39.560001
39.310001
39
39.779999
39.470001
40.599998
40
40
40.529999
42.43
42.73
42.380001
42.150002
42.110001
42.34
42.299999
42.209999
42.049999
42.650002
43.150002
43.27
44.830002
45.060001
44.349998
43.849998
44.099998
44.299999
45.27
44.990002
45
45
45.080002
45.259998
45.52
45.709999
45.52
45.799999
45.860001
46.459999
45.5
45.48
43.799999
43.080002
43.349998
43.75
43.880001
43.799999
43.799999
43.450001
43.200001
42.560001
42.23
42.93
42.400002
42.599998
44
44.049999
44.049999
43.59
43.32
43.41
42.75
40.669998
41.389999
41.299999
42.02
41.549999
41.599998
42.299999
42.5
42.790001
41.75
42
42
42.759998
43.049999
43.68
44
44.400002
44.43
44.799999
44.799999
44.93
44.93
44.98
44.990002
44.349998
44.259998
43.700001
44.189999
44.43
43.950001
44.900002
45.720001
45.91
45.450001
45.009998
44.34
44.5
44.82
44.959999
44.950001
44.93
44.57
44.5
44.18
44.799999
45.049999
45.25
45
44.650002
44.599998
44.799999
44.700001
44.900002
45.380001
45.450001
45.380001
45.799999
46.380001
46.459999
46.52
46.02
47.310001
48.220001
48.110001
48.09
48.110001
48.169998
48.639999
49.099998
48.950001
49.299999
49.09
49.150002
49.580002
49.580002
49.080002
48.830002
49.32
49.139999
49.150002
48.360001
46.830002
47
47.02
47.099998
46.68
46.700001
46.299999
46.02
45.700001
45.470001
45.599998
44.900002
45.299999
41
40.709999
40.5
41.279999
41.869999
41.700001
42.27
42.450001
42.18
42.349998
41.259998
41.25
43.700001
43.150002
41.919998
43.099998
43.77
44.41
45.200001
45.02
45.799999
45.59
45.619999
45.66
45.580002
46.049999
45.529999
46.040001
46.720001
47.02
46.380001
46.869999
46.240002
46.880001
46.77
47.68
47.639999
47.73
47.869999
47.889999
47.639999
47.650002
47.07
46.98
46.599998
46.349998
46.16
47.02
47.220001
48.080002
47.700001
47.52
48.009998
47.540001
47.18
47.07
46.93
47.080002
46.75
46.799999
47
46.75
47.23
46.93
46.509998
46.630001
46.919998
47.599998
47.950001
47.900002
47.849998
48.009998
48.099998
48.369999
49
49.200001
48.959999
49.34
49.900002
49.950001
50
49.959999
50.169998
50.599998
49.98
50.599998
51
50.959999
50.98
51.459999
51.599998
51.700001
51.48
51.5
51.669998
50.779999
50.5
49.810001
49.950001
50.77
51.470001
51.93
51.970001
51.799999
51.529999
51.450001
51.700001
51.779999
51.290001
51.48
51.400002
51.52
51.310001
51.07
50.360001
50.369999
50.200001
50.150002
49.849998
49.700001
49.84
49.5
49.799999
49.950001
49.580002
49.700001
49.48
49.5
49.529999
49.669998
49.900002
49.900002
50.16
50.52
50.75
50.18
50.630001
50.950001
50.939999
50.290001
50.950001
51.830002
51.720001
51.599998
51.200001
51.34
51.02
50.93
50.810001
51.759998
52.200001
52.5
52.200001
52.349998
52.25
52.360001
53
52.540001
52.439999
51.580002
51.66
52.93
52.349998
51.900002
51.599998
51.360001
51.380001
51.43
51.400002
51.5
51.490002
50.93
47.369999
47.5
47.639999
47.549999
47.700001
47.68
47.84
47.73
47.470001
48.259998
47.669998
46.900002
46.080002
45.849998
46.57
46.75
47.759998
46.200001
46.75
46.549999
45.849998
45.599998
45.849998
46.049999
46.5
46.93
46.939999
47.290001
47.169998
47.18
47.650002
47.84
47.299999
47.060001
48.349998
48.950001
48.91
49
49.02
48.790001
48.5
48.799999
48.779999
49
49.259998
49.57
48.91
49.25
48.950001
48.470001
48.580002
48.599998
48.549999
48.43
47.799999
47.150002
47.099998
47
46.900002
46.59
45.669998
45.509998
45.240002
45.669998
45.950001
46.580002
46.610001
46.880001
46.669998
47.029999
47.66
47.919998
47.849998
47.5
47.599998
47.580002
47.59
47.799999
49.049999
48.900002
48.5
48.299999
48.740002
49.330002
49.580002
52.5
52
52.16
51.599998
51
50.75
50.450001
49.959999
49.810001
50.639999
50.560001
50.900002
50.16
50.419998
50.349998
50.09
50.639999
50.209999
50.400002
50.75
49.799999
50.200001
49.939999
50.400002
50.5
49.57
49.740002
50.66
50.75
51.389999
51.419998
50.950001
50.459999
49.630001
49.939999
49.849998
49.369999
49.5
49.490002
49.740002
49.68
50.349998
50.349998
50.700001
50.98
51.599998
52.009998
51.580002
51.48
51.610001
51.200001
50.880001
51.23
51
51.439999
51.82
51.98
52.599998
52.240002
51.5
51.619999
51.57
50.950001
50.900002
51.029999
51.599998
51.23
52.32
52.369999
56.200001
56.200001
56.029999
55.900002
56
55.900002
56.400002
56.220001
56.099998
56.18
56.400002
58.200001
58.169998
57.869999
57.470001
56.720001
56.889999
57.080002
57.540001
57.200001
57.82
57.049999
57.049999
57.549999
57.869999
58.049999
57.959999
57.380001
57.02
56.950001
55.400002
55.900002
56
56.139999
55.91
55.299999
55.200001
55.599998
55.200001
55.619999
56.07
55.970001
55.950001
56.400002
56.310001
56.549999
56.189999
56.450001
56.27
57.869999
57.580002
57.25
56.82
57.889999
57.82
58.189999
58.66
58.860001
57.889999
59.310001
58.080002
58.740002
59.029999
60.450001
59.630001
60.150002
61.900002
61.369999
61.59
61.639999
61.48
61.700001
60.669998
60.849998
60.650002
60.68
60.98
60.560001
60.700001
60.52
61
59.860001
60.200001
60.169998
59.669998
59.900002
60.25
60.779999
60.290001
60.529999
60.080002
60.110001
59.59
59.98
60.200001
60.279999
60.27
59.98
60.700001
60.48
60.34
60.580002
60.880001
61.369999
61.470001
61.849998
61.560001
61.400002
61.549999
61.860001
62.169998
63.200001
63.360001
63.259998
62.509998
64.489998
64.459999
65.040001
64.57
64.800003
64.989998
64.870003
65.690002
65.949997
65.760002
66.410004
66.870003
68.339996
68.18
67.769997
68.089996
66.800003
65.720001
65.059998
64.709999
63.919998
63.880001
63.900002
64
64
62.650002
64.790001
65.480003
63.950001
62.700001
62.049999
60.900002
60.34
60.810001
59.23
58.709999
58.77
59.860001
59.75
59.110001
58.5
59.549999
59.599998
59.73
60.240002
58.599998
58.669998
60.43
60.57
61.599998
61.810001
61.900002
60.990002
60.16
59.900002
59.169998
57.860001
56.700001
57.490002
57.450001
59.549999
58.580002
58.09
59.049999
60.389999
60.619999
59.970001
60.91
61.529999
61
61.09
61.16
60.709999
60.200001
59.369999
59.200001
59.860001
59.490002
59.32
60.189999
61.490002
61.77
62.009998
61.52
61.77
61.619999
61.259998
60.959999
61
61.18
60.900002
60.939999
61.52
61.16
60.740002
60.849998
61.52
62.360001
62.240002
63.66
64.68
65.43
65.139999
65.07
64.5
64.199997
64.150002
65.07
64.940002
65.589996
66.029999
66.150002
66.010002
66
66.300003
66.550003
66.190002
66.370003
66.449997
66.449997
67.190002
67
68.410004
68.150002
67.779999
67.690002
67.230003
67.940002
67.470001
68.580002
68.809998
67.599998
68.589996
68.650002
67.339996
68.059998
74.900002
74.25
76.669998
75.349998
76.5
77.260002
77.75
77.5
78.470001
78.620003
78.300003
78.099998
78.449997
78.489998
78.860001
77.230003
77.620003
78.739998
77.419998
77.699997
79.529999
80.160004
80.800003
80.279999
80.040001
80.010002
80.279999
80.370003
80.629997
80.410004
80.769997
79.599998
79.5
79.129997
78.540001
78.510002
80.019997
79.449997
78.849998
77.779999
78.489998
78.519997
78.900002
79.82
79.589996
81
79.910004
80.480003
80.220001
80.18
79.279999
78.290001
79.540001
80.040001
79.980003
80.940002
81.57
82.110001
82.800003
85.480003
84.089996
83.639999
84.290001
84.660004
84.599998
89.199997
87.699997
88.019997
89.480003
90.660004
89.610001
89.809998
90.599998
90.169998
89.910004
89.410004
86.260002
86.360001
85.889999
84.959999
84.989998
87.18
87.110001
86.449997
86.849998
88.260002
87.300003
87.019997
88.209999
88.190002
89.510002
89.449997
91.080002
91.010002
91.470001
91.610001
90.839996
89.959999
89
89.57
89.940002
90.089996
91.209999
92.68
92.309998
93.160004
93.07
93.139999
93.650002
93.959999
94.239998
94.209999
93.769997
94.849998
95.459999
94.839996
95.339996
95.489998
100.730003
97.620003
97.599998
99.209999
99.800003
100.360001
100.220001
100.309998
100.480003
98.860001
99
98.720001
97.919998
98
97.580002
97.970001
98.739998
99.599998
99.129997
97.730003
98.589996
98.57
98.720001
98.300003
98.889999
100.029999
101.760002
99.790001
98.790001
98.919998
98.519997
98.129997
98.059998
98.519997
98.389999
97.57
96.839996
95.050003
94.830002
94.330002
94.410004
95.019997
95.550003
95.480003
95.510002
95.730003
96.559998
95.940002
97.709999
98.209999
96.949997
97.900002
98.309998
98.510002
99
98.800003
97.720001
98.330002
97.07
98.470001
98.239998
97.879997
95.160004
95.379997
95.43
95.160004
95.089996
95.919998
94.110001
94.669998
93.510002
91.709999
86.589996
90.339996
92.400002
93.209999
91.760002
89.720001
91.599998
92.940002
93.989998
94.339996
95.5
96.980003
96.129997
94.620003
94.239998
93.470001
94.309998
95.07
95.050003
96.139999
95.839996
94.379997
95.709999
95.959999
95.910004
96.019997
96.300003
98.349998
99.699997
99.650002
99.5
99.610001
100.459999
103.080002
103.190002
102
103.529999
102.660004
102.32
102.690002
105.050003
105
106.040001
105.459999
103.449997
105.580002
104.82
104.779999
104.870003
105.139999
104.889999
104.839996
108.110001
109.75
108.379997
108.699997
107.879997
106.93
106.349998
105.110001
112.519997
111.809998
116.279999
112.080002
113.199997
109.910004
112.699997
116.540001
116.150002
115.550003
116.690002
112.400002
113.599998
110.93
113.300003
112.629997
116.599998
117.830002
117.589996
116.360001
115.800003
116.279999
117.239998
118.449997
118.43
118.540001
114.650002
114.5
115.389999
113.080002
111.459999
111.260002
113.339996
114.93
115.379997
115.900002
117.419998
114.849998
115.290001
