Adjusted
18.746641
18.703848
19.379372
18.554064
18.584635
18.621317
18.459312
18.144464
18.291199
18.165871
17.896877
17.80518
17.588156
17.81435
17.878542
17.716537
17.490337
17.783783
17.881594
17.728762
17.847979
17.878542
17.624834
17.423098
17.435318
17.285543
17.30694
16.845381
16.567226
16.848433
17.508688
17.612606
17.46895
17.44755
17.514803
17.465887
17.823513
17.455996
17.366428
17.298481
17.554823
17.530123
17.687632
17.894554
17.798819
17.594975
17.69072
17.761751
17.777193
17.721603
17.838964
18.008829
18.042797
18.132368
18.435038
18.098394
18.237379
18.197222
18.305319
18.129282
18.200314
18.237379
18.280617
17.90382
18.110748
18.178705
18.212664
18.070595
18.305319
18.289881
18.194136
18.472097
18.481365
18.450481
18.348568
18.305319
18.237379
18.623434
18.453566
18.814915
18.836542
18.799469
18.564753
18.663582
18.648144
18.549311
18.493723
18.574017
18.592548
18.753145
18.950809
18.990959
19.126854
19.364666
19.167006
19.370844
19.204063
19.358484
20.158398
20.479599
20.457977
20.229433
20.529015
20.621668
20.949049
21.070572
20.780788
20.575129
20.487875
20.232359
20.428667
20.643682
20.466059
20.87738
20.721573
20.892958
21.089266
21.005136
20.927233
20.783895
20.702883
21.039406
20.799475
20.830635
20.827522
21.002026
20.621862
20.434896
20.307144
19.870901
19.630966
19.852205
19.867788
19.500097
19.257044
19.281967
19.534376
19.310017
19.444012
19.409735
19.419083
19.56242
19.468935
19.319363
19.285091
19.216534
19.070086
19.007761
18.789637
18.889349
19.172903
19.179146
19.222763
19.431541
19.415958
19.444012
19.372339
19.403494
19.34741
19.537483
19.571762
19.459589
19.59981
19.615389
19.505283
19.417191
19.461237
19.643702
19.502127
19.426628
19.360559
19.347979
19.247305
19.316513
19.445507
19.687746
19.495842
19.67831
19.646845
19.907969
19.67831
19.357418
19.442356
19.385735
19.524149
19.760105
19.920549
19.882792
20.024363
20.294928
20.386166
20.389309
20.276049
20.165936
20.285484
20.288626
20.260317
20.250885
20.033804
19.996052
19.882792
19.9583
19.933134
20.011786
20.021219
20.087292
20.096724
20.112459
20.071558
20.134472
20.052685
20.222569
20.235147
20.184822
20.203697
20.165936
20.213127
20.219427
20.260317
20.39245
20.489981
20.153358
19.791561
19.9583
19.895378
19.91111
20.087292
20.150801
20.25243
20.18256
20.198439
20.173035
20.087292
20.214323
20.503325
20.544611
20.430285
20.335007
20.395348
20.427113
20.341362
20.18256
20.24291
20.411215
20.420755
20.519205
20.604954
20.608128
20.550964
20.757397
20.893953
20.776449
20.652592
20.385826
20.277838
20.293724
20.179388
20.246082
20.427113
20.630354
20.859026
20.820906
20.722466
20.690704
20.957472
21.179785
20.903477
20.690704
20.563667
20.747869
20.941597
20.881258
20.668474
20.722466
20.547783
20.303247
20.319126
20.325476
20.525562
20.706581
20.617657
20.528732
20.78598
21.040049
21.033699
20.91301
21.132153
21.119436
21.045706
20.914268
21.045706
21.238052
21.113031
21.263699
21.539392
21.718916
21.92729
21.879198
21.606716
21.244469
21.44322
21.350256
21.468866
21.74136
21.622744
21.597101
21.295765
21.250872
21.109831
21.109831
21.298967
21.411165
21.478493
21.430397
21.43681
21.257288
21.314997
21.276522
21.103413
21.05533
20.651403
20.385328
20.452644
20.420588
20.526373
20.433418
20.436617
20.327618
20.619345
20.981598
20.869392
20.709099
20.69949
20.436617
20.394947
20.465467
20.57126
20.362886
20.426994
19.9237
19.603128
19.676855
19.545427
19.619148
19.747379
19.692884
19.740971
19.635185
19.692884
19.683266
19.955759
20.164133
20.180159
20.404562
20.436617
20.644991
20.473438
20.473438
20.496092
20.551125
20.434593
20.305117
20.518753
20.521988
20.59968
20.635281
20.664415
20.667652
20.696785
20.622335
20.74534
20.729149
20.664415
20.732386
20.54141
20.700024
20.405462
20.54141
20.450777
20.343954
20.327776
20.269508
20.266277
20.288933
20.570543
20.628811
20.748569
20.780937
20.755054
20.538172
20.457256
21.285902
21.214689
21.29237
21.548094
21.735832
21.794098
21.913853
21.891197
21.926809
21.73259
21.923574
21.7423
21.978601
22.146912
22.117788
21.904152
22.020676
22.040098
22.237553
22.156637
22.007721
22.04657
22.169573
22.388626
22.359198
22.41151
22.454014
22.624014
22.525938
22.65344
22.571709
22.722101
22.535744
22.460552
22.525938
22.215347
22.136883
22.146681
22.231695
22.21862
22.21862
22.231695
22.199003
21.966877
22.176113
22.22188
22.404966
22.33305
22.336319
22.421316
22.349394
22.378811
22.437664
22.228428
22.408243
22.401697
22.532478
22.280739
22.267653
22.486708
22.329782
22.208807
22.140148
22.166306
22.463812
22.489979
22.787485
22.709021
22.512856
22.525938
22.535744
22.231695
22.777683
23.202696
23.042498
23.212503
23.375969
23.212503
23.480595
23.722525
23.653864
23.591751
23.483864
23.650597
23.477327
23.948109
24.03721
24.040512
23.994307
23.664307
23.208916
23.149513
23.057112
23.433313
23.77981
23.654415
23.654415
23.687408
23.928316
24.350718
24.476107
24.641106
24.690605
24.647715
24.799511
24.99091
25.063511
25.014013
24.766512
24.898506
25.037111
24.918312
24.667522
24.387009
24.090014
23.77981
24.165918
24.119705
24.202208
23.925011
24.040512
24.156017
24.16921
24.449715
24.350718
24.453012
24.621311
24.63452
24.363909
24.799511
24.809416
24.934813
25.291212
25.637714
25.806002
25.990814
26.301012
26.142612
26.380211
26.198713
26.103012
25.987514
26.426407
26.337317
26.393414
26.281223
25.938009
25.558517
25.393513
25.832413
26.301012
26.185505
26.558407
26.401928
26.601692
26.94795
27.234276
27.14106
26.565067
26.744856
26.571722
27.111097
27.16769
26.768166
26.967936
26.874701
26.668276
26.235474
26.142241
26.295389
26.282074
25.88921
26.468521
26.734856
26.721558
26.91465
26.868048
26.841408
26.94795
26.854734
27.254259
27.500628
27.307516
26.954607
26.595034
26.994558
27.267565
27.187672
27.653784
27.680418
27.826914
27.254259
27.307516
27.094442
27.181004
27.247589
27.14106
27.14106
26.91465
26.888029
27.034508
27.147715
27.434042
27.121088
26.654953
26.781485
26.834755
26.708235
26.834755
26.92132
26.907984
26.954607
26.841408
26.834755
27.187672
27.067812
27.454052
27.319704
27.346577
27.353294
27.40032
27.615269
27.386885
27.534668
27.601843
27.702602
27.380161
27.467482
27.863817
27.722755
27.568253
27.924274
28.058628
27.810087
28.078773
28.461658
28.481819
28.253431
28.676615
28.878147
28.334042
28.676615
29.113253
29.489437
29.428984
29.55661
29.44241
29.193872
29.247614
29.119984
29.46257
28.730368
29.03266
28.797533
28.710215
28.676615
28.992353
28.965471
28.548988
29.086374
29.200592
28.790829
28.280308
27.810087
28.078773
27.863817
27.870546
27.978027
28.092207
27.66902
27.360014
27.474211
27.474211
28.488546
29.153563
28.994413
29.285639
29.204353
29.46172
29.224688
29.18404
29.841011
29.874866
30.45056
30.497971
30.254148
31.019468
30.735027
30.809515
30.951746
31.012712
31.154928
31.060123
30.768885
30.470875
30.227066
30.633417
30.484426
30.70793
31.69676
32.272442
32.238583
32.401127
31.764484
31.080437
30.82984
30.965288
30.565691
30.72147
30.423458
29.929054
29.969685
30.139013
29.482037
29.407537
28.655762
28.797993
29.448177
29.204353
28.852171
28.520304
29.089226
29.163723
28.594805
28.621889
28.378075
28.506756
28.012344
27.890427
28.229078
28.249393
28.29003
27.815933
27.653383
28.134256
28.804764
29.23822
29.102758
29.283741
29.454481
29.62521
29.433977
29.488621
28.94911
29.085705
29.003752
28.573488
28.389111
28.341307
28.375452
28.860319
28.703253
29.276917
29.365686
29.051552
29.331547
29.201797
28.990088
28.512037
28.245701
28.040823
28.095455
28.402777
28.491556
28.382284
28.723751
28.723751
28.798872
28.833006
28.710081
28.675949
28.484713
28.368624
28.471066
28.64179
29.106192
29.529602
29.201797
28.716911
28.600821
28.170586
27.863264
28.450565
28.436928
28.539358
28.334469
27.740339
27.549114
27.938381
28.191059
28.566675
28.819361
28.587158
28.450565
28.320827
28.402777
28.518858
28.655451
28.491556
28.669109
28.539358
28.53252
28.860319
28.63497
28.416437
28.23204
27.925364
27.332659
27.339554
27.291317
26.891605
27.029427
27.649679
27.835756
28.042519
28.435347
27.99427
28.049414
27.580765
28.021845
27.911577
28.049414
27.8909
27.856443
27.925364
27.746168
27.663467
27.725502
28.01495
28.01495
27.65658
27.649679
27.580765
27.125917
27.057001
26.83646
26.581463
26.9743
27.070768
27.436049
27.112129
27.077671
26.774431
26.540121
27.16037
27.291317
26.94673
27.477392
27.1397
27.08456
27.532528
27.470499
27.215506
27.263756
27.132811
26.967405
26.898489
26.69174
26.209311
26.22999
26.416067
26.526329
26.450525
26.512556
26.884703
27.091448
26.92605
27.449827
27.739279
28.118328
28.187248
28.338861
28.342331
28.697044
29.072634
29.072634
28.815285
28.425798
28.613588
28.690102
28.446672
28.467527
28.391033
28.23801
28.168455
28.265835
28.098907
28.10586
28.59273
28.780518
28.738791
28.683157
28.377111
28.683157
28.954397
28.961349
28.975258
28.857025
28.940485
28.968307
28.898762
29.21174
29.552542
29.837702
29.928125
30.060266
30.046358
30.046358
29.907259
30.004629
30.185459
30.074186
30.261972
30.567993
30.060266
30.282831
30.359341
30.164598
30.352379
30.498449
30.707113
30.408028
29.969851
30.331522
30.463671
30.602772
30.416874
30.795692
30.907925
31.006124
31.181499
30.648363
31.181499
31.146429
31.076294
30.774649
30.865841
31.041206
31.160465
31.146429
31.139416
31.055231
31.251673
30.844801
31.027174
31.160465
31.244637
31.188517
31.553297
31.532249
32.051361
31.819862
31.567341
31.890015
32.261818
32.851074
32.528374
32.493305
32.535389
32.619572
32.675697
32.668686
32.570457
32.591503
32.605541
33.159721
33.300034
33.601665
33.72794
33.791073
34.91346
34.906456
35.018688
35.61496
35.77631
36.190186
36.056908
35.762287
35.797348
35.727219
36.561989
36.842575
37.172298
37.396755
37.319592
36.849602
36.765415
36.954823
36.989899
37.106464
37.318424
37.311367
37.085278
36.915714
37.50919
37.65757
37.55864
38.116795
38.081474
37.975491
37.848316
37.685818
37.869518
38.300495
38.286369
38.703201
38.816242
38.364079
38.660816
38.929291
38.505383
38.61842
38.787979
38.731476
38.576046
38.44886
38.929291
38.901031
38.385269
38.335815
38.371147
38.385269
38.30756
38.046139
38.25811
38.434742
38.491253
38.667885
38.682018
39.007011
39.155369
39.148327
39.565147
39.657013
39.720608
40.024395
40.589619
40.730919
41.423313
41.734177
41.60701
41.861355
41.649406
41.670589
41.995594
42.143959
41.720043
41.85429
42.257015
41.840153
41.727116
42.136894
43.21788
41.861355
42.046337
42.29533
41.22818
40.616318
41.164143
41.050304
41.221046
41.263741
41.83289
41.484291
41.847122
42.103264
42.402061
42.544346
42.89296
43.34116
43.469227
43.888966
44.187794
43.924541
43.575943
43.896088
43.519035
44.500805
44.515038
43.931652
43.682648
43.931652
44.017036
43.540363
43.241566
43.021015
43.760906
44.166439
44.38699
43.874748
44.287376
45.311855
45.760071
45.895245
45.752953
45.461269
45.795643
45.966393
45.888134
45.760071
45.503944
45.418587
45.219364
45.347435
45.254932
45.952145
46.69207
46.499985
46.670708
46.293655
46.293655
46.613796
47.019321
46.051762
44.700008
44.522156
44.714245
45.354549
45.482609
45.062866
44.756935
43.639965
42.923737
41.426815
41.906689
43.246044
42.257641
43.152924
43.124283
43.904984
43.410774
43.367794
42.228989
42.472511
41.527084
41.369514
40.581657
41.31937
41.075855
40.638962
41.111664
40.689106
40.689106
40.467068
40.094624
39.77948
39.621906
40.416931
41.154636
41.176128
41.541405
41.899536
42.651569
41.985477
42.866447
41.183292
41.727627
40.330986
39.335415
41.391014
41.34803
42.587109
42.873596
40.903969
43.503891
45.065266
44.836079
43.869164
43.117123
43.167248
42.50116
42.23616
42.465355
42.973881
42.658722
43.066986
43.51104
43.289017
42.973881
41.541405
41.011402
42.338764
42.180058
42.446983
43.557926
42.627323
42.995255
42.266617
42.930309
43.449715
43.846489
43.96191
44.286537
44.19276
45.274864
45.548981
45.181076
45.520126
44.741024
44.661655
45.253216
44.589516
43.918629
44.899723
44.863651
44.914162
45.08009
45.325348
44.964649
45.823105
45.484066
45.419125
45.83754
45.556202
45.621128
45.621128
45.137783
43.781555
44.163895
44.560665
44.64724
46.544525
48.066654
48.412922
48.311932
49.357952
47.944016
48.037788
48.535568
48.57885
47.648239
48.852982
49.69701
49.495026
48.759178
48.456211
48.513924
49.033337
48.751972
49.884571
49.372391
49.408447
48.889053
49.0117
49.918903
50.281803
50.630169
51.849483
52.35025
52.66235
51.464821
51.675297
51.697056
50.180195
50.18745
50.818863
50.361626
49.955193
50.847904
50.485012
50.172935
49.628597
49.650372
49.773746
49.664879
49.802795
