Adjusted
25.313198
25.332209
25.510838
25.34741
24.667067
25.229586
25.316998
25.393011
25.73889
25.237186
24.758287
24.11215
23.283583
22.865498
23.279789
22.698265
22.45121
22.785679
22.892099
22.420803
22.918713
22.462612
21.831682
21.565626
21.580828
21.512424
21.645447
21.428802
20.816875
20.349382
20.547024
21.261568
21.139946
21.09053
21.702457
20.524212
21.79748
20.509008
19.859081
20.136543
19.840073
19.752659
19.870934
18.7034
19.531368
19.035351
18.7034
18.504993
19.890018
19.500839
20.832438
20.790464
20.588242
21.061363
22.541773
21.336075
21.641321
21.599342
21.149115
21.179642
20.668365
20.851517
21.656578
21.984703
22.011412
22.602814
21.954182
21.813007
22.614252
22.301392
22.99962
23.388792
22.938568
23.438396
23.159863
23.816126
24.071764
24.201487
23.709291
24.148075
24.075577
23.617725
23.465109
23.991642
23.732187
24.586851
24.953138
24.609743
25.246922
25.842138
25.71623
25.491117
26.002392
25.544533
24.789072
24.460945
24.968403
25.582685
25.048519
26.021461
25.742941
25.983307
26.635744
27.375957
26.593782
27.129494
27.466209
27.722569
27.221319
27.749374
27.894772
27.959826
27.894772
28.790157
28.70598
28.793991
28.124367
28.656248
27.990425
28.082275
27.711105
27.795279
27.515953
27.435606
27.642227
27.626925
27.531254
27.657516
27.588654
28.116707
27.615442
28.304205
28.392214
27.887121
27.626925
27.481524
27.730236
27.401165
27.328468
27.343758
27.427944
27.955997
28.086098
28.422823
27.975122
28.269762
28.093748
27.913904
27.186892
27.244274
27.56188
27.822063
27.722569
28.392214
28.300373
28.652412
28.698328
29.015928
29.337347
29.413883
29.36796
29.383263
29.176636
29.092459
29.25316
29.674061
29.884535
30.611555
30.619219
30.749319
30.72636
30.982727
30.714863
29.892185
30.075836
29.857746
29.735308
30.22891
30.152376
30.46232
30.305439
29.582228
29.624329
28.715117
28.504118
27.775204
27.825079
27.564211
28.469585
28.285439
28.400536
28.461916
28.18569
28.166504
28.929953
29.259878
29.309742
29.551437
29.256031
29.436354
29.252195
28.826368
28.665245
28.254759
27.890303
27.809736
28.131996
29.750923
30.245821
30.560406
30.614111
30.767561
30.614111
30.683163
30.844284
31.070639
30.383919
30.276508
30.514359
30.483671
30.41461
30.180599
29.82765
30.134567
29.681866
29.904387
30.491365
30.472158
30.468328
30.560406
30.71769
32.233051
32.252232
32.401852
32.018223
32.206192
31.929985
31.945313
32.336628
32.302109
31.983683
32.167839
31.956835
32.386505
32.528454
32.935112
33.308094
33.331177
33.188904
33.638794
33.515759
33.581131
33.492676
33.792622
34.007954
33.531124
34.107922
33.26963
33.415764
33.431149
33.592648
33.588818
33.300407
33.308094
33.092762
33.088921
33.127365
33.16581
33.208138
32.300625
31.97377
31.685385
31.850731
31.83534
31.339289
31.412359
31.273932
31.166267
31.339289
32.016087
32.192951
31.954573
31.500788
30.824018
30.504864
30.427963
29.970362
30.235701
30.154942
30.49334
31.454668
31.212406
30.770193
30.949505
31.011196
31.25799
30.695005
30.247686
29.742523
29.083122
29.634562
29.032997
29.009857
30.078026
29.846645
29.900637
29.569004
29.711674
29.738667
30.286249
30.32095
30.695005
30.710421
30.945656
30.934067
31.678324
31.670603
31.427664
31.227154
31.304272
31.26186
30.945656
30.82226
30.853096
31.589622
31.589622
31.065191
31.142313
31.246428
30.729715
30.189856
30.687292
30.772127
31.003489
30.660288
31.443081
31.921255
32.087059
31.520216
31.196295
30.479052
30.934067
30.829956
30.764416
30.860819
30.32095
30.598591
30.660288
30.463631
30.482912
30.336363
30.748978
30.849234
31.045914
30.799114
31.080627
31.562641
31.02277
30.897089
31.357254
31.658894
31.163914
30.850708
30.576134
30.699877
30.510403
30.100504
29.829809
29.582329
29.300032
29.377367
29.443117
29.7834
29.620985
29.427645
29.34643
28.731592
28.3913
28.19022
27.010784
26.863853
27.003056
26.840639
26.817442
26.597019
26.500355
26.438477
26.771044
27.227335
27.505758
27.254414
26.887039
26.836777
26.894777
27.378155
27.617903
27.849926
27.911785
27.764843
27.211876
26.747843
26.175522
26.009245
26.318607
26.426874
25.966703
25.792686
26.028572
26.194862
26.635693
26.604753
26.85997
26.786501
26.975979
27.266008
27.242805
27.177067
26.933449
26.608622
26.597019
26.639555
26.763302
26.51581
26.353405
26.46554
26.643419
26.755566
26.794241
26.51581
26.713041
27.142265
27.428413
27.776445
27.541759
27.813301
27.995611
27.890879
28.259401
28.33699
28.340866
28.627914
28.748171
28.627914
28.899445
28.6861
28.375772
28.399038
28.476639
28.317581
28.038288
27.867609
28.22061
28.274921
27.960714
28.193455
28.205103
28.208967
30.815742
30.994184
30.745916
30.606276
30.645069
30.897202
31.021318
31.3627
31.238575
31.277357
31.343294
31.52561
32.196712
32.40229
32.305321
32.251015
32.398426
32.697109
32.08033
31.901878
31.963961
31.866987
31.898026
31.835955
31.420885
31.93681
31.940693
31.649748
31.769995
31.265717
31.129944
31.665268
31.839823
32.216103
32.444962
32.251015
31.987236
31.82432
31.766104
32.052021
31.666941
31.760292
31.818647
32.234848
32.094814
32.829987
32.798874
32.907784
32.88834
32.732735
33.032253
33.090599
33.129505
33.086727
33.471806
33.397907
33.705181
33.868561
33.421234
33.086727
32.697739
32.682171
32.76775
32.748302
32.818333
32.476028
33.020596
32.876663
33.141174
33.23452
33.705181
33.930805
33.569046
33.164528
33.211185
33.452351
33.335655
33.230637
32.89613
32.876663
33.300659
33.888012
34.280895
34.806007
34.988838
35.424492
34.949944
34.961613
34.911045
34.911045
34.856586
34.80785
34.445156
34.702534
34.355484
34.909225
34.663548
33.723743
34.102009
34.316486
34.37888
34.047413
33.957737
33.988914
33.992821
33.903137
34.394482
34.51926
34.141006
34.086414
33.887539
33.731548
33.731548
33.48587
33.44297
33.770542
33.548267
33.088104
32.612362
32.542183
32.709846
31.965029
33.302586
32.752747
33.419582
33.076408
32.834637
32.36668
32.327698
32.733242
32.659145
33.283089
33.053013
33.669144
33.376678
32.904831
32.620163
32.421272
32.187302
32.312084
32.830742
33.201202
33.068611
32.780048
32.604565
32.405678
32.2029
32.405678
32.249695
31.933834
32.339375
32.666954
32.421272
31.961126
31.873148
32.045204
31.966991
32.002174
31.724548
31.982637
31.337439
31.509476
31.60334
31.501671
31.376534
31.227932
30.715685
30.754795
30.653118
31.173199
31.529034
31.227932
31.493841
31.810579
31.466461
31.270954
31.478186
31.427372
31.462559
31.470377
31.908339
31.927895
31.517302
32.447971
32.47142
32.541809
33.128365
32.862461
33.003231
32.870277
32.975872
33.187019
33.433372
33.460743
33.761833
33.343414
32.909397
32.639572
32.604385
32.494881
32.756874
32.717781
33.097076
32.651302
32.850723
32.713863
32.709961
32.314995
31.990458
31.665905
31.587683
31.478186
31.536854
31.556412
31.454746
31.607239
31.509476
32.025658
32.045204
31.748014
31.884863
31.810579
31.755835
31.728453
32.103855
32.866375
32.670853
32.850723
32.597836
32.805637
32.499813
32.421394
32.429253
32.695858
32.880131
32.789948
32.393955
32.017551
31.268688
31.05303
31.009897
31.158886
30.817776
30.876587
31.056936
31.05303
30.766808
30.190439
29.955194
30.029686
30.56292
31.037346
32.872299
32.507664
32.339066
33.04089
32.527275
32.460617
32.558628
32.484127
32.484127
32.660568
32.205757
32.311611
32.382179
32.586071
32.354748
32.025383
31.856794
31.966587
31.813667
31.856794
31.923441
32.154774
32.260651
32.28809
32.833096
33.154591
33.331028
33.499619
33.562366
33.789776
33.719196
33.578045
33.550598
33.727032
34.256348
34.49025
34.356602
34.521675
34.199364
34.124657
34.065701
34.12859
34.069626
33.538937
33.633289
33.566471
33.46426
33.849483
34.038174
33.428886
33.778744
33.409233
33.236263
33.436741
33.236263
33.393505
33.079025
32.61124
33.263767
32.623047
32.650536
33.118343
32.733109
32.646618
32.992546
32.505104
32.151329
32.674137
32.595509
32.784191
32.709522
32.284973
32.16312
32.571945
32.461872
33.244118
32.18277
32.296776
32.0098
31.616709
31.251131
31.502707
31.042791
31.443747
31.7425
31.376925
31.648153
31.597067
31.644222
31.589197
32.097889
32.074211
32.097889
32.176735
31.869158
32.038734
32.050556
32.590775
32.488251
32.306858
32.346294
32.862858
33.190147
33.430679
33.347874
32.992985
33.099453
32.68935
32.827381
32.571053
32.937771
32.756386
33.36364
33.537151
33.793457
33.616009
33.604176
33.576588
33.675159
33.895981
33.805294
34.164124
33.899918
34.049763
34.881783
35.666492
35.540295
35.492985
35.410179
35.769016
35.847885
35.753235
35.899147
35.847885
35.666492
36.06081
36.127861
36.20277
36.321072
36.246151
36.096306
36.179115
36.218536
36.088421
36.198818
36.679893
37.097881
37.07423
36.896778
37.504032
38.107342
37.878635
37.514915
37.677013
37.771885
37.032589
36.846783
36.0956
35.941422
35.451187
35.51445
35.178387
35.194202
34.972794
35.032116
34.87001
34.731644
34.67234
34.652565
34.703976
35.138855
35.221874
35.629105
35.285133
35.115131
34.775131
34.763275
34.613026
34.470715
33.972576
33.743267
33.778858
33.806526
34.790955
34.684196
34.593269
35.079559
34.138611
35.012341
35.60537
35.300949
34.992577
34.711895
34.597229
34.601162
34.549767
34.597229
34.261173
34.16629
34.427219
34.320484
34.783054
34.968842
35.257462
35.225819
35.071629
34.790955
34.573486
34.557686
34.692101
34.522099
34.624889
35.004444
34.814674
34.56163
35.099308
34.980713
35.166515
35.285133
35.965137
36.067924
36.467236
36.941654
36.518635
36.498878
36.340721
36.027546
36.186127
36.233688
35.754013
36.392262
36.800575
37.304039
37.224751
37.105835
37.010693
37.093937
37.169258
37.13755
37.522076
37.272335
37.652905
37.462616
37.47451
37.53397
37.478489
37.383327
37.426945
37.541908
37.589474
37.613262
40.067162
39.991852
39.781742
39.797592
40.328804
40.217804
39.96014
39.864964
39.81741
40.138523
40.098881
40.527027
40.447731
40.503239
40.443768
40.586475
40.475479
40.776768
40.665779
40.237614
40.471516
40.86795
40.737137
40.566658
40.332767
40.82037
40.499279
40.915516
41.208889
41.490353
41.224724
41.125626
41.204918
41.23267
41.56963
41.799572
42.00618
42.069763
42.089645
41.982338
41.366425
41.243225
40.941231
40.873688
41.30682
41.433987
41.541264
40.345177
40.512077
40.627308
40.822021
40.977013
41.310795
41.477688
41.445904
41.326687
41.016735
41.11211
41.493576
41.08429
41.414104
41.366425
41.124035
41.124035
41.263107
41.54525
41.803532
41.684334
41.783661
41.847225
41.541264
41.700214
42.133354
41.970432
41.628693
40.754463
40.587578
41.14389
41.652527
42.256538
42.224751
42.304218
42.236671
42.22871
40.980968
41.175674
41.072372
40.977013
40.980968
41.542637
41.411186
41.881222
42.263615
41.976814
41.462963
41.586452
41.427116
41.399231
41.646214
41.845364
42.028599
41.56255
41.200066
41.100479
40.765869
40.777821
40.7579
40.781818
40.730019
40.797741
40.913254
41.132347
40.789764
41.032768
40.550774
40.865456
41.287682
41.538647
41.773663
41.705952
41.733833
42.084377
42.231762
42.968681
42.665947
42.343292
42.076401
41.709934
41.466942
41.586452
41.462963
41.741787
41.833405
41.705952
41.733833
41.088531
41.363377
41.092518
40.817646
41.411186
41.068619
41.347446
41.247856
41.303623
41.586452
41.196087
41.709934
41.41515
41.65815
41.944954
42.16404
42.084251
41.657444
41.581646
40.991245
41.493877
41.633499
41.294422
41.952618
41.824974
41.453991
41.067055
41.354271
41.126884
41.090988
40.600338
41.473923
41.36623
42.770374
42.602844
42.219883
41.900761
42.100212
42.012444
41.972561
41.78109
41.541752
41.749176
42.770374
42.69857
43.009708
42.475185
42.778351
42.714527
42.76239
42.937916
42.610809
43.711784
42.187981
41.669407
41.621525
41.382187
41.374207
42.299664
41.844917
43.304901
43.751671
42.913975
41.645458
41.836941
41.573669
40.77586
40.289196
39.323853
40.177505
39.51532
39.459461
40.033882
40.18549
40.552471
40.081768
39.627022
40.105698
40.033882
40.632256
41.142838
40.727985
41.430058
40.608322
40.169529
40.576393
40.081768
39.603088
39.252048
38.901024
39.861336
40.653603
40.309483
39.605251
38.852985
38.124756
38.300819
38.708954
38.484863
38.652927
38.204777
38.476875
38.909008
39.653271
40.045391
40.805653
41.43787
41.373844
41.637924
41.517887
41.2458
41.894012
42.278152
41.43787
41.637924
40.821655
40.66959
40.477531
40.245464
40.421513
40.245464
40.797657
39.749283
40.005383
39.949364
39.59724
37.58057
37.692612
36.852325
37.268475
38.388844
37.324478
37.012379
37.612579
37.564571
37.980701
37.380501
37.452522
36.892349
37.348495
38.564896
38.660938
39.013058
38.604919
38.236794
38.636913
39.325161
39.933369
40.005383
38.42886
38.220779
38.871048
38.381332
38.44556
38.606113
38.341206
37.963898
38.879078
39.079773
38.79879
38.622177
38.317127
