Adjusted
12.77
12.42
12.735
12.565
12.415
12.58
12.525
12.485
12.615
12.645
12.745
12.715
12.39
12.325
12.45
12.295
11.95
12.11
12.22
12.19
12.215
12.27
12.015
11.905
11.755
11.73
11.505
11.565
11.665
11.775
11.695
11.985
11.6
11.605
11.855
11.87
11.625
11.61
12.31
12.765
12.665
12.045
12.1
12.365
12.36
12.225
12.5
12.5
12.97
13.31
13.71
13.75
13.725
13.43
13.515
13.36
13.35
13.675
13.255
13.215
13.535
13.445
13.905
13.95
14.04
13.945
14.12
13.965
13.95
13.81
14.035
14.1
13.815
14.13
14.045
14.6
14.8
14.89
14.605
14.7
14.895
14.81
14.9
15.275
15.61
15.5
15.3
15.195
15.275
15.505
15.37
15.245
15.245
15.23
14.475
14.655
14.62
14.905
14.78
15.225
15.27
15.275
15.255
15.505
15.41
15.51
16.01
16.030001
16.120001
16.375
16.629999
17.295
17.225
17.565001
17.48
17.049999
16.719999
16.93
16.525
16.504999
16.4
16.815001
16.84
16.735001
16.764999
16.959999
16.969999
17.184999
18.254999
18.5
18.030001
18.035
17.950001
18.690001
18.42
17.709999
18
17.290001
17.504999
17.504999
17.555
18.004999
17.885
18.105
18.865
19.08
18.700001
18.42
17.775
17.559999
17.375
17.389999
17.445
17.75
17.875
17.945
17.924999
18.344999
18.605
18.745001
18.889999
19.014999
18.84
18.475
18.629999
18.594999
19.174999
19.334999
19.485001
19.325001
19.275
19.285
18.85
18.6
18.735001
18.674999
18.965
18.975
19.084999
19.030001
19.225
19.35
19.725
19.73
19.049999
18.709999
18.83
18.4
19.059999
19.125
19.705
19.865
19.940001
19.629999
19.75
19.629999
19.75
19.49
19.42
19.514999
19.290001
19.325001
19.540001
19.23
19.9
19.75
20.92
21.25
21.709999
22.405001
21.73
21.705
21.440001
21.610001
21.725
21.465
21.290001
21.209999
21.605
21.245001
20.934999
20.934999
20.375
20.370001
20.225
20.625
21.25
21.465
21.639999
21.76
21.9
21.655001
21.48
21.785
21.465
21.424999
21.325001
20.014999
20.17
20.195
19.844999
19.48
19.5
19.559999
19.215
19.395
19.540001
19.450001
19.32
19.35
19.26
19.280001
18.959999
18.924999
18.809999
18.665001
18.625
18.389999
19.209999
19.225
19.09
19.004999
19.059999
18.99
19.299999
19.639999
19.690001
19.719999
19.299999
19.125
19.25
19.235001
19.025
18.715
18.780001
18.775
19.26
19.360001
19.415001
19.715
19.66
19.67
19.905001
20.469999
20.754999
20.440001
20.41
20.735001
20.75
19.815001
20.315001
20.389999
20.4
20.15
19.955
19.950001
19.620001
19.549999
19.525
18.855
19.1
19.045
19.424999
20
19.950001
19.610001
19.4
19.49
19.1
19.6
19.17
19.620001
19.690001
20.02
20.014999
20.09
20.719999
20.5
20.530001
20.219999
20.15
19.695
19.85
19.924999
19.975
20.075001
20.174999
20.325001
20.834999
20.674999
21.025
21.264999
22.825001
22.440001
22.450001
22.275
22.309999
22.485001
22.110001
21.584999
21.145
21.205
21.15
20.860001
20.955
20.635
21.025
21.139999
21.26
21.305
21.459999
21.895
22.08
22.049999
22.459999
22.42
22.795
22.32
22.18
22.5
22.405001
22.375
22.225
21.955
22.459999
21.965
22.08
22.309999
22.645
22.655001
22.695
22.745001
23.375
23.145
23.09
22.6
22.395
22.209999
22.055
21.98
21.01
21
21.195
21.084999
20.879999
20.6
20.41
20.285
20.68
20.424999
19.985001
19.855
19.995001
20.625
19.875
20.115
20.245001
20.155001
19.280001
19.51
18.594999
18.719999
18.754999
19.075001
19.25
18.57
18.530001
18.895
19.450001
19.559999
19.674999
20.045
19.934999
19.299999
19.485001
19.92
20
19.879999
19.705
19.75
19.995001
20.02
19.969999
19.959999
19.985001
19.85
20.285
20.4
20.219999
20.405001
20.645
20.475
20.405001
19.905001
19.625
19.424999
19.184999
18.995001
19.17
19.145
19.469999
19.469999
19.4
19.405001
19.344999
19.290001
19.295
19.299999
19.02
18.780001
18.745001
19.030001
19.025
20.075001
20.245001
20.295
20.514999
20.6
21.4
21.565001
21.530001
21.610001
21.700001
21.92
22.264999
22.495001
22.41
22.495001
22.575001
22.764999
22.785
22.450001
22.045
22.030001
21.795
21.475
21.49
21.655001
21.955
22.035
21.969999
21.77
21.895
22.155001
21.950001
22
21.504999
21.645
21.795
21.73
21.84
22.105
21.725
21.889999
21.775
21.549999
21.844999
22.18
22.235001
21.705
22.395
22.459999
22.469999
22.525
22.545
22.469999
22.445
22.24
22.18
22.6
22.82
23.01
22.92
23.045
23.315001
23.15
23.135
23.059999
22.84
22.85
22.950001
22.82
22.58
22.865
22.950001
23.264999
23.195
23.715
24.049999
23.82
23.450001
23.48
23.540001
23.459999
23.51
23.785
24.514999
24.344999
24.094999
24
24.575001
24.924999
25.450001
25.690001
25.66
25.59
25.764999
25.865
25.725
25.815001
25.959999
26.105
25.41
25.09
24.955
24.825001
24.655001
24.379999
24.440001
24.379999
24.51
24.48
24.450001
24.844999
24.764999
24.525
24.844999
25.075001
24.84
25.09
24.705
24.825001
24.775
24.645
24.09
23.424999
23.5
23.545
23.34
23.66
23.495001
24
24.049999
25.959999
25.825001
25.66
25.815001
26.17
26.700001
26.84
26.67
26.889999
26.855
26.785
26.785
26.9
27.23
27.225
27.754999
27.895
28.145
28.58
28.51
28.309999
28.184999
27.73
27.780001
28.135
28.555
28.35
28.690001
28.684999
28.219999
29.15
29.190001
29.355
29.35
29.495001
29.780001
30.040001
29.700001
29.549999
29.459999
29.129999
28.98
28.9
29.65
29.610001
29.83
29.559999
29.75
29.690001
29.620001
29.68
30.110001
30.200001
29.75
29.76
30.629999
30.459999
30.98
30.969999
30.82
30.58
30.85
31.02
31.82
32.200001
32.259998
32.080002
32.41
32.139999
31.59
31.129999
30.530001
30.51
30.610001
30.469999
29.860001
30.120001
29.52
29.690001
29.74
29.719999
29.549999
29.34
29.139999
29.209999
28.34
27.700001
27.51
27.57
26.9
26.799999
27.299999
27.77
27.35
28.040001
29.709999
29.42
29.02
28.58
28.93
28.43
28.049999
27.23
27.719999
28.200001
28.52
28.639999
27.58
28.48
28.18
28.73
28.629999
27.59
28.17
28.23
28.09
27.450001
26.32
26.299999
26.379999
26.639999
26.110001
26.870001
26.65
26.799999
26.91
27
27.42
27.23
27.01
28.200001
28.83
29.780001
29.969999
29.9
30.68
30.360001
30.52
30.76
30.889999
30.6
30
29.6
30.67
30.690001
30.84
30.98
30.950001
30.959999
30.34
30.25
30.450001
30.870001
31.35
30.73
31.33
31.120001
31.280001
31.48
31.780001
32.09
32.279999
31.82
31.959999
31.629999
31.57
31.969999
31.620001
32.130001
31.84
32.130001
32.07
32.009998
31.99
31.92
31.99
31.639999
31.84
32.130001
32.139999
31.82
31.68
31.58
31.780001
31.860001
31.129999
31.4
31.809999
31.85
32.150002
32.509998
32.560001
32.82
32.93
32.400002
32.580002
32.18
32.639999
32.860001
32.779999
33.049999
33.439999
33.779999
34.07
33.490002
33.66
33.119999
33.549999
33.560001
33.25
33.549999
32.720001
37.200001
36.799999
36.029999
35.27
35.68
35.419998
35.450001
35.709999
35.919998
35.919998
35.709999
35.740002
35.950001
36.060001
35.810001
36.09
35.93
35.91
35.790001
35.689999
36.169998
36.130001
36.560001
36.209999
36.259998
36.240002
36.490002
36.200001
35.830002
34.57
35.23
35.290001
35.110001
34.669998
34.830002
35.560001
35.110001
34.919998
34.75
34.139999
34.16
33.880001
33.66
33.77
33.889999
33.619999
34.130001
33.830002
34.02
34.259998
33.700001
33.560001
33.25
32.84
32.48
31.969999
32.509998
31.969999
31.98
31.58
31.58
31.84
31.35
31.690001
32.560001
33.040001
32.93
32.700001
32.630001
31.889999
31.67
31.23
30.84
30.709999
32
32.080002
31.299999
31.92
32.299999
32.25
32.610001
32.970001
33
33.02
31.59
31.190001
31.6
30.33
29.9
29.129999
29.09
29.299999
28.969999
29.559999
29.27
29.43
28.639999
29.389999
28.809999
28.23
28.559999
29.110001
28.799999
28.360001
28.040001
28.35
28.35
28.620001
29.02
29.15
28.98
28.52
27.879999
29.01
28.49
28.459999
29
29.459999
29.450001
29.17
28.879999
28.77
28.73
28.43
28.16
28.719999
29.42
29.540001
29.690001
30.18
30.209999
29.9
29.65
30.02
30.25
31.360001
31.25
31.370001
31.370001
31.450001
31.780001
32.619999
32.57
32.389999
32.880001
33.599998
33.610001
33.75
33.209999
32.990002
33.27
34.369999
34.369999
33.990002
34.16
34.029999
33.68
33.950001
33.93
34
33.939999
34.25
34.259998
34.380001
34.830002
34.82
32.220001
32.639999
32.34
32.060001
32.290001
31.700001
31.870001
31.65
32.099998
32.169998
32.509998
32.049999
32.73
32.73
32.869999
32.880001
33.169998
33.029999
32.77
32.84
32.939999
32.549999
32.130001
31.74
31.549999
31.67
31.610001
31.92
32.169998
32.119999
31.889999
32.09
32.169998
32.07
31.99
32.41
32.380001
32.41
32.189999
32.459999
32.380001
32.509998
32.52
32.549999
32.34
32.060001
32.189999
32.349998
31.940001
31.68
31.92
32.040001
32.310001
32.52
32.540001
32.619999
32.349998
32.400002
33.310001
33.77
34.040001
33.209999
33.299999
33.099998
32.740002
34.91
34.66
34.599998
33.830002
34.299999
34.470001
34.549999
34.23
34.360001
34.540001
34.599998
34.709999
34.66
34.389999
34.419998
34.580002
34.66
34.5
33.169998
34.43
34.02
33.34
32.09
32.400002
32.689999
32.919998
32.75
33.119999
32.59
32.189999
32.240002
31.9
32.450001
32.880001
33.060001
33.610001
33.779999
33.639999
33.689999
33.349998
33.029999
33.099998
33.130001
33.43
33.369999
33.279999
33.369999
33.110001
33.150002
33.099998
33.470001
33.389999
33.740002
33.91
33.98
34.810001
34.84
34.889999
36.919998
36.380001
36.23
35.599998
35.970001
36.48
36.240002
36.150002
35.91
35.810001
36.009998
35.630001
35.43
35.459999
35.18
35.639999
36.259998
36.630001
36.509998
36.66
36.540001
36.299999
36.619999
36.990002
37.630001
37.990002
38.130001
38
37.639999
37.150002
36.48
37.119999
36.990002
36.439999
36.669998
36.740002
37.119999
37.330002
36.810001
36.68
36.75
36.169998
36.150002
35.810001
36.43
36.66
36.549999
36.810001
36.689999
36.73
36.970001
36.310001
35.549999
35.650002
35.990002
35.900002
35.110001
34.919998
34.990002
34.889999
34.610001
34.790001
34.400002
33.66
33.490002
33.689999
33.990002
33.310001
33.299999
33.75
32.610001
33.630001
34.509998
36
36.599998
34.48
34.150002
33.41
32.189999
31.629999
32.700001
33.32
33.52
34.389999
33.990002
34.889999
35.07
34.02
35.32
34.799999
35.540001
35.860001
35.400002
35.099998
34.48
34
34.029999
33.580002
33.830002
34.009998
33.990002
35.77
35.009998
34.540001
34.220001
33.990002
33.82
33.970001
34.299999
33.41
32.82
33.240002
33.450001
33.130001
33.540001
33.709999
34.610001
34.119999
33.860001
34
33.93
33.459999
33.240002
33.400002
32.849998
32.889999
33.220001
32.580002
32.810001
32.919998
32.740002
32.779999
33.02
32.580002
32.599998
32.169998
32.259998
31.57
31.84
30.92
31.18
32.240002
32.200001
32.119999
32.23
31.709999
31.5
31
31.200001
30.790001
31.75
33.09
32.630001
32.860001
33
33.759998
34.099998
34.630001
34.490002
34.07
31.91
31.559999
31.33
31.120001
30.549999
31.360001
30.93
31.27
32.009998
32.369999
32.32
32.200001
32.540001
