Adjusted
3.020399
3.019229
3.09184
3.069586
3.044993
3.102379
3.101208
3.102379
3.131658
3.082471
3.107064
3.016884
3.044993
2.984093
3.001662
2.926707
2.977067
2.986436
3.006629
2.966241
3.024448
2.986435
2.974556
2.936543
2.932978
2.911597
2.951986
2.946046
2.90922
2.936543
2.969803
2.994751
2.992374
2.979308
3.052959
3.011382
3.005442
2.970993
3.039891
3.05771
3.050582
3.045832
2.993563
2.989999
2.989999
2.936543
2.930603
2.927039
2.95436
2.962676
3.004254
3.009006
3.013758
3.023261
3.10404
3.020885
3.073152
3.03514
3.022071
3.000689
2.999502
3.014945
3.086221
3.055335
3.082657
3.070777
3.082657
3.038703
3.067214
3.105227
3.140865
3.15987
3.114731
3.073152
3.113542
3.088597
3.136113
3.100477
3.142053
3.124234
3.151968
3.176083
3.185731
3.20864
3.224316
3.284606
3.296663
3.255668
3.255668
3.255668
3.253255
3.225522
3.238785
3.273753
3.219492
3.242404
3.258078
3.22311
3.276166
3.428096
3.38107
3.376246
3.401568
3.418449
3.465477
3.469095
3.492004
3.519738
3.465477
3.496829
3.558323
3.596908
3.518532
3.524559
3.540237
3.505267
3.440155
3.470299
3.429302
3.47874
3.463064
3.451007
3.522149
3.495622
3.511297
3.587262
3.575205
3.605351
3.604144
3.575205
3.522149
3.520943
3.587262
3.610171
3.580028
3.453419
3.458241
3.336456
3.358161
3.378659
3.371425
3.385892
3.422067
3.428096
3.468442
3.483112
3.396309
3.429319
3.370634
3.419539
3.423207
3.401201
3.423207
3.51979
3.511232
3.563801
3.628597
3.620041
3.639603
3.624931
3.612704
3.623709
3.600479
3.601702
3.618818
3.642046
3.655496
3.712956
3.769196
3.722738
3.756968
3.764305
3.744745
3.66772
3.715403
3.730072
3.711732
3.732517
3.745965
3.772862
3.766751
3.759414
3.815652
3.739853
3.716625
3.668943
3.682392
3.66772
3.721514
3.72396
3.803426
3.760636
3.79976
3.811985
3.793647
3.825434
3.816875
3.875558
3.885339
3.887784
3.80954
3.787533
3.792422
3.778976
3.783866
3.749633
3.811985
3.854775
3.941428
3.973611
4.052837
4.040458
4.195194
4.119683
4.145679
4.102353
4.057788
4.028079
4.021891
4.028079
4.023127
4.047884
4.011986
3.98104
3.993417
4.028079
4.023127
4.047884
4.023127
4.009511
4.029317
4.082546
4.035506
4.067692
4.06893
4.099876
4.009511
3.987228
4.063977
4.113493
4.076357
4.09245
4.040458
4.072644
4.025604
4.023127
4.025604
4.024366
4.023127
4.054074
4.03922
4.029317
4.035506
4.041697
4.052837
4.041697
4.061502
4.085022
4.186527
4.164247
4.181577
4.294224
4.609886
4.536848
4.748529
4.666827
4.725008
4.833943
4.80052
4.727995
4.661717
4.740498
4.706736
5.226925
5.638329
5.539543
5.608319
5.465764
5.447009
5.627075
5.58956
5.560799
5.610818
5.595813
5.565803
5.539543
5.564552
5.533291
5.570803
5.567052
5.620823
5.603317
5.627075
5.620823
5.638329
5.655836
5.673341
5.628326
5.58956
5.578307
5.627075
5.410746
5.53704
5.628326
5.543294
5.47952
5.411996
5.374482
5.273193
5.343221
5.328213
5.384486
5.543294
5.813393
6.083491
6.239799
6.052233
5.999713
5.935938
5.932187
5.80839
5.770878
5.670838
5.583309
5.689598
5.492024
5.354472
5.338218
5.378233
5.363227
5.354472
5.31321
5.298679
5.322682
5.331525
5.449023
5.483134
5.565252
5.566518
5.539986
5.465446
5.574099
5.579152
5.699173
5.643584
5.599997
5.630321
5.757291
5.770555
5.855834
5.905109
5.948694
5.997968
6.007443
6.060503
5.961959
5.94301
5.806561
5.817933
5.876682
5.85394
5.780031
5.797087
5.66822
5.658746
5.615159
5.609474
5.596209
5.662536
5.586731
5.478711
5.531775
5.685279
5.780031
5.889946
5.903213
5.880472
5.870997
5.93922
5.988491
5.922164
5.963857
5.950592
5.96954
6.094615
6.003653
5.861521
5.891843
5.831201
5.886157
5.793296
5.698542
5.804667
5.950592
5.931458
5.985017
6.027098
6.050051
5.944849
5.933372
5.866426
5.841561
5.837735
5.919984
5.906596
5.831996
5.812868
5.833907
5.841561
5.881727
6.00606
6.10361
6.124646
6.162903
6.149514
6.151428
6.151428
6.182032
6.310185
6.312098
6.45173
6.555019
6.499548
6.576057
6.614314
6.688912
6.885927
7.012168
6.861057
6.887839
6.884015
6.851496
6.93757
6.878274
6.765422
6.683175
6.616225
6.654482
6.675521
6.83428
6.815154
6.933743
6.93757
7.042769
6.996865
6.970088
7.061898
6.975827
7.000691
6.905052
7.008342
7.01408
6.891663
6.949048
7.029384
7.042769
7.188143
7.276127
7.17858
7.180504
7.226768
7.193995
7.132311
7.47929
7.650848
7.625791
7.668201
7.66627
7.745306
7.951564
8.385285
8.52986
7.80121
7.810843
7.57567
7.454232
7.5776
7.554466
7.531336
7.637356
7.61808
7.664345
7.650848
7.646995
7.469653
7.421461
7.228693
7.209417
7.151591
7.305798
7.431099
7.407965
7.473506
7.454232
7.313511
7.274958
7.402183
7.357844
7.384833
7.353993
7.353993
7.398328
7.433025
7.496637
7.359774
7.215198
7.168938
7.091831
7.136167
7.126525
7.0899
7.074484
7.035929
7.047496
7.11689
7.209417
7.109179
7.178577
7.247971
7.19978
7.240257
7.151591
7.176843
7.19433
7.275928
7.266215
7.308958
7.343927
7.3925
7.355583
7.3109
7.347813
7.375014
7.320614
7.3925
7.343927
7.345869
7.3653
7.186558
7.101072
7.225411
7.314785
7.409982
7.431352
7.452726
7.633411
7.86461
7.917063
7.946205
7.88015
7.94038
7.963693
8.088036
7.985063
7.845178
7.841294
7.922894
7.889865
7.862665
7.790779
7.761637
7.749979
7.771352
7.849065
7.955923
7.96952
7.94038
8.016148
8.033637
8.068606
7.957863
7.885979
7.907349
7.975351
7.919008
7.707238
7.703352
7.802438
7.784951
8.078318
8.099691
8.282317
8.317286
8.276169
8.141075
8.131284
8.319245
8.403436
8.436721
8.509168
8.432805
8.483711
8.468049
8.444551
8.377982
8.383857
8.452385
8.514059
8.53168
8.502313
8.496438
8.4935
8.43476
8.37896
8.346654
8.370151
8.314351
8.47588
8.522869
8.461195
8.478816
8.478816
8.437701
8.4935
8.443574
8.408332
8.487626
8.458262
8.549303
8.41714
8.443574
8.452385
8.487626
8.53168
8.555176
8.678525
8.807748
8.895857
8.881173
9.02508
8.95459
8.9311
8.934036
9.016269
8.957528
8.983962
9.130806
9.142553
9.186608
9.192481
9.309958
9.465611
9.365758
9.424498
9.345203
9.321706
9.183671
9.257614
9.263526
9.334517
9.500144
9.866899
9.577046
9.461694
9.287189
9.299018
9.370008
9.293106
9.266485
9.310854
9.22508
9.068319
9.012126
9.038745
9.10973
9.068319
9.023956
8.99142
8.893812
8.92635
8.802126
8.722269
8.793254
8.781422
8.808043
8.808043
8.731141
8.763676
8.725225
8.565511
8.453117
8.565511
8.577343
8.713396
8.648324
8.420582
8.485649
8.577343
8.459034
8.571425
8.459034
8.5803
8.571425
8.692691
8.686774
8.5803
8.837621
8.994376
8.950012
8.899732
8.775507
8.825789
9.056492
9.065361
9.384794
9.588876
9.585917
9.609579
9.621412
9.511977
9.420287
9.435076
9.458899
9.589944
9.667377
9.801398
9.694183
9.786507
9.691201
9.563138
9.563138
9.828201
9.93244
9.887766
9.920528
9.857986
9.884788
9.828201
9.828201
9.828201
9.822244
9.825223
9.557184
9.461874
9.268291
9.369551
9.360619
9.271272
9.265312
9.277226
9.244465
9.342749
9.271272
9.37551
9.551227
9.381466
9.307011
9.29212
9.304034
9.327858
9.31892
9.351681
9.307011
9.327858
9.20575
9.250422
9.321901
9.485704
9.497617
9.545268
9.610791
9.628658
9.592922
9.455923
9.488683
9.48273
9.581009
9.446987
9.265312
9.298076
9.128313
9.181922
9.265312
9.244465
9.151481
9.205473
9.097489
9.154482
9.079494
9.073496
9.08549
9.142483
9.115484
9.304455
9.172479
9.262464
9.313455
9.409437
9.33145
9.310455
9.448434
9.33745
9.33745
9.379445
9.28046
9.28946
9.232467
9.283463
9.316451
9.334451
9.418435
9.418435
9.514422
9.559415
9.739384
9.88036
9.961349
10.033335
10.033335
10.048332
10.081326
10.015337
9.931351
9.877358
9.766379
9.787375
9.721386
9.823368
9.952347
10.015337
10.045335
10.054329
10.120321
10.078326
9.94335
9.955347
9.931351
10.075325
10.177309
10.261298
10.174314
9.997342
9.916353
9.856363
9.829369
9.89889
9.89889
9.877732
9.793099
9.768917
9.784034
9.811236
9.871684
9.889822
9.904936
9.777986
9.660107
9.629883
9.539207
9.375986
9.342739
9.460616
9.551294
9.475732
9.481775
9.560363
10.18301
10.022815
9.950276
10.025837
10.107446
10.068154
10.010725
10.179988
10.176964
10.270662
10.149761
9.953295
9.871684
10.110466
10.022815
9.871684
9.802166
9.86564
9.89889
9.835415
9.935161
9.805193
9.805193
9.914001
9.929115
10.02886
9.880753
9.889822
9.838439
9.85657
9.838439
9.768917
9.738694
9.687309
9.732649
9.986546
10.173942
10.152785
10.343204
10.524558
10.745205
10.884244
10.950743
11.02683
10.923352
10.850306
10.850306
10.895961
10.923352
10.911175
10.920307
10.777259
10.807691
10.865522
10.917265
11.096834
11.255098
11.255098
11.291618
11.191183
11.151617
10.984221
10.938568
10.877694
10.917265
10.883782
10.929438
11.002481
11.069441
11.239879
11.48945
11.398149
11.297709
11.297709
11.224666
11.236838
11.206399
11.239879
11.227709
11.379884
12.165124
11.872943
11.836419
11.696416
11.805984
11.945987
11.97338
12.055555
11.985548
12.104252
12.116426
12.308172
12.241213
12.186428
12.219909
12.335562
12.387305
12.402522
12.420782
12.420782
12.442087
12.475567
12.512087
12.551661
12.496872
12.402522
12.402522
12.292955
12.372579
12.464457
12.449142
12.46752
13.432212
13.521025
13.628214
13.726217
13.628214
13.680278
13.646591
13.707836
13.750713
13.726217
13.689465
13.600653
13.493465
13.53021
13.416904
13.282148
13.361773
13.579214
13.655778
13.661904
13.76603
13.848717
13.756839
13.664965
13.57615
13.753775
13.7354
13.759899
13.686401
13.729277
13.729277
13.769092
13.781336
13.775212
13.680278
13.799715
13.879342
13.805839
13.664965
13.683342
13.628214
13.478149
13.505711
13.410772
13.524093
13.652718
13.649654
13.588401
13.536337
13.591468
13.625152
13.726217
13.664965
13.781336
13.698652
13.628214
13.744584
13.867778
13.85546
13.907811
13.858539
13.849298
13.920133
13.984808
13.969407
13.96017
13.92937
13.96017
14.003284
13.972487
14.031004
14.092592
14.101835
14.080276
14.092592
14.015603
13.695318
13.670682
13.627565
13.507452
13.29188
13.396587
13.233364
13.34423
13.301118
13.242604
12.928481
13.051665
13.165613
12.99007
13.184092
13.470501
13.559814
13.516692
13.593687
13.756907
13.775386
13.501298
13.676839
13.673759
13.609085
13.559814
13.569048
13.630644
13.676839
13.609085
13.411984
13.461257
13.325755
13.419686
13.452024
13.484362
13.445553
13.413219
13.193329
12.979904
12.902302
12.966971
13.021011
12.962417
13.060074
13.138201
13.196795
13.216325
13.216325
13.268409
13.353045
13.183772
13.261899
13.138201
13.007989
12.988456
13.0145
13.007989
12.975439
12.994968
13.190284
13.021011
13.001479
13.086115
13.092627
13.144712
13.203304
13.190284
13.027517
12.936378
12.721525
12.656418
12.767106
12.610848
12.649915
12.715015
12.630379
12.819193
12.701994
12.402514
12.565273
12.37647
12.181152
12.181152
11.829591
11.74495
11.543126
11.790522
11.868651
11.777506
11.751463
11.770994
11.634271
11.504062
11.849119
11.907713
11.58219
11.42594
11.308747
11.497551
11.673342
11.549637
11.035307
11.100413
10.892074
10.755355
10.724507
10.580114
10.370089
10.442281
9.838452
10.140369
10.284763
10.777013
10.481666
10.678563
10.534167
10.350395
10.475102
10.980477
11.361152
11.5318
11.945288
11.90591
11.709012
11.728701
11.446475
11.223322
11.590869
11.597432
11.603998
11.74183
11.4596
11.485856
11.354588
11.151126
11.21676
11.177378
11.164252
11.170815
11.157688
11.472729
11.518673
11.433349
11.354588
11.321771
11.118308
11.177378
11.308645
11.341464
11.518673
11.715576
11.603998
11.5318
11.551491
11.492418
11.682755
11.951851
11.892786
11.827153
11.571177
11.328338
11.269265
11.676196
11.702445
11.761517
12.13562
12.076557
11.748386
11.846839
11.735262
11.67112
11.757083
11.353718
11.062768
11.023096
11.254531
10.672625
10.785037
11.142118
10.923905
11.148726
11.161955
10.831327
10.970188
10.811491
10.811491
10.69908
11.049539
10.546988
10.837942
11.300821
11.095835
11.221468
11.075991
10.785037
11.023096
11.307431
11.280984
11.552096
11.095835
10.956968
11.188406
11.042929
10.798265
11.042929
11.089216
11.102443
11.221468
11.373556
11.459519
11.43968
11.552096
