Adjusted
19.314053
19.16518
19.335943
18.915596
18.495247
18.670397
18.74045
19.020678
19.401615
19.208963
19.064472
18.902458
18.753588
18.521521
18.775482
18.499626
18.429569
18.420813
18.801748
18.158096
18.031118
18.258804
17.908514
17.374319
17.707106
17.35681
17.549467
17.645796
17.164148
16.79635
16.848886
17.440004
17.488173
18.438326
19.042574
18.556547
18.99003
18.534657
19.060093
19.270264
19.15204
19.108255
19.800076
19.576765
19.703743
18.981274
19.099499
19.038191
19.699369
19.476055
19.900782
19.651203
19.88765
19.528606
20.054037
19.296535
20.272961
20.281721
20.229177
20.356163
20.110958
19.966459
20.13723
18.915596
18.241285
18.525898
18.455841
18.105556
18.328861
17.737749
16.643097
16.76132
16.603687
15.596613
16.178967
17.019659
17.22983
17.028418
16.918949
17.483789
17.746508
17.584496
17.107231
17.518816
17.418114
17.908514
17.799047
17.313023
17.396215
17.404974
17.33054
17.352428
17.724613
17.969814
17.575741
18.031118
18.14934
19.37973
19.020678
19.230858
19.003166
18.915596
19.243988
19.060093
18.871813
19.086365
19.20458
19.095118
18.937487
18.679153
19.279016
19.21772
18.876188
19.730015
19.751911
20.062794
19.677471
19.856995
19.75629
19.703743
19.699369
19.922678
19.817591
19.878889
19.892029
19.922678
19.646828
19.878889
20.054037
19.988356
19.835102
20.496275
21.643469
21.573412
21.525246
21.39827
21.24502
21.459568
21.862402
21.71353
21.67412
22.295883
22.330912
22.974571
23.517515
23.425566
23.316099
22.987709
22.317772
22.103224
22.046303
21.875538
21.796721
21.893049
22.059441
22.265228
22.554222
23.670771
24.432646
23.097174
23.710175
23.031494
22.685575
23.035862
23.206636
23.241663
23.815258
24.463295
23.850292
24.047325
23.828396
24.603413
24.577139
24.244364
24.296904
24.266256
24.739147
25.531675
25.724333
26.175331
26.140306
26.280424
26.446804
25.557943
25.019379
25.050026
25.286472
25.21204
25.785641
25.654268
25.943268
26.070242
26.367994
26.363615
26.70952
26.867147
27.256851
27.064194
26.70952
27.80418
27.213064
27.414476
27.318148
26.573782
26.832129
27.357552
27.274364
28.031858
27.979315
27.882984
28.023106
28.614218
28.487242
28.115057
28.872553
29.616919
29.905909
29.805208
30.151108
30.5627
29.520584
29.77017
29.1703
28.802498
28.460962
29.433014
30.23431
30.194889
29.787685
29.818331
30.111698
29.989096
29.511829
29.783308
29.752645
29.936546
28.89883
29.065214
29.402372
29.310421
28.881308
28.802498
28.784985
28.561674
28.088785
28.018728
28.281443
27.703465
27.734114
28.136948
28.207005
28.018728
27.607138
26.783955
26.424911
26.604437
26.424911
26.41177
26.451185
26.398643
26.797098
28.154461
28.583567
28.71493
29.126522
29.301662
29.489935
30.256195
29.450529
28.846289
29.50308
28.859421
29.271008
28.999533
29.157164
28.688656
29.327927
29.240356
29.415501
30.137972
29.686979
29.310421
30.05916
29.288521
28.526648
28.811251
28.776228
29.003918
29.109005
29.275391
29.678215
29.853363
29.459291
29.354198
29.336687
29.818331
29.686979
30.396311
30.5627
30.177378
30.378796
30.168615
30.295603
30.151108
29.730757
29.196575
28.946993
29.44178
29.341068
29.700111
29.45491
29.848982
30.037262
30.002237
30.733459
31.587292
33.216137
32.870224
32.839577
32.914009
33.369385
32.826443
33.724052
34.069958
34.424633
34.157528
33.513863
33.925465
34.415878
33.719681
33.715302
32.914009
32.436752
32.708221
32.252838
33.058506
33.128555
33.942974
33.404423
32.861465
31.99889
32.870224
33.019104
32.629406
32.660038
32.572468
32.782658
32.686325
30.864815
30.908604
31.088131
31.692387
32.432365
32.769505
33.150452
33.618973
33.662762
33.360626
32.992828
34.034935
33.899189
33.211758
33.89045
33.505108
33.715302
33.049751
32.791412
32.82206
32.651299
32.480534
32.546219
32.87899
32.660038
32.616253
33.036617
33.491985
32.660038
33.365005
32.515553
32.883366
32.314152
31.832497
31.845634
32.047047
32.11272
32.060181
31.539125
31.972612
32.331654
31.425287
31.561024
31.368361
30.580214
32.379818
32.244087
31.981371
32.147755
32.970932
33.365005
33.097912
32.857086
32.138992
31.968233
32.686325
33.172348
33.036617
33.01033
32.778271
32.795792
33.273052
33.054123
33.404423
33.491985
33.562054
33.452587
32.773899
32.795792
32.239708
32.064571
32.226566
32.371063
32.09959
32.54184
32.515553
32.467388
32.484905
32.598759
32.498043
32.765144
32.699463
32.808922
32.808922
32.909634
32.401714
32.633785
32.905254
32.511181
32.730118
33.386902
33.52264
33.846661
33.859795
33.802872
33.680271
32.98407
33.242413
33.150452
32.747623
32.751999
32.975315
32.857086
33.417549
32.625023
33.071651
32.585613
32.484905
32.174026
32.410465
33.18111
33.224899
32.839577
32.909634
32.664425
33.417549
33.89045
34.135635
34.021812
33.986767
34.398369
34.669834
34.468418
34.669834
34.415878
34.827469
34.722382
34.424633
34.45966
34.135635
35.352894
35.440468
35.834534
35.781986
36.832867
37.577229
36.981743
36.736542
35.939629
36.736542
36.946709
36.683987
36.929192
37.060551
37.244453
36.780331
36.832867
36.780331
37.472149
38.015095
37.857449
37.796165
38.242786
38.566803
38.417927
37.997574
37.822441
37.332031
37.297001
37.498425
37.489662
38.234028
38.540527
38.75946
38.838268
39.617664
39.880371
39.678967
40.08181
40.064293
39.5476
39.766529
39.941681
40.143097
39.994228
40.79113
41.614307
42.411217
42.849083
43.225647
43.2957
42.919136
42.244835
41.570522
42.288616
42.323654
42.481274
42.551338
41.999634
42.034657
41.185215
41.24651
43.059254
44.022537
43.453323
44.005032
44.346561
43.716045
44.110123
44.451645
44.311539
44.110123
44.153912
43.681011
44.469162
43.707291
42.603874
43.138069
42.840317
42.691452
42.840317
42.525059
42.297375
42.384964
42.743996
43.698528
43.742306
43.567169
43.943729
44.521717
44.950806
45.414948
45.003353
44.889507
45.143471
44.32029
44.705612
45.257309
44.232716
44.110123
43.838654
44.486679
43.961243
44.793182
44.180176
44.32029
43.847408
44.267742
44.766911
44.819454
45.572571
45.204769
45.213535
45.432461
44.915775
45.721451
45.773983
45.336128
45.607605
45.914112
46.325703
46.281914
46.422024
46.921192
46.921192
46.378246
39.810314
40.055527
39.775299
40.27446
41.369114
40.563442
40.773605
40.756104
40.817398
41.027565
40.545921
40.66853
41.377861
41.623074
41.351597
40.686035
40.519665
40.108074
39.854118
38.934597
38.52301
38.847023
39.284882
38.882053
39.468792
38.995899
38.6894
37.323273
36.81535
36.771568
37.104347
36.762806
36.237389
36.692749
36.876652
36.762806
36.25489
37.165638
36.465057
36.342468
36.683987
37.279488
38.706913
38.776978
39.057213
38.312832
38.269054
38.146446
37.717358
38.120186
37.621014
37.918758
37.664806
38.864548
38.531769
38.356617
37.673561
38.041355
36.911682
35.869568
36.027206
36.281162
36.508846
34.503445
33.846661
34.214462
34.380848
35.081429
35.98341
35.746971
35.685673
35.405441
35.405441
35.694431
35.843304
35.685673
35.992188
35.913364
36.044727
34.555996
34.520954
34.450905
34.512211
34.503445
34.503445
34.284512
34.31955
34.827469
35.055161
34.6348
34.512211
33.969261
33.58395
33.286194
34.993855
34.608536
33.995529
33.785358
33.802872
34.757404
34.275761
34.442142
34.591026
34.9851
35.247818
35.186508
34.897522
34.573502
35.773262
36.237389
36.333714
36.797844
36.701504
36.605175
36.342468
36.25489
36.491337
37.437115
37.594753
37.183155
36.867901
36.64896
36.955467
30.659025
30.772875
31.263279
32.095219
32.08646
31.666103
30.948017
30.597725
30.492647
30.12484
29.870872
29.870872
29.581898
29.634438
29.870872
29.984722
30.343763
30.177378
30.063543
29.993473
29.783308
30.133595
30.41383
30.212418
30.299982
29.905909
29.704487
29.608156
29.249109
29.231598
29.196575
28.609833
28.548538
28.57481
28.487242
28.986399
28.373396
28.19825
28.250793
28.793736
28.609833
28.679893
28.741194
28.802498
28.828772
29.459291
29.88839
30.089809
30.238691
30.580214
30.002237
29.660702
29.476803
29.476803
29.485561
29.625677
29.940933
30.422583
30.764114
30.764114
31.009314
30.711569
30.5627
31.096882
32.077702
31.850012
31.762436
31.561024
31.14068
30.991798
30.667784
30.659025
30.781624
30.781624
30.483877
30.85169
30.676544
31.035582
31.158188
31.210737
31.280787
31.053104
31.280787
31.631081
31.525993
31.228239
30.764114
30.711569
30.869213
30.921743
30.82542
30.291225
30.588968
30.212418
30.186132
30.352526
30.396311
30.177378
29.853363
29.073965
28.837528
29.1703
28.925095
29.126522
28.828772
28.644869
28.653622
28.51351
28.723682
28.531023
28.101921
27.918018
27.751635
27.926775
28.566053
28.636112
28.741194
28.452206
28.373396
28.636112
29.468039
29.573135
29.222851
30.343763
31.210737
31.298309
30.834179
31.079374
30.448853
30.396311
30.212418
29.993473
30.203653
30.142355
30.12484
29.800827
29.975962
29.949697
29.704487
29.862122
30.177378
30.212418
30.186132
30.352526
29.958452
30.107327
30.133595
29.879631
29.74828
29.809578
29.49432
29.66946
30.361282
30.588968
30.361282
30.168615
29.949697
29.818331
29.958452
30.028519
29.88839
29.774548
28.925095
28.557297
28.277063
29.152792
28.609833
28.215767
28.636112
29.161543
29.520584
29.345448
29.713251
29.126522
29.030186
29.047693
29.082727
28.960127
28.653622
28.627357
28.89883
28.802498
28.723682
28.566053
28.60108
28.925095
29.100239
29.003918
28.89883
28.97764
28.793736
27.445131
27.462639
27.208683
27.182411
27.112354
26.989748
27.103598
27.243713
26.797098
27.156139
27.129864
27.129864
26.893419
27.585245
27.68157
28.303333
28.382149
28.793736
29.082727
29.100239
28.925095
29.581898
29.765791
29.485561
29.179062
29.433014
29.135271
29.450529
29.765791
29.870872
29.424261
29.54686
29.564373
29.485561
29.599407
29.371717
29.40675
29.100239
29.187811
29.44178
29.144026
29.634438
29.49432
29.397991
29.249109
29.082727
28.968889
28.767469
28.277063
28.811251
28.57481
28.784985
28.820013
28.776228
28.189495
28.084404
28.066891
28.320854
28.811251
28.767469
28.662386
28.522268
28.89883
32.191544
32.270359
32.077702
31.990122
31.289545
32.498043
32.655685
33.128555
33.391285
33.014729
32.708221
32.629406
32.830814
32.498043
32.743252
32.576859
32.471767
32.305386
32.095219
31.920057
31.841248
31.534746
31.499727
31.490965
31.622316
31.096882
31.04434
31.420902
31.359612
31.324572
31.359612
31.709896
32.08646
32.121483
32.401714
32.743252
32.813305
32.576859
32.340416
32.226566
32.515553
31.893799
31.972612
32.02515
32.54184
32.935902
33.487606
33.855419
33.715302
33.566422
34.205708
34.731136
34.144398
34.100616
34.091854
34.433384
34.564758
33.531403
33.899189
33.496368
30.81666
29.835857
29.354198
28.697407
29.231598
29.152792
28.986399
28.749956
29.187811
28.951368
29.100239
29.144026
29.117758
28.504749
28.916338
28.925095
29.056452
29.257872
29.266636
29.54686
29.161543
28.89883
28.916338
28.89883
29.091484
30.912985
31.079374
31.158188
31.47345
31.517239
31.841248
31.666103
32.147755
31.587292
31.709896
31.893799
32.007641
31.990122
31.727409
31.490965
32.217819
32.182793
32.016396
32.121483
31.93758
31.771187
31.578533
31.736176
32.138992
32.261608
32.174026
31.93758
31.832497
32.270359
31.096882
30.676544
30.475124
30.378796
30.431341
29.88839
30.037262
30.002237
30.326262
30.457615
31.158188
32.620655
32.716972
32.699463
32.857086
32.813305
33.294945
33.259922
32.690704
32.54184
32.322906
32.287872
32.226566
32.445499
32.296627
32.287872
32.217819
32.751999
33.014729
32.927155
32.445499
32.436752
32.918388
33.023483
32.918388
32.638157
33.014729
33.040985
33.076015
32.935902
32.927155
32.524319
32.813305
33.005966
32.699463
32.699463
32.804554
32.498043
32.533077
31.920057
31.727409
31.692387
32.068947
31.622316
30.983047
31.727409
31.412148
31.578533
31.639841
31.000565
32.077702
32.279114
33.111046
31.93758
32.200298
32.673191
32.498043
32.322906
32.322906
33.023483
32.804554
34.188194
33.68903
33.18111
32.778271
33.391285
32.331654
32.200298
32.209045
32.209045
33.373764
33.102299
33.470097
33.189869
33.23365
33.470097
33.443829
33.802872
33.592701
33.277435
34.372093
34.240723
33.95174
33.592701
33.653992
33.566422
34.030552
33.916718
33.811626
34.555996
34.196953
33.802872
34.520954
35.072666
34.827469
34.704857
34.415878
33.942974
33.942974
33.61021
33.470097
33.408794
33.470097
32.515553
33.03223
33.216137
33.470097
33.382523
33.312462
34.109379
34.039318
34.249496
34.293278
34.555996
34.153168
33.706539
32.734493
33.277435
32.734493
32.900875
33.19862
32.392956
32.813305
33.216137
32.673191
32.944668
25.466
26.192846
26.052731
26.254145
27.445131
28.487242
28.180733
26.928453
27.471399
28.443451
28.732439
28.89883
29.073965
28.338366
28.417177
28.487242
28.075649
27.900503
28.040621
27.935532
28.566053
29.266636
29.949697
29.722006
29.581898
29.853363
