Adjusted
22.234383
22.069407
22.496845
22.34687
21.911928
22.271875
21.896931
21.859426
21.881931
21.428242
21.68321
21.334511
21.049547
20.907068
20.839577
20.314646
19.531017
20.07468
20.153419
19.913456
20.449631
20.498371
20.258402
20.269661
19.958454
19.80847
20.022198
19.774731
19.669743
19.714731
19.939703
20.24716
20.007195
19.909704
19.902206
19.411032
19.156065
19.261047
19.576
19.815975
19.572254
19.422276
19.60111
19.469339
19.747959
19.281082
19.074007
19.217075
20.463324
20.651579
21.306709
21.310463
21.494965
21.622976
22.229158
21.472372
21.622976
21.506256
21.400831
21.408365
21.216349
21.656862
22.308226
21.988192
22.029612
22.108679
21.574032
21.216349
21.385778
21.242704
21.574032
21.671917
21.197519
21.713339
21.833813
21.99572
21.969368
21.671917
21.208815
21.905363
21.762287
21.867708
21.686979
22.214094
22.082323
22.055969
21.679453
21.393307
21.81123
22.150091
21.991962
21.848886
21.909122
21.713339
21.325531
21.39707
21.558966
21.833813
21.973131
22.387291
22.17268
21.901588
22.58684
22.835339
22.846638
23.014778
23.075232
22.776739
22.500902
22.772955
22.670937
23.169691
23.06012
23.978291
24.080309
23.547543
23.116791
23.011002
22.425329
22.379988
22.29686
22.599144
22.546244
22.708719
22.674709
22.988327
22.871195
23.324614
23.067675
22.901413
22.784285
23.120586
23.256599
23.271715
23.181036
23.124352
23.79314
24.363697
24.220116
23.615551
23.026108
24.087864
24.000963
24.170996
24.367477
24.431711
24.533731
24.276791
24.068981
24.06142
24.095428
23.747807
23.679794
23.744028
23.80448
24.227676
24.1521
24.507278
24.514835
24.348589
24.654642
24.390144
24.295685
23.917837
23.80448
24.110546
24.114315
24.325909
24.517361
24.3316
24.210276
24.369509
24.01314
23.770504
23.997988
24.278521
24.142035
24.142035
23.884247
23.960056
23.80842
23.410341
23.486176
23.228378
23.072935
22.940252
23.467215
23.486176
23.986607
24.073803
24.57423
24.691757
24.832029
25.032959
24.983677
25.082253
25.245262
25.393124
25.434822
25.4879
25.241474
25.18461
25.199764
24.888895
24.995052
24.915438
25.078451
25.00264
26.045195
26.572163
26.378824
26.462223
26.560797
26.655575
26.788265
26.678322
26.431894
26.208216
26.314371
26.390192
26.295412
26.079319
25.772234
25.654701
25.700212
25.68504
26.098272
27.353134
27.330391
27.212879
27.895285
27.864944
28.08946
28.119888
27.701328
28.062809
28.180777
27.834509
28.157934
28.310156
28.260683
28.500397
28.614559
28.599344
28.112276
28.888529
28.637392
28.500397
28.62978
29.017912
28.934198
29.071177
28.652618
29.002684
28.979858
28.987473
29.497337
28.652618
28.591734
28.424301
28.622177
28.614559
29.010294
29.040722
28.690666
27.708942
27.252327
27.320826
27.853539
27.404531
26.940304
26.947912
26.818537
26.902258
26.788092
26.848974
27.282766
27.518692
27.518692
27.9753
27.33604
27.168619
27.381708
27.587175
28.051395
27.769815
27.556736
27.838318
28.036186
28.051395
27.640448
27.899185
27.663277
27.854322
28.266979
28.526798
28.427467
28.511515
27.304123
26.952602
27.197138
26.845612
27.044291
27.334675
27.296473
27.181852
26.776833
26.60108
26.517014
27.770273
27.464588
28.450382
28.205854
28.366331
28.473312
28.962393
29.077002
29.306263
29.031153
29.046442
29.45146
29.046442
28.962393
29.260401
29.420891
29.405609
28.801907
28.916529
29.336823
29.054087
28.847748
28.733131
28.121786
27.747343
27.930752
28.282272
28.404531
28.435093
28.274628
27.128359
27.158924
27.69385
27.571575
27.716768
27.716768
26.692766
26.94495
26.761555
26.914385
27.051935
26.937302
27.678558
28.083586
28.228771
28.266979
28.236418
28.603222
28.242617
28.580196
29.140293
29.009865
28.77969
28.856415
28.541842
28.702959
28.641584
28.687614
28.94849
28.756672
29.07892
29.355131
29.769447
29.715734
29.746435
30.567389
30.621086
29.976616
29.800135
29.454882
29.485559
29.132624
29.539274
29.692728
30.321871
30.628775
30.789898
30.782211
30.705492
30.766876
30.383247
29.984276
29.646692
29.324444
29.731079
29.685041
30.321871
30.268156
30.452295
30.306524
30.651781
29.945925
28.894781
29.217026
29.608326
29.639015
29.324444
29.309084
30.459963
30.337219
30.690163
30.682486
30.705492
30.475311
30.843592
31.15818
31.633854
31.227211
30.989384
31.135166
31.35766
32.358765
32.574387
32.297153
32.035339
31.781206
32.043026
32.058426
32.043026
31.950624
32.351051
32.543587
32.505077
32.60519
32.327961
31.781206
31.996819
31.850527
32.343357
32.343357
32.913204
32.890121
33.151939
33.113453
33.228954
32.620598
32.497387
32.651402
32.343357
31.912117
32.058426
32.666794
32.728405
32.258656
32.458866
32.304852
31.996819
32.189327
32.728405
32.381866
32.22015
32.497387
32.474281
32.343357
32.743793
33.683311
33.683311
33.629395
33.644802
33.883518
33.937431
34.245453
34.09145
33.744911
34.176147
34.476471
34.122238
34.34557
34.183849
34.445679
34.807613
34.522682
34.576595
35.123348
35.223457
35.517048
35.416622
34.481743
34.512657
34.373592
34.149536
34.141811
34.08773
34.304047
33.94865
33.338284
33.886829
34.195889
34.07999
34.25769
34.103157
34.350414
34.265423
34.304047
34.110893
33.979542
33.492813
32.81292
33.137409
33.129677
33.013798
32.928795
33.09877
32.588856
32.596577
32.76656
32.310707
31.970749
31.793058
31.731237
31.839403
32.38797
32.897892
32.951977
33.338284
33.338284
33.338284
33.214668
34.095448
34.551304
34.481743
33.979542
34.25769
34.643997
34.613091
34.91441
34.891243
34.767616
34.922131
34.188164
34.396755
34.674908
35.092129
34.636272
35.076675
35.362522
35.602978
36.588058
37.037964
37.022449
37.340485
37.037964
37.115536
37.472359
37.037964
36.432957
37.200859
37.154312
36.774242
36.882835
37.115536
37.084499
37.193111
36.208012
36.844048
37.123283
36.952644
37.045723
37.045723
37.38702
37.712799
37.565414
37.914467
37.774849
36.572567
35.936535
34.726494
34.842827
35.525421
34.726494
35.874458
35.478886
35.789139
35.091038
35.455605
34.943676
36.324356
36.270058
36.533783
36.789757
36.634617
36.611351
36.533783
35.882221
36.316597
35.005737
34.028389
34.850586
35.471138
37.449074
36.906101
36.64238
36.882835
36.526016
36.231289
36.378647
36.378647
36.355389
37.146553
37.154312
36.624878
36.578156
36.54702
36.103226
36.329025
36.212219
36.243362
36.484734
36.920738
37.660416
37.372322
37.714897
38.018547
38.244347
36.749443
36.181076
36.188869
36.726089
36.819519
36.282303
36.040936
35.846275
35.861858
36.266735
36.866226
37.76162
37.419029
37.35675
37.302261
37.278889
37.208813
37.38789
37.901764
37.457962
37.92511
37.738262
36.920738
37.489124
38.913925
38.454567
38.890583
39.715878
40.105167
39.513435
39.458954
39.513435
39.85601
39.521225
40.003956
39.894943
39.965031
39.349949
39.272072
39.295448
39.240936
39.217587
38.12756
38.14312
37.956264
37.699329
37.909546
37.216602
37.605892
37.302261
37.435123
37.700836
37.794609
37.614857
38.255699
38.349487
37.864944
37.755535
37.685192
38.169743
37.716461
37.294441
36.215923
35.950214
36.669212
36.848969
36.942749
37.239719
37.388214
37.458542
37.560158
38.013439
36.966202
36.380051
36.434761
36.450382
36.262821
36.278454
36.44257
36.364418
36.731731
36.387859
36.489456
36.247192
36.684841
37.200638
37.388214
37.966541
37.825871
38.60741
38.615227
38.341679
38.599579
37.614857
37.93528
37.794609
37.72427
37.372585
38.630848
38.865311
38.716808
39.013783
39.23262
39.779682
40.318951
40.358006
40.576836
40.834743
41.131725
41.037945
41.256771
40.639362
41.608471
41.522495
41.483284
41.9538
41.130402
41.389175
41.538174
41.851845
41.938107
42.212578
41.59306
41.036304
40.573635
40.989243
41.647961
42.149834
42.408607
42.094944
42.20472
42.008678
41.530331
42.212578
41.875385
41.757744
42.659554
41.875385
40.934357
40.918671
40.777538
40.777538
41.036304
41.169613
42.189037
40.879463
41.16177
41.883221
40.659889
41.067657
41.122562
40.863785
41.31076
41.459766
40.612839
40.032547
40.730453
39.969807
39.954128
40.095295
40.393269
40.14233
41.624439
41.71854
41.938107
42.353729
42.055744
42.894817
42.934029
42.471355
43.318268
42.330189
43.012444
42.894817
43.194168
42.745132
42.886929
42.500935
42.107025
43.375362
43.454132
44.312828
44.202518
44.62006
44.769726
44.588547
44.312828
44.722466
44.257679
44.037106
43.619576
43.406879
44.013466
43.446255
43.446255
43.312332
43.422619
43.90316
43.800762
43.328087
43.131145
42.973587
42.689983
42.611206
42.351231
43.540787
43.414753
43.556545
43.595951
43.383228
42.973587
44.289188
44.289188
44.218292
43.611713
43.643211
43.643211
43.974068
44.651566
44.446754
44.706711
44.115875
44.982441
43.77713
44.115875
43.517159
42.831779
42.51667
42.957844
42.154285
42.114895
41.980988
42.225193
42.37487
41.37439
41.51619
43.131145
43.603828
42.749142
42.487999
42.060673
41.846996
41.704567
40.960686
40.454216
40.881542
42.116066
41.775795
40.913189
40.493774
40.80241
40.834057
41.475067
41.490887
40.952763
41.126858
42.69376
42.733318
42.986561
43.239788
43.311008
42.836208
43.105255
43.271446
42.93116
41.807426
41.293056
41.380104
41.823257
42.820374
41.744125
41.118954
41.514633
42.05275
43.959919
43.026119
43.089439
43.398071
42.867855
43.556335
44.062801
43.66713
43.279366
43.216049
42.907433
42.329723
42.3139
42.638363
43.303089
44.015327
44.347698
44.482227
44.640507
44.822506
45.447681
45.305241
44.680058
45.044083
45.170704
44.97287
45.431858
45.819611
45.732193
45.59708
44.937393
45.207634
44.524101
45.239422
45.287106
45.358643
46.081898
45.938835
45.85141
46.813103
46.534939
46.844891
46.614395
47.639694
47.472782
47.385349
47.019753
46.844891
47.210506
47.274086
47.011795
46.13752
46.296478
46.503124
46.328281
46.940277
46.574669
47.35355
46.781319
47.186649
47.472782
47.186649
47.409195
47.289974
47.297928
47.711205
47.011795
48.172184
47.886066
48.529858
49.038513
48.506004
48.386791
48.760338
48.919281
48.720604
49.086208
49.714085
49.833305
50.02404
50.230705
50.262493
49.952522
49.888931
50.381699
50.500938
49.332584
49.435905
49.785599
49.594864
49.594864
49.99226
49.808723
49.377827
49.577328
49.633175
49.417717
49.178349
49.313999
49.673065
49.649136
49.433689
49.39378
49.505497
47.646267
46.975967
47.742012
47.893639
47.670208
47.343033
47.702114
46.960003
47.071724
47.295147
47.797859
48.053211
48.723511
49.130463
49.066631
49.194305
49.441654
49.234196
49.018757
49.401768
50.415184
49.704987
49.752872
49.673065
49.776814
50.319431
50.670525
50.455078
50.351345
50.375286
50.590733
50.08802
50.774265
50.806179
51.117397
51.093445
50.989708
51.284954
51.731819
51.652027
51.412632
51.652027
51.261013
49.050663
49.226212
48.930973
48.32452
48.116013
48.861813
47.859406
48.89389
49.230701
49.318924
48.164127
48.733505
49.086349
48.581142
49.383072
50.529839
51.163368
51.07515
51.379898
51.68462
51.139313
50.393505
50.457653
50.489746
50.489746
50.778439
50.834576
50.906761
51.09922
50.706264
50.273209
50.786461
50.634087
51.299694
51.219498
51.187428
51.01902
51.291668
51.572334
51.804924
52.879513
53.088017
52.638912
51.764824
52.302116
53.128101
52.96772
53.152157
53.256428
53.088017
53.849842
53.039883
53.096024
52.807327
53.529076
54.290901
54.79612
55.501831
55.269268
55.630142
55.493805
54.715935
55.205112
54.363075
54.683861
54.603664
55.30135
55.614101
56.12151
55.775169
55.154995
55.936272
55.879864
55.38052
57.152447
57.144386
57.957874
58.191429
58.634411
58.747185
59.439823
59.117664
58.529716
58.118938
58.151142
58.110905
57.982021
58.723034
58.9002
58.916321
59.093521
59.270683
58.481377
59.600918
61.026501
61.348675
61.026501
61.090946
61.823868
63.040039
62.621227
62.742069
62.170181
61.541973
61.703033
60.374111
62.210472
61.711128
62.452103
61.364796
60.615753
62.589008
63.491089
64.787796
64.417305
64.650871
62.556778
60.486862
57.587376
56.057083
58.553867
59.480106
60.204975
61.558079
60.559353
61.21981
61.002323
59.633137
60.470779
60.229122
60.937935
60.897633
60.363945
60.93808
59.013538
59.231873
59.911121
59.490639
60.016243
60.493317
60.808701
64.423248
64.908432
64.520287
65.264221
65.239975
64.851822
67.212982
67.374733
67.730545
67.989296
66.549934
65.264221
65.951538
67.204933
67.115967
68.725128
67.649658
67.342384
67.576881
66.509506
65.393616
65.733215
67.148293
66.242638
66.056671
67.132172
70.16449
68.757469
69.913826
69.598457
67.811386
69.121361
67.439415
68.757469
68.660454
70.690094
68.094414
69.630775
67.115967
65.425949
66.37204
66.897636
66.08094
66.638908
64.067444
65.223816
64.115959
65.231873
63.986591
63.897621
67.67395
68.539154
69.040489
68.126747
68.830246
70.01503
71.021263
71.045647
72.546883
69.617393
71.029373
72.628014
71.44326
69.917671
71.678596
71.029373
71.889572
74.104919
74.437622
74.453857
73.463844
73.463844
