Adjusted
2.373613
2.339999
2.310869
2.390419
2.386497
2.441398
2.450922
2.489576
2.536074
2.52599
2.590413
2.629068
2.60778
2.532712
2.485654
2.441957
2.410027
2.291262
2.372492
2.338319
2.373052
2.382015
2.360727
2.333278
2.299104
2.277257
2.283418
2.235801
2.212832
2.227397
2.223475
2.226277
2.211152
2.176978
2.204989
2.174178
2.222916
2.212832
2.23636
2.235801
2.266052
2.223475
2.263251
2.224036
2.19247
2.138519
2.130483
2.11843
2.132205
2.084568
2.105804
1.926733
1.97724
1.963465
2.094899
1.992736
2.009954
2.033486
2.01225
1.951986
1.851546
1.752254
1.858433
1.890574
1.818832
1.844085
1.873355
1.863598
1.864173
1.86819
1.915828
1.9715
1.930176
1.93075
1.950838
1.954282
1.962891
1.962891
1.617376
1.634595
1.619099
1.616802
1.615655
1.629429
1.61508
1.612784
1.621395
1.609341
1.64263
1.689694
1.70519
1.744792
1.752254
1.780951
1.784969
1.819979
1.910088
1.969205
1.991014
1.948543
1.963465
1.943951
1.956577
2.031765
2.094324
2.114987
2.159754
2.130902
2.059068
2.106173
2.118538
2.096163
2.070844
2.094985
2.095575
2.166232
2.235122
2.178596
2.140913
2.160932
2.138558
2.170353
2.193316
2.190961
2.180363
2.190372
2.169175
2.216868
2.245131
2.184484
2.167998
2.138558
2.15151
2.106761
2.084387
2.085564
2.157987
2.149156
2.182129
2.157987
2.159166
2.178007
2.146212
2.092629
2.066722
2.091453
2.095575
2.091453
2.02845
2.022561
1.951316
1.91481
1.943072
1.913042
1.895378
1.867705
1.87006
1.867705
1.879481
1.92423
1.94425
1.927764
1.947783
1.947783
1.941894
1.968391
2.010785
2.078498
2.094985
2.095575
2.066133
2.083684
2.04011
2.075816
2.043741
2.046163
2.072185
2.069159
2.351785
2.400806
2.413516
2.379624
2.388702
2.410489
2.41291
2.357232
2.349365
2.392939
2.440144
2.46072
2.46193
2.512766
2.503689
2.517004
2.550894
2.561182
2.573286
2.581759
2.616255
2.61323
2.594467
2.58297
2.541817
2.567235
2.628359
2.584785
2.617466
2.963637
3.089518
3.042312
2.906749
2.930956
2.915827
2.975135
2.965452
3.023551
3.013868
3.027787
3.087702
3.079835
3.082256
3.082256
3.087097
3.095568
3.150036
3.151248
3.214792
3.246262
3.317676
3.340673
3.387273
3.395745
3.412085
3.404824
3.367907
3.431452
3.475631
3.527073
3.573672
3.604538
3.531914
3.570647
3.555269
3.595251
3.613704
3.576183
3.529436
3.504831
3.499295
3.558345
3.569417
3.576797
3.543582
3.610629
3.554655
3.518363
3.491914
3.499295
3.540507
3.547275
3.606937
3.586639
3.619854
3.563266
3.604478
3.686285
3.665371
3.697357
3.62662
3.640153
3.651839
3.632772
3.646918
3.634002
3.629696
3.641383
3.659221
3.639538
3.6543
3.641383
3.641998
3.629081
3.639538
3.651839
3.673983
3.689362
3.805614
3.74349
3.783471
3.769324
3.797002
3.850515
3.890498
3.882502
3.787777
3.757021
3.740151
3.7464
3.749525
3.688291
3.664549
3.605191
3.614564
3.767644
3.74265
3.680794
3.588947
3.630185
3.630185
3.6583
3.683293
3.731404
3.739526
3.780139
3.802008
3.761395
3.761395
3.797634
3.723907
3.752024
3.708285
3.692665
3.733903
3.727654
3.751398
3.741401
3.700788
3.660801
3.667672
3.651428
3.697663
3.862616
3.878861
3.908227
4.046937
4.048188
4.031317
3.945717
3.983829
3.937594
3.930096
3.845747
3.628934
3.652052
3.692665
3.675795
3.630809
3.567702
3.556456
3.577699
3.336519
3.4921
3.512094
3.553331
3.511468
3.548333
3.596444
3.613313
3.619562
3.684543
3.713754
3.622943
3.609606
3.784245
3.819808
3.874423
3.894743
4.006511
4.085258
4.184959
4.339277
4.253545
4.244655
4.245288
4.275136
4.292283
4.254815
4.238304
4.220523
4.200836
4.165909
4.18623
4.159557
4.150667
4.145588
4.140507
4.18242
4.167178
4.219887
4.188134
4.19893
4.248465
4.235763
4.256085
4.33102
4.461205
4.569163
4.718399
4.739993
4.690457
4.620603
4.549478
4.552019
4.553288
4.559003
4.514549
4.444695
4.501213
4.502482
4.565989
4.628222
4.632669
4.641557
4.632669
4.621873
4.65934
4.687281
4.748881
4.794605
4.766027
4.81175
4.800956
4.829533
4.823101
4.791591
4.805096
4.803808
4.859115
4.780658
4.718924
4.654616
4.494487
4.379375
4.306065
4.358799
4.289987
4.260407
4.337577
4.326001
4.375518
4.441757
4.361371
4.434682
4.447544
4.399312
4.425679
4.414747
4.431467
4.450758
4.425034
4.456546
4.417319
4.378091
4.41989
4.422462
4.385166
4.310566
4.382592
4.417319
4.452688
4.428251
4.461689
4.495131
4.549792
4.575515
4.524713
4.513138
4.575515
4.616674
4.673265
4.689342
4.683553
4.702203
4.862329
5.003164
4.88741
4.860401
4.823101
4.826959
4.84368
4.846896
4.863615
4.832105
4.884193
5.032104
4.980015
4.913133
4.865596
4.91183
4.933971
5.014065
5.076578
5.138443
5.135835
5.069416
5.113045
5.163184
5.225698
5.230257
5.178163
5.225698
5.207465
5.152115
5.118255
5.111742
5.062904
5.046625
5.056392
5.086998
5.167092
5.100021
5.09481
5.139092
5.192489
5.268025
5.284955
5.213976
5.16058
5.176859
5.203557
5.141047
5.139092
5.199652
5.236766
5.27128
5.301886
5.333795
5.574077
5.5044
5.502448
5.457517
5.52459
5.519379
5.535007
5.385236
5.385236
5.308398
5.303839
5.197044
5.316863
5.372863
5.395002
5.336399
5.39175
5.398911
5.449703
5.521333
5.525891
5.495596
5.446866
5.415255
5.402083
5.411303
5.368496
5.319106
5.340837
5.238764
5.138005
5.133395
5.128125
5.170933
5.193323
5.174884
5.255885
5.30725
5.267082
5.216372
5.225592
5.274982
5.301325
5.2763
5.291445
5.244689
5.267082
5.201884
5.112319
5.122858
5.133395
5.08071
5.111663
5.111663
5.186079
5.079392
5.173566
5.106394
5.134714
5.195956
5.240738
5.284203
5.302642
5.274325
5.210445
5.190689
5.209789
5.202544
5.166322
5.35401
5.369812
5.440279
5.446205
5.444232
5.457403
5.445546
5.394839
5.411303
5.455425
5.460037
5.440279
5.458059
5.444232
5.463986
5.463327
5.497574
5.561451
5.570671
5.483085
5.405812
5.356518
5.355851
5.372504
5.39382
5.402482
5.443781
5.366509
5.185982
5.183982
5.261256
5.195973
5.249265
5.292566
5.235943
5.194641
5.181318
5.251264
5.313217
5.286572
5.359181
5.454442
5.447778
5.455772
5.469096
5.561025
5.528383
5.590333
5.603658
5.612318
5.533712
5.551031
5.549701
5.481086
5.510395
5.547701
5.559024
5.519724
5.485083
5.510395
5.52505
5.542372
5.499073
5.527717
5.474424
5.462434
5.69159
5.603658
5.548368
5.589003
5.559692
5.586339
5.536377
5.568353
5.521056
5.591667
5.600327
5.620312
5.638965
5.636942
5.645036
5.616705
5.596469
5.529017
5.510805
5.500688
5.455496
5.493269
5.510132
5.422442
5.398836
5.408278
5.443352
5.533063
5.59512
5.628844
5.599843
5.617378
5.591748
5.559372
5.419072
5.379276
5.344873
5.400183
5.372529
5.264608
5.311148
5.652456
5.526994
5.582978
5.564094
5.592423
5.66527
5.691576
5.616705
5.572187
5.62345
5.733397
5.745537
5.793427
5.806916
5.823105
5.848738
5.882464
5.89798
5.941825
5.937101
5.966104
6.01467
6.028833
5.831203
5.896629
5.97285
6.053119
6.02681
6.018718
5.898653
5.942496
6.004551
6.171834
6.16981
6.182625
6.293246
6.304869
6.311022
6.32196
6.34794
6.527748
6.62141
6.659012
6.651494
6.628247
6.50245
6.491511
6.573553
6.546205
6.491511
6.5339
6.501767
6.51749
6.597484
6.75336
6.70482
6.72533
6.806004
6.737636
6.82378
6.862747
6.894197
6.774554
6.742422
6.789596
6.736951
6.746524
6.788911
6.829934
6.776606
6.877106
6.898302
6.914025
7.077425
6.94821
6.89625
6.958462
6.754044
7.000166
7.028201
6.999484
6.901035
7.039822
7.151259
7.138271
7.137588
7.124597
7.220312
7.291413
7.201169
7.242188
7.257232
7.275006
7.253811
7.313293
7.192282
7.190915
7.375653
7.392257
7.452451
7.451761
7.565926
7.551393
7.531328
7.530637
7.534789
7.404708
7.446224
7.412321
7.401943
7.374266
7.381879
7.506419
7.366657
7.299541
7.410247
7.39018
7.4483
7.336903
7.262873
7.237273
7.170154
7.249725
7.223434
7.220665
7.332752
7.309921
7.392257
7.408171
7.599136
7.657253
7.696001
7.631653
7.586681
7.732673
7.7728
7.767266
7.873126
7.9181
7.871742
7.886273
7.854444
7.719526
7.634422
7.71814
7.759655
7.642031
7.507803
7.523025
7.599826
7.610899
7.754809
7.711219
7.817084
7.642723
7.606745
7.731977
7.690466
7.536173
7.487048
7.489145
7.624944
7.659944
7.647345
7.644543
7.611644
7.780339
7.766342
7.75654
7.804142
7.857341
7.780339
7.746041
7.874838
7.869938
7.970735
8.062434
8.070834
8.049133
8.005034
8.326329
8.266831
8.294129
8.335429
8.31933
8.238132
8.360628
8.387227
8.425729
8.422228
8.659523
8.718321
8.80372
8.816319
8.952818
8.844319
8.889818
8.874418
8.832421
8.788321
8.792521
8.742824
8.710624
8.791819
8.782722
8.905919
8.875819
8.97662
8.966816
9.045215
8.969616
9.097014
9.081617
9.077415
9.042413
9.014418
8.97662
8.973817
9.017216
9.048015
9.109614
9.074614
9.064815
9.129212
9.064064
9.156123
9.209943
9.200028
9.335985
9.29775
9.290668
9.3544
9.139128
8.690173
8.746824
8.783647
8.462154
8.497562
8.88845
8.88845
8.776565
8.809139
8.780809
8.93377
8.943682
8.844544
8.878535
8.731244
8.756739
8.854458
8.871454
8.768066
8.688757
8.711415
8.768066
8.705751
8.909693
9.120716
9.262342
9.177367
9.039988
8.993252
8.9451
9.011666
8.996082
9.02016
9.085311
8.979089
9.139128
9.085311
9.205691
9.202858
9.157539
9.056982
9.188696
9.242512
9.243931
9.282169
9.314743
9.343067
9.14479
9.1193
9.197193
9.098056
9.042823
9.313328
9.285001
9.32749
9.341816
9.285943
9.33322
9.25586
9.195693
9.234373
9.238672
9.208586
9.3719
9.347546
9.320325
9.290244
9.331789
9.437796
9.479343
9.379062
9.361872
9.419175
9.184233
9.26159
9.1785
9.247262
9.313166
9.211451
9.237236
9.111172
9.051002
9.134093
9.208586
9.227212
9.207156
9.108306
9.121201
9.211451
9.188533
9.240103
9.27878
9.220045
9.151283
9.1785
9.131226
8.920638
8.989402
9.023787
9.151283
9.17564
9.158443
9.159879
9.210015
9.184233
9.148419
9.109738
8.995134
8.684266
8.731536
8.651316
8.546736
8.485138
8.523816
8.399181
8.700021
8.74873
8.787409
8.598867
8.652529
8.720694
8.678637
8.754053
8.752604
8.925192
8.957097
8.942594
8.938243
8.954194
9.013658
9.141283
9.051366
9.218149
9.254405
9.26746
9.331273
9.205094
9.178992
9.064415
9.083272
9.032512
9.144183
9.141283
9.148537
9.083272
9.074571
9.187693
9.215252
9.412492
9.463252
9.358831
9.319673
9.299369
9.329824
9.421193
9.318218
9.319673
9.254405
9.264563
9.226853
9.389289
9.676451
9.676451
9.719956
9.676451
9.741711
9.674997
9.611182
9.579277
9.521269
9.572025
9.543021
9.540117
9.432796
9.554621
9.444401
9.368979
9.251508
9.142909
9.176664
9.208946
9.183997
9.197207
9.186934
9.198677
9.128233
9.075399
9.09301
9.032841
8.8538
9.100349
9.343964
9.559693
9.545021
9.5685
9.609593
9.653616
9.769557
9.823857
9.67857
9.650683
9.611057
9.697645
9.680037
9.685904
9.587582
9.531811
9.659488
9.542081
9.5685
9.355702
9.244171
9.151712
8.928643
8.91397
8.977074
9.060724
9.062193
8.949189
9.459901
9.520071
9.555294
9.569967
9.342496
9.308743
9.090075
9.084207
9.203076
9.484851
9.417343
9.498059
9.577308
9.481915
9.602254
9.55089
9.411469
9.637474
9.665359
9.703518
9.787167
9.646281
9.534769
9.481249
9.452998
9.499089
9.475301
9.476789
9.441104
9.411368
9.445561
9.478275
9.372714
9.421776
9.3965
9.393527
9.455972
9.442592
9.454487
9.421776
9.345948
9.284991
9.25228
9.137802
9.227004
9.247822
9.244848
9.218085
9.185376
9.090221
9.084276
9.097653
9.191325
9.119959
9.151181
9.258226
9.209164
9.084276
9.195785
9.536261
9.482736
9.579374
9.362307
9.342975
9.338518
9.463407
9.377172
9.561535
9.399475
9.380147
9.386097
9.255257
9.395014
9.534769
9.589785
9.667094
9.609111
9.686425
9.563019
9.759278
9.973375
10.23059
10.410492
10.474423
10.472937
10.56363
10.511591
10.478485
10.406249
10.179012
10.228674
10.160954
10.07367
9.986389
10.025517
10.051099
10.072167
10.14139
10.142899
10.002942
9.939739
9.996922
