Adjusted
19.09
18.559999
18.700001
19.42
18.940001
19.110001
19.290001
19.9
20.35
19.950001
21
21.27
20.870001
21.120001
21.110001
20.629999
20.139999
20.51
20.5
19.09
18.73
18.85
18.84
18.440001
17.74
17.889999
17.4
17.389999
17
17.040001
17.25
17.559999
17.52
17.27
17.5
17.309999
17.67
18.15
18.5
18.34
17.75
18.360001
18.1
17.309999
17.75
18.969999
18.299999
18.809999
19.809999
19.83
20.379999
20.690001
20.66
20.200001
20.459999
19.290001
19.709999
19.860001
19.35
17.309999
7.52
6.89
6.6
6.8
6.71
6.46
6.64
6.46
6.4
6.15
6.37
6.34
6.12
6.04
6.01
5.88
6.22
6.61
6.44
6.32
6.33
6.33
6.33
6.56
6.53
6.8
6.62
6.54
6.57
6.58
6.66
7.17
7.25
7.06
9.99
9.99
10.21
10.51
11.22
13.62
13.38
13.08
13.74
14.9
13.75
14.61
15.52
15.86
15.96
17
17.6
18.530001
17.790001
18.139999
17.84
16.969999
15.48
15.64
15.21
16.209999
15.94
15.7
16.42
15.76
15.64
15.79
15.95
16.35
16.42
16.559999
16.26
16.6
16.42
16.25
16.15
15.35
15.1
14.5
14.53
15.03
14.91
14.75
15.1
15.09
14.82
15.4
14.56
13.91
13.07
12.43
12.78
12.52
12.56
13.29
13.11
13.32
13.21
14.11
14.23
14.6
14.86
14.31
14.23
14.34
14.63
15.15
15.21
16.280001
16.52
17.209999
16.879999
22.309999
21.75
21.530001
20.9
20.73
20.26
20.1
20.24
20.98
20.389999
19.860001
19.99
19.17
18.629999
17.620001
17.9
17.67
17.59
18.049999
17.92
18.4
14.59
14.53
14.44
14.04
13.8
13.46
13.25
13.3
13
12.96
13.62
13.06
12.9
13.04
13.46
13.46
13.25
13.32
13.84
13.18
12.94
12.99
13.29
13
12.71
12.66
13.57
13.44
12.98
12.73
12.4
12.2
12.41
12.23
13.14
13
13
12.88
12.95
13.2
12.83
12.97
13
13.1
12.91
12.57
13.05
13
12.66
12.76
12.88
12.92
13.33
14.1
14.85
14.16
14.27
14.9
15.24
14.71
15.05
15.09
14.92
15.5
15.69
15.58
15.33
16.1
16.02
16.43
16.200001
16.08
16.25
16.639999
16.719999
16.5
15.89
15.58
14.89
14.86
15.04
14.6
13.83
13.79
14.76
14.6
14.74
14.7
14.47
13.95
14.4
14.45
14.08
14.2
14.01
13.85
14.3
15.16
14.16
14.85
14.98
15
15.14
15.98
15.44
14.91
14.39
14.25
14.35
14.12
13.96
14.24
14.01
13.68
13.54
13.32
12.94
13.5
13.27
13.8
13.92
13.58
13.53
13.91
14.54
13.87
13.75
13.5
13.32
12.6
12.61
12.4
12.44
12.99
12.71
12.77
13.53
13.59
15.3
14.06
13.75
13.02
12.53
13.23
13.16
13.28
12.71
12.49
12.14
12.69
12.63
12.33
11.95
11.26
11.15
10.96
11.06
11.12
11.11
11.6
11.75
11.78
11.23
11.36
11.37
10.86
11.22
9.73
9.93
9.81
8.65
8.92
9.22
9.44
9.34
9.43
9.38
9.5
9.99
10.11
10.1
10.23
10.23
10.53
10.16
10.12
9.76
9.51
9.14
9.19
9
8.88
8.7
8.69
8.27
8.27
8.67
7.92
8.06
7.62
7.51
7.98
8.25
8.44
8.56
8.16
8.16
7.91
7.37
6.96
6.9
7.11
7.47
7.18
7.05
7.48
7.31
8.17
8.19
8.68
8.54
8.64
8.98
8.98
9.18
8.86
8.91
8.87
9.27
8.96
9.12
8.73
8.99
9.22
9.3
9.2
9.12
9.18
9
9.25
9.32
8.66
8.67
8.65
8.2
8.73
8.9
8.68
8.78
9
8.5
8.48
8.23
7.89
8.03
8
7.66
7.41
7.42
7.72
7.3
6.95
6.92
6.86
6.85
7.08
7.17
7.21
7.27
7.54
7.52
7.88
7.92
8.02
8.06
8.34
8.51
8.71
8.72
8.93
8.58
8.64
8.59
8.33
8.75
8.84
8.6
8.55
9.03
9.22
9.03
9.22
9.02
8.91
8.62
8.78
8.79
8.84
9.06
9.27
9.47
9.27
8.95
9.14
9.19
9.24
9.32
9.06
9.27
9.29
9.32
9.21
9.04
8.35
8.41
8.3
8.15
8.47
7.5
7.73
7.64
7.73
7.86
7.52
7.34
7.14
7.03
7.15
7.26
7.25
6.99
7.2
7.22
7.19
7.23
7.51
7.46
7.37
7.05
7.23
7.09
6.87
6.9
6.77
6.57
6.39
6.46
6.4
6.48
6.47
6.11
6.02
6.05
6.05
5.88
5.94
5.74
5.77
5.44
5.23
5.97
5.71
5.35
5.34
5.51
5.52
5.45
5.51
5.37
5.23
4.86
5.05
5.11
4.99
4.88
4.65
4.68
4.87
4.77
4.92
4.73
4.8
4.63
4.74
4.73
4.8
4.84
5.21
5.02
5.25
5.7
5.75
5.38
5.57
6.06
6.16
6.64
7.28
6.9
6.89
6.84
6.72
6.28
6.04
6.02
6.57
6.5
6.32
6.22
6.51
6.63
6.4
6.42
6.63
6.23
6.41
6.4
6.16
6.24
6.25
6.15
6.2
6.36
6.22
6.6
6.93
7.29
7.65
8.64
8.68
8.61
8.44
8.8
8.24
8.75
8.64
8.39
8.62
9.04
9.11
8.98
9.5
9.63
9.26
9.3
9.52
9.51
9.4
9.49
10.22
10.27
9.93
9.52
9.77
9.55
9.75
9.64
9.86
10.17
9.95
9.75
9.41
8.57
8.68
8.91
8.82
8.41
8.89
8.62
8.47
8.4
8.45
8.62
8.3
8.18
7.98
7.49
7.83
7.61
7.47
7.64
7.78
8.05
8.39
8.49
8.41
8.55
8.36
8.01
7.77
8.35
8.44
8.67
8.28
8.24
8.26
8.5
9.37
9.42
9.53
9.49
9.7
10.1
9.83
9.25
9.5
9.39
9.4
8.76
8.92
9.23
9.31
9.43
9.3
9.13
9
11.21
11.01
10.94
11.4
11.97
12.51
12.01
12.11
12.98
13
13.09
12.72
11.47
11.21
11.03
10.89
11.14
11.14
11.28
11.23
11.27
11.41
11.36
11.31
10.74
10.58
11.17
10.91
10.8
10.46
10.58
10.44
10.7
11.49
11.56
11.65
11.65
12
11.96
11.44
11.62
12.1
12.86
13.76
16.59
16.83
16.41
15.9
15.9
15.92
16.450001
17
17.129999
16.719999
16.290001
15.84
16.129999
15.95
15.77
16.469999
15.5
15.22
15.11
15.27
15.52
15.44
15.18
15.23
15.77
15.68
16.190001
15.89
15.48
15.41
15.31
15.33
14.99
15.31
15.58
15.71
15.09
15.28
15.12
15.04
16
17.5
16.370001
16.77
17.299999
17.15
18
17.16
17.280001
16.299999
16.700001
16.299999
16.91
16.629999
16.969999
16.77
16.49
16.27
16.91
17.07
17.200001
16.889999
16.24
16.25
16.530001
16.629999
15.96
15.72
15.69
15.27
15.15
14.41
13.92
13.89
14.23
14.59
15.12
15.25
15.09
14.98
14.52
13.99
13.78
14.23
14.52
14.21
14.51
15.34
15.17
15.17
15.45
15.23
15.25
14.54
13.72
12.99
12.82
12.33
12.02
11.99
11.9
11.42
11.58
12
12.09
11.56
12.94
12.85
13.2
12.92
12.98
13.17
13.03
12.71
12.09
12.01
12.22
12.62
12.48
12.35
12.31
12.38
12.32
12.3
12.46
12.18
12.27
12.9
12.82
13.22
12.86
12.8
12.74
12.79
13.02
12.69
12.16
11.92
11.68
11.23
12.29
11.58
11.12
12.09
12.5
12.66
13.53
13.8
13.66
13.21
13.59
13.96
14
14.09
14.23
14.25
13.91
13.91
13.8
14.45
14.86
15.2
15.41
14.95
14.95
14.62
14.55
14.79
15.04
15.47
15.92
15.88
15.82
16.370001
15.75
15.83
16
15.98
16.4
16.52
16.549999
16.75
16.610001
16.42
16.93
16.200001
15.52
15.52
15.34
16.030001
16.059999
15.69
15.67
15.64
16.49
16.719999
16.74
16.77
16.76
16.76
17.02
17.5
17.860001
17.99
17.879999
18.780001
19.450001
19.620001
19.32
19.25
19.950001
19.66
19.4
20.049999
19.889999
20.200001
20.780001
23.219999
24.24
22.98
22.15
23.82
24.280001
23.26
23.57
23.719999
23.65
23.85
23.41
23.35
23.24
22
21.709999
21.5
21.51
21.16
21.610001
21.700001
21.540001
21.280001
21.709999
20.82
20.27
20.049999
20.24
20.190001
20.059999
20.059999
20.42
20.540001
20.280001
20.15
20.51
20.049999
20.07
19.809999
20.18
20.799999
21.15
21.27
21.92
22.549999
22.74
22.549999
22.51
21.879999
21.77
21.700001
20.85
21.040001
20.07
19.92
19.84
20.59
19.889999
20.27
20.18
19.459999
19.040001
19.690001
19.84
19.889999
20.27
21.66
21.870001
22.059999
22
22.639999
22.49
22.190001
21.6
21.18
19.92
19.84
19.219999
18.68
18.76
19.059999
18.639999
19.280001
19.02
19.040001
18.379999
18.51
18.57
18.370001
18.610001
19.040001
19.4
19.49
19.440001
19.15
22
21.540001
21.25
21.620001
21.91
22.49
22.84
23.360001
23.959999
23.58
23.440001
24.200001
25.040001
24.59
24.389999
24.1
24.440001
25.9
25.99
26.67
27.360001
28.42
27.58
27.200001
27.76
28.6
28.35
28.530001
28.16
27.700001
27.01
26.43
28.35
27.4
26.74
25.73
24.07
24.870001
24.700001
24.309999
24.41
23.299999
22.99
23.030001
23.030001
22.440001
22.99
20.309999
19.940001
19.110001
18.219999
18.639999
18.27
17.950001
18.25
18.02
18.809999
18.25
19
18.26
18.32
17.93
17.889999
17.68
18.049999
17.950001
17.92
18.120001
18.02
18.1
18.1
18.01
17.98
17.799999
18.15
18.450001
17.51
17.530001
17.59
17.76
17.16
17.43
16.42
16.51
16.02
15.38
15.38
14.89
14.16
13.66
14.02
15.06
17.1
18.41
16.969999
16.23
16.1
16.68
16.219999
17.24
18.33
18.059999
18.4
18.450001
18.219999
18.540001
18.559999
18.09
19.16
18.940001
19.459999
20.4
20.690001
21.27
21.25
20.67
20.6
20.16
19.9
20.139999
18.639999
18.719999
19.040001
18.610001
18.889999
18.639999
18.73
18.49
17.959999
17.799999
18.469999
18.41
17.85
18.23
17.99
17.969999
17.51
18.5
18.809999
19.450001
20.68
19.700001
20.969999
20.639999
20.33
20.889999
21.799999
21.9
21.950001
22.559999
22.209999
22.129999
22
20.16
21
20.280001
19.68
18.85
18.85
18.299999
18.549999
19
19.01
18.57
18.559999
18.1
17.67
17.879999
18.34
17.139999
16.99
17.15
21.110001
21.780001
22.620001
22.26
23.08
24.379999
24
24.4
23.6
23.66
22.99
22.200001
21.360001
22.309999
22.24
22.959999
23.99
24.290001
24.65
24.120001
24.43
