Adjusted
22.481903
22.323185
21.660307
20.521275
20.31588
20.539946
20.259853
20.026447
19.69034
20.446581
21.174814
20.539946
19.839724
20.642639
21.286854
21.109461
20.157154
20.259853
20.586624
20.922733
21.258842
21.05344
21.426895
21.29619
21.156143
20.764013
21.05344
20.651981
20.026447
19.746353
19.587633
20.306536
20.119814
19.91441
20.661318
21.464245
21.305527
21.660307
21.044107
21.193487
21.613626
21.436232
21.24017
21.697649
21.370882
20.876053
20.101139
19.699677
20.026447
19.634319
19.821045
20.259853
19.61565
20.185162
19.475601
18.906086
18.915424
18.672674
18.943434
19.288874
19.092812
19.410246
19.214182
18.551302
18.345907
18.037806
17.739048
18.373915
19.242195
19.176838
18.952765
18.579313
18.252542
18.700687
19.139496
19.176838
18.803387
18.794046
18.644667
18.579313
18.019135
17.785728
17.589661
17.701698
17.832411
17.729702
18.448606
18.541967
18.878077
18.794046
20.073132
20.736006
20.63331
21.24017
20.726671
20.42791
21.65097
21.875042
22.080439
22.15513
21.482914
21.314861
21.819023
21.949734
22.033758
22.360533
22.37921
22.15513
22.22982
22.38854
23.807669
23.107443
22.285843
21.576277
20.960079
21.137472
21.314861
21.016096
21.062788
20.782688
20.726671
20.381224
20.465256
20.511936
20.119814
20.091799
20.334549
19.979763
20.259853
20.558619
19.793036
19.606312
19.279541
18.999449
18.672674
18.308559
18.8594
18.383249
18.205862
17.879086
17.524309
17.739048
18.04714
17.617678
17.841743
18.271215
18.215193
17.832411
17.468288
17.935106
18.644667
18.532637
18.794046
18.700687
18.747374
18.579313
18.672674
18.700687
18.766037
19.139496
19.326223
18.878077
18.980776
19.046127
19.083479
19.905075
19.718348
19.568972
19.671667
19.410246
19.652988
19.793036
19.242195
18.980776
18.906086
19.046127
18.719357
18.579313
17.925768
18.327232
18.103161
17.907101
17.739048
18.728697
18.448606
18.383249
18.392588
18.672674
19.074141
19.139496
19.503613
19.326223
19.242195
18.906086
18.906086
18.803387
18.597984
18.654005
18.056477
18.093819
17.953781
17.785728
18.24321
18.215193
18.168514
18.140505
17.897758
18.345907
17.664352
17.524309
17.916431
17.636343
17.897758
18.121834
18.177853
18.345907
17.897758
17.841743
17.729702
18.0098
18.168514
17.832411
17.739048
17.813736
17.739048
17.496304
17.41227
17.851078
18.13117
18.093819
18.523291
18.672674
18.51396
19.484936
20.306536
20.726671
20.549278
20.960079
20.801363
21.548269
20.932068
21.510921
21.660307
22.649958
22.575268
22.930046
22.463228
22.827343
22.930046
22.864695
22.761992
22.416552
22.351189
22.724646
22.444559
22.360533
23.014074
24.377182
24.274477
23.723635
23.070093
22.575268
23.723635
24.750633
24.694616
23.854345
24.946695
25.61891
25.320148
25.562895
25.394842
25.1521
25.55356
25.544218
25.301476
24.666609
24.825325
25.488207
26.505863
27.075382
27.066046
27.010029
27.990343
27.626228
27.355469
27.140734
26.813969
27.038034
27.243437
27.486185
27.523527
27.97167
29.082693
28.886633
29.40947
28.727909
28.541183
28.139721
26.636574
25.945683
26.776617
27.476849
27.094055
27.607555
27.803616
27.187424
26.683256
25.842991
25.254799
26.076389
26.281796
25.889671
26.30047
26.039051
25.105413
25.376167
25.441525
25.478867
25.61891
26.001699
26.272453
25.478867
25.23612
25.712273
25.889671
25.814974
24.937359
24.7693
25.945683
25.516212
25.684269
27.187424
26.823298
25.65626
25.927013
26.711264
26.823298
26.029711
25.394842
24.479883
23.882353
24.106422
24.134439
24.227795
24.367844
24.75997
24.321161
24.489216
24.423864
24.013065
25.282801
25.628254
25.16143
24.40519
24.956032
24.900013
24.433195
24.190451
23.779657
24.265142
24.40519
23.882353
24.367844
24.227795
24.918688
25.544218
25.983025
25.927013
25.58157
25.908339
26.40316
26.141745
26.011042
25.665594
26.216436
27.019365
27.019365
27.075382
26.785959
26.589893
26.253786
27.112726
26.701927
26.487188
27.047379
28.065033
28.027683
27.850298
27.570202
26.79529
26.823298
26.37516
25.824316
26.076389
26.067057
26.487188
26.515207
26.039051
26.356485
25.338823
24.881348
24.470551
24.928026
24.900013
25.254799
24.601252
25.329487
25.544218
24.993378
25.730951
26.30047
27.187424
26.926004
27.019365
27.168747
27.738268
27.812954
27.840961
28.662554
29.185398
29.726898
29.95097
29.717569
29.764252
30.445797
30.11903
30.333761
30.483147
30.669868
31.13669
31.556828
31.155357
31.482132
31.332752
31.25806
32.023643
32.761204
33.788204
33.059978
33.405422
34.086971
33.769531
33.414757
34.077641
34.311047
34.133652
33.302715
33.097313
32.490459
32.779884
32.723866
32.03297
31.827581
33.797543
34.311047
34.077641
33.56414
33.872234
33.302715
32.434452
32.910587
32.275719
31.874258
33.498783
32.835896
32.686516
32.154346
32.518471
34.040283
33.610825
34.609798
33.517452
33.900249
34.413746
36.215652
37.317348
37.139961
37.298672
38.110935
38.391018
37.980232
37.597431
36.5611
35.179325
35.935566
36.206322
35.319366
35.048607
35.804855
35.814194
36.598446
37.242653
37.597431
37.840179
38.297661
38.381687
40.136917
39.137936
39.436695
38.605759
39.072582
39.819489
39.520714
39.57674
37.457394
37.345356
37.158619
38.512398
37.550758
37.7188
37.858849
39.287312
39.866173
40.248955
40.557056
40.65976
40.360985
40.398331
40.463696
40.697098
40.9025
41.481346
40.622414
41.079891
40.98653
41.546707
41.668079
42.013531
41.24794
41.593391
41.481346
42.947155
43.834114
43.217915
43.059185
45.234554
44.319599
45.234554
44.114193
44.833103
45.514648
45.794735
45.262562
43.880795
44.590351
45.094517
46.037483
46.44828
46.681694
45.710716
44.412964
45.215889
45.39328
44.777081
44.907784
46.056156
46.13084
45.729389
46.86842
45.141197
45.225227
45.841423
44.571678
45.617359
48.044796
49.697338
49.529274
48.95042
50.537601
49.594631
48.604973
49.109138
47.970108
46.401596
45.561333
44.300926
44.767746
45.561333
45.495979
46.803062
47.101826
47.409916
46.25222
44.581017
43.656715
43.29261
44.926456
43.031185
43.974159
44.319599
44.394283
45.206558
44.328938
44.459648
42.032192
41.107891
41.219929
42.284275
42.013531
42.573708
42.583038
43.339287
44.440971
45.346596
45.561333
46.214886
46.504299
47.251205
47.764706
47.960766
48.380901
46.803062
47.46595
49.622635
49.706673
50.052109
51.079105
52.134113
52.993057
53.898682
53.123764
51.144463
52.143448
53.338493
53.105087
52.246151
50.602951
50.69632
50.388218
50.546936
52.797001
52.311504
52.246151
51.312519
52.330181
53.823994
52.600933
51.34053
51.088436
51.303177
53.170448
52.600933
51.648632
54.776299
54.40284
53.917355
53.571918
53.571918
52.684959
54.048058
55.691257
54.93502
55.6259
54.748299
55.037708
54.104092
54.85099
55.383156
54.496212
53.936028
52.666286
51.536587
51.620613
53.039738
52.834335
52.965034
53.814655
53.525238
52.516907
52.582249
53.721294
55.121742
55.94334
54.225456
54.486874
55.187096
54.524216
56.559551
55.037708
54.085403
55.252445
55.616566
55.691257
58.445477
57.801289
58.352116
57.502506
55.784634
57.362473
56.848969
56.961002
58.053356
57.241081
56.87698
55.084396
52.395527
50.556267
52.890358
52.050083
53.002392
51.3592
50.182823
51.863358
53.039738
49.996094
52.096771
49.84671
51.293854
53.403854
54.580242
54.552223
52.544914
54.085403
53.674603
54.244144
56.326134
57.829285
55.915333
54.822987
55.86866
56.419495
53.59058
53.665264
54.216114
53.665264
55.962009
55.803299
55.756615
58.128048
60.219368
60.462128
60.779556
58.445477
58.454815
59.60318
61.825249
61.769218
61.759888
62.320057
62.656162
64.784851
64.103302
65.345016
63.73917
64.952904
64.906227
63.104313
62.03997
63.907253
64.654137
65.503761
65.961243
64.196663
65.550446
64.887558
65.064941
68.295311
69.13559
67.959221
69.957184
70.022537
71.40432
71.030869
69.761139
70.984192
72.711403
70.788109
72.365952
73.495659
74.877449
74.447968
72.048531
72.664726
74.065178
76.24054
75.764374
73.364952
72.618042
75.269562
78.359879
74.205231
73.859779
72.179237
73.645035
73.374275
67.315002
65.541084
66.708145
66.288002
67.865852
67.268326
67.04425
67.949867
66.782837
69.256958
72.076546
74.074501
74.065178
71.591042
70.339973
69.621078
70.199928
71.096214
72.496658
74.111847
74.261223
74.886772
74.774734
72.636696
72.730064
73.663727
74.634689
75.36293
75.017487
76.744713
76.71669
76.473961
74.970795
75.017487
76.641998
78.415909
78.770683
76.847389
78.882713
76.978111
75.801735
77.211517
78.798706
79.42424
80.320518
80.012421
81.226158
80.283173
78.425255
76.903419
74.998825
75.689697
77.127495
80.880692
79.265511
80.423225
82.449211
82.066429
83.018723
83.065414
81.842339
78.761353
77.379562
76.29657
74.802742
73.01017
73.252899
73.150215
73.757088
72.029839
75.624344
75.736382
73.196892
75.969795
75.857765
77.631645
75.222878
74.653358
71.329628
71.553696
70.741455
68.257965
66.894867
67.660439
71.376305
71.208267
68.033905
66.428047
68.48204
69.49971
71.338982
72.384628
70.638725
71.777779
74.195877
74.989479
75.811058
75.904434
75.185532
73.047516
73.243591
73.999817
74.494644
73.392967
73.196892
70.27462
69.807816
70.283958
68.108589
66.278664
68.108589
70.022537
72.328621
71.161568
71.236259
72.104546
73.131538
73.458328
67.034904
65.429062
64.467422
63.160343
62.581467
61.853237
62.366726
60.73288
62.03997
63.300377
62.628151
63.515091
63.795208
63.991257
62.590809
63.300377
64.383385
62.254711
62.105328
61.40509
62.320057
66.362679
69.051552
67.137604
68.416695
66.512077
63.860546
63.776531
65.951897
64.514107
65.064941
67.81916
67.128273
64.374062
66.446732
65.317017
65.933235
66.978889
68.043251
67.184303
68.370003
66.381363
63.225685
63.13232
65.261009
64.682144
63.449745
64.840874
62.413422
64.187325
65.569099
66.633438
65.73716
65.233002
67.221642
65.615776
65.176979
66.988228
68.48204
68.66877
67.324341
66.278664
67.725792
66.568092
67.623093
70.087891
71.441666
70.629395
72.067207
71.488335
70.648079
69.397018
69.621078
70.57338
67.744476
68.519379
68.510048
69.798462
69.789124
70.227943
69.415672
70.470688
73.299583
72.776756
73.607712
73.075523
73.570335
75.596329
74.718719
74.690712
74.588013
75.36293
76.511276
78.145157
77.921082
75.755035
77.18351
75.979111
75.213547
75.409615
75.269562
76.343246
76.287209
75.521637
72.412643
70.554703
71.469673
69.947845
69.602402
68.622086
67.921867
69.714432
69.789124
70.414665
69.219597
70.769447
70.237289
71.777779
72.001854
70.956177
70.60141
70.386658
72.085869
72.235245
71.226936
71.301613
71.955177
71.973831
71.973831
73.215561
72.26326
71.469673
72.730064
71.9645
71.208267
71.180252
71.320305
72.543343
73.897125
73.523666
74.410614
71.68441
71.535011
71.955177
70.423996
69.13559
70.423996
71.189575
72.356613
72.421974
71.535011
70.732101
71.320305
71.357635
71.236259
73.103523
73.000832
74.345268
76.698021
76.651329
76.604668
76.585991
75.969795
77.258194
76.277878
76.744713
77.052811
77.07148
76.651329
76.894089
77.827705
76.175179
77.883736
77.510277
77.725014
76.063148
76.165848
75.484299
77.379562
77.631645
78.005112
80.00309
80.675293
82.21579
80.479248
80.544579
83.289482
83.700272
84.316467
83.32682
83.168114
83.457527
82.113091
84.251137
83.765633
84.223106
84.428505
87.117371
89.180702
90.758553
88.984642
90.739861
88.592506
90.133011
89.76889
91.897583
91.7202
92.420418
94.166313
93.456741
92.467094
89.946274
90.525124
92.046959
91.598808
93.811523
94.885208
96.0149
97.153931
98.031555
96.547081
99.534714
101.952827
100.085564
97.359329
100.309624
97.667442
98.946503
101.000511
101.140564
101.336617
103.166534
102.438309
100.879143
101.299278
103.007835
101.710068
99.982841
98.890503
100.3283
102.083519
102.67173
108.264191
107.713341
107.274529
104.632347
102.606354
101.962151
100.318947
98.52639
97.088577
93.419418
92.018936
93.923569
96.72448
94.241005
94.082275
94.418388
93.073959
91.636147
89.395447
92.989922
93.344719
91.505455
94.427711
96.705795
97.041901
95.585434
93.223335
96.957886
95.445404
98.115585
100.795105
100.365639
100.262939
101.317947
101.121895
99.852142
99.609398
100.440331
99.114571
97.938187
101.21524
103.698715
105.276566
106.611641
105.015137
105.211205
104.118843
106.256859
105.547318
106.630318
105.257881
103.960129
104.884422
105.37925
102.587708
103.904121
106.845055
107.629311
108.217491
106.975761
106.994446
106.060799
109.048431
103.353279
101.962151
104.99646
106.751678
109.076462
109.1698
111.71862
107.246521
111.447899
113.408516
116.172089
115.742569
121.036301
117.441803
118.114029
117.040337
110.252838
112.87632
111.139786
107.041138
110.402199
109.104454
113.922005
113.697937
117.899269
120.80291
107.945946
108.44693
108.081131
109.170525
109.377281
103.421364
101.186897
106.633881
107.405235
109.353424
108.089073
110.259926
110.100891
108.144737
104.812935
106.657768
107.158707
108.852455
114.442589
115.293442
118.521858
116.812218
116.11245
