Adjusted
17.356115
17.615976
17.894079
17.634211
17.324198
17.725395
18.144817
18.090113
18.049082
17.956787
17.486166
17.070374
16.67742
16.672853
16.841919
16.380424
15.950926
15.896099
15.886951
15.329525
15.905233
15.612807
15.599102
15.603672
15.055368
14.9914
15.07822
15.005111
14.936572
14.872603
14.959419
15.260984
14.799494
15.02339
14.749237
14.333444
14.324308
14.210076
13.510996
13.182015
12.980973
12.907868
12.546904
12.496646
12.56975
12.450953
12.263616
12.2225
12.533195
12.816483
13.419614
13.693761
13.76687
13.862823
14.210076
13.661777
13.798854
13.44246
13.579533
13.643506
13.182015
13.250556
13.689196
13.643506
13.479012
13.593241
13.479012
13.433324
13.574963
13.460735
13.844777
13.835612
13.711876
13.881443
14.179327
14.298481
14.147249
14.160995
13.840198
14.481795
14.00059
14.018925
13.886018
14.426796
14.413053
14.761345
15.050066
14.898832
15.361699
15.59084
15.673333
15.490021
15.577095
15.123392
15.540434
15.462526
15.306705
15.522101
15.558756
15.490021
15.467106
16.081202
16.814461
16.750307
16.92445
16.93362
16.851124
16.676975
16.30118
16.635729
16.947369
17.194847
16.970284
17.300243
17.588972
17.584381
17.336914
17.414808
17.020693
16.727394
16.919868
17.002367
17.094017
17.048187
16.910704
17.368988
17.194847
17.598127
17.97851
17.983091
17.951002
18.088488
18.015162
18.06477
17.706507
17.499815
17.637615
17.476852
17.899418
17.97291
17.747852
17.894827
18.110708
17.899418
18.152046
18.326586
18.473568
17.940762
17.688135
17.56872
17.56872
17.793772
17.80756
18.193382
18.459784
18.772118
18.744558
19.571318
19.911207
19.750443
20.071974
19.819357
19.323298
19.061481
19.309517
19.341667
19.60347
20.067381
20.182209
20.375116
20.448608
21.031931
20.793095
20.508322
20.669077
20.421049
20.421049
21.013567
21.224842
21.472881
20.912514
20.646109
20.94466
20.264881
19.805574
19.631025
19.9893
20.003078
20.494535
20.889547
21.26618
21.537186
21.858698
21.757648
22.111326
21.720905
21.886253
21.927591
21.889868
21.853045
21.420492
21.434309
21.388292
20.992544
20.50938
20.201069
20.688841
21.81163
22.455858
22.635328
22.741159
23.31636
23.265741
23.169106
23.532635
23.730515
23.348577
22.971226
23.468216
23.394594
22.934431
22.570892
22.488073
22.538685
22.575504
22.575504
23.095484
23.100082
23.192127
23.072475
23.491226
23.735115
23.270344
23.412992
22.906822
22.916018
22.428242
22.16135
22.386839
22.350021
22.147552
22.244188
22.870005
22.88381
22.713552
22.345421
22.234976
22.179766
22.156757
22.327017
22.837797
22.667542
23.012653
23.587852
23.537239
24.089434
24.333321
23.873159
24.057215
23.83634
24.019846
23.964512
24.029058
24.167368
23.97373
23.946068
23.835421
24.130491
23.323683
22.941015
22.567577
22.355507
22.470764
22.784266
22.231033
22.613688
23.060884
23.060884
23.392826
23.830805
23.434317
23.563417
23.881517
23.766264
23.051668
22.475374
22.360113
22.364725
22.314011
22.360113
22.383173
22.655178
22.337067
22.346283
22.521477
22.590639
22.318619
22.24486
22.175703
21.779211
21.90369
21.419603
21.438047
21.802267
21.696234
21.396557
20.870981
20.977011
20.898638
21.368893
21.479542
21.687004
21.995895
22.24486
22.489206
22.821148
23.171534
22.936399
22.991724
22.590639
22.751991
22.060446
21.976364
21.944019
22.059517
22.211975
21.920931
22.147295
22.789452
22.937286
22.738626
23.075872
22.590799
22.470676
22.429102
22.835642
23.759607
24.055269
23.999828
23.385395
23.048161
23.45932
23.288383
23.30686
23.172894
22.636997
22.978859
22.974237
22.761728
23.422359
23.560955
24.161528
23.976734
24.300127
24.461815
24.369421
24.360178
23.4778
24.050655
24.577309
24.558826
24.637363
24.623503
23.671827
24.623503
24.434095
24.646605
24.840635
24.678949
24.554214
24.660467
24.734377
26.171139
26.462189
26.425224
26.286633
26.115694
26.097219
25.635241
25.792318
25.288759
25.381151
25.261038
25.478168
25.453173
25.476313
25.480942
25.393015
25.610525
25.342108
25.416157
25.11072
24.874699
25.522594
25.254175
24.967262
25.915964
25.915964
25.800268
25.721594
25.268068
24.578516
24.458189
24.564629
24.661816
24.143494
24.148125
24.513729
24.735863
25.379131
25.235668
25.610525
25.730852
25.508711
25.800268
25.536476
25.86968
25.647543
25.522594
25.6383
25.66144
25.342108
25.730852
25.499454
25.767876
25.962238
26.087193
26.42503
26.37875
26.443539
26.943354
27.137718
26.841524
26.452795
26.309328
26.170494
25.684568
26.503695
26.563854
26.591625
27.109943
27.211761
27.026649
27.072929
28.877785
28.410374
28.253025
28.294682
28.015636
27.816319
27.927561
27.950739
28.163963
28.45598
28.465256
28.066622
28.020273
28.182499
28.632126
28.275211
28.581135
28.261309
28.103706
28.303022
28.367916
28.56723
29.174454
28.933409
28.868521
28.947321
28.984404
29.345957
29.086378
29.021488
29.160551
28.298384
28.604315
28.117619
28.748005
28.69702
28.595053
28.530148
28.859255
29.016851
29.146648
28.868521
28.00173
27.862675
28.159323
27.950739
27.922932
28.182499
27.997087
27.77923
27.811686
27.765326
28.228861
28.089798
27.950739
27.737513
27.950739
27.992458
28.214945
28.168598
27.839499
27.408415
27.436224
27.542833
27.528934
27.626268
27.654079
27.609962
27.424236
27.512453
27.56354
27.410299
27.150269
26.936668
26.444464
26.360876
26.964531
27.294205
27.117767
26.959887
26.583763
26.792719
26.848442
27.702839
27.818926
28.975149
29.184099
29.602009
30.09886
30.103502
30.029211
30.163866
29.950274
29.843472
29.193382
29.281609
28.975149
29.578794
29.996702
30.37746
30.344969
30.786093
30.948612
31.129705
30.832523
30.762877
30.920742
30.795383
31.241154
31.217939
31.036839
31.231861
31.366518
31.264376
31.273642
31.199354
30.962549
30.786093
30.289244
30.683939
30.414612
29.931698
29.950274
30.238155
30.163866
30.474974
30.461046
30.084925
30.173151
29.636423
29.641079
29.268997
29.050386
29.743402
29.901539
30.161995
29.882923
30.464315
29.878277
29.478287
28.710867
31.473585
32.203789
32.915394
32.724709
32.231705
32.613098
32.534019
32.34333
32.41774
32.34333
32.092175
32.152626
32.67355
33.068893
33.445633
32.80843
32.734009
32.361931
31.859623
31.975906
32.58054
32.510773
32.496819
32.464264
32.180542
32.347977
32.608452
32.529362
33.07819
32.813068
32.589836
32.473557
33.059578
33.068893
33.07819
33.65958
33.673538
33.645622
32.789825
32.371231
32.506126
33.101456
33.231667
33.194469
33.278187
33.087502
32.952614
33.017735
33.25029
33.715378
34.613026
34.830082
35.095562
35.305168
35.347088
36.232044
36.651245
36.129566
35.93396
35.593945
34.722961
34.722961
36.655899
35.747643
35.724365
35.724365
35.86874
35.589287
35.49147
35.286537
34.923233
35.03968
35.198036
35.463528
35.677784
35.035027
34.667072
34.923233
35.011738
35.221336
35.249268
35.002422
34.932552
34.825443
34.625141
34.587894
35.882713
36.106289
36.013115
36.767693
36.944675
37.037815
37.354538
37.587425
37.205494
37.112354
36.935364
36.916729
36.702465
36.655899
36.404381
36.516163
37.0285
36.926037
36.721092
36.143551
36.52549
36.599998
36.63726
36.52549
35.649837
34.979126
34.932552
34.513355
34.010338
33.3508
33.173546
33.257473
33.257473
32.940311
33.098915
32.576477
32.847023
33.528038
33.584
33.742607
32.389908
34.516888
35.169918
34.498222
34.806084
34.946026
35.113949
35.085957
35.123276
35.645691
35.384495
35.39381
35.515079
35.235218
35.160576
35.860249
36.578579
36.625233
37.166298
37.502129
37.977898
36.849121
36.727859
36.755833
37.455494
37.791328
37.128983
37.492813
37.278244
36.74649
36.578579
36.793152
36.718506
36.755833
36.634563
36.52261
36.140125
36.877113
36.914421
36.690533
36.951733
36.364002
36.662537
36.718506
36.858444
36.895763
37.315556
37.688713
38.817513
38.789513
38.453682
38.275242
37.415764
37.453125
37.294319
37.228916
37.397079
36.668381
36.500217
36.219948
35.967712
36.210609
37.219559
37.658661
37.696026
37.630638
37.088772
36.481537
36.425465
35.93034
36.061131
36.537594
36.743126
36.92062
37.854851
39.527107
39.826057
39.891457
39.611202
39.891457
39.564487
42.862289
42.255047
42.105583
42.768875
42.170971
42.255047
43.189262
42.647434
42.096233
41.909382
42.040188
42.329781
42.796902
42.908997
43.348103
43.591011
41.432934
42.180321
43.002441
42.834267
43.179943
42.862289
43.021114
43.207951
44.98299
45.431416
46.010643
46.001289
46.309601
45.777084
45.44075
44.945618
44.439594
44.420883
44.748268
44.514408
45.94553
46.188744
45.898758
46.170025
46.721901
47.03994
47.133465
46.862194
44.392815
44.832443
45.814571
45.337543
46.198097
46.937038
46.628353
46.53484
46.78738
46.965099
45.393673
44.664082
44.514408
42.886871
43.036522
42.587551
42.971043
43.176834
43.092655
43.522919
43.691284
43.410686
43.812889
43.494854
43.89706
43.307793
43.158134
42.353714
41.886002
42.110508
40.978699
40.557785
40.445538
41.09095
40.679382
39.753349
39.650475
40.164932
40.090099
42.138565
42.531418
41.82991
42.774612
43.971905
43.728699
44.551826
43.092655
43.317139
42.737209
42.718494
44.009319
43.0812
42.19149
41.741936
41.273651
41.22683
41.91988
40.421406
39.391193
39.747078
40.861576
40.936497
40.749187
42.350685
42.331951
42.547356
42.753414
43.36216
43.408966
43.249779
43.25914
42.18211
42.725304
41.966709
42.266403
43.408966
44.364277
44.092674
44.017746
43.024998
42.959435
42.921982
42.678482
42.463081
43.118656
43.530735
43.970921
43.437088
42.912628
43.212311
42.144653
42.32259
41.90115
41.348579
41.011433
41.067612
41.020786
40.177887
39.634708
39.896923
39.971859
39.887566
39.690895
40.758553
41.273651
41.376675
42.154011
41.90115
41.301754
41.301754
41.826218
42.144653
42.088463
42.378788
42.303867
42.256042
43.193798
43.1563
44.244114
44.41291
43.96278
44.253475
43.709583
44.40353
44.891182
45.14436
46.522903
46.344711
45.444462
44.872414
43.643929
43.728336
43.353214
43.606426
44.591087
44.806774
44.928684
46.279072
46.36348
46.560421
46.832359
47.048035
46.973042
46.804237
46.644833
47.291878
48.060852
47.048035
46.626049
47.263741
48.117111
47.479435
48.070217
48.060852
47.73262
47.591957
47.179333
47.460674
47.076183
46.719845
48.088974
46.973042
47.460674
47.863914
47.460674
46.841728
46.879253
46.935509
47.882671
47.36689
47.113705
46.991779
46.513523
45.697647
45.585133
45.85709
45.767868
47.091892
47.317253
47.260918
47.063721
46.951027
47.195179
47.063721
49.758713
49.214069
48.528603
48.885426
48.660046
49.063839
48.75396
49.195301
49.683578
49.833832
48.969948
49.289188
49.383102
48.951149
48.932384
49.110783
49.232857
48.584938
49.007488
48.359566
48.397133
48.284447
51.777603
51.702488
50.181274
49.880775
49.908955
49.702377
48.885426
49.364319
49.373703
49.871399
49.777485
49.815056
48.86665
48.941776
49.589687
48.782135
49.646023
49.786877
49.965302
51.242371
51.355042
50.707119
50.575661
51.092125
51.317497
51.533466
50.594448
51.223587
51.740055
51.984196
52.350418
52.36919
52.232876
51.96965
51.960236
52.608925
52.655922
52.345688
52.449108
53.370411
53.361004
53.257603
53.708858
53.708858
54.178917
52.702946
52.928547
53.078979
53.342224
53.332802
53.849861
53.229393
53.85928
52.937954
53.107193
52.637119
52.251671
52.430294
51.772209
52.4021
52.919159
52.843948
52.590115
52.082462
53.680645
54.216515
54.395134
54.8652
54.583157
54.705368
54.235332
53.229393
51.875633
52.026047
52.646511
52.317474
52.796951
53.107193
52.928547
52.937954
52.890949
52.608925
52.702946
51.894428
51.659389
51.847427
52.439713
52.919159
53.680645
55.513882
56.228359
56.021557
56.463402
57.506927
56.576225
56.722088
58.011448
58.350243
58.03968
58.105564
58.190247
58.924335
58.519646
58.444347
57.220882
57.427937
55.724487
54.924515
57.954967
56.449165
56.656212
57.73851
56.703262
57.691452
57.437351
60.731316
60.684254
59.056091
59.526653
58.171432
57.550289
56.853844
57.239712
57.842026
56.947952
58.180851
57.164413
57.700859
57.437351
56.957367
58.557289
58.961983
59.564316
60.232513
59.526653
60.1478
58.754936
58.980801
59.592537
59.94075
59.978405
58.660805
58.237309
59.997227
59.69606
59.112576
59.630184
59.69606
60.665451
61.474808
61.145412
61.644211
61.766563
61.48423
61.408943
61.136002
62.717087
62.651241
62.397106
62.722115
62.354736
63.00473
63.014164
62.891693
63.758392
64.069283
62.006153
62.788063
63.588829
63.164906
64.342476
62.929382
64.446083
64.464928
66.707031
65.454086
65.41642
64.945389
65.633102
63.975071
63.47575
62.15691
60.498875
61.299625
60.470615
59.971325
58.737232
56.928482
57.795174
57.606758
57.493713
57.324135
58.765488
58.906799
59.34956
59.773495
59.321304
58.774918
60.602501
61.346733
61.393822
62.364155
60.140884
60.668465
60.122055
60.527134
57.578503
58.398087
57.003841
57.324135
58.416931
59.293034
59.170574
58.586502
59.019848
