Adjusted
10.063489
10.092252
10.010749
9.910066
9.727882
9.948421
9.900478
9.866918
9.914863
9.876506
9.996367
9.742267
9.660757
9.8861
9.991571
9.958013
9.703902
9.612819
9.641585
9.78062
9.818968
9.531303
9.21967
9.195699
9.243641
9.392271
9.267618
9.282001
9.296383
9.25323
9.349119
9.502543
9.564871
9.25323
9.349119
9.142959
9.200493
9.066252
9.176521
9.142959
9.061453
9.01351
9.205283
9.291586
9.181318
9.037484
8.989536
9.157341
9.440214
9.516921
9.468984
9.488155
9.377885
9.397067
9.521719
9.339533
9.421038
9.43542
9.555284
9.732672
9.512134
9.612819
9.775824
9.584047
9.564871
9.636783
9.612819
9.641585
9.938833
9.92445
10.015548
10.02034
10.02034
9.948421
9.972398
9.876506
9.799802
9.492952
9.48337
9.866918
9.684728
10.288831
10.144998
10.168967
10.178555
10.293619
10.370332
10.44225
10.423071
10.427864
10.427864
10.427864
10.475809
10.653199
10.4806
10.55252
10.605259
10.701148
10.806627
11.003193
10.93128
10.955251
11.463462
11.410722
11.377163
11.516198
11.410722
11.353189
11.33401
11.151827
11.170998
11.276479
11.266891
11.592907
11.597705
11.554556
11.290862
11.214146
10.883335
10.916897
10.979228
11.003193
10.892926
10.868948
10.96963
11.170998
11.266891
11.242916
11.492227
11.405928
11.391541
11.54976
11.607291
11.698389
11.540173
11.142234
11.348396
11.324423
11.506612
11.396338
11.377163
11.501817
11.492227
11.477843
11.501817
11.602498
11.578527
11.487431
11.698389
11.559349
11.57373
11.66962
11.645645
11.803858
11.564142
11.621675
11.684006
11.755923
11.597705
11.645645
11.71756
11.588112
11.48264
11.305245
11.396338
11.568939
11.803858
10.859363
10.897716
10.998398
10.993608
11.094292
10.926483
10.725116
10.691561
10.634027
10.595667
10.768267
10.734713
11.089494
11.012781
11.065523
11.060731
10.96963
10.93128
10.777454
11.008193
10.883204
10.815908
10.763034
10.835137
11.051457
11.157209
11.200472
11.27258
11.258157
11.234123
11.363918
11.373528
11.407179
11.383149
11.291808
11.262969
11.133175
11.186051
11.224512
11.186051
11.147598
11.238933
11.181247
11.176442
11.29662
11.392756
11.402369
11.436022
11.41679
11.488895
11.455251
11.484095
11.647527
11.743677
11.758098
11.753284
11.868656
11.825395
11.902306
12.056135
12.123432
12.277258
12.233994
12.450316
12.459929
12.378208
12.339748
12.306104
12.474349
12.282064
12.24361
12.282064
12.277258
12.282064
12.185923
12.01287
12.354171
12.339748
12.402247
12.354171
12.315715
12.238795
12.440699
12.358793
12.349157
12.551521
12.527425
12.373242
12.517789
12.614152
12.435883
12.512972
12.464793
12.358793
12.286512
12.185337
12.190155
12.190155
12.334699
12.29134
12.310602
12.011875
12.074517
11.963689
12.021512
12.079327
12.175697
12.257609
12.60452
12.57561
12.623792
12.700879
12.720159
12.705703
12.546701
12.8358
12.917704
12.840613
12.874335
12.797248
12.590063
12.623792
12.63825
12.64306
12.81652
12.806885
12.821339
12.898437
12.898437
12.869524
12.99962
12.797248
12.729794
12.811706
12.623792
12.777972
13.014072
13.023706
12.76352
12.498513
12.517789
12.334699
12.662336
12.623792
12.806885
13.009705
13.072493
13.318777
13.49263
13.46848
13.497451
13.47331
13.613345
13.545747
13.46848
13.376726
13.396034
13.497451
13.637499
13.579553
13.531256
13.666471
13.709939
13.637499
13.690616
13.579553
14.245972
13.917582
13.936906
13.994856
14.091439
13.961049
13.821006
13.62784
13.584372
13.545747
13.415358
13.521602
13.521602
13.46848
13.903097
13.705109
13.666471
13.618184
13.734078
13.811353
13.859633
13.932073
13.830666
13.859633
13.632669
13.719598
13.883785
13.883785
13.845149
13.869299
13.748569
13.917582
13.883785
13.859633
13.753399
13.642324
13.714763
13.787203
13.734078
13.458815
13.661646
13.855227
14.00524
14.106871
14.010081
13.995559
14.043958
13.942333
13.932649
14.04879
14.058478
14.034273
14.034273
13.903612
13.961682
14.155267
14.102035
13.995559
13.889095
14.063313
13.947169
13.743914
13.729391
13.84071
13.874577
13.501947
13.361604
13.100279
12.988961
13.201905
13.31321
13.390637
13.298693
13.30837
13.482586
13.453548
13.59873
13.51646
13.685837
13.647121
13.748752
13.787465
13.613245
13.622931
13.642282
13.526134
13.681002
13.893939
14.092348
13.985888
13.850382
13.932649
13.985888
14.087519
13.695518
13.560019
13.816506
13.826183
13.971368
14.106871
13.889095
13.816506
13.971368
14.000408
14.04879
14.034217
14.461857
14.432694
14.447273
14.452135
14.665952
14.724266
14.763137
14.699968
14.588201
14.359806
14.126553
14.131412
14.369523
14.121688
14.359806
14.481291
14.379246
14.403541
14.495872
14.627081
14.894349
14.967237
14.90407
14.748558
15.040131
15.229652
15.239374
15.234514
15.210217
15.093591
15.258811
15.117884
15.006118
14.894349
15.569818
15.419173
15.273384
15.297682
15.307405
15.302541
15.438612
15.34142
15.302541
15.501788
15.530944
15.482346
15.59411
15.919703
16.361921
16.245287
16.31332
16.177252
16.332754
16.512556
15.929424
15.72532
15.730182
15.919703
15.948864
16.012037
15.982877
16.274446
16.303608
16.362123
16.357256
16.201185
16.147533
16.025614
15.986599
15.928073
16.05975
16.040251
15.82566
15.864673
15.82566
16.030485
15.947585
15.90369
15.913443
15.947585
15.918326
16.069513
16.103649
16.118275
16.079262
16.215811
16.352367
16.269464
16.210938
15.981721
16.079262
15.05999
14.908794
14.801505
14.923427
14.913672
15.069736
15.12826
15.201418
15.094118
15.162397
15.225794
15.342844
15.464767
15.630582
15.674478
15.552553
15.611074
15.81103
15.81103
15.65497
15.767138
15.679347
15.840291
15.918326
15.864673
15.967098
15.762259
15.845162
15.908572
15.967098
16.001228
16.137783
16.181686
16.132727
16.387251
16.436197
16.382359
16.49493
16.6222
16.666248
16.754351
16.720085
16.803297
16.627092
16.357889
16.220827
16.323624
16.269785
16.078884
16.127844
16.005468
16.250196
16.049524
16.392151
16.240414
16.935455
17.141037
17.361286
17.571758
17.532597
17.571758
17.449392
17.121441
17.189968
17.136135
17.214455
17.473862
17.47876
17.542379
17.552183
17.527699
17.517916
17.390657
17.111662
17.547281
17.473862
17.366173
17.654966
17.620701
17.664753
17.801811
17.659863
17.762644
17.76754
17.606022
17.738176
17.703911
17.738176
17.880119
17.610912
17.4396
17.390657
17.287874
17.224234
17.17528
17.170393
17.473862
17.729244
17.685049
17.778353
17.773445
17.601549
17.635927
17.861847
17.896215
17.837286
17.842199
17.753799
18.097578
18.102489
18.107397
18.357864
18.274372
18.446268
18.225264
18.004269
17.92568
17.950249
17.80291
18.019001
18.289116
17.950249
17.758711
17.694864
17.778353
17.753799
17.768532
17.719414
17.724329
17.753799
17.532793
17.547533
17.410021
17.53771
17.640846
17.567175
17.346174
17.577
17.419834
17.557344
17.311804
17.793087
17.748886
17.670311
17.689953
17.886402
17.763617
17.743973
17.601549
17.66048
17.724329
17.645754
17.616283
17.223392
17.00239
16.722464
16.805944
16.73719
17.125175
16.992567
16.904173
17.14086
17.402222
17.535364
17.283871
17.06197
17.012653
16.963345
17.081694
17.057037
16.835135
16.647749
16.751303
16.647749
16.475149
16.692129
16.485014
16.701992
17.170443
17.057037
16.825268
16.775959
17.14086
17.431812
17.412081
17.707951
17.579744
17.535364
17.525499
17.303593
17.456461
17.530428
17.564955
17.604393
17.604393
17.599461
17.776985
17.811508
18.043274
17.998896
17.703022
17.880545
17.673426
17.831234
17.678368
17.949579
17.87068
17.974232
17.984106
17.821369
17.78686
17.707951
17.633986
18.270109
18.565987
18.615295
18.615295
18.422979
18.625156
18.590635
18.748438
18.778032
18.674477
18.822945
18.496284
18.585377
18.931843
19.030823
19.065487
18.976387
19.288204
19.174372
19.011034
18.822945
18.996185
18.818005
18.66457
18.66457
18.496284
18.298302
18.511126
18.402248
18.382448
18.461641
18.540831
18.733866
18.659615
18.674469
18.689314
18.971436
19.308008
19.21891
19.055584
19.322859
19.223858
19.416885
19.471338
19.406992
19.411945
19.303055
19.342648
19.298101
19.446585
19.362444
19.238707
19.43174
19.33275
19.367393
19.337706
19.44165
19.748507
19.49608
19.93659
20.164265
20.2682
20.238508
20.322645
20.461235
20.292952
20.159315
20.317707
20.471136
20.609726
20.659218
20.708708
20.74831
20.817837
21.11083
21.339273
21.34424
21.488256
21.393898
21.28961
21.254845
21.309477
21.503147
21.617369
21.503147
21.791178
21.493216
21.676968
21.786217
21.54785
21.473347
21.582611
21.825941
21.855743
21.518049
21.56275
21.46838
21.686897
21.756426
21.721661
21.602474
21.513079
20.882389
20.604292
20.286453
20.589397
20.465235
20.460278
20.504974
20.351019
19.978565
19.928905
20.08782
20.251698
20.008358
20.261631
20.569521
20.658916
20.365917
20.147413
20.311291
20.197067
20.177212
19.894146
19.655771
19.551477
19.417398
19.611076
19.318069
19.298212
19.660725
19.402494
19.521687
19.566385
19.611076
19.755091
20.113905
20.103937
20.258434
19.894634
19.844795
19.760065
19.904602
20.283346
20.044132
19.67535
19.331472
19.775015
19.760065
19.834824
19.625511
19.560732
20.148787
20.064074
19.770037
20.034168
20.138826
20.014231
20.069061
20.283346
20.298296
20.43285
20.069061
20.009258
19.715214
19.775015
19.5707
19.725185
19.944466
20.108921
20.148787
19.829842
19.5707
19.480986
19.301573
19.112202
19.062361
19.251732
19.171999
19.21188
19.326492
19.575678
19.456066
19.176981
19.012527
18.96269
18.937767
18.887943
18.932795
18.917833
18.882954
19.022499
19.271673
19.45108
19.441116
19.446096
19.605577
19.630495
19.834824
20.150064
20.120043
19.994947
20.064995
20.295172
20.565374
20.490316
20.615412
20.565374
20.695465
20.945656
21.035728
20.86059
20.650434
20.540359
20.460299
20.615412
20.835569
20.67045
20.660444
20.940645
20.720495
20.620413
20.520334
20.775537
20.915638
20.930653
21.090765
20.995687
21.155817
21.21085
21.426016
21.395996
21.310926
21.411005
21.511076
21.576132
21.250885
21.065748
20.925638
21.040722
20.675455
20.865597
21.075756
20.755512
20.710478
21.000692
20.925638
21.005703
21.025719
20.935648
20.805552
21.065748
20.760521
20.695465
20.565374
20.495325
20.505331
20.320185
20.350206
20.175081
20.375237
20.615412
20.494856
20.429546
20.59532
20.786211
20.735968
20.705832
20.831413
20.911783
21.087593
21.032339
21.31365
21.47942
21.22323
21.258385
21.343784
21.499506
21.459316
21.31365
21.35383
21.474392
21.745642
21.725544
21.725544
22.087223
22.001829
22.062103
22.268057
21.83606
21.625082
21.53969
21.785828
21.896338
21.82099
21.961647
21.831036
21.851128
21.534666
21.64016
21.655222
21.007223
21.142853
21.002201
20.881641
20.670668
20.791222
20.801279
20.590296
20.620434
20.59532
20.118113
20.047791
20.293926
20.334114
20.645552
20.457182
20.856531
20.984619
21.308622
21.203135
20.803783
20.992155
20.909815
21.015574
21.053347
21.242199
21.068457
21.04579
20.766289
20.539661
20.584986
20.74362
20.77384
21.317741
21.491491
21.219528
20.864494
20.872046
20.841825
20.917374
21.060898
21.030682
21.574577
21.098667
21.04579
21.476377
21.559471
21.589695
21.80876
21.74077
21.695438
21.61235
21.642563
21.619905
21.431057
21.95229
21.687893
21.922066
22.148701
22.163805
22.118477
21.680336
22.216679
22.722805
22.987196
22.873892
22.987196
23.417782
23.183607
23.153387
22.753021
22.821009
22.873892
22.677481
23.108068
23.032522
23.040081
23.20627
23.349792
23.198715
23.22893
22.95698
22.881445
22.662367
22.760572
23.046383
23.228325
23.675606
23.849974
23.827234
23.637703
23.364786
23.114613
23.470921
23.698351
24.433714
24.062246
24.054663
23.455755
23.630123
23.137352
23.364786
23.091867
23.031221
22.500549
23.721096
24.168373
24.221453
24.896158
24.865837
24.069824
24.198704
23.978851
22.955408
21.439198
22.727972
23.364786
22.856853
22.280699
21.83341
22.599106
22.727972
22.720385
23.000902
23.12978
23.008478
22.940248
22.60668
23.235912
23.213167
23.569479
23.743839
23.713516
23.940943
23.728674
23.751421
23.652866
23.804489
23.668028
23.668028
23.781748
24.191126
24.6763
24.501945
24.524687
24.380648
24.426126
24.888575
24.926674
24.926674
25.52108
25.444876
25.345802
25.254358
25.551556
25.543941
25.658249
25.277227
25.50584
25.681108
25.879238
25.33057
25.482981
25.33057
25.048605
25.26198
25.810656
25.924965
25.833523
25.50584
25.757318
25.757318
26.054512
26.046892
25.787802
25.757318
25.536318
25.42201
26.557467
25.010509
25.315334
25.673487
25.711592
25.467743
25.871624
25.155298
25.018127
24.522797
24.781889
24.324657
24.324657
25.132435
24.888575
25.277227
25.086708
25.414392
25.231499
25.345802
25.193401
25.300089
24.355139
24.766647
24.423721
24.096045
23.981743
24.766647
23.943636
24.560896
24.827616
24.865717
24.637102
24.393248
24.362602
