Adjusted
4.759251
4.741292
4.819863
4.76823
4.667209
4.669454
4.689658
4.635779
4.550472
4.56843
4.545982
4.510064
4.44496
4.501083
4.494349
5.152114
5.078031
5.093746
5.125175
5.048846
5.100481
5.078031
5.017417
4.981498
4.961294
4.934354
4.972519
4.965785
4.963541
4.92762
5.055583
5.143134
5.125175
5.071296
5.235176
5.053337
5.122931
4.983743
5.183544
5.264361
5.212727
5.246401
5.253135
5.248646
5.140888
5.044355
5.035376
5.051092
5.4013
5.4462
5.708857
5.628039
5.610078
5.668447
5.899675
5.677427
5.836818
5.899675
5.899675
5.809877
5.782939
5.686407
5.895186
5.794164
5.657223
5.72906
5.785185
5.706611
5.776204
5.731306
5.854775
6.00294
5.776204
5.803144
5.657223
5.639264
5.518037
5.663958
5.26885
5.394566
5.369872
5.27783
5.387832
5.338443
5.28232
5.378851
5.298033
5.163338
5.214972
5.250891
5.194767
5.185789
5.354157
5.275585
5.143134
5.179053
5.172318
5.28232
5.25987
5.320483
5.304769
5.298033
5.538242
5.497831
5.482118
5.470894
5.531507
5.495587
5.461913
5.477628
5.464159
5.423751
5.383343
5.558446
5.488852
5.423751
5.425994
5.392322
5.40579
5.399055
5.408036
5.488852
5.511303
5.511303
5.686407
6.054575
5.987229
6.124167
6.133147
6.090493
5.987229
6.027636
6.023147
5.944573
6.043352
5.910898
5.980493
5.993963
6.036615
6.02539
5.924369
5.993963
5.973758
5.922124
6.032127
6.135393
6.086006
6.050087
5.904165
5.866001
5.863757
5.877225
5.92886
5.982737
5.951309
6.050087
6.036615
6.112944
6.068046
6.090493
6.090493
6.016412
6.101718
6.083759
6.088249
6.204986
6.373357
6.454173
6.501315
6.55295
6.467642
6.508051
6.483356
6.402539
6.521521
6.546214
6.481112
6.602338
6.534991
6.640501
6.55295
6.528257
6.777443
6.757239
6.730299
6.638257
6.564175
6.465398
6.577644
6.606829
6.784177
6.74377
6.799893
6.714585
6.781933
6.777443
6.822341
6.815605
6.790912
6.833566
6.748259
6.777443
6.732543
6.71683
6.739279
6.797647
6.737034
6.959283
6.981732
7.058059
7.093976
7.118671
7.087243
7.212961
7.30051
7.302757
7.201735
7.18153
7.316225
7.408269
7.199489
7.118671
6.952546
6.891934
6.838054
6.84928
6.981732
7.073773
7.201735
7.221938
7.280307
7.195
7.17255
7.186019
7.147856
7.255613
7.107448
7.118671
7.226428
7.123161
7.076019
7.183775
7.132142
7.257859
7.203979
7.183775
7.201735
7.150102
7.170305
7.251122
7.343164
7.444188
7.388062
7.500309
7.592352
7.560926
7.493576
7.430717
7.489085
7.432962
7.549698
7.61929
7.758478
7.81909
7.857253
8.021132
8.054805
8.158074
8.009909
7.960523
8.189502
8.218687
8.13338
8.187259
8.27481
8.252362
8.362363
8.268078
8.288281
8.389301
8.301748
8.238893
8.6991
8.526242
8.541957
8.4791
8.48359
8.723796
8.743999
8.398282
8.396038
8.492571
8.393793
8.488079
8.515018
8.535219
8.409505
8.42522
8.492571
8.44767
8.440934
8.310732
8.391547
8.387057
8.319709
8.259098
8.351138
8.261345
8.301748
8.371344
8.265832
8.456647
8.537465
8.501548
8.582367
8.822575
8.912374
8.912374
8.806858
8.786654
8.800125
8.638487
8.584613
8.544201
8.494816
8.550937
8.357873
8.357873
8.768693
8.795636
8.755224
8.815839
8.741756
8.779919
8.737266
8.788899
8.889919
8.939312
8.85176
8.564406
8.523996
8.559918
8.4791
8.497058
8.539714
8.436446
8.44318
8.427464
8.636244
8.703592
8.701345
8.885433
8.905637
8.984209
9.114412
9.215436
9.298496
9.249109
9.28503
9.500543
9.673403
9.597074
9.570135
9.424214
9.603808
9.635237
9.666667
9.810342
9.823812
9.83279
9.9181
9.794627
9.698099
9.713808
9.70034
9.763201
10.016876
10.223409
10.194226
10.358107
10.135859
10.250349
10.239127
10.281775
10.3177
10.331166
10.364841
10.454638
10.423208
10.245862
10.721783
10.56464
10.490556
10.72403
10.748725
10.670153
10.548928
10.432187
10.293002
10.198715
10.167289
9.805852
9.868709
10.120143
10.012384
9.817079
9.69585
9.783403
9.810342
9.987694
10.02361
10.111165
10.099936
10.250349
10.335656
9.668912
9.556664
9.59932
9.707075
9.704831
9.967485
9.958509
9.962996
9.94953
10.016876
10.070752
10.108918
10.319942
10.196468
10.241369
10.337901
10.236879
10.266064
10.05055
10.0281
10.111165
9.962996
10.007897
10.214431
10.205448
10.600558
10.562394
10.6477
10.771173
10.571374
10.638724
10.73301
10.784644
10.697091
10.728518
11.105666
11.291991
11.294238
11.283016
11.395261
11.256079
11.14832
11.339141
11.626493
11.864452
11.871188
11.965474
11.893637
12.00588
12.26854
12.23711
12.21242
12.306705
12.412215
12.44589
12.414461
12.383032
12.266294
12.479563
12.522218
12.394257
12.681607
12.663648
12.744465
12.706301
12.663648
12.629973
12.91957
13.166512
13.150797
13.186717
12.856709
13.067735
13.166512
13.034063
13.17549
13.182229
13.173246
13.02957
13.061001
13.188962
13.236108
13.725502
13.608763
13.783869
14.163261
14.338367
14.062238
13.99938
13.725502
13.716518
13.828766
13.41121
13.395495
12.98243
12.883652
12.80059
12.430173
12.61875
13.009369
12.96447
12.708547
12.499768
12.102416
12.122622
12.42344
11.904861
12.055271
12.122622
12.201192
12.122622
11.128117
11.372814
11.44914
11.577105
11.348117
11.265056
11.265056
11.190976
11.339141
11.3122
11.179746
11.208935
11.141585
11.2022
11.482817
11.487305
11.630982
11.80384
11.855473
12.030579
12.221395
12.380787
12.248335
12.248335
12.189969
12.010373
12.055271
11.974458
11.687105
11.705065
11.790373
11.711801
11.597307
11.54792
11.639961
11.714042
11.801596
11.855473
11.597307
11.507507
11.541183
11.615269
11.702816
11.336895
10.914851
10.665661
10.764438
10.575867
10.521985
10.627498
10.55117
10.376065
10.25259
10.418718
10.227902
10.652191
10.463617
10.418718
10.901381
11.116892
11.181994
11.226892
11.361589
11.727513
11.76792
11.725269
11.651186
11.886903
11.9318
12.122622
12.075475
12.133842
12.358335
12.365072
12.344868
12.329154
12.297724
12.347112
12.389766
12.488543
12.299968
12.335888
12.62773
12.450381
12.524463
12.461602
12.371806
12.414461
12.295479
12.416706
12.400991
12.416706
12.349356
12.246093
12.219153
12.093438
12.115887
11.943025
11.772413
11.664656
11.911596
11.711801
11.597307
11.460368
11.669143
11.354855
11.267301
11.624245
11.68037
11.664656
11.608534
11.776901
11.830779
11.752209
11.586082
11.68037
11.588327
11.52098
11.325672
11.3122
11.303223
11.826289
11.797106
11.716288
11.698328
11.651186
11.444652
11.345874
11.446896
11.622
11.532204
11.758941
11.68037
11.727513
11.469345
11.523224
11.482817
11.47159
11.368323
11.278527
11.094442
11.096688
11.094442
11.047299
10.903625
11.006892
10.930561
10.843011
10.896891
10.836276
10.822803
10.863213
10.878926
10.766685
10.58709
10.616272
10.54668
10.443414
10.362595
10.477087
10.845256
10.896891
10.919339
10.899133
10.771173
11.029341
11.247094
11.314445
11.345874
11.181994
11.599553
11.458119
11.52098
11.480569
11.386283
11.875678
11.871188
11.918334
11.808331
12.288745
12.165273
12.349356
12.522218
12.522218
12.42344
12.064255
12.486299
12.697323
12.638953
12.944264
13.213657
13.63121
13.653663
13.245085
13.245085
13.456108
13.536925
13.608763
13.595295
13.658153
14.017343
13.909584
14.32265
14.165503
14.255303
14.232854
13.976932
13.846725
13.671622
13.981422
14.336119
14.34959
14.277754
14.071219
13.851213
13.967952
13.869173
14.143056
14.214895
14.196935
14.003872
13.76142
13.541416
13.707543
13.819786
13.721009
13.716518
13.721009
13.698561
13.474069
13.860194
14.219383
14.192447
14.196935
14.053259
13.927542
13.972443
13.900603
14.048769
13.981422
13.976932
14.075708
13.608763
13.577334
13.788356
13.63121
14.138567
14.3451
14.309182
14.232854
14.0802
15.445115
15.211641
15.485527
15.409204
15.588793
15.799816
15.939
15.521446
15.566339
15.795324
16.096144
15.889608
15.831244
16.172476
16.239822
16.127575
16.477785
16.307169
16.289209
15.91655
15.974916
16.123085
15.961449
15.871652
15.678589
15.889608
15.727974
16.275742
16.392481
16.244312
16.437374
16.563086
16.289209
16.414928
16.221861
16.44186
16.428394
16.432886
16.850441
16.850441
16.89534
17.056978
17.209631
16.832479
16.814524
16.998604
17.047993
16.868401
17.065956
17.191669
16.998604
17.317385
17.456572
17.447592
17.375757
17.335348
17.133299
16.863913
16.594511
16.733709
16.724726
16.980648
16.769629
17.416166
17.793314
17.627186
17.263508
17.151266
16.405949
16.006348
16.298189
16.639418
16.34758
16.154514
16.311659
16.26676
15.97941
15.808795
15.912063
15.907574
15.683078
16.006348
16.257778
16.159004
15.885125
15.835736
16.033289
16.271252
16.114103
15.903084
15.781856
16.105124
16.518196
16.437374
16.145533
16.08716
16.352066
16.203899
16.387987
16.383495
16.046757
16.042265
17.047993
16.953705
17.070438
16.863913
17.007591
16.181454
15.997359
16.154514
15.458586
15.274502
15.112866
15.373279
14.996131
15.193686
15.000619
15.171236
15.584301
15.894104
15.274502
15.07695
15.278991
15.368786
14.798578
14.951234
13.756928
13.743459
13.828766
13.622234
13.267534
13.451618
13.424678
13.451618
13.554887
13.756928
14.048769
13.972443
13.77489
13.545905
13.330391
13.303453
13.447128
13.680603
13.63121
13.801826
13.923052
14.259797
14.36306
14.143056
13.972443
14.003872
14.147546
14.565104
14.834493
14.830003
15.198173
15.103883
15.121852
15.570831
15.270007
15.270007
15.467563
15.386751
15.476548
15.364301
15.287973
15.094909
15.270007
16.145533
17.371264
17.245546
17.24106
17.079428
16.801054
17.043507
17.030035
17.24106
16.998604
16.96718
16.962685
16.810032
17.196161
17.155754
17.267996
17.452084
17.070438
17.124321
16.949219
16.881868
16.756159
16.374517
16.827993
16.643908
16.760641
16.576563
16.96718
17.259024
17.276974
17.496984
17.70352
16.801054
16.500237
16.419418
16.334108
16.302685
16.078184
15.858184
16.028799
15.844716
15.804308
16.051247
16.54064
16.54962
16.379004
16.352066
16.446356
16.293697
16.199408
16.432886
16.352066
16.284723
16.401455
16.352066
16.34758
16.08716
16.024309
16.06921
16.037781
15.903084
15.82675
15.844716
15.777368
15.718997
15.651652
15.602258
16.078184
16.118597
16.262266
16.293697
16.060232
15.95696
15.844716
15.69206
15.620219
15.252055
15.211641
15.516956
15.516956
15.687572
15.449606
15.386751
15.274502
15.117355
15.117355
15.005111
14.798578
14.668368
14.66388
14.969191
14.915314
14.821025
14.735718
14.547144
14.821025
14.704288
14.372038
13.806316
13.873664
13.644682
13.415701
13.204677
13.46958
13.680603
13.783869
13.608763
13.501008
13.182229
13.164268
13.285496
13.729989
13.936525
14.089177
14.488779
14.205915
14.107136
14.3451
14.241833
14.044278
14.06673
14.0802
14.03081
14.138567
14.071219
14.098157
13.981422
13.9904
13.797338
13.7704
13.810806
13.941013
13.936525
13.909584
13.819786
14.214895
14.174485
14.071219
14.295712
14.286731
14.143056
13.927542
13.923052
14.03081
14.196935
13.783869
13.626723
13.550393
13.487539
13.263045
13.294474
12.975695
12.746714
12.661404
12.782629
12.998145
13.146309
13.025082
12.971203
12.71079
12.845485
12.827529
12.885897
12.935285
13.07896
12.944264
12.836508
12.638953
12.320176
12.42344
12.365072
12.454869
12.468336
12.396502
12.468336
12.41895
12.38752
12.266294
11.790373
11.4671
11.52098
11.57037
11.732002
11.875678
11.781392
11.696082
11.835269
11.826289
11.920577
11.826289
11.723022
11.669143
11.655676
11.705065
11.709551
11.615269
11.898129
12.441399
12.436911
12.647933
12.701811
12.553645
12.315683
12.091191
12.113638
11.978944
12.21242
12.086703
11.81282
12.073231
12.176497
12.44589
12.594052
12.589566
12.486299
12.189969
11.929557
11.947515
11.987926
12.082211
12.279767
12.365072
12.356092
12.38752
12.288745
12.068742
12.338135
12.279767
12.369561
12.44589
12.320176
12.383032
12.194459
12.140579
12.270785
12.270785
12.338135
12.409971
12.257315
12.495278
12.472831
12.342623
12.333643
12.189969
12.163029
12.432421
12.109151
11.763432
11.817308
11.943025
11.916088
11.907108
12.05078
11.969965
12.019354
11.920577
11.817308
11.826289
11.723022
11.705065
11.85323
11.969965
11.718535
11.758941
11.736493
11.705065
11.749962
11.749962
11.776901
11.740984
11.978944
11.597307
11.462611
11.206688
11.2022
10.825052
10.506269
10.133612
10.389533
10.771173
10.88791
10.820563
10.403006
10.268307
10.371578
10.241369
10.358107
9.958509
10.151568
10.308716
10.344637
10.501781
10.241369
10.030346
10.169531
10.259329
10.156062
10.205448
9.83279
9.823812
9.653197
9.540952
9.047066
9.249109
8.993191
9.217682
9.455646
9.527483
9.347888
9.186251
9.038087
