Adjusted
18.311712
19.253744
18.620218
17.683691
17.964653
21.650133
20.476723
20.851343
20.32798
19.005844
19.055418
19.303326
18.636744
18.460463
18.460463
18.162973
18.096863
19.005844
19.562246
19.005844
20.355532
19.837692
19.936855
19.832176
19.419016
19.424515
19.63937
19.341887
19.281286
19.226196
19.226196
19.286797
19.286797
19.077461
18.818535
19.512667
18.950748
19.72752
19.314337
19.347401
19.887274
19.595301
19.281286
18.587164
17.848967
17.848967
17.64513
17.623102
17.623102
17.623102
17.623102
19.556732
18.592667
18.658781
19.556732
19.556732
19.17111
18.620218
18.620218
19.556732
19.198656
19.242723
19.242723
19.281286
19.281286
19.942356
19.832176
19.832176
19.832176
19.69446
19.540197
20.372059
20.922949
20.933968
20.933968
21.071692
21.760313
21.776838
22.173485
22.217564
21.760313
22.173485
22.614199
23.137547
23.357904
23.137547
22.371807
22.035759
22.586655
22.586655
22.586655
22.702339
22.751919
23.104492
22.999823
23.660894
22.862095
23.137547
22.421389
22.041271
23.027361
23.550716
22.862095
23.357904
23.30282
23.85602
24.992016
25.389618
24.827299
24.827299
24.708023
25.418018
25.957619
25.588419
26.298416
26.27002
26.44042
26.128023
25.787216
26.468821
27.320822
25.054502
26.054184
25.224901
25.048819
25.844023
25.815617
26.696018
27.548027
27.661627
26.287064
27.832018
27.150421
27.832018
27.264019
26.554024
26.980021
27.258343
27.264019
26.923223
27.264019
28.25802
28.542023
28.121704
28.684025
26.980021
28.116022
27.548027
28.25802
28.25802
28.25802
28.25802
27.832018
26.849382
28.400023
27.832018
28.400023
28.400023
28.138739
27.991066
28.360262
28.530668
28.871458
28.968023
29.110027
30.16083
29.672346
29.950663
30.672018
30.728819
30.104025
31.296829
31.240028
30.956017
29.990421
31.240028
30.728819
30.104025
30.666336
30.956017
31.069626
31.262741
31.756908
32.376022
30.967375
30.956017
31.024183
30.291468
30.643627
30.910583
31.240028
31.808031
31.808031
31.375927
31.946396
32.511162
31.946396
32.516853
33.657814
33.851768
32.802097
32.659485
31.661161
31.661161
31.490011
31.860815
30.948057
30.041012
30.719879
30.58297
30.217861
30.234974
31.193365
30.520222
30.309135
31.387329
30.63431
31.518547
31.752439
31.946396
31.518547
31.661161
31.946396
31.375927
30.520222
30.234974
30.520222
30.37759
30.234974
29.978262
30.919552
31.090693
31.062164
31.216198
31.050758
31.050758
31.375927
30.948057
30.063839
30.520222
29.778595
29.436323
29.379272
30.006783
30.463167
30.520222
30.234974
31.233307
31.575592
31.860815
31.946396
31.917864
31.661161
32.317184
32.397076
32.528275
32.796394
32.802097
31.946396
31.661161
31.54706
30.948057
31.820892
31.375927
31.826588
31.518547
31.375927
31.375927
30.103767
29.687325
30.234974
29.864183
30.776926
30.719879
30.234974
31.119205
31.803768
32.174568
32.163166
31.775249
32.288673
32.117531
32.231632
32.859158
33.657814
33.652088
33.657814
33.543713
33.229958
33.09874
32.066185
33.840359
33.840359
33.087326
33.401089
33.903107
34.513515
34.513515
33.794712
32.516853
33.657814
32.745052
32.602428
32.802097
34.165508
34.513515
33.657814
34.085651
34.85009
34.656132
34.513515
34.228271
34.85009
35.369225
35.540359
36.27626
36.447411
36.48164
36.036682
36.453117
36.504459
36.053791
34.513515
35.489025
35.797066
35.939682
36.242035
35.768551
35.779957
36.167885
36.62426
36.972244
36.852448
36.544392
36.367535
36.453117
36.886684
36.493034
35.352104
34.233986
33.834656
33.634991
33.692028
33.697742
33.132973
32.910496
34.114178
34.992706
34.057133
34.114178
33.920223
34.804451
34.684654
36.196404
36.892372
36.795399
38.413132
37.404259
38.23716
39.204987
38.419003
38.348614
37.996689
36.864643
37.539169
37.539169
39.158039
38.295822
38.864769
38.50111
38.272346
37.328018
37.539169
37.539169
37.187244
37.715145
37.069939
37.099255
37.539169
36.952621
37.122726
36.489246
36.278091
34.899693
36.231167
36.014133
36.459915
36.025871
35.932026
35.55077
35.187107
34.882103
34.424587
34.893837
34.248638
35.122604
35.720875
35.632893
35.949627
34.506721
35.427589
34.753059
33.726608
34.51844
34.571228
34.606422
33.380531
33.427471
34.207569
33.427471
33.943623
34.019875
34.459793
33.345341
34.254494
33.398121
32.747051
33.433323
32.788124
32.84679
33.134182
33.691399
34.019875
35.187107
35.151913
34.899693
34.905563
36.025871
35.192978
36.025871
36.061073
35.275093
34.606422
35.609425
35.632893
35.427589
35.486248
35.192978
36.008282
36.47752
36.395405
37.245903
36.36607
35.906315
35.876541
35.906315
34.953587
35.435898
34.894039
35.394215
35.423996
34.983356
34.905941
34.459351
34.530788
35.334679
35.566898
35.709801
36.174282
35.727684
34.673714
35.995647
35.727684
36.138557
36.531559
37.103191
36.513691
35.906315
34.870216
35.370399
36.620872
36.210011
35.817005
35.888466
35.370399
35.459732
35.370399
35.459732
35.906315
36.067085
36.084953
36.56728
36.674458
36.603001
36.99601
37.335423
37.406883
37.406883
37.317566
36.442234
37.085335
36.513691
37.156784
37.514057
37.585526
37.871342
37.442604
37.585526
37.853477
38.407246
38.317932
37.942799
38.889576
38.710938
38.568027
37.782032
38.442997
37.674831
37.049606
37.228241
37.335423
36.853096
38.049988
37.531918
36.781651
36.710194
37.317566
37.514057
37.281834
37.121052
37.246109
37.728436
37.692703
38.014248
38.407246
38.550156
38.47871
38.317932
38.675205
38.568027
38.371517
38.407246
38.800262
39.425499
39.300446
39.103947
39.175396
39.228996
38.996765
39.068222
38.978897
39.068222
39.300446
39.300446
38.782398
38.514442
38.853851
38.228622
38.853851
38.139301
38.49659
38.192879
37.835621
37.889198
38.228622
38.192879
38.335804
38.049988
38.032116
37.442604
37.514057
37.585526
37.549797
37.263969
37.210384
36.799519
36.942413
37.764156
39.157539
38.049988
38.317932
38.460842
38.675205
37.853477
37.156784
37.56765
36.710194
37.121052
36.888824
36.638737
36.28146
36.335056
35.817005
34.816631
34.602276
35.066719
34.995266
34.977402
34.28072
33.95916
33.173153
33.405392
32.61937
32.565777
33.566158
33.584015
34.04847
34.38789
33.994881
34.423618
34.012749
34.405754
34.548664
34.566532
34.566532
34.834488
34.012749
34.030609
33.994881
34.477207
35.24535
35.102459
34.452366
34.795998
34.651306
34.976849
35.139603
35.266209
35.175785
35.537476
35.320473
35.266209
35.44706
35.266209
35.428974
34.759819
34.976849
34.994934
35.555569
36.152374
34.814083
35.266209
34.560886
35.085346
35.971535
36.622597
36.78537
36.550259
36.658764
36.514076
35.899185
36.369404
36.911953
36.803452
36.568352
36.550259
37.074726
37.346001
37.327915
37.671543
38.141758
38.123672
37.110905
36.803452
37.653461
37.074726
37.255585
37.436432
37.002396
37.346001
37.346001
36.857712
36.441742
36.532162
36.676857
36.803452
36.441742
36.297058
36.061947
36.134289
35.627914
35.935364
35.645992
35.302372
36.007706
36.387486
36.098133
36.315147
35.808758
35.248119
35.392799
34.271515
34.398121
34.108757
33.674698
33.439598
34.036419
33.728966
33.728966
33.801296
33.530025
32.933208
33.059807
32.643856
32.499176
32.821217
32.404377
31.788197
31.824442
31.770065
32.114403
31.516346
31.788197
31.588835
31.498217
30.628304
31.335104
31.770065
31.606962
32.205025
32.440624
31.715704
32.078171
32.784969
32.911827
32.87558
31.226372
31.244499
31.715704
31.280746
31.62508
32.16877
31.588835
31.661327
31.135761
30.773285
30.900145
30.809528
30.936405
30.863903
31.62508
31.896923
32.096279
32.16877
32.658115
32.984325
32.694355
32.712475
32.114403
32.911827
32.277519
33.636765
34.325455
34.470428
34.452305
34.651676
34.941635
34.597298
34.216705
34.343571
34.234833
33.872372
34.524799
34.162342
34.325455
33.872372
35.140991
35.430965
36.30088
36.155903
35.956543
35.847801
35.068497
34.0536
33.872372
32.621857
33.165562
33.419285
32.893711
32.386257
33.165562
33.056824
32.531258
33.401157
32.984325
32.984325
33.111191
32.984325
32.966198
32.803097
31.987547
32.331886
31.751945
32.241264
31.62508
31.896923
32.041908
32.295643
32.712475
32.078171
32.313759
32.404377
32.494991
32.839344
32.87558
32.513119
32.766842
32.784969
32.205025
32.531258
31.896923
31.915058
32.621857
33.401157
34.361694
34.579166
34.597298
34.977894
34.524799
34.25296
35.014122
34.343571
34.56105
34.25296
33.999226
34.778526
34.506687
34.397945
35.19537
34.361694
35.159107
35.521584
35.394726
35.21349
34.869141
34.79665
34.742275
34.851017
35.068497
35.177246
34.905392
34.851017
34.706036
34.923515
34.869141
34.996006
34.905392
35.032257
35.304104
35.159107
35.702827
35.992786
36.065269
35.938416
35.811569
35.811569
34.959766
34.941635
34.832893
34.343571
34.434181
33.908596
33.528015
33.999226
33.14743
33.691132
33.437416
33.201809
32.42141
32.623581
33.413895
32.605217
32.42141
32.017063
31.612711
32.127342
33.285244
31.980318
32.3479
32.27438
32.3479
32.40303
32.550064
32.660343
31.998669
31.906792
31.851643
31.245125
31.502439
31.980318
32.660343
32.329514
31.833269
32.127342
32.18248
32.072208
32.697117
32.27438
31.814886
31.925161
31.59433
31.870033
32.954411
32.899281
33.818253
33.87339
34.09396
34.590195
34.51667
34.700466
34.737228
34.38802
35.086445
40.986248
40.471622
39.3321
40.251076
40.08567
40.159172
39.350483
39.901871
40.434864
40.526764
40.526764
39.975368
40.398098
40.012142
40.324596
40.048897
39.828346
39.3321
36.997894
37.530926
37.273602
37.696327
37.273602
36.94276
36.317871
36.446526
37.126568
37.677944
37.843365
38.082291
38.302849
37.751472
37.310349
37.535233
37.940426
38.621876
38.71397
38.492947
38.971802
38.271946
38.253529
38.161434
38.400867
38.19828
38.400867
39.008652
39.690098
39.653275
40.297882
40.887264
40.389973
40.297882
40.500481
40.482063
40.463646
41.218777
40.96093
41.91864
42.342247
42.729012
42.121239
41.679218
42.397503
41.716053
42.0844
41.568707
42.305412
42.784271
43.078953
42.839527
43.060539
43.576233
43.373638
43.962997
44.423454
44.018269
44.644451
44.073517
43.741989
42.857937
42.471172
42.323826
42.968464
42.931614
43.078953
43.078953
42.636936
42.65535
43.557819
43.760418
43.631485
43.99984
43.576233
43.907753
43.576233
42.968464
43.797241
43.097382
42.913197
43.373638
43.484146
43.42889
43.613071
43.281551
43.962997
43.92617
44.184025
44.38662
44.460274
43.686726
43.741989
44.239277
43.760418
44.018269
44.036678
44.239277
44.09193
44.44186
43.557819
44.110352
43.778828
43.392063
44.09193
44.055099
44.754971
44.773388
44.994392
45.454842
45.362736
45.252247
44.920723
44.810223
44.018269
45.01281
44.49712
44.110352
43.889332
44.09193
43.649899
43.373638
43.557819
42.250164
42.784271
41.900223
41.053013
40.574158
41.679218
41.881817
41.9739
42.636936
43.023708
41.366119
41.826546
42.508007
42.268581
42.765858
43.631485
44.662888
44.44186
44.349781
43.741989
45.27066
44.570793
44.847057
46.136288
46.707241
46.486229
46.320473
46.00737
45.84161
45.970528
46.00737
46.33889
45.786362
46.11787
46.836166
45.639019
46.449398
46.394138
46.11787
44.93914
46.044205
45.473259
46.062622
45.84161
47.020351
46.099457
46.283623
47.149254
47.554455
46.762493
46.486229
44.828644
44.975979
44.478703
44.681301
45.289078
44.736557
44.828644
44.773388
45.086487
44.460274
44.055099
43.889332
42.82111
42.81337
42.309238
43.18679
43.616226
43.35482
42.197201
40.778183
41.28231
39.825932
39.247147
39.564552
40.404751
40.946232
40.554131
40.442104
40.59148
39.993988
39.975307
39.228462
38.46294
38.668327
39.135109
39.545876
39.19112
39.788605
39.583221
39.676582
40.740841
40.79686
41.039585
41.226299
41.842461
41.132938
41.244972
40.292747
40.59148
41.487698
41.207626
39.396511
39.19112
37.099937
37.025246
37.809444
37.230637
38.014828
37.604046
36.987904
36.894547
37.678749
39.452526
37.548046
37.622738
39.023087
36.651825
37.342655
35.195457
36.129028
36.745182
36.147694
36.931896
37.417336
37.062584
37.043915
35.531544
36.577141
35.587547
35.886295
36.147694
34.822025
35.326157
33.552391
33.701752
34.355259
33.701752
33.944485
32.432102
31.461191
32.002655
31.965326
31.199795
32.077351
30.882387
32.002655
31.306139
32.598076
32.373394
32.485737
33.234688
33.403202
33.440651
34.058533
33.17852
34.80748
36.342819
36.530079
36.679867
36.342819
36.099407
36.492638
36.810936
34.99472
35.219414
36.024513
35.462803
35.219414
34.826206
35.125793
35.219414
35.481544
35.256855
35.462803
35.013454
35.369194
32.935104
33.159786
31.755508
31.081451
33.234688
31.961477
31.661898
31.755508
29.564829
30.051643
29.546101
30.613358
29.864412
23.217468
25.857523
25.164736
24.153656
24.397066
24.378345
23.872803
24.565582
26.175825
26.531582
26.100927
26.587748
26.194546
24.958778
25.052404
24.808987
25.258358
25.071127
25.464327
25.932415
25.426874
26.980946
26.363062
