Adjusted
16.453745
16.339216
16.18652
15.537531
15.690236
15.972736
15.946014
15.74368
15.602436
15.766582
15.98419
15.54135
14.7931
14.529689
14.678575
14.262466
13.769991
13.987597
14.376989
14.167027
14.392253
14.388447
14.625131
14.548785
14.590775
14.323546
14.911453
14.888547
14.648038
14.495337
14.842731
15.276471
15.35743
15.615701
16.170782
16.305695
15.727482
16.016586
15.750611
16.039721
15.939498
15.611834
15.484635
15.789163
15.473066
15.052896
14.655855
14.46312
14.63658
14.536357
14.678987
15.226363
15.145413
15.395975
15.002784
14.667417
14.725245
14.686692
14.806188
15.045188
14.652
14.937252
14.779203
14.586471
14.540214
14.52865
14.47082
14.532502
14.933404
14.675125
14.783056
14.555626
14.420717
14.987369
15.137706
15.280333
16.058992
16.136087
16.001173
16.093691
15.920221
16.163071
16.240171
16.72587
16.829947
17.234697
17.377325
17.122908
17.338783
17.543081
17.712692
18.05962
18.07118
18.271639
18.098162
17.963255
18.310181
18.167551
18.186829
18.668676
18.418118
18.23694
18.741919
18.786669
18.607975
18.320499
18.394302
18.405968
18.506964
18.685669
19.338303
19.171257
18.720625
18.666239
18.456463
18.351574
18.592432
18.36323
18.355461
18.452581
18.70509
18.553579
18.526384
18.479773
18.588543
18.654589
18.662357
18.452581
18.479773
18.67013
18.122374
18.371
18.005835
17.928141
17.753323
17.842676
18.437046
18.308842
18.025259
17.67951
17.489161
17.764978
17.928141
17.415348
17.438654
17.508589
17.683401
17.524122
17.341537
17.675623
18.087414
18.07575
18.227264
18.304958
18.402079
18.460346
18.355461
18.627394
18.712858
18.992559
19.132412
18.817741
18.510849
18.611851
18.475887
19.221762
19.380373
19.30208
19.114191
18.699261
18.965441
19.372543
19.165077
18.840181
18.828438
18.918472
18.828438
18.945873
18.887157
19.278595
19.959715
19.991032
19.846195
19.936228
19.333399
19.071135
19.2512
18.945873
19.368633
19.443005
19.603497
19.713097
19.756157
19.767906
19.697441
19.88142
19.756157
19.634809
19.282516
19.587839
19.376459
19.509554
20.104549
18.769726
18.789289
18.44091
18.409592
18.495714
18.202131
18.104263
18.386106
18.065117
18.206043
18.280415
18.256929
18.249094
18.045553
18.119921
18.276505
18.640551
18.632721
18.386106
18.053377
18.213871
18.186462
18.108179
18.119921
18.253014
18.358704
18.366545
18.296066
18.730579
18.4918
18.855839
19.274691
19.462582
19.497805
19.56435
19.599583
19.93231
19.7924
19.859434
19.875208
20.801931
20.95178
21.551191
21.294865
21.673437
21.799635
21.95343
21.902166
21.578798
21.55514
21.890337
21.653725
21.117405
21.23571
21.294865
21.038542
21.097691
20.987267
20.778267
21.25149
21.937654
22.103287
21.917938
23.570253
24.07897
24.449657
24.390514
24.378675
24.126289
24.291918
24.303751
24.323469
23.996161
24.142071
24.500925
25.02541
25.029354
25.230473
25.250195
25.265961
24.844007
25.017525
24.887392
25.071941
25.57576
25.571781
25.690807
25.583694
26.369169
26.325537
26.095438
25.932796
25.782043
25.837585
25.698727
25.071941
24.659363
24.794245
24.857712
24.798204
25.694767
25.778074
25.254423
24.734732
24.651423
24.230909
24.242817
24.385628
24.341993
25.179047
25.329796
24.556215
24.512581
24.437202
24.322157
24.10397
24.314226
24.897385
24.611761
24.516544
24.865646
25.448807
25.210787
24.750601
24.524475
25.32583
24.476875
24.58795
24.774403
24.199179
23.358154
23.219313
23.631887
23.477171
23.163778
22.830532
22.235474
22.001413
22.068857
22.493338
22.759127
22.731359
22.743259
22.628218
22.584579
22.580612
22.453667
23.016996
23.381958
23.05666
22.572674
22.830326
23.117859
22.818346
22.438971
22.510866
23.129833
23.121849
23.129833
23.321524
23.441317
23.928518
24.850998
24.771128
24.767136
24.55549
24.559481
25.258327
25.054663
25.262318
24.914888
24.886942
25.362154
25.330204
25.390116
25.198423
25.142515
24.922876
25.078623
24.914888
24.886942
25.386114
25.905256
25.921236
25.957172
26.116915
25.617739
25.661655
25.162481
24.9109
25.557833
25.801426
25.85733
25.685617
25.745522
25.841354
25.306246
25.114561
24.567457
24.890928
24.599413
24.359804
23.9405
23.960468
24.016373
23.525188
23.960468
23.916542
24.431692
24.100233
24.164131
24.431692
24.823038
24.866978
24.579792
24.828882
25.298948
25.359207
25.905603
25.70874
25.74892
26.030146
25.837297
25.945778
25.732855
25.837297
25.893551
26.504229
26.190853
26.656893
26.68502
26.709133
26.773409
26.540386
27.183207
27.010454
27.042585
27.420246
27.303736
27.287661
27.826021
27.528723
27.801908
27.319798
26.745287
26.202911
26.656893
26.817602
26.331472
26.154697
26.83769
27.195259
26.431908
26.235043
26.311386
25.32707
24.929323
25.286896
25.021729
24.591845
25.170385
25.359207
25.576157
25.090031
25.162348
25.676601
25.785074
26.375671
25.604284
25.752937
25.933729
26.227013
26.556463
26.636814
26.556463
26.982328
26.950182
26.540386
26.367634
25.564104
24.929323
25.499825
25.455629
25.00967
25.025745
25.431522
25.306973
25.744902
26.14666
26.568512
26.315407
26.343523
26.769901
27.129532
26.822426
27.085091
26.612318
26.794142
27.077
27.052752
27.052752
25.961758
25.76376
25.844568
26.349669
25.67082
25.828411
25.646582
25.872856
25.941551
26.014286
26.062775
26.204205
26.07086
26.123379
26.58806
26.862843
27.04467
27.283085
27.09317
27.493191
27.61038
28.333672
28.438723
28.527628
28.172039
28.475098
28.41853
29.505482
29.675196
29.444883
29.343847
29.857031
29.246878
29.711567
29.372139
29.937841
30.265141
30.539911
30.657724
30.263611
30.804035
31.45822
31.693907
31.202229
30.881231
29.962929
29.719126
29.560656
29.64599
29.073055
29.377792
29.085247
29.170574
28.918644
29.060871
28.361973
28.455429
28.768305
27.833736
28.179119
28.638287
29.101498
29.052736
28.772367
29.304667
28.8577
28.410734
28.605778
28.260405
28.036905
28.036905
27.19174
27.33802
27.748411
27.468033
28.548883
28.817076
29.133999
28.451357
27.878443
27.797171
27.797171
28.313211
27.459923
27.821552
28.158812
28.077541
28.634212
28.004404
27.996267
26.626936
26.618813
26.472534
26.635065
26.582249
27.224236
26.805719
27.142977
27.175488
27.549305
27.565567
27.919075
27.78092
28.175058
28.406668
28.89834
28.963736
28.792059
29.033236
29.903858
29.940636
30.104137
30.145008
30.529228
30.929792
31.248611
31.244545
30.807173
31.252707
31.183222
31.252707
31.955757
31.28949
31.363066
31.040157
31.314022
32.217358
31.763643
31.947569
31.665531
32.115181
32.254135
32.123337
31.187309
30.987017
30.991116
31.955757
32.066109
31.865833
33.631611
34.694366
34.796543
34.731144
34.620773
34.228386
34.628967
35.446434
35.458702
35.299286
35.062237
35.246147
35.078571
35.569054
35.654896
35.160313
34.812874
34.150707
33.4109
33.357758
33.729713
33.468109
33.578465
33.795109
33.639782
33.549862
33.942249
34.26926
35.246147
35.503651
34.43166
34.957394
34.608273
34.21397
34.994366
34.172894
33.770393
34.029129
34.078426
34.156471
35.064182
34.735596
34.698624
34.67807
34.07021
34.472736
34.62059
34.830063
35.010792
34.657547
34.267365
33.23642
32.234241
32.262993
32.805161
32.858555
33.224098
33.076244
32.566921
34.012711
33.799141
32.69014
33.688229
33.096775
32.862656
33.737522
35.187408
35.795284
35.400974
36.71122
37.282146
37.335541
38.502014
38.875771
37.869484
38.132343
38.239136
38.202179
37.376602
37.803764
38.518436
38.198055
38.962036
39.072929
39.040062
39.520622
40.099766
39.943691
39.853317
38.530773
38.793629
39.319386
40.231186
40.658356
40.522232
40.518124
40.192253
41.516319
41.178078
41.458565
41.28944
42.436138
41.71843
41.215199
40.402599
40.901718
41.227573
41.054325
41.31007
40.051998
40.555225
39.969509
40.07262
42.634136
43.203362
42.980633
44.333576
43.723103
44.201576
44.238697
43.479733
44.25108
44.754299
45.005917
47.381798
50.425926
51.972748
50.978642
49.786575
51.28801
52.53783
53.890774
52.570831
50.821907
50.372303
50.491924
51.444752
48.466644
49.176102
47.897404
49.209099
48.631626
47.381798
46.466091
47.035324
47.220936
48.88324
48.26865
48.219143
48.833752
47.794014
47.636616
48.904167
50.295979
50.627357
48.605911
47.574482
48.071568
47.533051
48.411228
48.494064
49.894184
49.931473
51.281853
51.054039
49.9646
50.001873
49.749191
50.958759
50.610806
50.929756
51.604954
52.524544
53.116898
52.429272
52.731655
54.098633
55.092785
54.92709
53.45657
53.568417
51.944618
51.124439
51.406116
51.861778
53.419289
56.128361
56.393459
56.757988
56.890545
56.956829
56.807697
56.128361
57.279942
58.945141
60.784313
60.187843
59.284798
59.201954
58.804306
59.467052
60.527512
59.24337
57.039661
55.507008
55.490448
54.620575
53.352993
53.5187
52.590816
52.913937
52.367134
54.065514
54.073772
53.121044
54.322315
54.015785
54.827686
52.516033
53.088764
50.225163
49.984455
49.154404
46.963123
45.294769
46.739029
48.996708
48.349281
46.407028
45.244976
46.398716
47.486053
48.888802
49.652435
49.51133
50.366253
53.221565
54.043301
54.242493
53.844109
53.12196
52.084423
52.706947
55.462646
55.64526
54.972916
56.500195
52.939346
52.001427
53.321163
51.179688
51.005379
53.512085
54.624321
55.429447
55.363049
54.159508
55.487549
55.462646
55.852745
55.802971
54.076511
54.981232
54.010098
53.644867
53.387569
53.088764
52.026325
52.756737
52.648842
51.719204
53.12196
53.993507
54.557926
53.362667
52.997444
53.495476
52.042931
52.648842
51.52
50.880886
51.433979
51.816555
48.997002
48.65601
48.198559
45.994495
45.520405
47.025818
45.82814
46.809578
48.938793
48.057156
46.651554
47.824287
47.491589
47.441685
48.364906
50.361053
50.519081
51.592018
50.660473
48.522934
49.155045
49.820419
49.570915
48.547874
49.279808
47.791016
48.098747
48.897217
50.469185
50.918301
50.036674
52.149265
49.986759
50.593933
51.858166
53.139015
53.321999
52.240761
51.242683
52.465324
52.041149
51.525467
52.814648
53.521599
53.238831
54.295113
54.037277
52.648296
52.565128
53.46339
54.43652
52.107681
52.664928
52.606705
54.569584
54.211941
54.361656
53.754475
54.61948
56.582371
56.956635
56.840179
57.427628
56.086102
55.919476
55.60281
55.427834
54.911232
55.019547
56.136101
57.260994
56.286098
54.219612
54.802898
54.036312
53.219723
52.403141
51.919868
53.236397
53.019741
52.62812
50.678314
49.41177
49.328449
48.886818
48.486862
47.520287
47.095333
48.236893
48.153568
48.728512
48.245228
50.828293
50.828293
53.011414
53.336384
52.17815
52.203159
51.678211
52.878094
52.903103
53.653015
54.261292
54.261292
54.052975
53.702995
54.119621
53.711353
52.994747
53.827995
53.877991
53.153065
52.91494
52.087746
53.098755
54.285233
53.959358
54.477386
52.472095
52.472095
52.990143
52.012558
51.527927
52.873161
54.360416
54.878448
54.393845
54.310307
53.566669
54.251808
53.808975
53.875813
55.346352
54.978729
56.750076
57.6441
57.736008
58.137074
58.371033
57.919842
59.047798
57.736008
59.173153
59.281765
59.649433
60.025398
59.799801
61.103268
60.98629
62.924732
63.501259
64.813072
64.754578
62.5905
62.097561
62.857895
62.289719
62.498608
63.392666
63.116905
63.200466
61.688156
61.688156
61.796738
62.473534
62.33987
62.665722
62.356579
62.122612
60.927788
62.147686
62.448475
63.091843
63.919044
65.765587
66.34214
66.960419
66.099792
67.344765
65.882561
66.208427
65.07209
66.768257
65.063744
65.331108
67.043648
66.323441
66.809135
65.134315
65.955009
67.144127
65.938225
68.634727
70.535645
70.845497
71.557304
71.825272
70.979485
71.816917
74.697609
72.989281
72.260727
72.830185
71.641037
71.130211
72.637566
73.600578
73.675964
73.96907
73.977425
73.08139
72.855286
74.119804
75.066116
75.819763
75.258698
76.372437
78.25663
80.961502
80.660019
79.387154
81.154114
79.253151
77.896553
79.847733
79.320152
79.236427
77.042381
73.475006
73.064651
74.329147
78.482727
77.209877
77.126129
75.936981
74.672485
73.056274
71.883904
74.161652
75.953735
74.739502
76.238449
77.394089
78.909821
77.997032
76.464569
80.157562
79.554649
80.9599
84.013725
83.149612
81.891144
81.773659
83.082451
84.047279
83.745255
84.357719
84.206696
83.585854
87.914886
89.743828
89.995514
89.097847
88.023956
87.772255
86.413139
88.116226
88.091072
89.425026
89.324364
88.728699
89.089462
88.032349
87.210175
87.78067
90.826088
91.094559
92.151642
93.452034
94.039307
93.150032
93.645012
83.325775
79.986694
83.829155
84.617775
82.302238
83.485161
83.720093
80.532036
81.018616
80.66626
82.906296
81.949875
82.344177
79.500099
80.817268
79.500099
76.379166
77.973183
78.26683
76.211365
78.409454
76.781876
78.241661
77
78.954773
75.976456
74.810287
76.035194
77.31881
78.40107
78.875961
78.875961
80.523438
83.120682
81.691765
82.750854
80.27124
82.07843
81.212662
79.48954
75.883621
75.976112
76.581299
76.303917
79.548393
80.548653
82.834908
81.826248
83.045044
