Adjusted
23.564337
23.306423
23.370911
22.946114
22.695803
23.283669
22.915783
22.68442
22.566851
21.982754
22.043444
21.850016
21.565565
21.410061
21.59211
21.258348
20.947344
22.119305
22.206533
22.161026
22.460653
22.10792
21.789333
21.576939
21.550394
21.406263
21.561766
20.943548
20.666679
20.594618
21.049746
21.463158
21.345577
21.026995
21.356958
20.69384
21.341722
20.979671
21.151169
21.433182
21.07494
20.541399
21.101614
20.972048
21.101614
20.602373
20.308929
20.007856
20.709087
20.682402
21.699951
21.280739
21.58943
21.959105
22.622215
21.791418
22.03533
21.566563
21.619915
21.208324
21.185467
21.536077
22.100107
21.863823
21.901941
22.134407
22.073427
21.58943
21.726624
21.60848
22.294472
22.641277
22.283043
22.507881
22.401171
22.763218
22.664135
22.404989
22.027697
22.580296
23.02618
22.25255
22.039129
22.267792
21.989586
21.600861
21.722824
21.715193
21.989586
22.36688
22.587921
22.561237
23.270098
23.251036
22.786095
22.831825
22.820391
22.843258
22.839436
23.149515
23.605078
23.677816
24.198467
24.918169
24.761217
25.029188
24.92967
24.512381
24.194633
24.619572
24.722939
24.634884
24.477926
24.883722
25.063654
24.677
24.5009
24.08362
23.838602
23.907516
23.754383
23.716101
23.830944
23.735241
23.700787
24.09127
24.045324
24.424328
24.386053
23.926657
23.337101
23.792673
24.095097
24.129553
23.934313
23.781176
24.01088
23.77352
23.957281
24.22526
24.5009
24.374565
24.263542
23.77352
23.497887
23.268198
22.83177
22.816454
22.533161
22.8624
22.996387
23.176317
23.26054
23.283506
23.111235
23.287334
23.428984
23.696962
23.693134
23.536179
23.497887
23.136442
23.182573
23.359467
23.174896
23.240265
23.455597
23.6094
23.743984
23.705526
23.840111
23.682461
23.494038
23.097988
23.309479
23.24411
23.044153
23.294092
23.178736
23.36331
23.055696
23.140287
23.782431
23.705526
23.709375
23.478662
23.897795
23.890104
24.170797
24.320757
24.397659
24.443804
24.382282
24.43611
24.605305
24.58992
24.60914
24.989819
24.878304
24.801407
24.655294
24.905224
24.60914
24.49379
24.697588
24.701435
24.951366
24.797556
25.208998
25.854977
25.743477
25.424324
25.193609
25.355114
25.685793
25.705017
25.428169
25.151314
25.801153
25.954964
25.978025
25.931875
25.731939
25.839605
25.597353
25.570326
26.126291
26.419718
26.392689
26.446741
26.562565
26.481487
26.388828
26.249834
26.118568
26.288443
25.867615
25.840584
25.821287
25.979576
26.191933
26.330914
26.419718
26.678392
26.377251
26.415861
26.585735
26.46604
26.527815
26.74016
26.994982
26.994982
26.832823
26.967953
27.29612
27.242075
27.29612
27.06447
27.083771
27.292267
27.411945
27.643599
27.589552
27.427397
27.496889
27.373339
27.454422
27.50075
28.203421
28.53546
29.203377
28.964008
28.902237
28.956289
29.072111
29.234261
29.601038
30.156998
30.056625
30.93302
29.585611
29.481361
29.647371
29.620359
29.585611
29.631924
29.356737
29.473015
29.806345
29.883865
30.298595
30.116434
29.806345
30.038916
29.969149
29.934265
29.77923
29.771467
29.476891
29.108667
29.600929
29.573793
29.604797
29.569921
29.90325
29.767597
29.554419
29.6707
29.325735
29.360609
29.085419
29.465269
29.457521
29.511766
29.790842
30.124187
30.000156
29.992393
29.786976
29.984653
29.949772
29.523407
29.806345
29.899382
30.124187
30.062159
29.907131
30.162937
30.457516
30.368376
30.000156
30.790855
31.298595
30.7831
30.566038
30.697844
30.480768
30.701715
30.535028
30.341236
29.891619
30.135811
30.031166
30.131924
30.097054
29.674564
29.891619
29.868362
29.790842
29.678442
29.697903
30.172634
30.036438
30.316614
30.32049
30.125933
30.157064
29.931383
30.09481
30.301052
30.215431
30.339954
30.036438
29.764053
29.861334
29.678442
30.016989
29.911924
29.736811
30.028654
29.896362
30.13372
30.013088
30.083124
29.826313
29.795176
29.682343
29.441072
29.643421
29.242626
28.919657
29.044178
29.040283
29.094753
28.748446
28.441029
28.826241
28.534422
28.900196
29.071411
29.067516
28.639486
28.499401
29.273758
28.876842
29.417719
29.207605
29.923595
29.627859
29.448875
28.997486
28.600565
28.600565
28.655062
28.795137
28.503298
28.612251
28.97024
28.810696
29.429405
28.985811
29.371046
29.32435
29.16807
29.203234
29.04697
29.218872
29.207138
29.586102
29.914267
30.113514
30.199467
30.363558
30.058821
30.136942
29.90645
29.957233
30.101805
29.84786
30.234619
30.394808
30.082258
30.398716
30.547169
30.652645
30.746414
30.543255
30.707342
30.805006
31.133171
30.875345
31.039419
31.055031
31.226946
31.176174
31.043327
31.16444
31.324623
31.183966
30.902693
31.066769
31.398861
31.129286
31.484789
32.27787
32.473217
32.676357
33.500698
33.883575
33.821056
33.696037
33.324894
33.246738
33.488968
34.211731
34.356285
34.231266
34.242989
33.762444
33.676502
34.047642
33.832783
33.754631
33.590546
34.043736
34.125786
34.26252
34.289963
34.654549
34.70158
34.729031
34.391888
35.00737
34.46637
34.286049
34.489895
34.278206
34.674145
35.281765
35.477787
35.222977
35.35627
35.019127
34.94463
35.50914
35.317055
35.481709
35.662037
35.320965
35.493462
35.767868
35.877636
36.010929
35.88549
35.301365
35.2896
35.360172
35.971722
35.912937
36.085419
36.105011
35.77964
35.548355
35.611076
36.124603
36.332382
36.344139
36.077576
35.728672
35.250404
35.230808
35.062252
35.285698
35.477787
36.116779
36.536236
36.84985
36.916492
36.951775
37.104671
36.943939
36.881222
37.214424
36.904732
37.155628
36.979218
36.653839
36.481339
36.024998
36.186306
36.347588
36.449894
36.135155
36.327923
36.886562
37.083271
37.732426
37.53178
37.708797
35.135872
34.144463
34.439541
35.112259
34.777866
34.68346
35.006046
34.895893
34.651974
34.541828
34.77393
34.537888
34.762123
33.857285
34.577221
34.325451
33.845482
34.10511
34.156288
33.755001
33.849411
33.849411
33.692047
33.377296
33.031105
32.704578
32.130188
32.319031
32.429173
31.909874
32.779327
32.448849
32.539337
33.715649
34.286087
33.884819
34.258553
34.636242
34.990303
35.887299
35.096531
35.135872
35.210625
34.695244
34.522152
34.321507
34.278233
34.514282
34.325451
34.620499
35.013916
34.156288
34.109055
34.647499
34.119305
34.513481
34.371567
34.418888
34.410999
34.450417
34.355827
34.458286
34.718445
34.773628
34.915535
34.355827
34.450417
34.229679
33.567482
33.583244
34.292744
34.324265
34.269104
34.710556
34.686924
34.686924
34.332157
34.95496
34.986485
34.884007
34.836704
34.789391
34.734215
34.001053
34.545013
34.931297
34.734215
34.710556
34.820934
34.931297
34.324265
34.868225
35.317585
34.986485
35.270283
35.025902
36.681408
36.61834
36.894264
36.271469
36.594711
36.720837
37.154415
37.185951
37.217491
36.665646
36.925793
37.083473
37.840267
37.430336
37.848152
37.312084
37.698376
37.761429
37.79298
38.171375
38.273853
38.048416
38.064232
37.858562
37.961403
37.906021
38.143333
38.119602
37.993046
38.269909
38.356926
38.008854
38.190804
38.087967
38.111702
37.803177
37.866474
37.890209
37.526321
37.486782
36.513817
37.281113
37.534237
37.581715
37.834843
37.581715
37.502605
38.000946
37.613354
36.988434
36.292332
37.059616
37.209942
36.458443
36.6562
36.497993
36.616642
36.806496
36.371437
36.529655
37.29694
36.830238
37.724075
38.095879
38.293629
38.356926
37.858562
38.546761
38.712883
38.76033
39.559265
40.255371
40.26329
40.160458
39.701656
39.946873
41.085964
40.98312
40.864475
41.133419
40.880295
41.552658
41.7346
41.370731
41.402363
41.969749
42.072899
42.334755
42.176067
42.096706
42.469669
42.437931
42.128437
41.922142
42.215736
42.279213
42.120506
41.787224
42.183998
41.866581
41.644413
41.557102
41.406334
41.660259
41.438084
41.755493
41.406334
41.620586
41.549168
41.628532
40.969898
41.120667
40.969898
40.930229
41.620586
40.90641
39.105087
38.803558
37.343456
38.049713
39.676456
39.41457
39.890694
39.152718
39.382832
39.763733
39.509804
40.152557
40.525513
40.90641
40.501717
40.75565
40.708035
41.136539
41.073051
40.985764
41.636467
42.414127
42.398243
42.358578
42.977531
43.302872
43.6441
43.453636
43.128292
43.567787
43.082115
43.241344
43.241344
42.270004
43.217472
43.249313
43.336895
43.464287
43.750919
43.742966
43.703144
43.711117
44.069389
44.921329
46.856083
47.015316
46.386326
45.486629
45.184074
45.040752
45.096489
45.69363
45.375164
45.096489
45.526424
45.510521
45.876747
45.789177
46.051929
46.083767
46.418179
46.314663
46.322628
45.717522
46.250973
46.219124
46.075809
46.72073
45.789177
45.733456
45.534393
45.741402
44.785969
43.902191
43.838493
44.316219
43.703144
43.695175
44.555077
44.069389
43.65538
43.161743
42.851208
42.636246
42.230186
42.684025
42.644203
42.835293
42.039101
41.58527
41.58527
41.195129
40.653728
41.885845
41.750015
41.829914
40.958961
41.230633
41.326515
41.486317
41.182686
40.751202
41.190678
41.294548
41.366459
40.871056
40.679279
40.974937
41.710052
41.87785
41.310539
41.150726
41.630142
40.327717
39.904221
39.95216
38.889439
38.881435
39.664505
40.135933
40.207848
41.022873
41.270584
40.974937
41.190678
41.302532
40.119946
39.057224
38.969337
39.009285
39.057224
40.471542
39.608582
39.129143
40.271782
43.404026
43.276184
43.507889
44.290974
44.986141
45.082005
46.144745
45.809155
45.729237
45.113976
45.369663
45.401638
45.425598
45.609383
45.513493
45.345699
45.345699
44.882248
44.826317
44.938183
45.225853
44.850292
45.0924
45.012234
44.996204
44.73967
45.413055
44.819824
45.469162
45.613453
44.916039
44.89999
45.332886
45.244709
45.220657
45.685604
45.485191
45.533287
45.156517
45.380978
45.180573
45.597424
45.132481
46.014278
46.350979
46.102455
45.869976
46.519314
46.479233
46.583439
46.751789
47.232784
47.016331
46.575424
46.807907
46.944183
46.880051
46.647575
46.719719
47.112526
47.320957
50.343143
50.583641
51.257015
50.840164
50.511494
50.792068
50.711914
51.104694
51.441414
51.305115
51.818176
51.569668
52.499565
51.842232
52.042633
51.505531
51.465443
51.537605
52.243046
52.10677
52.315201
52.379318
52.283119
52.908413
52.996601
52.676662
52.73291
52.990147
54.03516
53.576977
53.384037
53.970867
53.930668
53.87439
53.496586
53.536774
53.327774
54.662182
54.999794
55.40173
55.466034
55.546406
55.329361
54.895298
54.638058
54.84705
54.766682
55.361519
55.023922
54.678242
53.930668
53.681461
53.705578
53.536774
53.761856
54.477268
55.642872
54.57375
55.281147
55.257027
55.819733
55.562496
54.919403
54.485325
54.983719
53.343853
53.721668
53.625202
53.207191
53.922638
54.57375
54.099472
54.453182
54.798836
55.257027
56.06089
54.95961
54.019089
54.332573
54.718452
54.412979
55.128422
55.152523
55.184673
54.704948
53.842247
52.76992
51.512157
52.052338
52.19746
51.721771
51.262207
51.899166
51.584728
51.907219
52.237797
51.633099
49.875439
50.12537
50.738125
50.730083
51.14127
51.891094
52.705421
52.600601
53.213367
51.270264
51.060638
51.028393
50.504326
50.697823
50.262428
50.214069
49.778679
49.730305
49.964123
49.359417
49.109478
49.28685
49.48843
50.197926
51.641171
51.616959
51.278332
51.729851
51.22995
53.398815
53.560062
53.785809
53.414944
52.834408
53.132729
53.237556
53.656807
54.559807
54.79364
55.511215
55.607975
55.325764
56.317467
56.438416
56.035294
56.809299
56.543228
56.454536
56.156212
56.180416
56.930248
56.61084
56.75639
56.79681
57.330505
56.853424
56.918106
58.18763
57.936962
57.613514
56.529984
56.158009
56.618912
55.066391
55.583889
56.529984
57.411362
57.476048
57.823761
56.020542
56.570393
55.656673
54.573139
54.872334
55.147247
55.511127
55.05022
54.97744
54.387161
55.123001
54.718685
54.354816
51.945145
50.546268
50.214729
51.403381
52.268589
51.920895
51.330608
52.397991
51.217415
51.241665
48.346828
50.238987
49.163528
48.524723
48.872437
48.920956
48.815834
48.233631
45.55714
46.171654
46.309155
45.346889
43.753933
43.721584
43.381958
41.983067
41.028908
39.500633
39.735126
38.594994
38.966953
40.567997
40.713558
40.717613
41.6432
39.97065
40.425312
40.815041
40.969288
41.334671
40.717613
40.409081
40.003113
39.792011
40.327888
40.701366
40.506504
39.986885
38.817719
42.300842
41.562004
41.009899
41.229122
40.076183
38.923264
40.376602
42.292725
41.334671
42.227776
42.065384
43.502476
43.023457
43.892193
44.160133
43.85973
43.52684
42.950382
42.844845
42.041019
41.927361
41.342793
41.748734
40.733829
41.123566
40.620171
40.571465
39.986885
40.392838
40.335999
40.78257
40.628304
38.468601
37.705399
38.687813
38.160069
36.706741
37.461819
38.05452
38.151955
39.304863
38.622864
37.404972
38.103241
37.672913
37.745998
37.06398
37.494301
36.756241
37.196629
38.852173
38.827702
40.026543
37.759354
36.935665
37.734882
37.506527
37.710419
38.004009
37.343418
36.951984
37.082462
37.041683
36.40556
37.12323
36.470806
36.022255
36.617599
36.772552
37.009056
36.217983
35.769447
