Adjusted
15.065265
15.349631
16.004913
15.491816
15.757641
15.547455
15.498
15.071452
15.306357
15.213629
15.281633
15.089996
15.083807
15.083807
15.176541
14.669622
14.422349
14.613989
14.552167
14.583084
14.898355
15.207451
14.966356
14.731439
14.78708
14.447081
14.496535
14.212166
13.995793
14.267802
14.521258
14.558353
14.459438
15.083807
15.281633
15.374357
15.232177
14.885986
14.236895
14.34199
14.218349
14.137985
13.909249
13.964894
14.150343
13.989616
13.971073
13.952527
14.236895
14.416166
14.620165
14.795114
14.876338
15.244962
15.632338
15.138741
15.701065
15.301196
15.626093
15.588596
15.594849
15.669827
15.588596
15.51987
15.626093
15.751043
15.707312
15.457398
15.857264
16.063438
16.413334
16.550777
16.582024
16.43207
16.49456
16.644503
16.669493
16.938154
16.781961
16.938154
16.838188
16.769455
15.707312
15.251208
15.526121
15.613587
15.269956
15.244962
15.432405
15.513629
15.744794
15.751043
15.794783
16.344603
15.994722
16.057196
16.188406
16.563274
17.150578
17.175575
16.944397
16.80695
17.03812
17.375511
17.350517
17.7129
17.550459
17.444233
17.313034
17.400501
17.587944
17.969061
17.900341
18.200237
18.100271
18.1565
18.1565
18.238432
18.219522
18.169107
18.106091
18.257336
17.992645
17.980047
17.954828
18.106091
17.961138
18.099783
17.973749
17.646029
17.387642
17.620821
17.765772
17.633429
17.406551
17.438061
17.790979
17.362427
17.40024
17.513687
17.488472
17.765772
17.583008
17.532585
17.494776
17.538891
17.438061
17.639727
17.381336
17.387642
17.583008
17.595612
17.614513
17.93593
17.759466
18.02416
17.998951
17.847692
17.93593
18.137598
18.395985
18.055666
18.295145
18.503122
18.358168
18.484209
18.748901
18.956873
18.994688
18.893847
18.704792
18.748901
18.62286
18.780411
18.988386
18.944269
18.88125
19.013596
18.528336
18.71739
18.888998
18.691971
18.679262
18.742813
18.577564
18.571207
18.812727
18.660189
19.105087
19.263977
19.492783
19.48007
19.32118
18.081831
18.304276
18.221653
18.050049
17.942009
18.075468
18.075468
18.030985
18.088186
17.776758
17.859377
17.865734
17.789471
17.764044
17.833958
17.8276
17.700491
17.668716
17.846674
17.655996
17.509821
18.005558
17.891159
17.598799
17.541601
17.732267
17.59244
17.452618
17.17297
16.778921
17.15391
17.147541
17.17297
17.522533
17.706844
17.808531
17.999208
17.922935
17.789471
17.795824
17.961071
18.494953
18.431385
18.259785
18.151733
18.132669
18.177168
18.208942
18.005558
17.98649
18.501303
18.610289
19.07185
19.103912
19.078262
19.135963
19.270588
19.270588
19.270588
19.360336
19.264174
19.360336
19.379566
19.270588
19.328281
19.123146
19.065447
19.443678
19.341105
19.565479
19.789854
20.116804
20.309122
20.482212
20.180908
20.148859
20.027052
20.097563
19.962944
19.828318
19.89884
19.809084
19.828318
19.962944
19.751387
20.046291
20.206558
20.065508
19.879604
19.969351
19.937304
19.879604
19.83473
19.815496
20.116804
20.238609
20.309122
20.321945
20.75787
20.770693
20.943777
21.059175
21.129694
21.09123
20.975836
20.725819
20.328352
20.45657
20.392467
20.591198
21.078415
20.645597
20.445349
20.283855
20.225714
20.18049
20.18049
20.044834
20.148191
20.593924
20.54224
20.677896
20.742493
20.742493
20.736031
20.794165
20.742493
20.490568
20.090048
20.219246
20.18049
20.199867
20.128811
20.186956
20.154655
20.361364
20.503485
20.509939
20.445349
20.16757
20.283855
20.509939
20.820021
20.962126
21.246359
21.272205
20.807093
20.251543
20.122353
20.238625
20.199867
20.438881
20.290308
20.161112
20.077135
20.154655
20.16757
20.329069
20.923372
20.968588
21.278654
21.556433
21.47891
21.608109
21.588726
21.472458
22.137817
21.892344
21.892344
22.299316
22.383286
22.215342
22.221794
22.286398
22.350988
22.455095
22.507153
22.416056
22.487638
22.429075
22.435585
22.136263
22.403049
22.298943
22.494143
22.578733
22.643808
22.487638
22.448595
22.311954
22.298943
22.279415
22.656818
23.06674
23.392094
23.496201
23.040714
23.06674
22.663317
22.760921
22.637295
22.865028
23.151329
23.261951
23.38558
23.457153
23.723934
23.424618
23.483187
23.300993
23.190369
23.118797
23.125303
23.118797
23.248941
23.327019
23.645849
23.684895
23.880104
23.658867
23.411612
23.749962
23.619825
23.554754
23.496201
23.522234
23.912632
24.010237
23.997231
24.198927
23.821533
23.723934
23.710915
23.75647
23.880104
23.606806
23.749962
23.815029
23.613321
23.684895
23.665371
23.366053
23.359558
23.615095
23.746147
23.752697
23.713387
23.916513
24.047558
23.995142
24.21137
23.936163
24.217926
24.21137
24.368635
23.58889
23.470943
23.811674
21.721439
21.387257
21.852489
22.075268
22.343916
22.501181
21.970423
22.06872
21.754192
21.976986
22.383238
22.134237
22.743614
23.038483
23.162975
23.261269
23.2285
23.444733
23.706827
24.113083
24.152405
24.165506
24.014807
24.460377
23.936163
24.322763
24.630733
24.768333
24.729012
24.414495
24.231033
24.054108
23.785469
23.785469
23.687172
23.444733
23.320232
23.313694
23.19574
23.562679
23.621645
23.693729
23.798565
24.244129
24.475027
24.389269
24.541
24.508018
24.244129
24.34309
24.250723
24.283722
24.197956
23.947266
23.887894
23.584431
23.795532
23.782347
23.848314
23.821932
23.643806
23.722963
24.000046
24.217749
24.092403
24.039625
23.782347
23.894497
23.934076
24.217749
24.376083
24.34309
24.554199
24.653147
24.903841
25.088558
25.669104
25.728466
25.979158
26.064926
26.328798
26.579504
26.718031
26.427759
26.605871
26.388174
26.058325
25.913197
26.157278
26.111105
26.150682
26.388174
26.704826
26.645456
26.513512
26.948927
27.826328
27.635008
26.948927
26.849966
26.38158
27.028095
26.823584
26.665243
26.909346
26.757612
26.935736
26.218149
26.065325
26.211502
26.324465
25.866005
26.111847
26.470644
26.603519
26.576944
26.8095
26.88258
26.962315
26.729753
26.729753
27.095188
26.782913
26.324465
25.666681
25.786268
26.444071
25.67333
26.377611
26.470644
26.576944
26.5105
26.543722
26.032112
26.829424
26.849363
26.895859
26.244736
25.899233
25.998899
26.065325
25.859365
25.945736
25.493935
25.128498
25.301256
25.746418
25.746418
25.812849
25.606884
25.6401
25.699913
25.613533
25.945736
26.058689
26.357685
26.444071
26.351027
26.430767
26.410833
26.377611
26.543722
26.523792
26.610167
26.776266
26.643373
26.523792
26.557018
26.663315
26.650026
26.87088
27.118502
27.339365
27.185442
27.279127
27.359438
27.426365
27.647228
27.988554
27.988554
27.868088
28.028709
28.109018
28.329878
28.510572
28.477112
28.283026
28.336567
28.269646
28.336567
28.52396
28.102333
28.289724
28.142473
28.209412
28.129093
28.343256
28.443651
28.122412
28.711348
28.898748
28.677895
28.109018
27.506681
28.102333
28.175941
28.443651
28.202721
28.43696
28.102333
28.457045
29.072752
29.112917
29.608158
29.641634
29.447544
29.594799
29.440855
29.568016
29.614849
29.996334
30.451435
30.210495
30.237274
30.638838
30.103403
30.585295
30.317593
30.003044
30.719141
30.752611
31.294714
31.274618
30.732533
30.444742
30.351046
30.451435
30.55851
30.585461
30.97612
31.521677
31.696802
31.986431
31.292669
30.221741
29.25186
29.615555
29.265324
29.379833
29.063267
28.827522
28.921822
29.157558
28.773645
28.753429
27.91152
27.924982
28.881405
28.982426
28.625458
28.457077
28.989172
29.837824
29.063267
28.962229
28.982426
28.827522
28.935289
29.029583
29.554947
29.507792
29.117153
28.995911
28.591791
28.578314
28.692816
28.517689
29.029583
29.44718
29.238382
29.29899
29.312471
29.824356
29.602089
29.77721
29.99947
30.188076
30.066835
29.804152
30.30257
30.652821
30.322783
30.713438
31.319624
31.30615
31.366774
30.868357
31.064907
30.895464
30.67856
30.597214
30.441315
30.414202
30.332869
30.393866
31.275038
30.868357
31.73597
31.851196
31.552956
31.60718
31.796974
31.654617
32.007114
32.264687
32.237568
32.318909
32.352779
32.230789
32.590046
32.420586
32.468025
32.705261
32.644257
32.569695
32.671375
32.156216
31.871534
31.912197
31.864752
31.729189
31.661404
31.776644
31.654617
31.654617
31.674955
32.00032
32.440907
32.840828
33.023849
32.874718
32.928951
32.725605
32.427357
32.515476
32.529034
31.620743
31.180149
31.383495
31.275038
31.051365
31.525843
31.613951
31.824091
31.742754
32.020664
32.013889
31.722416
31.640549
31.661011
32.00893
32.213608
31.838383
31.906614
31.865681
31.742878
31.695124
31.722416
31.763346
32.111279
31.892967
31.299452
31.074316
30.480804
30.780973
30.467163
30.508095
31.599627
31.183472
31.244883
31.313087
31.469988
31.040213
31.081152
31.469988
31.394958
31.469988
30.917425
30.862837
31.381325
32.029408
31.708763
30.985636
31.251694
30.801439
30.262497
30.651352
30.276144
29.587132
29.778143
30.044197
30.90377
30.562668
30.589951
30.849205
30.815081
30.487631
30.67865
30.835541
31.456366
30.753687
30.630886
30.3239
30.583138
30.426231
30.337542
29.784958
29.580296
30.112419
30.276144
30.003252
29.996399
30.539042
30.33984
30.1269
30.33984
30.085688
30.800062
31.006117
31.239658
31.768562
31.548756
31.58996
31.651798
31.136629
31.466335
31.23278
31.019861
30.848135
30.916822
31.054201
32.070808
32.077671
32.297459
32.627178
32.654648
33.018696
33.02557
33.293446
33.149212
33.362141
32.922531
32.881325
32.585957
32.503529
32.496662
32.730213
32.421112
32.311211
32.235649
32.524136
32.359299
32.503529
32.757683
32.70274
33.149212
32.81263
33.05304
33.252247
33.815498
33.911652
33.719337
34.152054
34.138325
33.753677
35.543877
35.695774
36.064682
35.927235
36.042976
35.565578
35.384754
35.782578
35.232857
35.428154
35.507721
35.399216
35.290722
36.144245
36.180611
36.726398
36.930141
36.566299
36.791878
37.359482
37.439518
37.548683
37.301258
37.330372
37.570503
37.563225
38.007118
38.02166
38.407337
38.603813
38.938576
38.880352
39.156868
38.887615
38.742069
38.887615
38.982227
38.640202
38.501949
38.59655
38.654758
38.698425
38.254532
37.919804
37.956181
38.37096
38.654758
39.215088
39.513439
39.586208
39.54982
39.899105
39.724464
39.957325
39.819057
39.840893
39.666248
39.105919
39.586208
40.153801
39.658974
40.059212
40.488533
40.808723
40.823261
40.641346
40.488533
40.626801
41.01247
41.01247
41.318104
41.296265
41.048862
41.070805
40.624535
40.368492
40.390438
40.448959
41.078114
41.209805
40.997654
41.531704
41.165909
40.375793
40.229485
40.697701
40.697701
40.814754
40.587975
41.136639
40.895226
40.770855
40.931801
41.246376
41.956005
42.431526
41.956005
41.91943
41.590225
41.721897
41.977962
42.219376
42.27792
42.585163
43.375259
43.989784
44.362911
44.165379
44.077583
44.406807
44.553112
44.223904
44.223904
44.34827
44.158054
44.223904
44.333637
45.028633
44.187317
43.931274
44.004429
43.404537
42.533958
43.448425
43.587437
43.806904
43.78495
44.362911
43.609371
43.997108
44.304375
44.011742
44.509224
44.935707
45.443077
45.487194
45.582809
45.737198
45.781326
45.52396
45.171009
44.862167
45.546032
45.457783
45.288662
45.148941
45.773991
46.259293
46.803429
47.296093
46.950489
47.149048
47.391682
46.913734
46.781372
47.251987
47.66375
48.171135
48.744694
47.656414
47.156391
46.678425
46.86961
46.501949
46.700478
46.347527
46.126934
45.921043
45.818092
45.516613
45.685745
45.604851
45.957817
46.43576
46.501949
47.097561
47.296093
47.428452
47.443165
45.744568
45.501907
45.362186
45.501907
45.090126
45.11953
45.266613
44.295975
43.700363
42.023823
43.457695
43.59742
42.898849
43.553295
43.531242
43.972427
43.347397
45.853333
44.581894
44.707554
43.502636
43.635689
43.192169
43.66526
43.561779
43.783531
44.67799
44.544937
44.071823
43.835293
44.89975
43.84269
43.059113
43.332607
43.473076
43.169998
42.90387
42.792988
44.116188
43.399139
43.258698
41.891155
42.06118
40.316643
39.252171
39.289124
38.971268
40.545792
41.654606
39.865723
41.166721
41.484585
41.499363
39.621773
39.533066
40.43491
39.385231
38.594265
38.904739
39.680908
39.917458
39.813961
40.013569
40.309246
41.373714
39.8731
39.621773
40.560566
40.331417
40.678837
40.915405
40.279671
40.553192
40.294453
40.678837
41.56591
41.455017
41.285007
41.61026
41.772881
43.066502
43.946175
43.709621
44.234459
43.798325
43.61998
43.842903
43.768604
43.18898
43.828049
43.285595
43.337601
43.575386
43.545677
43.203854
43.798325
43.37476
44.095573
44.043541
44.422543
44.496841
44.296204
44.221897
43.218719
43.493649
43.634842
43.515938
44.25161
44.62315
45.031872
44.838669
45.708096
44.734631
45.485168
46.087074
46.317436
44.704918
45.730381
44.586006
44.03611
44.221897
43.813187
43.805759
44.667747
45.254807
45.448006
45.002144
45.017021
45.2771
45.626358
46.428898
46.265415
46.53294
46.295139
46.68898
47.476669
47.424656
47.253735
47.454372
46.18367
46.191105
46.540363
45.46286
45.34399
46.14315
45.814507
45.859325
46.84523
47.106636
46.546474
46.14315
46.501659
