Adjusted
29.635231
29.922792
29.691881
29.800808
29.373827
29.909719
29.626534
29.713665
29.417393
29.277967
29.343336
29.256197
28.93379
28.824869
28.755159
28.175697
27.578812
26.798933
27.426319
26.607237
26.245613
26.820715
26.820715
27.121342
27.008057
26.977564
26.968855
27.121342
26.973209
26.873001
27.108269
28.014492
28.036278
28.241045
28.275915
27.787937
28.180054
27.779219
28.393534
28.406605
28.371756
28.275915
28.885866
29.060129
29.108053
28.493742
28.284616
28.236689
28.972992
29.299763
30.619886
30.17548
30.149342
30.101416
30.541456
29.909719
30.258276
29.587313
30.018635
30.136265
29.909719
30.275696
29.051422
28.972992
28.75951
28.162622
28.951216
29.086277
29.234407
29.047062
29.208273
28.972992
27.644165
28.90764
28.776939
29.234407
29.251839
29.256197
28.929434
29.169052
28.938139
29.195194
28.833582
29.00349
29.151636
29.042706
28.524244
28.271544
27.927353
28.471954
28.428396
27.997065
28.458889
28.363033
28.066769
27.796652
28.424036
28.781296
28.964287
29.016565
28.755159
29.029638
29.33897
29.469671
29.408682
30.022993
30.37154
30.088346
30.280058
30.933573
31.543531
31.221128
31.160139
31.543531
31.892073
30.990206
30.280058
30.493538
30.083998
30.327976
30.070929
30.606813
30.476103
30.223419
30.454325
30.493538
30.280058
30.454325
30.73752
30.794159
30.794159
31.016357
31.369265
30.933573
32.066364
31.892073
32.388763
32.140427
32.471535
32.301628
32.258057
32.763447
32.885456
34.131508
33.817799
33.338535
33.199135
32.881088
32.362621
32.05764
32.153488
32.32777
32.902866
32.942089
32.719879
33.112
33.090214
33.129421
32.911579
32.924656
32.911579
32.371338
32.375698
32.44976
32.384403
32.968231
33.024857
33.390839
33.133781
33.003071
32.602253
32.244984
32.218849
32.231915
32.240631
32.2537
32.445404
32.589169
32.837521
33.416973
33.164295
33.08585
33.329849
33.003071
32.959499
32.902866
33.003071
32.811359
32.593521
33.325485
33.682732
33.460545
33.560757
33.233986
33.225269
33.403908
33.395199
33.830875
34.384186
34.31448
34.410343
35.499557
35.13356
34.920097
35.264282
35.512623
35.251202
35.490822
35.416767
35.360138
35.338333
35.804516
35.608479
35.464691
35.848091
35.508263
35.320927
35.116146
35.338333
35.81324
35.421127
35.137917
34.667385
34.867805
34.419056
34.523609
35.068214
34.872166
35.011574
35.290421
35.747898
35.904724
35.721745
35.760952
35.699955
36.227135
35.769676
35.050793
35.438549
35.447262
35.451626
35.473404
35.852448
36.009296
36.301216
36.061569
35.900383
35.900383
35.891663
36.751423
37.008911
37.100571
36.555038
37.122387
36.921627
36.720882
36.790699
36.834354
37.170399
37.026367
37.349342
37.654819
38.911732
38.405468
38.815712
39.033928
39.077564
39.854401
39.457272
38.68478
39.662376
38.72842
39.527081
39.077564
39.090668
38.462204
39.173584
39.225956
38.981552
39.671112
39.413609
39.361252
39.343788
39.343788
38.972824
39.247772
38.994648
38.990284
38.894279
38.789539
38.724064
38.946651
38.566956
39.409248
39.225956
39.461632
40.487221
40.059544
39.601288
38.667336
39.029556
38.401115
38.479664
39.80204
39.487804
38.990284
38.008324
38.287636
38.082523
38.073799
38.318203
38.597507
38.750256
38.636776
39.27832
40.57452
41.154961
41.089497
41.054565
41.22916
41.495365
41.037136
41.250969
41.722321
43.494209
43.315266
42.512245
43.053406
43.760418
43.398186
43.686237
44.004822
43.188705
43.14069
43.175602
43.502934
43.433102
44.127026
43.974274
44.161934
43.315266
43.655678
43.638222
44.057175
44.284134
43.982998
44.314682
44.297226
43.389462
44.227394
44.009186
44.070278
44.279762
44.515434
44.384518
45.274822
45.51049
45.571594
45.990562
46.776119
47.160168
46.976883
47.439495
47.13398
47.291107
47.212551
47.195091
47.360931
47.509319
47.50058
47.640251
47.587864
47.945744
47.456944
47.849716
48.006844
48.006844
47.80608
49.01936
50.0406
49.778732
48.713863
47.928288
47.989388
47.378387
47.832264
40.186108
41.853237
42.507874
42.036541
41.381893
41.137508
41.146229
41.722321
40.919289
40.308292
41.617569
41.92308
42.036541
41.643764
40.124992
38.61496
39.287045
40.0028
40.124992
39.845669
39.461632
39.898041
39.924232
40.45668
40.142456
40.517773
41.024036
40.980381
40.971668
40.133709
40.203556
39.601288
39.54018
40.186108
41.477913
41.006569
41.792145
41.425552
41.216064
41.312077
41.111309
41.198601
40.770905
40.919289
42.027809
41.835781
42.499149
41.591389
41.565208
42.054008
41.896881
41.111309
41.704849
41.966717
42.246014
42.088909
41.818329
42.036541
41.233513
39.723484
38.964092
38.815712
38.440392
38.344364
36.738331
38.676052
37.829391
37.838123
37.445339
36.921627
36.441563
37.104916
37.881763
37.619911
37.611191
36.781971
36.982727
37.96904
37.96904
38.68478
38.667336
38.152348
38.222179
39.234684
38.824448
38.710964
38.318203
38.405468
38.396751
37.681011
38.274551
37.977768
38.754616
38.789539
38.553848
38.396751
39.452892
39.662376
39.531452
39.060116
38.562588
39.583824
40.404316
40.631245
40.779621
41.093864
40.046448
39.889324
40.116253
40.386845
40.928028
41.399357
41.05022
41.093864
41.600121
41.853714
42.151054
42.194778
42.194778
42.754463
42.806927
42.544582
42.194778
43.200451
42.999317
43.66394
42.124821
42.658264
43.672684
44.276089
43.882568
43.252926
42.448387
42.544582
43.506527
42.632023
42.046108
42.973087
45.089382
44.669617
44.940712
45.98138
45.211819
44.573433
43.768871
43.891304
44.555927
43.978767
44.074959
44.223625
43.987499
44.311081
43.532764
43.462807
43.760143
43.751392
43.427822
43.436569
43.182961
43.200451
43.532764
43.550247
42.212261
41.906193
42.605789
41.477676
41.670067
40.926739
40.900509
41.538902
41.538902
41.591373
40.323341
40.087215
39.921074
40.944233
41.259052
41.477676
39.011585
38.609314
38.644291
39.300171
40.227135
40.279606
39.851112
39.90358
39.929813
39.431347
40.148449
40.472
40.42828
40.75185
42.273476
42.701988
42.212261
42.780689
42.763206
43.244179
42.404652
42.457123
42.658264
42.221016
43.244179
42.710743
42.194778
42.159782
41.442707
41.932419
41.276554
40.769333
41.372746
41.556389
42.081089
42.177284
42.317192
42.754463
42.868141
42.850655
43.121761
42.771938
42.544582
42.745716
42.693245
42.780689
42.500843
43.130489
42.833157
42.981823
42.763206
42.903122
43.690166
43.121761
43.235432
43.165466
43.235432
42.728218
41.748775
41.154114
41.197853
40.979218
41.871204
41.80125
41.591373
41.398987
41.976151
41.45145
41.538902
41.879955
43.051781
43.331627
43.244179
43.296654
43.45406
43.209194
43.375347
46.436111
46.392391
46.42738
46.278713
46.707207
47.520493
47.555477
47.30188
46.558548
46.680969
45.998871
45.998871
46.016354
45.736519
45.622822
45.430435
45.771488
45.920147
47.310616
47.004539
47.398071
47.030777
46.611012
46.90836
46.593529
46.628502
46.593529
46.322433
46.995789
46.829655
47.704147
48.272564
47.747875
48.736065
49.05962
47.844074
47.712891
46.584789
44.555927
44.381035
44.381035
43.900055
44.311081
44.608402
44.249859
43.856327
43.987499
43.51527
44.337299
43.427822
43.069275
43.226681
42.43964
42.614544
41.530148
40.97047
41.241573
40.708126
40.21841
40.288368
40.192169
40.629406
40.646908
40.664387
36.965244
35.53981
35.802162
36.160706
36.012028
35.312435
34.805225
36.291882
35.91584
36.431797
37.656097
37.402485
37.664864
38.434395
38.443157
38.583069
39.571262
39.195217
38.416924
38.259502
38.215786
38.067112
38.705521
38.915382
38.259502
38.303234
38.39069
38.33823
37.804764
37.865993
38.39069
40.498241
41.145367
40.73436
41.337765
40.42828
41.057922
40.952988
41.136623
41.241573
41.16288
41.748775
40.865532
40.043507
40.42828
40.576962
40.305859
39.641212
39.702595
39.369469
38.948689
39.097717
39.772713
39.316868
39.571098
41.236694
41.113972
41.54351
40.675655
40.500309
41.000004
41.482143
40.737003
39.641212
39.448368
38.676941
38.641865
38.861015
44.120811
43.971775
43.743855
42.507805
41.990589
41.245457
41.070141
41.394482
42.078247
41.902927
41.780197
41.438328
41.946762
41.876637
42.297417
42.44643
41.289288
41.394482
41.27177
41.140274
41.333126
40.517853
40.614292
40.368832
40.500309
39.97435
40.15844
40.25486
39.842854
40.623055
42.174683
42.884766
43.200348
42.884766
43.165279
42.656837
42.44643
42.902287
41.727612
41.596115
39.255501
38.922386
39.500961
39.325638
38.869793
38.790882
39.141541
38.747055
38.37888
37.800304
38.036991
37.7477
37.668812
37.537319
37.432129
38.212318
38.405167
38.571743
39.956821
39.99189
39.21167
39.220451
38.703224
38.352573
38.4753
37.800304
37.887966
37.835373
38.580498
38.422707
38.61557
38.562969
37.835373
37.695118
38.054527
38.238617
38.589268
38.817188
38.71199
39.439606
38.861015
38.755817
39.308109
39.176601
38.4753
38.484062
38.843502
39.141541
38.229858
38.282455
38.527901
38.755817
38.510384
38.247379
38.247379
38.852253
39.930515
39.500961
39.290565
39.053879
39.290565
39.334404
39.343166
36.993805
35.836647
36.923679
37.353222
36.914913
37.379528
37.212978
37.721397
37.826584
37.97562
37.97562
37.896717
37.633739
37.361992
37.809067
37.984398
38.790882
37.870426
38.685692
39.457134
39.623692
39.614914
39.281796
40.42144
39.895451
40.105843
40.964943
40.596764
40.570454
40.482796
41.245457
41.350658
41.262989
40.83345
40.745781
41.035076
41.376949
41.762676
41.534744
41.797733
41.631176
40.360062
41.000004
41.727612
42.323719
42.314953
42.16592
42.104561
42.122086
41.920467
41.938007
42.104561
42.7971
43.28801
43.743855
43.682487
44.041908
44.638016
44.445171
44.375023
44.383789
44.147102
43.936707
43.884117
43.796463
43.857815
43.498398
43.472103
43.077614
43.41074
43.980545
44.918545
44.462696
44.611721
44.488991
44.42762
44.971134
44.190929
44.068211
43.664951
46.224712
45.961727
46.224712
47.092594
47.26791
47.07505
46.557846
46.154583
45.874069
45.839008
45.453278
45.540955
45.093864
46.040623
45.952969
45.497124
44.392567
44.734447
44.67308
45.014961
45.654911
45.821465
45.777637
44.936077
45.391918
45.865303
45.760117
45.584782
45.163994
45.540955
45.462051
45.961727
46.829597
47.302979
47.206543
46.750702
46.996159
47.618557
48.284801
48.60915
48.311104
48.100704
48.328632
48.50396
48.600376
48.389992
48.065639
48.337387
48.698254
48.803867
48.504627
48.51342
48.935894
49.138336
49.367165
50.053665
50.731388
51.884369
51.725937
51.725937
51.479504
51.928391
51.884369
51.259472
51.312275
51.734741
51.787556
53.521431
54.375164
54.445587
54.515984
54.973667
54.929653
54.912064
54.524796
54.920849
55.017673
54.665627
54.515984
55.140903
54.410381
54.683239
54.612812
54.815243
54.788834
55.845005
56.443493
54.832848
53.266201
54.586411
54.014309
53.688652
53.591843
54.26075
54.489586
55.176105
55.519356
56.355499
56.04744
56.637142
56.865974
57.402855
57.69331
58.705471
58.626247
58.036556
57.438076
57.7285
57.666897
57.807724
57.922146
58.37101
59.17194
59.532799
59.559208
60.096073
60.28091
59.735245
59.567997
59.770451
59.814457
60.694576
61.662758
60.817787
58.098175
58.811089
58.819897
58.758274
58.723072
58.159779
57.578884
57.156433
57.411674
57.34124
57.288433
57.966152
58.054161
57.746109
57.561298
56.804356
56.804356
56.689953
56.716354
58.494259
58.881496
59.286354
59.110332
59.29517
59.251167
58.890316
58.943119
58.626247
58.987118
59.242348
59.092739
59.559208
59.233551
58.59985
57.244442
57.446861
57.552483
56.443493
57.138821
57.121212
58.406216
58.503033
58.335808
57.526073
57.314854
55.915421
55.589764
56.302685
56.654736
56.109039
55.528152
55.853813
56.285076
56.117836
57.482075
57.429268
56.390686
57.394058
58.591053
58.617466
59.40078
59.435997
59.251167
59.488792
59.110332
58.943119
58.538246
58.106979
56.645927
55.44894
56.549126
54.947266
55.57217
56.04744
54.947266
57.332451
58.635059
60.641773
59.462387
58.159779
57.526073
56.443493
56.689953
57.130024
59.20715
58.846287
58.37101
59.224747
58.925495
59.136742
59.048714
57.869328
58.749474
58.643864
58.79348
59.154339
58.643864
60.008072
59.215942
59.444798
60.677006
60.615368
61.125866
61.689148
59.145546
60.008072
60.448154
60.060894
59.858456
59.215942
59.559208
59.761639
60.624199
60.518574
61.724369
62.08522
63.185394
63.898304
64.373596
63.792698
64.66404
64.540825
64.364792
65.060112
64.074356
63.607883
63.537464
65.57058
63.264606
62.5429
63.000557
62.93895
62.146832
62.446075
62.727722
62.410862
62.490101
61.231468
61.196262
61.389912
61.609936
59.541607
60.465748
61.645138
61.653938
62.375668
62.296448
62.331654
61.495541
61.750767
63.255817
61.8564
62.173206
61.187489
62.93895
64.065529
63.572678
63.924713
63.863098
64.162338
65.183304
66.010628
65.7202
66.433113
65.051292
65.746605
65.984268
65.368134
64.637642
65.200935
65.878639
66.239471
67.07563
67.031624
67.313248
66.606094
66.941986
