Adjusted
7.805617
8.019594
8.213455
8.158591
7.92998
8.242717
8.434748
8.533506
8.65787
8.421945
8.714565
8.239058
8.383541
8.330501
8.410972
8.030568
8.083606
8.431088
8.555451
8.482299
8.537163
8.652384
8.57923
8.573742
8.50973
8.429261
8.122009
8.268319
8.273808
8.178705
8.193335
8.480468
8.394512
8.560939
8.743828
8.741997
8.763945
8.676156
8.661528
7.401435
7.672106
7.602612
7.580665
7.849509
7.962901
8.015936
7.73612
7.80196
8.136642
8.228084
8.59386
8.462179
7.951926
8.05617
7.783671
7.149051
7.452645
7.717831
7.677594
7.361201
7.165513
7.099673
7.335596
7.359372
7.247809
7.278901
7.300848
7.172826
6.885695
7.269756
7.317306
7.333767
7.386804
7.673938
7.564206
7.898887
7.836707
7.950095
7.853166
8.045198
8.098236
8.037883
7.939126
8.31953
8.310386
8.590199
8.584713
8.257349
8.271976
8.434748
8.421945
8.290266
8.357934
8.233571
7.983016
7.944611
7.920835
8.16956
8.131156
8.544479
8.670671
8.131156
8.295753
8.112865
8.275635
8.754799
8.707249
8.926711
8.879162
8.743828
8.50973
8.425603
8.270149
8.57923
8.612147
8.818811
8.57923
8.440235
8.321358
8.228084
8.345133
8.094576
8.182365
8.030568
8.096406
8.081776
8.014108
8.304899
8.348791
8.39634
8.20431
8.348791
8.566426
8.473155
8.222598
8.023252
8.012277
7.902547
7.864141
7.790984
8.518875
8.562769
8.588372
8.62495
8.551796
8.553622
8.520705
8.617635
8.445722
8.454865
8.557282
8.549966
8.661528
8.716393
8.774917
8.844414
8.908423
8.987066
9.19007
9.206532
9.733243
10.011232
9.930762
9.912476
10.296535
10.333114
10.50137
10.534288
10.69523
10.964074
10.872631
11.011625
10.883603
10.525144
10.772044
10.878119
10.837883
11.167078
11.218287
11.688306
11.606009
11.481643
12.032133
11.660874
11.593205
11.338992
11.655385
11.556627
12.065053
11.946178
11.968124
11.999212
11.975439
11.869365
11.913259
11.874849
12.015674
11.991899
12.158325
12.105286
11.87851
11.969952
12.321096
11.79438
11.944345
11.995555
11.969952
12.32841
12.29915
12.147351
12.189417
12.496666
12.463746
12.580794
12.586281
12.350357
12.20405
12.134551
12.20222
12.143697
11.94252
12.081513
11.220114
11.03723
10.98785
10.867143
11.675503
11.99373
11.902284
12.008358
12.366821
12.063226
11.902284
12.085173
11.85839
11.960809
11.770606
11.723053
12.070539
12.147351
11.755974
11.723053
11.887654
12.20222
12.286345
12.399737
12.472892
12.392423
12.5241
12.615543
12.706989
12.619202
12.706989
12.970345
13.116654
13.230045
13.175178
13.164206
13.390985
12.952056
13.131286
13.112993
13.533636
13.731155
13.844543
13.94696
14.140821
14.576089
14.51757
14.279816
14.429783
14.184712
14.243237
14.502937
14.21032
14.539513
14.616327
14.791898
14.769952
15.282033
14.872371
14.865051
14.872371
15.329585
14.938205
14.810188
14.389546
14.565117
14.521224
15.015018
14.978443
15.358848
15.314957
15.724621
15.95872
16.130632
16.006264
15.816067
15.227169
15.633177
16.328152
15.944089
15.731936
15.991642
16.017241
15.655128
15.047941
15.362504
15.735594
16.554928
16.920702
17.23527
17.286472
16.935333
17.056036
17.176744
17.794905
17.483994
17.374262
17.502285
17.846113
17.681515
17.582754
17.216976
16.704897
17.374262
17.260872
17.297447
18.050943
17.820507
17.890001
17.864403
17.231613
17.275503
16.478117
17.202349
17.977789
17.937553
17.904634
17.648594
17.158461
17.399864
17.224295
17.516912
17.557152
17.275503
17.056036
17.22064
17.045067
17.118221
16.891443
16.942648
16.463484
16.697582
16.715868
16.21476
16.500063
16.774393
16.964598
16.938992
16.8256
16.039188
16.178181
15.728282
15.516131
14.912601
14.956497
14.634612
14.894316
14.689482
15.106463
15.267407
15.413713
15.74657
15.874589
16.01358
15.699018
15.706332
15.219852
15.450293
15.029653
15.029653
15.047941
14.850419
14.8175
15.249114
14.83579
14.908943
15.76486
15.74657
15.695362
15.735594
15.739254
16.42691
16.445196
16.938992
17.103592
16.986542
16.617113
16.8256
16.609798
16.64637
16.66832
16.928019
16.88047
16.719524
16.540298
16.554928
16.554928
17.081644
17.469362
17.571781
17.729061
17.644936
17.868057
17.560804
17.699802
17.385241
17.542519
17.494968
17.933897
17.813192
17.853422
17.904634
18.036314
18.595947
18.83736
18.749571
18.658125
18.771521
19.075108
19.042189
19.031216
18.855646
18.808094
18.947088
19.276287
19.623772
20.055386
20.073673
20.922272
20.790588
20.775955
21.145388
20.852772
20.091965
20.380926
20.256565
19.386019
19.649378
19.685953
20.326056
20.249247
19.909075
22.015932
21.470932
21.306332
21.577005
22.751139
21.715996
20.827166
21.14905
21.591635
21.580667
21.968382
22.191509
22.008617
22.008617
21.822075
22.304893
22.301241
22.158587
22.143957
22.399998
22.608488
22.220766
22.696272
22.952314
23.186411
23.39856
23.482687
23.340036
23.987459
24.31665
24.492224
24.397121
23.409531
23.78994
23.212019
23.029127
24.038668
20.08099
20.029783
18.383795
18.559372
17.586412
18.266748
18.78615
18.559372
18.471586
18.317959
18.178963
18.617895
18.844673
19.166553
18.588627
18.317959
16.957281
17.403526
17.308424
17.162113
17.162113
17.513254
17.930243
18.259434
18.222855
17.586412
17.110903
16.459829
16.306202
16.708555
16.78171
16.584192
17.081644
17.125538
16.810966
16.60614
17.140165
17.264528
16.159893
15.76486
15.362504
15.801433
16.145264
16.276936
16.650028
16.262312
16.145264
15.713647
15.903852
16.01358
15.845327
16.10137
16.167212
16.108683
15.669754
15.516131
15.589286
15.457607
15.486869
15.552709
15.442975
15.486869
15.245458
15.018676
14.821162
15.091835
14.996732
14.704113
14.996732
15.311298
15.596601
15.464923
15.962373
15.603921
15.925802
15.530762
15.340557
15.135724
15.223512
15.047941
15.325929
15.362504
15.055258
14.682161
13.81894
13.928671
13.906724
13.738471
14.162766
13.884777
13.950618
13.709208
13.533636
13.540951
13.723838
13.83357
14.213977
14.579748
14.22129
14.140821
13.562898
13.336116
13.533636
13.570212
14.096927
14.374916
14.748007
15.435661
15.874589
16.174522
16.006264
16.240362
16.189152
16.386669
16.276936
16.467142
16.532984
16.584192
16.415934
16.284256
16.07942
15.85996
16.006264
15.567342
15.479554
15.472239
15.713647
15.655128
15.808753
15.955059
16.452511
16.372042
15.896536
15.545395
15.881904
15.977008
15.779487
15.903852
15.523446
16.006264
15.720964
15.611234
16.072105
16.540298
17.154797
17.630304
17.410839
17.447416
17.23527
17.513254
17.805876
17.483994
17.271845
17.242584
16.898756
17.045067
17.403526
16.057474
15.691706
15.867274
16.15258
15.955059
16.130632
16.07942
16.291571
16.07942
16.057474
15.918481
15.808753
15.647811
15.801433
15.560026
15.508816
15.347877
15.018676
14.740688
14.638272
14.872371
14.828477
14.974785
15.340557
15.252773
15.479554
15.889222
16.020901
16.276936
16.496407
16.225731
16.254993
16.035532
15.903852
16.042847
15.940427
15.911167
15.596601
15.501498
15.508816
15.260088
15.552709
15.706332
16.189152
16.576874
16.693926
16.503719
16.525671
15.772174
16.035532
16.203787
16.137945
16.07942
15.852643
16.159893
16.276936
16.233051
16.591507
16.576874
16.532984
17.110903
17.315741
16.957281
16.503719
16.840233
17.447416
17.557152
14.170082
13.548267
13.628736
13.83357
14.03109
13.979881
14.272498
14.345653
14.3676
14.009142
13.738471
13.650684
13.482427
13.1386
12.955714
12.948397
12.904506
13.145916
13.160546
12.882556
13.036186
13.204437
13.145916
12.84598
13.116654
13.123968
12.941082
12.765512
12.692356
12.977661
12.714301
12.509467
12.151011
12.28269
12.275375
12.655779
12.626514
12.677725
12.663094
12.648465
12.802087
12.79477
13.182494
13.380013
13.906724
14.192031
13.979881
14.389546
14.235919
14.228608
14.162766
14.111562
14.074983
13.614105
13.606791
12.84598
12.677725
12.970345
13.145916
13.306855
13.445851
12.531417
12.363162
12.231482
12.246112
12.399737
12.487523
12.399737
12.53873
12.48021
12.443631
12.714301
12.809404
12.816722
12.626514
12.897188
12.831347
12.721616
12.55336
12.355843
12.392423
12.421684
12.392423
12.092489
11.602349
11.536509
11.704765
11.734029
11.543825
11.755974
11.551141
11.331676
11.360939
11.419464
11.419464
11.543825
11.595035
11.712082
11.726714
11.76329
11.704765
12.472892
12.311954
12.428998
12.758196
12.567994
12.355843
12.092489
12.275375
12.32658
12.311954
12.363162
11.99007
11.938863
12.099803
11.902284
11.814497
11.953493
11.734029
11.609664
11.909601
11.982756
12.260743
12.699673
12.78014
13.028867
12.99229
12.714301
12.502153
12.758196
12.509467
12.450945
12.37779
12.107118
11.938863
11.880339
11.924231
11.770606
11.573088
11.726714
11.770606
11.697449
11.375569
11.412146
11.602349
11.624297
11.448725
11.24389
11.397514
11.229259
11.265836
11.434094
11.426779
11.251205
11.609664
11.47067
11.565771
11.631611
11.704765
11.653558
11.426779
11.492618
11.090267
11.141475
11.441409
11.368255
11.287785
11.119527
10.951273
11.075634
10.995163
10.965902
10.892748
11.119527
11.097582
11.134159
11.097582
11.331676
11.185366
11.207314
11.412146
11.295098
11.558458
12.611889
12.743566
12.692356
12.494838
12.68504
12.582626
12.589939
12.516784
12.575307
12.604569
12.743566
12.860613
12.977661
13.109338
13.438535
13.314174
13.41659
13.321486
13.533636
13.694576
13.716522
13.826252
14.038404
13.943303
13.826252
13.621426
13.709208
13.679943
13.694576
13.540951
13.738471
13.943303
14.118874
14.338338
14.448071
14.462701
14.543172
14.682161
15.325929
15.450293
15.421032
15.340557
15.267407
15.230825
15.603921
15.567342
15.15767
15.464923
15.501498
15.260088
15.230825
14.923577
15.208879
15.545395
15.867274
15.823381
15.823381
16.028215
15.955059
15.603921
15.311298
15.362504
15.208879
15.201565
14.257871
13.767732
14.382232
14.51391
14.565117
14.682161
14.565117
14.938205
14.879683
14.813844
14.521224
14.71143
15.018676
14.938205
15.15767
15.179618
15.113779
15.084519
15.19425
15.31861
15.311298
15.121092
15.340557
15.464923
15.523446
15.099149
15.472239
15.084519
14.71143
14.455387
14.579748
14.930895
15.033307
15.128411
15.31861
15.486869
15.406398
15.647811
15.647811
15.384455
15.238138
15.31861
15.325929
15.567342
15.252773
15.611234
15.845327
15.611234
15.640493
15.779487
15.699018
15.603921
14.982099
13.014236
13.05813
12.984978
12.831347
12.802087
12.736249
12.787457
13.145916
12.999604
12.816722
12.889875
12.955714
13.109338
13.211755
13.006921
12.889875
13.241016
13.167864
13.072761
13.036186
13.102022
13.40927
13.343434
13.131286
13.05813
12.78014
12.824039
12.699673
12.589939
12.246112
12.509467
12.407051
12.363162
12.209535
12.319269
12.180273
12.121749
12.319269
12.443631
12.004703
12.107118
12.158325
12.363162
12.319269
12.407051
12.487523
12.560678
12.831347
12.882556
13.05813
12.765512
12.765512
12.655779
12.465575
12.428998
12.32658
12.37779
12.399737
12.509467
12.48021
12.706989
12.728931
12.824039
12.802087
12.721616
12.626514
12.897188
12.99229
12.78014
12.882556
12.955714
12.955714
12.875245
13.043497
13.292226
13.935987
14.192031
14.272498
14.433438
14.462701
14.250554
14.374916
14.374916
14.279816
14.543172
14.550488
14.528543
14.477332
14.360284
14.338338
14.096927
14.477332
14.360284
14.462701
14.623642
14.60901
14.748007
14.645587
14.616327
14.301759
14.411493
14.345653
14.352967
14.638272
14.243237
14.411493
14.755322
14.535857
14.22129
14.674849
14.565117
14.418809
14.557801
15.004047
14.945524
14.777267
14.587068
14.543172
14.543172
14.506594
14.352967
13.80431
14.287129
14.506594
14.48465
14.440754
14.382232
14.265182
14.470018
14.455387
14.48465
14.294448
14.601696
14.740688
14.22129
14.12619
14.045718
13.928671
13.870149
13.570212
13.475113
13.255651
13.145916
12.79477
13.072761
13.080073
13.028867
13.072761
13.072761
13.241016
13.358063
13.570212
13.679943
13.665314
13.83357
13.694576
13.358063
13.650684
13.650684
13.760415
13.972567
13.753101
13.83357
13.753101
13.709208
14.192031
14.51391
14.440754
14.272498
14.206657
14.382232
14.323707
14.074983
14.10424
13.906724
14.118874
14.206657
14.060351
14.177396
14.550488
14.916259
14.740688
14.887002
14.916259
15.362504
15.479554
15.362504
15.274717
15.457607
15.062571
15.143043
15.055258
14.974785
14.623642
14.894316
15.333243
15.377136
13.533636
13.438535
13.709208
13.526322
13.738471
13.526322
13.540951
13.431219
12.802087
12.648465
12.633832
12.363162
12.5241
12.824039
12.597253
12.772827
12.933767
12.736249
12.648465
12.816722
12.838664
12.55336
12.933767
13.328804
13.241016
13.021553
12.816722
13.050815
13.094707
13.175178
12.955714
12.941082
12.5241
12.736249
12.407051
12.392423
12.077855
12.041279
11.799868
11.909601
12.32658
12.172957
12.224166
11.982756
11.89497
