Adjusted
10.344286
10.297369
10.730483
10.75575
10.564454
10.788234
10.842376
10.896515
10.918173
10.614985
10.35512
10.178261
9.921999
9.676566
9.723486
9.344506
9.427522
9.55385
9.402261
9.135168
9.651297
9.669345
9.44918
9.43835
9.185699
9.052156
9.044938
8.965528
8.893343
8.821159
9.019672
9.290366
9.229011
9.196527
9.409477
9.164039
9.225404
9.0305
9.210964
9.283148
9.301196
9.12073
9.225404
9.124339
9.420303
9.044938
8.770626
8.806719
9.315632
9.344506
9.943655
10.084418
10.15341
10.240566
10.679967
10.149783
10.215149
10.178834
10.051734
9.97911
9.848379
10.04084
10.331353
10.360407
10.418509
10.418509
10.316829
10.113468
9.902844
9.946424
10.436666
10.723545
10.327721
10.389456
10.414874
11.017689
11.050368
10.759856
10.767119
11.115736
11.039477
11.083056
10.966847
11.191995
11.104841
11.246469
11.217415
10.941426
10.988637
11.112106
11.191995
11.228313
11.486139
11.551506
11.355412
11.522456
11.573295
11.653185
11.765759
12.088953
12.361304
12.492037
13.330894
13.29095
13.214689
13.570565
13.759396
13.882869
13.447094
13.581463
13.773925
13.799344
13.479781
13.980913
14.089858
13.81266
13.396862
13.302024
13.112358
13.31661
13.31661
13.725122
13.71783
13.77618
14.024207
14.151866
14.181042
14.651553
14.987116
14.910527
14.534841
14.476481
14.812041
14.808394
14.523899
14.217516
14.502012
14.224814
14.418126
14.370708
14.388947
14.717209
14.636968
14.43636
14.421771
14.779216
14.352475
14.531197
14.253994
14.600492
14.739089
14.943345
14.899574
15.300796
15.391974
15.691058
15.512337
15.804131
15.800478
15.625402
15.687409
15.475867
15.370089
15.300796
15.264325
15.355499
15.530575
16.001087
15.716595
15.588931
15.337264
15.388326
15.432105
15.176781
15.282557
15.359152
15.421149
15.771313
15.844253
16.322067
16.081335
15.858839
16.048508
15.707986
15.678691
15.268601
15.374779
15.114814
15.400413
14.993983
15.177059
15.28324
15.451673
15.378446
15.554198
15.488288
15.839798
15.854449
15.70432
15.502938
15.378446
15.279583
15.151436
14.909772
14.847523
14.463058
14.810902
15.275921
15.246629
14.902447
14.986659
15.023279
15.114814
14.810902
15.949645
16.147367
16.052166
15.89106
16.147367
15.978935
15.51759
15.301557
15.191703
15.059893
14.668106
14.836543
15.382112
15.327189
15.367461
15.393085
15.718965
15.788541
15.777555
15.777555
15.546878
15.982599
15.927673
15.722629
15.909366
16.00091
15.89106
15.971615
16.008232
16.257212
16.619707
16.762501
16.92061
16.865452
16.854424
17.192686
17.336086
17.431679
17.792002
17.84716
17.795683
17.917021
18.258957
17.994228
18.042032
18.126596
18.564133
18.744293
18.909758
19.211243
19.711292
19.567904
19.593632
19.733356
19.417147
18.906071
19.395094
19.178164
19.156097
19.299488
18.663403
18.505308
18.898726
18.997997
18.869303
19.589958
19.303171
19.251696
19.450247
19.424505
19.071533
18.77739
18.729589
18.700178
18.832537
19.009031
19.336258
19.634077
19.89146
20.141476
20.288546
20.509165
20.292229
20.325319
20.067945
19.420824
19.714973
19.299488
19.398773
19.773794
19.531134
19.564341
19.088331
19.040361
19.040361
19.232239
19.217484
19.715624
19.855854
19.863237
19.88168
20.073563
20.239601
20.254374
20.136288
19.748842
19.889057
19.280212
18.918589
18.922283
18.992393
18.826338
18.494246
17.973951
18.4389
18.31712
18.542217
19.479469
19.180586
19.058807
18.922283
18.90752
18.837414
18.90752
18.449968
18.018236
17.981331
17.756245
17.940742
17.675068
17.394621
17.103121
17.247025
17.317141
17.132639
17.339275
17.335581
17.837427
17.940742
17.874327
17.771008
17.81897
17.69351
17.763624
17.896461
18.475794
18.542217
18.195358
18.121553
17.900152
17.734104
17.826349
17.830044
17.962879
17.700901
17.929676
18.207506
18.137121
18.600182
18.251966
18.52239
18.670576
18.500166
18.626112
18.196396
17.885221
17.311026
17.422163
17.503666
17.296209
17.277685
16.933168
16.647923
16.547903
16.899828
16.829449
16.836851
16.762764
16.581247
17.155439
17.314734
17.303614
17.122103
17.333258
17.15914
17.392519
16.910946
16.562729
16.551609
17.148029
17.070234
16.955393
17.025785
17.555521
17.811129
17.974134
17.896334
18.103777
18.114902
18.166758
18.503874
18.577957
18.377916
18.170462
18.348284
18.092672
18.49275
18.422371
18.859493
18.629818
18.385328
18.744661
18.944698
18.974335
18.881727
19.066952
18.978039
18.900242
19.400354
19.055832
18.661705
18.921984
18.364246
18.263855
18.851332
18.940567
19.178532
19.297516
19.089302
19.241743
19.026091
18.832745
18.944292
19.234312
19.05212
18.565031
18.672859
18.661705
18.420023
18.758379
19.133924
18.799284
18.769533
19.479713
20.375801
20.569149
20.736471
20.706717
20.342346
21.104567
21.230986
21.599091
21.758976
22.164263
22.134512
22.041559
22.298119
22.056437
21.889109
22.019253
22.008099
21.468952
21.762691
21.892836
21.963474
21.982069
21.989508
21.996946
22.554668
22.346457
22.450563
22.558388
22.417105
22.58814
22.74802
22.87072
23.06035
23.283438
23.24626
23.093817
22.800079
22.885592
23.138432
23.560148
23.414602
23.23173
23.272781
23.119774
23.213074
23.213074
23.011545
22.369638
22.27634
22.489056
22.321129
22.369638
22.2017
22.134521
21.947916
22.074812
22.287533
22.149446
21.794916
21.604578
21.638168
21.720274
21.682947
21.974051
21.929253
22.33606
22.552509
22.436813
22.093466
22.39576
22.156918
21.962856
21.970314
22.22036
22.739105
22.757767
22.94437
22.921976
22.810017
22.701786
22.429352
22.317394
22.406958
22.873466
22.910778
23.366087
23.336229
23.138432
23.436993
23.496702
23.623594
23.429529
23.358622
22.795088
23.198147
22.940636
22.914511
22.877192
23.123501
23.004086
22.400978
22.131266
22.217424
22.35228
21.981428
22.277359
22.243649
22.022631
22.318565
22.202438
22.123772
22.082567
21.951462
21.618074
21.678003
21.367083
21.17979
20.730265
20.775223
21.067408
20.715292
21.093624
20.587923
21.037439
20.966263
20.996231
20.53548
20.66658
20.651608
20.970015
21.449488
21.520674
21.404545
21.51318
21.325882
21.651781
21.33712
21.104862
21.696732
21.835331
22.14625
22.284853
22.299837
22.371008
22.206182
21.850315
22.123772
22.236156
22.348537
22.38599
22.603264
22.445921
22.59952
22.655699
22.539581
22.876715
22.805546
22.760588
22.839256
22.828022
22.906683
22.936653
22.843002
22.809292
22.978498
22.564882
23.023621
23.001064
23.591408
23.587652
23.538763
23.534996
23.741816
23.869669
23.873425
24.102795
24.268246
24.576576
24.554018
24.663059
24.719465
24.858583
25.291012
25.133081
24.982679
25.09549
25.005243
24.922518
24.896193
25.151882
24.948835
25.151882
25.354931
25.463976
24.945072
24.569059
24.584093
24.708187
24.775862
24.922518
24.678106
24.640503
24.065193
24.159195
24.057673
24.038874
24.181759
23.971186
24.091515
24.204319
24.129114
24.065193
23.595169
23.689177
23.790697
23.666607
23.914787
23.839581
23.704214
23.828304
24.046391
23.854622
23.677889
23.738054
24.057673
23.91102
24.234398
23.328196
23.701836
23.735806
23.78109
23.87545
23.905645
24.430264
24.645386
24.622738
24.400061
24.135876
24.101898
23.856583
24.033974
23.649004
23.135719
22.984747
23.418779
23.407452
23.248938
23.943384
23.716938
23.830158
24.547255
24.434031
24.467995
24.301929
24.44536
24.728418
24.917126
25.237938
25.320963
25.388895
25.517218
25.494579
25.69838
26.245644
26.332436
26.366407
26.094673
26.226753
26.690985
26.800446
27.098608
27.091047
27.309961
27.87608
27.543955
27.483562
27.155207
27.309961
27.562828
27.57037
27.419403
27.377892
27.453377
27.687361
27.75153
27.974215
28.20443
28.193117
28.117622
27.732666
27.306183
27.37034
27.430737
27.664736
27.362791
27.484035
27.298386
27.290808
27.654524
27.77956
27.756832
27.984156
28.363035
28.256954
28.957886
28.866941
28.79875
28.427452
28.802544
29.056395
28.650984
28.863161
29.117012
29.249615
29.965698
29.598194
29.147322
28.957886
29.026079
29.105644
28.96167
28.908638
28.253164
28.416088
28.283472
28.192545
28.003107
28.484276
28.696461
28.927568
28.931374
28.57901
29.010925
29.056395
29.063974
29.264774
29.090492
29.260984
29.363291
29.117012
28.832853
28.741922
28.541113
28.563848
28.760859
28.518379
29.037457
29.060175
29.401176
29.473162
29.094286
28.722971
28.981579
28.601276
28.589869
28.51762
28.008055
28.369314
28.262831
29.742144
30.065374
31.12258
31.023708
31.10737
30.666246
31.080759
30.605396
30.692856
30.803131
31.095961
31.620752
31.66258
31.894558
31.799492
31.818508
31.76145
32.708366
32.309071
32.016243
31.130188
31.369759
31.164404
31.354553
31.757645
31.673994
31.540888
31.392586
30.696653
30.008347
30.152842
29.860027
29.145098
28.871286
29.513977
29.590027
29.555801
29.548199
29.882847
30.217491
29.669888
30.080595
30.213701
30.780329
29.677504
29.559597
29.411299
29.46073
29.464539
28.992979
27.84832
27.437609
28.597471
28.471975
28.198187
28.255226
28.703959
28.543932
27.995316
27.941978
27.652422
27.576221
28.414408
28.810637
28.970655
28.406773
28.482981
28.338209
28.559177
28.262009
27.835299
27.393353
27.004736
27.134274
26.852341
28.132465
27.644812
27.301907
28.178181
28.353462
28.231535
29.740261
30.799414
31.477587
31.226135
31.111832
31.165173
31.622366
31.340425
31.439487
31.561403
32.155762
32.247192
32.300526
33.390175
33.534939
33.489227
33.481594
33.047279
33.352074
33.283489
32.54435
32.430061
32.849152
32.925358
33.100613
33.573051
33.832115
33.839737
33.672089
33.382553
33.641617
33.801636
34.807453
35.317989
35.676125
36.156178
35.401817
35.531353
36.278084
36.148556
35.775177
36.057114
36.217609
36.47744
36.454517
36.569157
36.370445
35.988327
36.294033
36.920708
36.416306
36.408665
36.370445
35.942478
36.34753
36.393383
36.660858
36.232887
36.72966
36.615021
36.538582
36.683804
36.722015
35.331085
35.392212
35.774334
35.789635
36.156464
35.300507
34.964241
34.627979
35.193523
35.033012
34.926044
34.085361
34.314644
34.299351
34.452194
34.627979
35.017738
34.329926
34.536259
34.268772
34.146503
33.642105
32.640934
33.206486
33.519817
33.114761
33.130054
34.047157
34.154137
34.123573
33.970718
34.245842
34.077721
34.108292
33.863724
33.940151
34.008942
34.001289
33.649738
33.21413
33.611526
33.473953
33.489246
33.934242
33.588978
33.58131
35.100407
35.407303
35.338264
35.982723
36.128498
36.33564
37.04916
37.256306
36.872692
37.018463
36.58115
36.558132
36.374001
36.320305
37.29467
36.297287
36.65789
36.297287
36.734589
36.81131
37.026142
36.65789
36.911064
37.647587
37.831722
38.391804
37.778004
37.263977
37.570881
38.054218
38.153957
38.054218
38.169296
38.092587
37.939133
37.164249
36.818996
35.100407
35.721855
35.545399
35.177135
34.218102
35.307556
34.977665
35.530056
35.507046
35.84462
35.261528
35.583771
35.737209
35.437981
35.69117
36.074791
37.745701
37.422302
37.522404
37.283695
37.044998
36.490589
36.421288
36.336597
36.375088
37.168186
37.368393
37.314487
37.49929
37.406906
37.1605
37.422302
37.691803
38.623505
38.7621
39.239513
38.70821
39.25491
39.285717
39.462814
38.923813
38.515713
38.384815
38.253902
38.122997
38.092201
38.022903
38.638905
38.492603
38.300106
38.893002
38.253902
38.777508
38.0383
37.714901
38.107597
37.637905
38.223099
38.122997
37.922806
38.615795
37.791901
37.722595
37.8535
38.923813
39.539814
40.017223
39.909412
39.786228
39.524422
38.454105
38.677406
39.193306
38.446415
39.593716
40.148117
41.141434
41.110622
41.095226
40.685814
40.909832
40.075565
39.418976
39.921082
40.175999
40.670361
40.083302
41.126125
41.357872
40.97163
41.435116
41.365589
39.426701
39.403522
40.801678
41.180206
41.666847
42.647892
41.643677
41.999016
41.002533
41.203377
39.72023
39.96743
39.140888
37.912666
38.646511
40.268684
39.086815
38.530643
37.379662
40.539051
42.06081
43.922459
40.878933
39.017277
38.785557
37.866318
37.348763
38.430214
40.129635
40.083302
40.577675
40.878933
39.751118
40.608582
39.897911
37.758175
39.140888
38.638775
39.642994
40.276421
38.75465
38.638775
38.090328
38.793289
39.66618
39.511677
41.048878
40.917564
40.137375
42.70195
42.872417
41.764393
41.741146
41.7024
42.012344
42.314533
43.004154
43.151356
44.770821
45.018761
44.119942
43.887478
44.716557
44.484112
45.351944
45.096256
44.980022
45.382942
44.019199
43.546543
43.352833
43.531044
41.857365
42.376514
45.506912
46.057053
46.576206
47.81596
48.621819
48.691544
49.776329
48.38937
48.59856
48.404854
49.512878
46.366989
46.971378
45.406174
46.173283
49.257179
49.877068
49.179703
50.132771
47.877949
47.126343
44.243908
45.754856
43.624023
44.817295
47.327812
46.638191
47.637753
46.514225
46.94038
48.358364
49.869316
48.683792
49.381161
47.242584
48.397091
49.31918
48.428093
46.870644
46.855148
46.986866
46.235271
47.413044
48.815525
48.426605
46.847649
46.808762
