Adjusted
24.357746
24.350801
25.454813
24.99654
24.232763
24.829901
24.66326
24.802128
25.204847
24.378576
23.566185
23.677288
23.468977
23.12875
23.448153
22.705191
21.760878
22.094173
22.573271
22.385803
22.663532
22.607988
21.483143
21.49703
20.920719
20.566603
20.990152
20.573549
20.531889
20.719362
20.587429
20.566603
20.413845
20.365244
20.601322
20.649931
20.677698
20.566603
21.198454
21.427591
21.59424
21.281784
21.559519
21.385933
21.524805
20.886009
20.677698
20.531889
21.59424
21.795609
22.670473
22.21221
22.795465
23.010715
23.670341
22.878784
22.989878
22.844069
22.900108
22.612888
22.276642
22.640907
23.348444
23.222349
23.712708
23.63566
23.712708
23.516573
23.712708
23.63566
24.168055
24.511311
24.497299
24.728472
24.658421
25.821295
25.884336
25.14879
24.728472
25.281887
24.37822
24.055969
24.273132
24.567356
24.18206
24.308163
23.992922
23.670687
23.838808
23.83181
23.796782
23.999939
24.034958
23.964903
23.257376
23.222349
23.264381
23.523573
23.733727
24.217087
24.308163
24.945637
25.625151
25.793266
25.050714
25.295906
25.46402
25.46402
25.015686
25.316917
26.381718
26.61289
26.381718
26.633892
26.465765
26.409723
25.65316
25.576099
25.723206
26.227594
25.786253
26.06163
26.082821
25.779205
25.842751
25.772142
25.546198
26.012213
26.054579
25.821571
25.40497
25.461462
25.567371
25.560314
24.917778
24.663582
24.783623
24.825985
24.854235
24.480005
24.58592
25.235518
25.136663
25.101368
24.472944
24.83305
24.557676
24.635345
24.310541
24.487062
24.550611
24.713015
24.762444
24.670645
24.402334
24.409389
24.472944
24.600042
24.458824
24.487062
24.677711
24.395273
24.275234
24.324671
24.21875
24.324671
24.543545
24.698893
24.924831
24.938965
25.002508
25.842751
25.849808
25.991032
26.125185
26.125185
26.125185
27.11371
26.442923
26.972496
27.13489
26.831266
27.177256
26.767723
26.54884
26.399406
26.577303
26.349606
26.698263
26.541725
26.712511
26.75519
26.719614
26.75519
26.477692
26.363815
26.669809
26.75519
26.719614
26.890392
25.965351
25.830151
25.808805
25.4459
25.602446
25.403206
25.595329
25.47436
25.709187
27.068296
27.132328
27.637541
27.722939
27.246181
27.075399
26.563074
26.619989
26.299782
26.249983
26.399406
26.164591
26.854807
26.185938
25.552635
25.011831
25.246656
25.702063
26.406523
26.605766
26.399406
26.669809
26.904621
27.061163
27.267534
27.167906
27.288874
27.018482
27.061163
27.253286
27.281763
26.933083
27.103867
27.146559
27.431192
27.239069
27.096746
27.360035
27.47389
27.573511
27.960659
28.390818
28.426661
28.390818
28.462523
28.247431
28.247431
28.426661
28.899845
29.738667
29.939409
30.082796
30.061291
30.491449
30.003927
30.290707
30.075626
30.003927
29.774508
29.408876
29.079069
29.839029
30.204676
30.742374
30.928791
30.283531
30.305052
30.670677
30.943115
30.835585
30.778227
31.079344
30.98613
30.950304
30.885759
30.885759
30.871441
30.584652
30.290707
30.376743
30.383898
30.642014
30.505783
30.448437
30.828409
30.627666
30.283531
30.175991
29.810373
29.26548
28.749279
29.129269
28.333469
28.899845
29.1436
29.100597
28.799473
28.426661
28.326284
28.104052
28.548538
28.491186
28.845076
29.032841
28.895626
29.44451
30.584249
30.591505
30.054312
30.272097
31.034338
31.208572
30.417282
29.923645
30.380983
30.998047
31.106936
30.72217
30.635067
31.143221
30.925453
30.889149
31.077894
30.671368
30.388254
29.524368
29.916365
29.76391
29.749401
29.30658
29.20495
28.892769
29.233986
29.618725
29.14687
29.20495
28.900045
28.965385
28.696774
28.442696
28.863743
28.689528
28.950863
28.84197
28.834705
28.80567
29.016195
29.437241
29.553408
29.371906
29.938147
29.777594
29.49295
30.142498
29.770283
30.120604
30.033035
29.996534
30.120604
29.828674
29.850565
29.887058
29.850565
30.354174
29.777594
29.522139
29.587826
28.974751
28.909079
28.712019
28.602528
28.230314
28.259516
28.3325
28.544151
28.427378
28.339788
27.952976
27.734024
27.536966
27.004177
26.675762
26.026196
26.770632
27.296122
27.113655
26.85821
27.055269
26.726841
27.120955
26.62466
25.362032
24.712475
24.646795
24.982515
24.807362
24.084806
24.041019
24.508127
24.83655
24.82925
25.186872
25.347439
24.924145
24.931435
25.267149
25.004412
25.362032
25.362032
25.318243
24.807362
25.070095
25.048201
25.091999
25.003857
24.754108
24.746763
24.937735
25.253599
25.062616
25.59149
25.841225
25.385817
25.819201
25.268288
25.084648
25.209515
24.041594
23.894688
23.931421
24.283997
24.614544
24.732073
24.438251
25.055273
24.82756
24.864292
24.98181
24.989162
24.974464
24.239927
23.461308
23.431929
22.763491
22.939781
22.888367
22.866325
22.829609
24.335417
24.599852
24.665955
24.945091
24.834904
25.06996
25.642904
26.524357
26.67127
26.869581
26.678614
26.78145
26.524357
26.840219
26.898972
26.774101
26.597813
26.663919
26.230534
26.561081
26.619852
26.737364
26.752062
26.472939
26.796135
27.574757
27.508652
27.347042
27.398458
27.045881
27.25279
27.053268
27.230619
27.407984
27.511423
27.297125
27.415359
27.481873
27.104994
26.957199
27.341467
27.385811
27.208454
27.585321
27.637043
27.489256
27.393181
27.526207
27.371021
27.326683
27.452309
27.326683
27.393181
27.563143
27.740505
27.555759
27.703556
28.036089
27.341467
26.942429
26.750294
27.319294
27.304523
27.703556
27.614874
27.267565
27.740505
28.412949
28.058264
28.376011
28.575529
28.811991
28.738094
28.117371
28.6642
29.114965
28.841553
28.738094
28.30212
28.427725
28.183874
28.013912
28.183874
28.25038
28.686375
28.316891
28.346449
28.220827
28.013912
28.257774
28.361217
28.146931
27.932634
28.390789
27.999146
28.183874
27.947407
27.740505
27.600101
27.311911
26.905478
26.521219
26.979368
26.794636
26.905478
26.861145
27.127159
27.141949
26.129574
26.255192
26.070456
26.181305
26.299538
26.070456
25.97439
26.196077
25.737923
25.656643
25.198486
25.264986
25.198486
24.910288
25.442341
25.457125
25.678804
25.412783
26.048288
25.826591
26.454708
26.587734
27.245392
27.932634
28.146931
28.021301
28.235605
27.866129
28.198658
27.999146
27.540983
27.821789
28.013912
27.843958
28.021301
27.637043
27.947407
27.962187
27.925241
28.132154
28.191265
27.991749
28.198658
28.339066
28.361217
28.316891
28.494242
28.732126
29.185604
29.103815
28.888241
29.02948
29.074095
28.940273
28.910534
28.895672
28.880808
28.806469
28.516539
28.367872
28.680098
28.925419
29.639074
29.386318
29.438353
29.943861
29.795183
30.070229
29.758005
30.419622
30.471676
30.345284
30.620358
30.821054
30.850796
31.044085
30.917717
30.449347
30.546
30.293255
30.345284
30.78389
32.003048
32.724144
32.92487
33.177605
33.18504
33.251949
32.716717
32.456512
33.006638
33.073544
33.192493
33.006638
33.147884
32.761314
32.553158
32.642372
32.962044
33.556751
33.474968
33.021496
33.155315
33.259388
32.909992
32.672115
31.973305
31.378603
31.549591
32.166615
32.114277
31.688282
31.284712
31.322073
31.837751
31.792919
32.121761
32.510391
32.502911
32.271229
31.374393
31.381868
31.949856
32.846722
32.824272
32.921429
33.564182
33.534279
32.779449
32.60754
32.002182
31.934921
31.740614
31.351978
31.180075
31.277246
31.000704
31.635977
31.404297
30.918495
31.763014
31.396811
31.613544
32.196487
32.323551
32.562706
32.899021
33.227859
33.653858
33.937866
34.431122
34.296593
34.16954
34.221855
33.780907
33.893009
34.550694
34.393753
34.221855
34.079857
33.900486
34.834702
34.715111
34.565636
34.737541
34.827225
34.610477
34.752483
34.901958
34.77491
34.789852
34.752483
33.907963
33.960274
33.434464
33.381882
34.095497
33.802528
33.847603
33.915207
33.810043
33.637272
33.329304
33.877647
33.937744
33.997841
34.050404
33.554642
33.487049
33.629761
33.554642
34.546204
34.929279
35.267311
35.462616
35.477634
35.222237
35.793129
35.582794
35.492649
34.876709
34.70393
34.508625
33.810043
34.20816
34.042919
33.584694
34.70393
34.959328
34.741493
34.087986
34.260727
34.027885
33.644787
33.149021
32.878601
32.810986
32.645741
32.773434
32.510525
33.306759
32.983761
32.600662
32.322727
32.127434
32.337742
31.924608
31.962162
32.345268
32.285168
32.157471
31.992218
32.202545
31.894567
32.022259
32.127998
31.818344
31.961851
32.218628
32.324356
32.42255
32.445202
31.380308
31.644642
31.319893
31.402966
31.236814
31.312347
31.146181
30.776119
31.689955
31.856115
31.561575
31.818344
31.984493
31.916523
31.825911
31.183947
31.267017
31.040449
31.153734
30.98003
31.048004
31.569124
32.47541
32.679329
32.256386
32.437641
32.384766
33.064507
33.019188
33.253304
32.777515
34.439041
34.627853
34.635403
34.559879
34.431496
34.204918
34.363506
34.046314
33.774429
33.940578
33.827286
33.66869
33.381695
33.721561
33.27597
33.117363
32.988968
33.117363
33.087158
32.611355
33.245758
33.540306
33.07962
32.195976
32.271503
32.469055
32.932583
32.750206
32.446262
32.142323
32.332272
33.297325
33.342911
33.593666
33.449276
33.738037
33.654449
33.548073
33.753227
33.418896
33.396103
33.92041
33.874802
34.216751
33.791222
33.905212
33.510078
33.71524
33.905212
33.586075
33.190929
33.099758
33.084564
32.757813
33.517681
33.669655
33.601273
34.28513
34.292736
34.307941
34.20155
35.060196
34.801853
34.307941
34.231937
34.13316
33.806423
33.791222
33.411297
32.552639
32.704628
32.385471
32.742603
33.540478
33.601273
33.973587
33.81403
33.81403
33.441677
33.434086
33.32011
33.175739
33.297325
33.16814
33.297325
33.358116
33.662045
33.745636
33.883228
33.921444
34.433533
34.769859
34.930355
35.419544
35.335453
35.129082
35.106167
35.4119
35.595329
35.343109
35.312527
35.916367
36.222103
35.641201
35.985161
35.839928
35.488331
36.367321
36.864143
36.818279
36.413189
36.757141
36.680698
36.588993
36.726555
37.521481
37.52911
37.19281
37.13929
37.10873
36.986443
37.414463
37.414463
37.13929
38.721493
38.155895
38.522755
39.080727
39.118958
39.00428
39.088371
39.417042
40.051449
40.097309
40.273094
40.441254
40.08202
39.936802
39.669273
39.600471
39.83744
39.952084
39.661625
39.233604
39.080727
39.111298
39.42469
39.78392
39.600471
39.172459
39.340603
39.669273
39.938145
39.607811
40.191639
40.452816
40.253109
40.145546
40.598778
41.144207
41.459156
41.397701
41.359287
41.520603
41.136509
41.497562
41.658871
41.597439
41.244053
41.136509
40.790836
40.260788
39.961189
39.861328
39.600132
39.331284
39.223728
39.216049
39.146912
39.400417
39.461864
39.738419
39.79987
39.438808
38.90876
38.916451
39.162262
39.638535
39.062405
39.945831
40.276131
40.460506
40.529636
40.498924
40.836922
40.322247
40.4221
40.498924
40.690964
40.498924
40.506603
40.944458
41.282463
41.282463
40.714005
40.637199
39.323582
38.985592
39.346634
38.854996
39.239098
39.723057
39.352455
39.545467
39.900639
39.530025
38.286991
38.402805
38.526337
38.873768
39.28297
39.993279
40.657257
40.417912
40.526009
40.093655
40.047321
39.993279
40.00872
39.970112
40.031879
40.116806
40.66497
40.757633
40.79623
40.950638
40.942917
41.08189
41.066452
41.437031
41.560574
41.861683
41.552864
41.660946
41.552864
41.730427
42.270878
41.63007
41.437031
41.769028
42.031548
42.155071
42.463909
42.232281
43.374943
43.413559
43.745533
43.158779
43.822742
43.43671
43.205097
43.413559
43.22052
43.459873
43.151039
42.965744
42.950302
42.270878
42.131912
42.039265
42.332661
41.823086
42.139626
42.6106
42.425297
42.409763
41.742268
42.378723
42.363205
41.66465
42.355442
42.029469
41.850941
41.455093
41.369717
40.826389
41.175678
40.655628
40.772049
41.07476
41.082527
41.455093
41.52494
42.285599
42.69696
42.239021
42.316628
42.611584
41.253284
41.315384
41.92078
41.587051
41.455093
41.136868
41.051483
41.455093
40.151131
40.500404
39.025688
39.848431
39.778561
39.312874
40.228741
39.413776
40.104553
40.127834
37.9701
39.219734
39.669903
39.840664
37.550968
39.29734
39.351677
38.893734
38.909256
40.904007
41.082527
40.593552
40.197689
40.834156
40.073502
40.756538
39.708717
38.792847
40.391735
39.033455
39.227497
39.561237
39.266289
39.547325
38.915005
38.81353
39.258488
39.196041
39.274101
38.790104
38.641781
40.452869
40.702675
39.914234
39.820549
38.704231
39.024303
39.055527
39.110168
39.297527
40.460667
40.780754
40.843189
41.803379
42.006355
41.748749
41.608212
42.037567
42.170288
42.28738
41.600407
40.827591
40.858799
40.491901
39.976685
40.601196
40.351383
40.125004
40.39043
41.537975
41.280354
40.921257
40.75732
40.530933
40.921257
40.89003
40.97591
39.305321
39.867393
40.125004
40.109402
40.819775
41.163254
41.342804
41.155453
40.04694
39.961082
39.071133
40.288937
39.157005
39.953259
40.164043
40.819775
41.4599
41.725319
41.311573
42.28738
42.876022
42.507137
43.307674
41.408356
42.679798
42.695499
41.353428
41.282787
41.329865
41.51823
40.945301
42.153954
43.229206
42.609161
42.452202
42.49144
