Adjusted
9.856933
9.856933
9.745506
9.642651
9.728369
9.736937
9.779789
9.736937
9.951215
9.951215
10.156925
10.088356
9.925502
9.771221
9.942643
9.848358
8.776956
8.871238
8.656957
8.639818
8.836954
8.571248
8.451247
8.228395
8.125542
7.971258
8.056967
7.996971
7.911257
7.782692
7.714125
8.014113
8.056967
8.065541
8.262683
8.005542
8.099826
7.876026
7.850204
7.919065
7.841596
7.695266
7.342351
6.627912
6.447152
6.326644
6.352469
6.266391
6.559051
6.369682
6.584875
6.731205
6.886144
7.01526
7.617796
7.006652
7.01526
6.86032
7.058296
6.825889
6.670952
6.808674
6.929182
6.980829
7.066904
7.316527
7.109943
7.196018
7.290704
7.411212
7.48868
7.376781
7.480071
7.686657
7.652227
7.83299
8.022357
8.108435
8.065395
8.246156
8.254763
8.289194
8.263371
8.383879
8.435525
8.512998
8.332231
8.185905
8.340844
8.306411
8.246156
8.177296
8.022357
7.83299
8.151472
7.755518
7.74691
7.660834
7.944888
8.013753
8.005105
7.953233
8.212577
8.385473
8.437346
8.748557
8.791784
8.739913
8.49786
8.748557
8.956034
9.137576
9.258602
9.379632
9.362343
9.293183
9.336408
9.422854
9.422854
9.26725
9.163509
9.310472
9.26725
9.180802
9.388278
9.613046
9.5093
9.414213
9.630333
9.682202
10.200891
10.123086
9.915608
10.045289
9.967477
9.768648
9.820518
9.699492
9.863741
9.9329
9.924253
9.984767
10.010704
9.708134
9.846454
9.794581
9.638979
9.734072
9.595752
9.587106
9.500659
9.777292
9.638979
9.638979
9.638979
9.630333
9.9329
9.83781
9.768648
9.552526
9.820518
9.405569
9.466082
9.301829
9.42331
9.700974
9.718328
9.770392
9.961286
10.612067
10.872379
11.106659
11.202108
11.115338
11.410358
11.427711
11.497128
11.31491
11.271529
11.566545
11.714057
11.540515
12.364839
12.338806
12.51235
12.147911
12.416902
12.260712
12.451607
12.408222
12.573088
12.529699
12.442932
12.364839
12.347483
12.182618
12.33013
12.286744
12.373517
12.573088
12.451607
12.51235
12.555734
12.399547
12.442932
12.364839
12.269388
12.460286
12.356157
12.460286
12.382193
12.477636
12.364839
12.295416
12.347483
12.347483
12.555734
12.278067
12.460286
12.321453
12.260712
12.199973
12.139236
12.052462
11.913628
11.627284
11.800825
11.870243
11.992078
11.878944
12.140021
12.148723
12.174832
12.009481
11.922458
11.939865
12.070403
11.896351
12.235748
12.148723
12.401098
12.401098
12.209642
12.401098
12.270557
12.209642
12.166126
11.226255
10.956477
11.365498
11.48733
11.522143
11.469928
11.304583
11.696194
11.731002
11.661383
11.643978
11.704894
11.687493
11.757106
11.774515
11.939865
11.757106
11.835436
11.818031
11.748407
13.045083
13.201726
13.280056
13.149513
13.384484
13.92404
14.141603
14.715967
14.881317
14.820398
14.533214
14.350461
14.750776
14.385272
14.254735
14.106795
14.028471
13.932745
13.802205
13.401888
13.062491
13.480207
13.872839
13.855387
14.483593
14.405067
14.509764
14.823869
14.823869
14.884941
15.024552
14.727893
14.954743
14.998367
14.771518
14.90239
14.963474
15.13797
15.696376
15.548049
15.678923
15.783626
15.818523
15.766175
15.338646
15.539326
15.74873
15.923224
15.844691
15.8796
16.132633
16.06283
16.04538
15.897053
15.801079
15.984295
16.141346
16.45545
16.438004
16.333298
16.682302
16.752106
16.664864
16.263502
16.18498
16.45545
16.342033
16.350754
16.795727
16.568878
16.45545
16.691031
17.162193
17.109833
17.188362
17.345409
16.926603
17.083664
16.795727
16.682302
16.3682
16.56016
16.603781
16.682302
17.109833
17.354132
17.91366
17.939894
17.77379
17.861208
18.009832
17.791267
18.193436
17.922403
17.896173
17.922403
17.546467
17.948629
17.85247
17.83498
17.3279
17.607674
17.931149
17.869953
18.11474
18.053547
17.931149
17.85247
18.315826
18.39451
18.350798
18.228394
18.350798
18.385767
18.237141
18.132229
18.009832
18.175943
18.411995
18.044802
18.036055
18.27211
17.861208
17.511505
17.441565
16.156393
16.584782
16.479876
16.374956
16.663467
16.969461
16.742151
16.85581
16.558556
16.086452
15.815431
16.025251
16.287537
16.14765
16.252567
16.348734
16.182627
16.357471
16.576046
16.890768
17.030653
16.165138
15.937825
15.614347
15.535662
14.247603
14.440374
14.440374
14.685721
14.685721
14.887252
14.527996
14.69448
14.703246
14.598096
14.641905
14.431613
14.422847
14.58057
14.475425
14.343987
14.0373
14.054831
14.06359
13.783194
13.984728
13.888345
14.0373
14.414087
14.440374
14.195027
14.072352
13.975965
13.932153
13.888345
13.704331
13.634237
13.362603
13.345077
13.134777
13.274975
13.231165
13.047153
12.801807
12.372453
12.573986
12.828097
12.880672
12.705422
12.705422
12.898199
12.977057
13.345077
13.660522
13.642999
14.072352
14.203786
14.422847
14.790865
14.966116
14.58057
14.825915
14.571805
14.238832
14.159973
14.116163
14.589334
14.615622
14.580483
14.396035
14.747372
14.817634
14.958173
14.721021
14.334555
14.61562
14.606833
14.73859
14.659532
15.046004
15.221676
15.327073
15.283156
15.037222
15.239242
15.423694
15.529091
15.555445
15.669627
15.818945
16.020966
16.161501
15.818945
15.827732
15.652062
15.432477
15.520311
15.511531
15.555445
15.529091
15.441258
15.318293
15.581797
15.634496
15.423694
15.406119
15.397343
15.406119
15.616928
15.871645
15.590578
15.081139
15.028439
14.975739
14.791289
14.993308
14.887906
14.580483
14.281849
14.518999
14.64197
14.624401
14.650753
14.685882
14.650753
14.966957
14.73859
14.729805
15.072352
15.257242
14.984317
15.45973
15.644621
15.257242
15.204414
15.133981
15.010732
14.878668
15.125178
15.380493
15.424514
15.327666
15.204414
15.125178
15.037142
15.028338
14.852263
14.808237
14.966703
14.949107
14.729006
14.773025
14.684985
14.552924
14.48249
14.45608
14.570533
14.755411
14.76422
14.605749
14.729006
14.746613
14.790632
14.76422
14.464886
14.438473
14.059905
14.376845
14.130334
14.341632
14.0511
14.56173
14.73781
14.869864
15.327666
15.591791
15.864714
15.952755
15.987966
15.847101
16.023188
16.216869
16.401751
16.366535
16.507399
16.59544
16.745104
16.727497
16.797926
16.683475
16.727497
16.507399
16.604239
16.577827
16.25209
16.340126
16.410557
16.2873
16.23447
16.243282
16.137634
16.269699
16.172852
16.304907
16.419359
16.533815
16.542618
16.419359
16.208067
15.970355
16.031981
15.935146
15.847101
15.354088
15.512552
15.486146
15.671024
15.671024
15.600595
15.715047
15.864714
16.076008
16.005579
16.023188
16.128832
16.304907
17.141291
16.753908
16.639463
16.780325
16.551418
16.639463
16.260887
16.243282
16.25209
16.2873
16.410557
15.803085
15.820691
15.838296
15.671024
15.723852
15.73265
15.662221
15.582975
15.503755
15.503755
15.521356
15.389295
15.503755
15.521356
15.530161
15.477335
15.450927
15.556575
15.582975
15.494948
15.574185
15.300639
15.688891
15.724186
15.785953
16.024197
16.085968
16.015375
15.909488
16.041845
15.92713
15.574183
15.635953
15.883019
15.653595
15.503592
15.230051
15.380056
15.600656
15.459476
15.318289
15.530061
15.741842
15.92713
16.085968
15.918314
15.724186
15.874192
15.971261
15.883019
15.6183
15.680068
15.706538
15.77713
15.77713
15.865376
15.92713
15.962432
15.635953
15.918314
15.812416
15.680068
15.185925
15.441824
15.706538
15.785953
15.92713
16.094788
16.341856
16.456579
16.368334
16.430107
16.500696
16.324213
14.568257
14.6212
14.427076
14.638848
14.771202
14.753557
14.82415
14.568257
14.806505
14.727086
14.903568
14.850621
15.141809
14.885921
14.585904
14.444723
14.374131
14.57708
14.550608
14.656494
14.691791
14.788854
14.806505
14.877092
14.82415
14.912392
15.062394
15.097694
15.212402
15.221227
15.230051
15.247694
15.088868
14.744731
14.832973
14.788854
14.832973
14.850621
14.780026
14.82415
14.903568
14.603551
14.550608
14.6212
14.550608
14.338836
14.541783
13.968234
13.668218
13.685869
13.56233
12.591704
12.644649
12.777006
12.715236
12.618176
12.441698
12.424049
12.476993
12.812303
12.82995
12.865246
13.006429
12.979958
12.935835
12.935835
12.653474
12.538759
12.494639
12.450519
12.450519
11.972678
12.20275
12.05232
11.804547
11.645262
11.645262
11.645262
12.070013
12.078863
11.556772
11.733754
11.450586
11.645262
11.822244
11.990376
12.070013
12.140805
12.229293
12.193901
12.167353
12.255847
11.990376
12.016919
12.158504
12.185053
12.11426
11.866489
11.733754
11.733754
11.716054
11.565624
11.592171
11.574472
11.654114
11.804547
11.742606
11.432889
12.432825
12.140805
12.140805
12.760236
12.875276
12.919518
13.016857
12.954915
12.946064
12.928367
13.255778
13.158439
13.255778
13.884058
13.901752
13.60089
14.052188
13.830964
13.423913
13.760174
14.591979
15.184852
14.715859
14.335356
14.512333
14.476944
14.246301
14.201948
14.104371
14.113241
13.838252
13.847116
13.953568
13.722933
13.607613
13.430197
13.057637
13.057637
12.933443
12.87135
12.986668
12.924571
13.093115
13.199561
13.314879
13.252787
12.791508
12.667319
13.172952
13.181821
13.172952
12.818121
13.181821
12.818121
13.554386
13.740672
13.44794
13.075373
12.747156
12.605225
12.676189
12.933443
13.022148
12.649581
12.889088
12.720545
12.720545
12.552002
12.924571
12.552002
12.214918
12.383458
12.099598
11.957665
11.744767
11.700418
11.647196
11.824608
11.931055
11.957665
12.010892
12.259272
12.702806
12.649581
12.853608
12.915699
12.853608
12.640709
12.835866
12.853608
13.306008
13.128123
13.101439
13.08365
13.137012
13.270432
13.448321
13.519477
13.314902
13.350482
13.563947
14.03535
14.186554
14.239925
14.311075
14.150975
14.124294
14.186554
14.346653
14.78248
14.666854
14.311075
14.124294
13.990877
13.777413
13.608417
13.590627
13.519477
13.430532
13.368273
13.270432
13.332694
13.430532
13.323798
13.341588
13.332694
13.199275
12.941339
12.905763
12.736769
12.754557
12.763453
12.745661
12.923552
12.852397
12.781241
12.665614
12.630035
12.701192
12.852397
12.701192
12.772346
12.763453
13.279326
13.937514
13.483897
13.652894
13.670678
13.697365
13.786309
13.857459
13.884144
13.839673
13.786309
14.160838
14.169755
14.089499
14.464029
14.793974
14.829639
14.793974
14.83856
14.597793
15.159588
14.579954
14.80289
14.892065
14.900981
14.83856
15.141749
14.900981
14.856395
14.80289
14.811807
14.767219
14.66913
14.579954
14.517535
14.713714
14.517535
14.553206
14.80289
14.936656
14.918815
14.535366
14.187587
14.027077
14.116249
14.187587
14.223263
14.588874
14.624541
14.883143
15.409277
15.480618
15.828392
15.944322
16.158339
16.194008
16.292097
16.185085
16.27426
16.158339
16.363436
16.729052
16.604206
16.853891
16.889566
17.058992
16.889566
16.630957
16.541782
16.541782
16.103891
16.309435
16.130692
15.898345
15.862597
15.996641
16.068138
16.130692
16.077078
16.389862
15.951962
16.086016
16.336245
16.29155
16.175385
16.371986
16.461359
16.943926
17.006493
17.060108
16.979683
17.149479
16.943926
17.346083
17.596308
17.739296
17.757177
17.58737
17.542688
17.53376
17.810791
18.034203
18.275497
18.67765
18.266562
18.302309
18.570404
18.597216
18.945751
18.829567
19.124483
18.945751
18.945751
18.731264
18.901064
18.93681
19.070864
19.088734
19.160233
19.374712
19.499825
19.36577
19.338963
19.36577
19.553444
19.973475
19.83942
19.705368
19.69643
19.464079
19.660683
19.383646
19.732178
20.06283
19.937498
19.955402
19.892735
20.429892
20.215023
19.919588
19.391382
19.516729
19.489866
19.391382
19.642063
19.570435
20.170267
20.662666
20.555229
20.591036
21.55792
20.653708
20.653708
20.814854
20.617903
20.805901
20.626852
20.877522
21.244579
21.17296
21.199816
21.011818
20.814854
20.770088
21.092384
21.40572
21.289351
21.011818
20.940191
21.253536
21.190868
21.244579
20.573141
20.19713
19.704729
19.167576
19.67787
19.069092
18.675179
18.612513
18.263353
19.095953
19.248148
18.666225
17.806774
17.878391
18.164879
17.851534
17.493431
17.323328
17.914204
18.173828
18.514023
18.773653
19.337669
19.570435
18.961658
18.675179
19.069851
18.890453
19.329973
19.742584
17.19516
16.701813
16.630058
16.405813
16.594179
16.594179
16.68388
16.504477
16.181566
16.253323
16.576237
16.818426
16.872236
16.809454
16.23538
16.199507
16.064953
16.011145
16.011145
15.993195
15.822772
15.840718
15.867622
16.127752
16.49551
16.62109
16.513451
16.2892
16.163626
15.966289
16.145685
16.029083
15.132091
14.800211
14.566996
14.360692
14.190267
14.172325
14.154387
14.163355
14.172325
13.85838
13.562378
13.526499
13.463711
13.095946
13.499587
13.230495
12.853761
13.526499
13.867352
13.311222
13.508557
13.311222
13.45474
13.167707
13.302254
12.782001
12.656423
13.187149
13.295093
13.412028
13.0882
13.043225
13.169157
13.825816
13.74486
13.78084
13.519979
13.564952
13.474998
12.962265
12.737381
13.295093
13.169157
13.322079
13.798829
13.84381
13.879789
13.798829
13.852803
