Adjusted
1.844688
1.912539
1.963426
1.85741
1.768357
1.789559
1.768357
1.730189
1.679302
1.594489
1.713227
1.687784
1.632655
1.560564
1.573285
1.556323
1.547842
1.653858
1.781078
1.738671
1.738671
1.840447
1.865891
2.094887
2.133053
2.120331
2.035517
2.162738
2.171219
2.141534
2.277236
2.243311
2.209385
2.183941
2.200904
2.260273
2.285717
2.247551
2.23907
2.268754
2.247551
2.188181
2.306921
2.544397
2.591044
2.853965
2.798837
2.730986
2.75643
2.675858
2.726745
2.709784
2.832762
2.904854
2.866688
2.862447
2.853965
2.701302
2.739467
3.006629
3.13809
3.125368
3.286513
3.375568
3.53247
3.278032
3.01087
3.133849
3.142331
3.180497
3.159293
3.150812
3.235625
3.235625
3.39253
3.350123
3.341641
3.354362
3.286513
3.307716
3.261069
3.294994
3.2017
3.273791
3.159293
3.188978
3.061758
2.896372
2.883651
2.976945
3.172015
3.358605
3.307716
3.286513
3.159293
3.286513
3.32892
3.188978
3.159293
3.082961
2.879409
2.985426
2.972704
2.934538
2.926057
2.887891
2.930298
2.981185
2.955741
3.150812
3.341641
3.278032
3.286513
3.282272
3.273791
3.286513
3.235625
3.104165
3.116886
3.019351
2.981185
2.938779
2.964223
2.917576
2.858207
2.94726
3.023592
3.01511
3.159293
3.256829
3.146571
3.180497
3.13809
3.244106
3.044796
3.040555
3.053277
3.065999
3.074481
3.180497
3.214422
3.125368
3.142331
3.125368
3.146571
2.94726
2.82004
2.849725
2.853965
2.917576
2.892132
2.892132
2.989666
3.163534
3.252588
3.294994
3.239866
3.244106
3.32892
3.39253
3.574877
3.570638
3.646969
3.536713
3.625766
3.748745
3.791152
3.663933
3.723302
3.808113
3.774189
3.880205
3.922613
3.765708
3.808113
3.803875
3.689376
3.791152
3.791152
3.625766
3.642729
3.625766
3.625766
3.562157
3.477343
3.498546
3.553675
3.5876
3.731783
3.752984
3.795393
3.808113
3.880205
3.914131
3.892927
4.113441
4.155848
4.177053
4.261864
4.367882
4.393325
4.372123
4.444216
4.414531
4.452695
4.338196
4.439973
4.571434
4.68593
4.800429
4.834353
4.957333
5.046387
5.224495
5.266903
5.190571
5.258419
4.999741
5.118479
5.186329
5.283866
5.114237
5.258419
5.182088
5.258419
5.237219
5.347474
5.38564
5.402604
5.37716
5.614636
5.597674
5.724894
5.852114
5.76306
5.945408
5.852114
5.712173
5.589193
5.784264
5.576471
5.805468
5.881798
6.021739
6.0175
6.187127
6.115034
6.148961
6.221052
6.246494
6.411882
6.178646
6.280419
6.530619
6.433084
6.318585
6.148961
6.267697
6.288901
6.483973
6.450048
6.454288
6.46701
6.636635
6.869873
6.734172
6.802022
7.158237
7.1752
6.763856
6.814742
6.445806
6.46277
5.945408
6.089592
6.16168
6.360993
6.488213
6.700246
6.835949
6.980129
6.797781
7.086146
7.293938
7.018294
6.997092
7.226089
7.196403
7.395713
7.603505
7.739207
7.747689
7.522933
7.857947
8.086943
8.129348
8.014851
7.790096
7.463565
7.149755
7.395713
7.120071
7.149755
7.463565
7.518693
7.611988
7.446604
7.679842
7.624711
7.611988
7.624711
7.845226
7.90459
7.968204
7.573823
7.688318
7.913076
7.857947
7.993648
8.061497
8.383788
9.435474
9.032607
9.049574
9.011403
8.901149
8.77817
8.595821
8.964762
8.862986
9.053815
9.066533
9.096219
8.752725
8.612784
8.841783
9.041092
9.108944
9.053815
8.697597
8.383788
8.76545
8.981723
8.973244
9.359142
9.380344
9.168313
9.202235
9.045331
9.265847
9.452435
10.219995
10.007964
9.986757
10.101256
10.945144
10.355695
9.753522
9.715357
10.224236
9.817133
9.884982
9.711118
9.397305
9.842578
10.160625
10.287846
10.410824
10.635578
10.940907
11.420098
11.250479
11.237754
11.165664
11.454029
11.704228
11.77632
11.878094
11.916261
12.174939
12.068922
12.255514
12.213106
12.128292
12.348806
12.446342
13.073963
12.99763
13.056997
12.213106
11.907779
11.822966
11.534603
11.958664
11.907779
12.217348
12.297922
12.043479
11.903538
11.195349
9.6051
9.58814
9.965558
9.859538
9.549972
9.787445
10.071573
10.016445
9.50332
9.927389
10.253922
9.974037
9.884982
9.762004
9.880741
9.783204
10.054608
9.855298
10.041885
10.309047
10.326011
10.283607
10.461715
10.389625
10.953631
10.673744
11.004519
11.28864
11.606692
11.687266
11.793281
11.725431
12.658377
12.263996
12.395456
12.658377
12.403935
12.683819
12.0562
12.522676
12.764393
12.794078
13.879688
14.21894
13.646449
13.307195
13.01459
13.086684
12.217348
12.535395
12.213106
11.971389
11.992591
12.645657
12.721987
13.040033
12.912818
13.32416
13.095162
12.637171
12.840726
12.721987
12.569324
12.967946
12.42938
12.353048
11.979871
12.340326
12.802559
12.713505
12.925539
12.467544
12.586284
13.425936
13.642211
13.616765
13.981462
13.90937
14.18077
14.299509
14.146853
14.045073
13.45986
12.900096
13.264792
13.349602
13.035793
12.925539
12.857688
12.929777
13.252069
13.25631
13.875449
13.400492
13.464103
13.332639
13.39625
13.069722
13.553154
13.146051
13.38353
13.45986
13.27327
13.51075
12.658377
12.514192
12.403935
12.586284
12.314882
12.484509
12.569324
12.900096
12.853449
12.531159
12.798319
12.671096
12.590524
12.743189
12.675342
12.582044
12.950981
13.154532
13.277514
13.502271
14.091716
14.329194
14.02811
13.75671
13.400492
13.7143
13.527712
14.019629
14.125648
14.163809
13.900892
14.693892
14.269824
14.579399
14.307993
14.307993
14.982261
15.588674
15.660763
15.338473
15.338473
15.690452
15.85583
15.804947
15.681968
15.427526
14.753266
14.935617
14.859278
14.291035
14.494583
14.757505
14.931369
14.863521
14.774469
15.058589
15.376637
15.016179
14.587876
14.859278
15.698933
17.115307
17.115307
16.602188
17.522415
17.373993
17.005056
17.017776
16.572512
15.838869
15.639557
14.846557
15.359683
16.122993
15.703169
16.46225
16.631874
17.636915
17.064426
16.547062
16.156919
16.089071
16.593708
15.698933
16.508894
17.009291
16.835424
17.704763
16.996576
17.501215
16.402878
16.097549
15.703169
16.156919
16.165403
17.064426
16.835424
17.051699
18.222128
17.831985
17.687801
18.719515
18.511478
18.991247
18.982756
19.572916
19.178062
18.876616
18.868116
20.022966
19.848894
19.86587
20.014473
20.366871
20.48575
20.986748
20.600389
19.976263
20.574911
20.315922
20.379606
20.243744
19.959276
19.69179
19.751236
20.337147
21.029207
20.55793
20.481504
20.464525
20.73201
20.727757
21.029207
20.252237
20.197042
19.75548
20.307428
20.001738
19.912582
20.715025
20.570669
20.574911
20.481504
20.613119
20.473015
20.94005
21.653334
21.504734
21.313679
22.685045
22.417576
22.27746
22.697786
23.075663
23.343145
22.9865
22.481258
21.585398
21.441042
21.912323
22.120363
22.247736
22.409079
21.92082
21.865616
22.557678
23.420378
24.563555
26.021223
25.094786
26.369705
26.985922
27.024176
28.639074
27.648878
27.657377
27.755119
26.688433
26.573689
27.993107
26.879669
28.367085
29.688761
28.575319
28.715572
28.515821
29.442282
29.047047
28.575319
29.259541
28.154606
26.021223
24.873791
26.114719
25.494255
26.454702
25.592005
23.552116
24.368073
25.052282
23.811359
24.019592
22.493937
23.484123
24.397827
25.179777
24.924797
24.087593
25.018282
25.987225
25.485756
26.199718
27.198402
24.890791
24.015345
24.202337
23.9261
22.646925
22.923161
23.607367
23.267389
23.93885
24.138588
23.713614
24.355326
25.277521
24.708057
24.6868
23.343884
23.454578
23.44606
24.676481
24.885103
25.132034
24.936192
24.799952
25.327877
24.625397
25.153316
24.719055
25.161839
24.719055
24.497665
25.234217
25.557787
26.179379
26.558304
26.409285
25.515207
26.072939
25.97076
26.204926
27.626938
27.856834
27.66099
28.482685
28.819025
28.853079
28.878637
29.014885
30.096285
30.283607
29.806772
30.3943
30.37727
30.138861
29.938759
29.06596
29.461918
29.828056
30.815805
30.854115
29.806772
28.359215
27.780201
27.79723
27.022356
26.69454
26.196409
25.894121
26.060177
25.264015
25.080944
26.51572
26.737116
27.077715
26.566818
26.634933
26.920187
26.233639
25.760311
26.280544
26.864744
26.604628
25.628119
25.159054
25.150524
25.551361
26.080132
26.600365
27.171776
27.453209
27.930817
27.666422
26.984148
26.920189
27.069429
27.461742
27.70907
27.94787
28.49369
28.996876
29.137592
29.141853
28.864676
29.175972
29.858257
30.288948
29.91795
30.357172
29.934996
30.885944
30.506424
31.448816
31.55542
31.934948
31.184423
31.981848
31.636431
30.250565
29.248455
29.269789
29.815613
29.964857
30.856081
30.766537
30.98402
30.280415
29.909414
29.738853
30.617287
30.306002
29.551228
28.613094
29.0054
27.977722
27.457481
27.50012
26.894596
27.589666
26.975618
28.216509
28.617367
28.228731
29.087135
29.467192
29.988226
29.052965
28.847977
27.472836
27.77177
27.451481
26.65287
26.259977
26.776722
27.746157
27.694902
26.68704
26.353931
27.400238
28.29707
29.044416
29.257944
29.702091
30.077906
31.653759
31.75626
31.747707
32.042389
31.559807
31.602509
31.435961
31.760519
31.124207
30.487881
30.628809
29.80459
30.005306
30.479342
29.915621
29.373247
30.406744
31.137016
31.734901
30.957649
31.359091
31.94417
31.858753
31.952703
31.457321
30.35549
30.483612
30.684334
30.803913
29.975405
30.184664
29.381802
29.915621
30.180389
29.099934
29.296379
29.462931
29.663651
28.783903
29.245138
29.38607
28.476425
28.147587
27.467527
27.634338
27.843912
27.176683
26.235723
26.500906
25.619825
24.884161
24.956873
25.247717
24.38802
24.405128
24.837116
23.956034
23.190432
23.759285
23.305916
23.190432
24.118563
25.239162
24.807171
24.79862
24.901278
23.776398
24.358076
24.918383
24.965424
24.918383
25.521456
25.410242
26.458138
27.155306
27.660002
27.535967
27.069754
27.890965
27.630064
27.41193
28.027832
28.027832
27.488914
27.185246
27.15958
27.347773
27.287893
27.142467
27.587294
27.420481
27.078316
27.463251
27.938004
27.972229
28.459816
28.408495
28.780602
28.220299
28.254513
27.963671
29.020115
28.772041
29.156984
28.814819
29.285305
30.407539
30.176235
30.621712
30.463224
30.638838
30.878704
30.480356
30.27475
30.249048
29.79073
30.056293
30.583158
30.681679
28.608521
29.39238
28.702763
28.01314
28.030279
27.996006
28.308693
28.355806
28.171621
28.539989
27.850372
28.12879
28.167345
27.858936
27.212152
27.177893
29.118244
29.499462
30.304728
30.043446
30.270458
30.193365
31.157124
31.615452
31.054329
31.619734
33.645756
35.007862
35.290565
35.620377
35.971619
36.125801
35.192043
35.813122
36.54987
36.134377
35.671783
36.871128
36.699791
36.524166
36.742626
36.708351
37.710655
38.310318
39.077042
38.944271
38.009457
39.094341
40.492256
39.536018
38.048058
39.351627
40.187805
40.222118
40.685219
41.491371
41.860153
41.825851
41.920185
41.521397
42.396164
42.336128
42.499073
42.923588
43.240906
42.649147
42.10886
41.735802
43.12513
43.06509
43.639702
43.995605
45.517872
45.36351
46.122494
46.422657
47.44751
47.833439
47.914909
47.391769
46.628479
46.366913
46.272579
46.6628
47.117325
46.667072
49.97747
50.968014
51.100948
51.971413
51.465435
53.099194
49.291374
50.153275
49.853115
49.767349
51.122387
50.131844
51.156693
50.513481
50.041794
48.969772
49.956036
51.019478
51.88567
51.461132
50.414848
49.715889
51.366806
51.306786
53.172077
53.069172
54.752819
54.933208
54.237415
51.806427
50.612431
50.852951
50.423443
49.512909
51.308208
52.742752
53.910995
54.5896
54.160107
52.124271
53.4729
52.777111
52.373375
49.744839
48.593769
49.12635
49.091991
49.581619
49.762024
49.719067
50.603836
50.99897
52.227341
51.711945
51.179379
50.852951
49.392639
47.288078
48.490677
47.794895
46.712555
47.12487
44.126961
44.25581
42.460487
41.137627
43.2164
42.778328
41.52417
41.507
39.015884
40.235676
41.378139
41.764709
40.373119
42.34882
41.807663
40.287212
38.4146
38.655106
40.330162
40.012333
39.943623
42.125488
42.692429
43.774769
42.177025
41.146202
42.127537
41.111786
42.463242
44.081543
43.668358
43.995468
42.635391
40.767464
40.027184
40.844933
42.54932
42.523502
41.576614
42.446022
41.757381
42.093109
43.720009
42.730099
43.909382
42.781742
40.578094
39.61401
40.25959
40.793282
40.294029
41.318378
41.981197
42.80756
44.761578
47.55917
47.008259
46.534824
47.292332
46.405697
45.682632
45.656803
44.503338
45.510471
46.009724
47.567772
49.237736
55.504364
52.603462
51.338097
52.104191
49.315205
49.366859
47.946541
50.899078
48.755688
48.463005
48.221989
46.629505
50.821606
48.617958
46.810276
48.067039
47.791592
48.790123
47.343967
48.135899
44.494717
41.877892
41.989811
42.481468
42.421089
43.050766
41.204861
40.575191
40.557949
41.524029
40.739079
39.031204
40.031776
39.065697
41.291119
42.015671
43.007633
42.533226
41.291119
41.265251
41.420498
41.765537
41.610275
41.342888
