Adjusted
11.635086
11.559025
11.76819
11.770094
11.617978
11.74157
11.699733
11.656004
11.57614
11.44114
11.389801
11.380291
11.313738
10.859285
10.999994
10.735693
10.553153
10.543647
10.583576
10.518928
10.849778
10.766116
10.722382
10.672948
10.714775
10.686255
10.697661
10.587379
10.492306
10.477093
10.513225
10.729987
10.600686
10.503713
10.718579
10.496107
10.378214
10.505615
10.505615
10.494205
10.501813
10.273636
10.32307
10.220395
10.439066
10.070536
9.927328
9.803208
10.055263
10.154555
10.450517
10.616644
10.524986
10.738852
11.124565
10.819048
10.731212
10.809502
10.778948
10.77704
10.502072
10.673926
10.9909
10.771312
10.861057
11.059642
11.025269
10.895429
10.979446
10.874422
11.095922
11.27159
11.214308
11.151295
11.118834
11.38043
11.212399
11.256315
11.334603
11.443442
11.451082
11.365155
11.28687
11.399528
11.472089
11.516006
11.437716
11.403344
11.529374
11.57711
11.48736
11.48736
11.456808
11.451082
11.241041
11.336514
11.410982
11.409073
11.317417
11.195211
11.265863
11.323149
11.645847
11.680215
11.733682
11.701223
11.657304
11.642032
11.557695
11.586443
11.663111
11.718697
11.553861
11.749363
11.563441
11.477192
11.337274
11.262526
11.22227
11.162856
10.973097
11.182021
11.107269
11.120687
11.149436
11.191603
11.078521
11.344939
11.381358
11.231858
11.088101
11.254854
11.335357
11.327689
11.304688
11.14752
11.31619
11.247189
11.327689
11.287438
11.634364
11.734032
11.586443
11.484859
11.494445
11.680363
11.63628
11.711028
11.532776
11.500192
11.663111
11.737864
11.643945
11.716778
11.638195
11.668859
11.615193
11.657358
11.580692
11.576862
11.628612
11.406276
11.400526
11.400526
11.438857
11.632445
11.680363
11.711028
11.749363
11.751281
11.653528
11.699706
11.568872
11.609277
11.759347
11.717021
11.572722
11.630442
11.540012
11.776663
11.649683
11.572722
11.655452
11.482294
11.211013
11.122513
11.237948
11.191774
11.32645
11.361086
11.397638
11.320679
11.25911
11.178306
11.226409
11.195619
11.266811
11.184077
11.124434
11.226409
11.422647
11.413028
11.264882
11.180228
11.543861
11.555407
11.524624
11.832455
11.780506
12.076802
12.044098
12.265352
12.192245
12.180695
12.492385
12.448131
12.348084
12.242265
12.274969
12.305755
12.363477
12.324994
12.18262
12.184547
12.128752
12.132598
12.26728
12.209556
12.307683
12.251889
12.463523
12.417347
12.459674
12.553949
12.590505
12.629162
12.774125
12.845641
12.938416
13.00993
12.950012
12.977073
13.102706
13.133631
13.116242
13.265068
13.2612
13.251534
13.280528
13.431287
13.384902
13.429355
13.353978
13.392635
13.236075
12.975142
12.965476
12.85917
12.961608
12.961608
13.017659
13.017659
12.901696
12.83984
12.951946
12.980938
12.685214
12.820517
12.812781
12.582773
12.526721
12.447478
12.391424
12.385624
12.350834
12.432014
12.540251
12.631096
12.696812
12.785718
12.669756
12.532516
12.37016
12.374028
12.406887
12.40109
12.352767
12.354698
12.356632
12.302513
12.300581
12.08217
12.051242
11.999058
11.834766
11.950735
12.01095
11.962389
11.892469
11.873046
12.100289
12.038139
12.009004
12.032309
12.036194
11.878874
11.775932
11.752624
11.66328
11.803125
11.818659
11.873046
11.735145
11.618609
11.606956
11.616668
11.385539
11.379711
11.267057
11.080601
11.082544
11.026219
11.131101
11.131101
11.171889
11.169945
11.171889
11.290366
11.488479
11.622492
11.550631
11.509842
11.632207
11.517612
11.445745
11.401079
11.387481
11.352519
11.272884
11.068951
11.01068
11.055351
11.028163
11.171889
11.142758
10.966009
10.93493
10.940759
10.853361
10.927164
11.01068
11.032045
11.193254
11.379711
11.32727
11.311732
11.381655
11.403017
11.509842
11.716767
11.710913
11.474706
11.361481
11.197498
11.285346
11.338055
11.30682
11.246305
11.220924
11.136982
11.322438
11.480562
11.482515
11.470798
11.593789
11.605496
11.533271
11.427854
11.287298
11.381001
11.242399
11.300963
11.228733
11.261923
11.275585
11.34391
11.299013
11.252162
11.310725
11.201405
11.058897
10.986665
10.865635
10.754363
10.924201
11.019854
10.998376
10.992525
10.978861
11.029617
11.019854
10.768028
10.756313
10.871493
10.959335
10.764124
10.783647
10.926153
10.875397
10.974954
10.859777
10.98081
10.928102
11.031565
11.084275
11.068659
11.082327
11.068659
11.148695
11.12527
11.254113
11.232531
11.238416
11.489595
11.45427
11.56024
11.499406
11.503332
11.540618
11.548463
11.628923
11.483708
11.520991
11.401283
11.436612
11.617147
11.524916
11.485668
11.54258
11.499406
11.674058
11.756478
11.685831
12.082224
12.033167
12.129324
12.150904
12.07045
11.838895
11.831043
11.870295
11.984105
11.911502
11.907578
11.970373
11.970373
12.019435
12.20978
12.411904
12.290236
12.356956
12.331448
12.329483
12.521796
12.833812
12.745503
12.708217
12.706255
12.547306
12.568891
12.694481
12.651311
12.559076
12.439378
12.421713
12.384425
12.451149
12.472736
12.462921
12.4433
12.394243
12.449185
12.71803
12.608139
12.521796
12.490247
12.435043
12.429129
12.273366
12.117611
12.243798
12.442928
12.437016
12.247739
12.308861
12.273366
12.947663
13.06005
13.170456
13.06005
13.17637
13.178343
13.243408
13.259185
13.296643
12.973297
12.854999
12.933862
12.776134
12.776134
12.685436
12.610517
12.222107
12.192532
12.263511
12.160986
12.013117
11.910588
11.62076
11.711457
11.604988
11.697654
11.612874
11.750889
11.750889
11.68188
11.626678
11.666108
11.632588
11.555696
11.591191
11.70751
11.922419
11.835668
11.81004
11.752862
11.951991
12.571085
12.243798
12.364064
12.51391
12.61446
12.509964
12.496163
12.407441
12.681495
12.738674
13.07937
13.14276
13.113048
13.055608
13.109091
13.134836
13.014008
12.849601
13.105127
13.150685
13.087298
13.737007
13.784549
13.661733
13.634008
13.538923
13.834065
13.806334
13.600333
13.705315
13.663718
13.632028
13.792471
13.469599
13.695409
13.69343
13.370556
12.800077
12.473244
12.485128
12.689152
12.54455
12.936755
12.772349
12.964486
12.750556
12.635671
12.498995
12.663404
12.802059
12.601999
12.837714
12.730751
12.677267
12.7565
12.60794
12.738674
12.382127
12.126601
12.399951
12.578225
13.166533
13.198224
13.21209
13.271511
13.26755
13.101167
13.18832
13.176433
13.263592
13.372539
13.293303
13.198224
13.132561
13.12858
12.923635
12.993277
12.983328
12.999246
13.076845
13.066897
13.24797
13.295724
13.202202
13.076845
13.124602
12.983328
12.768431
12.57741
12.93756
12.921643
12.893787
12.93756
12.921643
12.875882
12.774399
13.003224
13.092765
12.883839
12.846033
13.03705
12.953482
12.844046
12.734605
13.118636
13.528529
13.622047
13.558378
13.633986
13.749389
14.025977
13.990156
14.107558
14.165257
14.129444
13.978218
13.87276
13.795159
13.928476
13.914546
13.832958
13.767302
13.840924
13.71159
13.771281
13.643935
13.70164
13.795159
13.61409
13.604144
13.741432
13.771281
13.765316
13.600163
13.584243
13.562358
13.62603
13.785211
13.62603
13.530515
13.500667
13.570623
13.400743
13.382751
13.390747
13.560631
13.644569
13.806458
13.736506
13.852426
13.956359
13.640577
13.700533
14.064284
14.216174
14.330095
14.316109
14.216174
13.982334
13.8924
14.110251
14.120243
14.002326
13.914386
13.856423
13.834438
13.880406
13.736506
14.05029
14.018313
13.412734
13.726514
13.802464
13.740507
13.614589
13.640577
13.826443
13.874414
14.06828
14.190191
13.98034
14.134237
14.006322
14.086269
14.190191
14.140231
14.166216
14.240163
14.190191
14.741814
14.989641
15.073583
15.247464
15.311419
15.359391
15.337406
15.375373
15.29743
15.43134
15.427335
15.143533
15.117555
15.015624
15.031613
15.153527
15.151523
15.229775
15.352175
15.57691
15.617037
15.458526
15.412377
15.777572
16.124701
16.122692
15.992272
16.084572
16.253124
16.154802
16.082571
16.068518
15.883918
15.767533
15.986256
15.952139
16.012341
15.875893
15.797635
15.791615
16.052467
17.059755
16.818975
17.224293
17.316601
17.121962
17.314592
17.489159
17.717905
17.750019
17.501205
17.256405
17.190182
17.196203
16.987518
17.071796
17.117949
17.318602
17.258415
17.792154
18.036957
17.974749
17.8062
17.882452
18.014889
17.73798
17.750019
18.081102
17.768078
17.948662
17.82225
18.022907
17.793394
17.501467
17.131023
17.100822
17.265915
17.25383
17.15518
18.169878
18.123569
18.33497
18.435635
18.290672
18.552408
18.522198
18.558437
18.739634
18.628899
18.677223
18.655081
18.793989
19.059742
19.269131
19.263088
19.152357
18.850368
18.679239
18.530254
18.717489
18.828218
18.647022
19.323486
19.132225
19.027536
19.317453
19.571123
19.14028
18.969152
18.485962
18.363152
18.584612
18.940966
18.781919
18.824194
18.773861
18.844328
19.381874
19.480526
19.448311
18.999348
18.999348
18.922846
18.765804
18.477907
18.4618
18.574543
18.510124
18.381275
18.594677
18.715872
18.348259
18.744152
18.837061
18.99663
18.443188
18.176575
17.606977
17.766544
17.463575
17.233305
17.473661
17.691813
18.214947
18.130123
17.796846
17.633234
18.168493
18.120016
17.936207
17.978626
17.806938
18.067499
18.489641
18.776464
18.629021
18.606796
18.346235
18.202833
18.251307
18.225054
17.821077
17.663528
17.402975
17.099989
17.449429
17.653435
16.968704
16.772778
17.253502
17.015162
16.784903
16.920225
17.213108
17.168667
16.792974
17.12019
17.55648
16.93639
16.358713
16.320339
15.930504
16.241566
15.999177
16.073919
16.58695
17.085857
17.027287
16.914169
16.467779
16.481928
16.461721
16.27388
16.348614
16.292061
16.237318
16.243399
16.290026
16.328548
16.371124
16.271784
16.194744
16.239342
16.194744
16.614418
17.180046
17.269255
16.989485
17.44767
17.226679
17.151667
16.871887
16.912439
17.115177
17.445637
17.770023
17.743662
17.840973
17.670679
17.765961
18.153194
18.232267
18.015333
18.110619
18.327555
18.246452
18.404591
18.465414
18.720865
18.552588
18.510017
18.520155
18.41473
18.489738
18.550568
18.607332
18.473522
18.420811
18.435005
18.374176
18.400534
18.420811
18.284973
18.491772
18.461363
18.59112
18.384319
18.477575
18.763437
18.544479
18.497852
18.649906
18.520155
18.520155
18.548534
18.779655
18.540434
18.404591
18.213385
18.313057
18.412725
18.404593
18.736158
19.517248
19.047373
18.953806
18.876501
19.098225
18.87854
18.81752
19.246714
19.106356
18.998558
18.839888
18.59173
18.551046
18.43104
18.577496
18.662922
18.713781
18.717844
18.811415
18.673098
18.441204
18.469681
18.479858
18.333401
18.408663
18.705639
19.41147
19.128733
19.673874
19.594543
19.387064
19.978985
19.722694
19.627092
19.41147
19.437923
19.726761
20.544476
20.918747
20.829243
20.837385
20.328861
20.371576
20.45904
20.267834
20.292242
20.912645
21.25437
20.796701
20.692957
20.890265
21.217756
21.177086
21.130299
20.760872
19.99959
20.120008
20.183285
19.964893
19.615887
19.636297
19.899584
20.222057
20.152664
20.687403
20.013876
19.91387
20.140419
20.399626
20.330229
20.499632
20.675156
20.485344
21.267036
20.946606
20.601679
20.41799
20.675156
20.726181
20.811903
21.042532
21.026201
21.062941
21.869127
21.942604
21.718102
22.658989
22.40591
22.742676
22.544695
23.2223
23.771332
23.922361
23.797857
23.663155
23.748875
23.42436
23.642742
23.318226
22.903917
23.148825
23.787653
23.806025
23.765205
23.989712
23.989712
23.679483
23.859097
23.963177
24.142788
24.36729
24.657116
24.461178
24.304024
24.197899
24.267286
23.93257
24.147509
24.290804
24.323557
24.704317
24.98068
24.960205
24.765732
24.188457
23.504725
23.879341
23.678722
23.195614
23.895718
24.192547
24.618341
24.460712
24.466848
24.01445
24.155699
23.7647
23.480154
23.230412
23.480154
23.562038
23.572277
23.795406
23.895718
23.746279
23.912094
23.922333
23.555902
24.104517
24.509848
24.728889
25.011381
25.363483
25.774956
25.74015
25.76676
26.063587
25.586613
25.14035
24.585583
24.38497
24.70841
24.389065
24.430008
24.563068
23.388033
23.478107
23.924374
24.37269
23.684874
23.879341
24.149559
23.16081
22.036951
21.494478
21.684855
22.872169
22.440239
23.105543
22.448423
22.737061
22.417715
21.93716
22.575848
22.150742
22.912645
23.113899
22.411551
22.44236
22.20208
21.752329
22.278067
22.321194
23.140596
22.966045
22.795588
23.875814
23.58214
23.013275
23.179625
22.875687
22.775051
23.074886
23.366501
23.218641
23.477404
23.274088
22.799696
23.074886
24.099665
24.101713
24.261898
24.167435
24.315292
24.545303
24.266005
23.859385
24.43441
25.861702
25.181938
25.722052
26.68932
26.498337
26.138945
26.266268
26.180017
25.919199
26.295023
25.619362
25.876072
25.795982
26.054743
25.582399
25.974653
25.598822
25.383194
25.769289
25.541323
25.553654
25.974653
25.609098
25.968489
25.241489
25.604992
24.923178
25.642515
26.153671
25.863052
25.999084
26.034126
26.122749
26.6504
27.650042
27.792265
27.878826
26.926588
27.324389
27.577911
26.910107
26.580332
26.677195
25.683735
25.413719
25.974352
26.479332
26.38246
26.238176
26.326809
