Adjusted
23.31098
23.678604
23.89551
23.391861
23.252155
23.873442
23.64551
23.579338
23.641838
23.674927
24.340321
24.15283
23.891825
23.454355
24.042547
23.491119
23.105108
23.472738
23.509499
23.197021
23.37347
23.840355
23.682274
23.56097
23.491119
23.406559
23.520527
23.020557
22.328554
22.000086
22.863703
22.841557
22.955976
22.420816
22.705
22.011166
21.977943
21.383747
21.642096
21.619951
21.332071
21.029446
20.955633
20.771097
21.081116
20.656687
20.014498
19.984982
21.169685
21.72698
22.505703
22.78989
22.808344
22.586901
23.612909
22.693941
22.734531
22.616426
22.151407
21.690071
21.324692
21.730663
22.287958
21.682692
22.166168
22.550001
22.417131
22.53154
22.586901
22.605356
23.048237
23.513266
22.98181
22.144024
22.490942
22.705
22.601665
22.439276
22.284271
22.612736
22.837868
22.812033
22.756678
23.398853
22.944887
23.232767
23.343493
23.321344
23.915548
24.672136
24.830833
24.979053
25.112452
25.00869
24.675198
24.282408
24.341702
24.597376
24.475096
25.182859
25.275496
24.615908
25.290319
25.720158
25.712749
25.886915
26.172239
26.313051
25.657167
26.198175
26.957813
26.902225
26.720655
27.239439
27.098623
27.124567
26.642841
26.846645
26.238937
26.361219
26.161114
26.049957
26.161114
26.246344
26.416801
26.642841
26.472391
26.879993
27.398767
26.917051
26.602074
27.198669
26.917051
26.650248
26.750299
27.320961
27.602573
27.328367
28.162106
28.273272
27.73597
28.028706
28.406694
28.436312
28.310326
27.87678
27.880482
28.073183
27.558115
27.191261
27.039335
27.143097
27.050444
27.635929
27.676687
28.162106
28.339979
28.528963
29.173735
28.861382
29.526964
29.166283
28.995245
29.121675
29.281561
29.653385
29.839308
29.735193
29.634789
29.552996
29.021273
29.605038
29.240654
28.935745
29.110502
29.199755
29.077051
29.68685
29.471186
29.538111
29.430292
29.162577
29.471186
29.091927
29.077051
29.006401
29.471186
28.734968
29.701727
29.913656
30.415634
30.263184
30.404474
30.490009
30.713104
30.538347
30.939911
31.330328
31.122107
31.382402
31.136988
31.345219
31.189045
30.820934
30.850674
30.925035
31.2225
31.267117
31.445597
31.884354
31.490213
31.902952
31.984756
32.126049
32.471855
32.230156
31.765377
31.702173
32.183807
32.27713
32.071793
31.73205
31.078644
31.022642
31.101057
31.325079
31.773108
31.888849
32.228607
31.997114
32.628101
32.691578
32.58329
32.837181
32.755047
33.061211
33.038792
32.956646
33.330029
34.199955
34.18129
34.916809
34.767471
35.032558
35.133366
35.488052
35.461914
35.11842
35.342461
35.671009
35.320042
35.383511
35.230442
35.443249
35.353645
35.469387
35.42831
34.916809
34.703995
34.872005
35.786758
35.618725
36.40279
35.39473
35.794209
35.555256
35.193108
35.551537
35.797943
35.600056
35.570198
35.671009
35.917419
35.895035
35.14455
35.282696
35.215508
35.42086
35.693401
35.734478
35.514183
35.331226
35.667271
36.484196
36.439205
36.206886
35.150127
34.411907
34.588039
33.681164
34.51683
34.550556
33.838573
33.920994
33.808582
33.688656
33.89851
33.257721
32.639408
32.088558
32.733082
32.939209
32.991661
33.276466
32.912964
32.002365
31.608889
31.620125
31.496473
32.189728
32.339626
32.170986
32.133514
32.339626
32.444553
32.879234
33.437595
33.632465
33.797359
33.651192
33.422596
33.006653
33.040367
33.02914
33.246498
33.051613
32.781815
31.859955
32.864243
33.32518
33.538776
33.703655
33.377628
32.594456
32.324627
32.583202
32.362091
32.272152
32.11478
31.919922
31.204178
31.159212
31.66135
31.275383
31.196676
30.855669
30.821943
30.840754
30.671413
30.693974
31.130535
31.608488
31.171944
31.646126
31.841824
31.860622
32.131596
32.075138
32.27084
32.767597
33.117592
33.061142
33.215439
33.155231
33.599293
33.418667
33.531559
33.851448
33.381042
33.053623
33.723503
33.870258
33.588013
33.546619
34.069725
34.427254
34.133705
33.678333
33.286957
33.324589
33.234261
33.779949
33.889084
34.009521
33.810055
34.246609
34.167572
33.836403
34.084785
34.87508
34.84874
34.656807
34.999283
35.563774
35.639053
35.413242
35.18745
35.36808
35.22131
35.225079
34.427254
33.889084
33.670811
34.351978
34.581554
34.167572
34.216496
34.897671
34.686928
35.09491
35.053368
35.518005
35.09491
35.37825
35.491562
35.35181
35.287579
35.24979
35.476471
35.491562
36.18668
35.620018
35.880669
35.812672
35.55579
35.669132
35.752228
35.642677
35.578461
35.839127
36.133785
35.90712
35.944904
35.400909
34.958908
34.807793
34.479149
34.887135
35.03825
35.276234
35.824009
35.718239
35.4198
35.40469
34.906017
34.917358
34.856911
34.875809
34.188263
34.267601
34.630264
33.999363
34.018261
33.961601
34.39225
34.377148
34.630264
34.981579
35.09491
34.781372
35.064682
35.812672
35.310246
35.892006
36.247116
36.738209
36.715557
36.723114
36.877995
36.825115
36.927113
37.013988
36.79488
36.912411
37.048904
36.874496
36.863132
36.851742
36.904827
36.825214
36.870712
36.995831
37.970181
37.583481
37.318092
37.15506
36.64323
37.227085
37.704792
38.303837
39.001434
39.050716
38.823254
38.671574
39.391941
39.293385
39.372986
39.812786
40.00613
39.532227
39.710419
39.414692
39.33886
39.183426
39.050716
38.599541
38.311405
38.334167
37.920914
37.814751
37.973991
38.648842
38.140808
38.269714
38.747421
38.311405
37.829906
37.943653
37.534184
37.754086
38.224216
38.732265
38.671574
38.171131
37.920914
37.773041
38.102886
38.56543
37.981567
38.292465
38.102886
38.921814
38.444107
38.406185
38.963516
39.161522
38.647495
38.422848
37.558514
37.981148
38.083965
38.464722
38.030647
38.038273
37.897392
37.965919
38.358105
38.571342
38.936882
38.281956
38.77314
38.594177
39.21101
38.952095
38.651295
38.978756
39.504211
39.534668
39.119637
38.784573
38.811218
38.807404
38.632256
39.115826
38.708405
38.434261
38.019218
37.984955
38.224857
38.712231
38.384769
38.445694
38.868332
38.476154
37.943073
37.143486
37.390976
37.417633
37.710819
38.986362
38.670338
38.940678
38.567535
38.677959
38.01543
38.731255
38.632256
38.441872
38.917839
38.986362
38.8493
39.230053
38.815033
39.587982
38.822632
38.495178
39.134869
39.846897
40.435745
40.148968
40.206318
41.158436
40.913712
40.848694
41.150772
41.250191
40.799011
41.101074
40.948128
40.626934
40.894596
40.925182
40.615467
40.508396
40.122196
40.31723
40.485451
40.041901
40.171921
40.63839
40.76075
40.454861
40.500751
40.049553
39.858372
39.399525
40.546635
40.156605
39.269512
39.292454
39.491283
38.657726
38.803032
39.414818
39.605995
39.131855
39.345997
39.468342
39.544819
39.284805
39.651875
39.720715
39.613644
39.108925
38.581245
38.512417
38.856552
39.269512
38.772434
38.252403
38.428299
38.313576
37.870033
37.755329
37.740036
38.061214
38.221817
39.483635
39.598351
39.575405
39.345997
39.645515
39.553356
39.737671
39.837521
39.576397
38.969654
38.877499
38.624031
38.677795
38.324524
38.401314
38.416683
38.862137
39.192383
39.407436
39.069504
39.507267
39.43047
39.568729
39.138611
38.923557
39.461193
39.077179
39.169342
38.846771
39.084862
39.706963
39.776089
39.898964
39.868256
39.553356
39.81448
39.706963
38.731564
38.416683
38.240028
38.516525
38.401314
38.332195
38.50116
38.777645
39.653191
39.253826
38.362892
39.845211
39.799122
39.100224
39.630154
39.345993
39.092541
38.716209
39.461193
39.384384
39.092541
39.077179
39.561047
39.653191
39.660877
39.576397
40.3521
40.613224
41.051006
41.127815
41.02029
41.313354
41.45216
41.290211
41.490707
41.930305
41.95343
41.884029
41.706673
41.783772
41.521568
41.814629
42.408466
42.045975
42.393021
42.261921
42.647522
42.740078
42.840324
43.326176
44.027981
44.421295
44.752911
44.066544
44.282471
44.251633
44.614086
44.174507
43.765762
43.858303
43.441875
43.117958
43.596107
43.3339
43.171947
43.31076
43.804329
43.835182
43.171947
42.770916
42.925156
43.171947
42.909733
43.171947
42.423882
42.007423
43.534416
43.958565
44.3596
45.308186
45.007397
45.015114
44.729774
44.536972
44.097382
44.027981
43.87373
43.74263
43.734924
44.058823
44.220776
44.830044
45.000328
45.054527
44.899696
45.542221
45.58094
45.325474
45.58868
45.488037
45.286766
45.441597
45.124203
44.791325
44.682934
44.706173
44.775841
44.43523
44.760361
44.899696
45.139687
44.845509
45.077744
45.519005
45.441597
45.240322
45.774487
45.480301
45.890587
45.844135
45.116455
45.139687
44.915169
44.876472
45.039051
45.015816
45.077744
45.077744
44.60553
44.651966
44.442963
44.466198
44.233952
44.512638
45.596424
48.615528
49.707077
49.714809
49.954784
49.660618
49.707077
49.467083
48.62328
48.716179
49.20388
49.049049
49.366444
50.248959
50.233467
50.372826
51.208893
50.953411
50.241203
50.148312
50.465714
49.552406
48.705151
48.736248
48.922783
48.573013
48.238762
48.495277
48.658497
48.534138
48.596317
49.124882
48.992737
47.764626
46.676411
46.653095
46.878506
46.676411
46.342178
46.210037
46.342178
47.267159
47.997803
47.337124
47.399303
47.795715
48.106636
48.409779
48.378693
47.725761
47.671333
49.194836
49.295883
49.738953
49.630123
49.630123
49.047161
48.868378
49.622356
49.155979
47.749077
45.712566
45.051876
45.766979
47.469261
46.831875
46.606453
47.764626
48.21545
48.013359
47.904537
48.308727
48.339813
47.943405
48.417545
48.767338
48.635193
49.039371
48.098854
46.878506
46.987328
46.754143
47.002869
47.438164
48.535023
48.363266
48.27739
47.980732
47.543556
47.44207
47.613815
47.363991
48.035374
48.535023
48.613087
48.956593
49.385967
49.745083
49.440613
49.003429
49.448406
49.112724
49.354733
49.877773
49.182987
50.439892
50.018314
50.080769
49.885612
49.104919
48.636501
49.362541
49.659203
49.292278
49.698231
49.456223
49.885612
50.588219
50.861458
51.400112
51.06443
50.900482
50.978558
51.150303
51.821682
51.915379
52.141766
50.96294
51.189339
50.744347
50.759968
50.728741
50.838043
50.93951
50.931698
50.69751
51.150303
51.306442
50.158836
50.221279
49.940243
50.861458
51.142494
51.181545
50.674095
50.791191
50.994175
51.220566
51.420444
52.329704
51.804539
51.63208
51.600735
51.569382
51.726135
50.824726
50.581738
50.746334
50.581738
50.056545
50.871761
50.730667
50.918793
50.746334
50.730667
50.95797
50.793365
50.330902
48.645626
48.951321
48.802406
48.974842
49.554897
49.194321
49.03754
49.562737
49.335415
49.233505
49.006203
49.233505
49.280544
49.131615
49.531372
48.967003
49.139454
49.931141
50.495499
50.581738
50.809052
50.879601
51.091232
50.236839
51.843735
52.384579
51.898586
51.765343
51.490997
52.478645
53.317345
53.756313
53.301678
53.121384
53.623062
53.701458
53.340889
52.972477
52.549198
52.674603
53.646481
54.244579
54.047825
53.615009
53.182186
53.119247
53.158569
52.90675
51.513859
51.655514
51.2463
50.640327
50.002903
50.506557
50.569511
50.805599
50.758377
51.427288
50.608845
50.955105
50.679684
50.837078
51.206936
51.340729
52.080456
52.001766
52.513287
52.261456
52.025375
51.443031
51.14399
51.151848
50.931503
51.364338
51.096767
51.096767
51.199062
50.719036
50.427868
50.947247
51.191204
51.77354
52.080456
52.662792
52.898876
53.1035
53.339584
53.331707
53.544178
53.237267
53.268757
52.828056
53.30024
53.827492
53.457619
53.512699
54.339027
53.780277
54.11866
53.528442
53.819611
53.709446
53.906185
54.099743
54.802837
54.660641
54.447346
54.676437
54.392044
53.925941
54.210358
54.50264
54.85025
55.73505
55.916756
55.94836
55.89307
55.237324
54.407837
55.482265
55.442757
55.039845
55.877251
56.311771
56.888466
57.030663
56.659344
56.746273
56.841064
56.390759
56.303852
55.750839
56.485558
56.161648
56.035248
57.243973
57.251873
56.975361
57.35458
57.291363
56.935871
57.670559
58.452686
59.250587
60.569893
60.704189
59.692982
60.972786
60.064278
60.214375
59.045189
59.400707
58.816078
57.899666
58.16827
57.646862
58.974072
59.060989
58.405273
59.132084
58.579079
58.500065
57.172874
57.733776
58.468472
57.49675
56.838184
56.401745
58.575924
59.274189
57.877655
58.615604
58.163303
58.980621
58.496586
57.13176
58.996479
58.591789
59.21867
59.059959
58.282333
59.52018
58.55212
59.107563
59.250397
59.385288
59.528111
60.416843
60.170868
62.019691
62.606899
62.472
63.027439
62.440231
63.424171
63.638424
64.02726
63.860626
65.122246
63.971714
63.21788
63.551144
64.146278
63.765385
64.431931
63.876484
62.884613
63.73365
63.376602
63.202011
60.94054
61.44046
60.305729
60.147053
60.321609
60.694546
60.083576
59.861393
60.131168
60.162933
60.773907
59.290066
60.028049
60.393009
60.797718
59.083748
59.274189
58.329933
58.663212
59.774113
59.702393
58.929401
59.208313
58.59473
59.224247
57.997051
58.538952
57.917366
58.969231
60.443489
60.116776
59.58284
59.710342
59.56691
61.240356
62.148804
62.212566
62.818192
60.897694
61.184589
61.845985
61.112873
59.798012
60.499252
60.40366
60.881763
62.02132
62.300201
62.013355
61.23238
61.256317
