Adjusted
6.487183
6.473326
6.504503
6.320889
6.417892
6.487183
6.504503
6.547809
6.443873
6.32262
6.443873
6.358996
6.156328
6.203095
6.27585
6.15806
6.047197
6.236009
6.125149
6.071447
6.102626
5.990035
5.920745
6.014285
5.977906
5.910352
5.837597
6.145934
6.099164
5.986568
5.957122
5.976176
5.92594
5.912084
5.983102
5.756184
5.761378
5.690359
5.802953
5.86358
5.893028
5.778701
5.818544
5.809817
6.020986
5.849956
5.886604
5.837741
6.188528
6.127447
6.443329
6.294987
6.408426
6.460782
6.865672
6.499176
6.542809
6.481725
6.46951
6.555024
6.56724
6.493939
6.656246
6.596907
6.635303
6.682423
6.609125
6.523609
6.631814
6.637048
6.790629
6.900576
6.787137
6.801098
6.727801
6.977365
6.947699
6.877888
6.72431
6.862181
7.010525
6.865672
6.710347
6.740015
6.553277
6.652754
6.584692
6.595163
6.523609
6.675443
6.535827
6.340363
6.43984
6.474744
6.35956
6.317676
6.289751
6.390973
6.347341
6.50092
6.422385
6.380502
6.644032
6.712093
6.66497
6.757471
6.802841
6.788789
6.679892
6.716777
6.823919
6.799331
6.188076
6.384801
6.239013
6.289953
6.154702
6.152946
6.021209
5.996619
5.97203
5.982567
5.966759
5.966759
5.973786
5.956219
5.979056
6.25131
6.298735
6.277657
6.179294
6.16173
6.376017
6.391827
6.432228
6.437496
6.337376
6.296978
6.530589
6.497217
6.597335
6.750148
6.648275
6.674618
6.697455
6.697455
6.676377
6.657056
6.479652
6.578014
6.63949
6.678133
6.621926
6.795815
6.660568
6.767712
6.813382
6.845
6.790548
6.867833
6.866076
6.760687
6.750148
6.765956
6.751904
6.913504
7.043481
7.173464
7.277093
7.210347
7.054831
7.068969
6.931123
6.902846
6.950562
7.000046
6.943492
6.950562
6.977071
6.977071
7.083104
6.980605
7.047758
6.920519
6.83569
6.84806
6.869268
6.87634
6.980605
6.973536
7.068969
7.088408
7.07427
6.984138
7.238621
7.150262
7.291639
7.316381
7.549657
7.666296
7.581469
7.565562
7.480734
7.381769
7.569098
7.49134
7.685737
7.784699
7.576166
7.544356
7.50194
7.542589
7.516078
7.546123
7.660993
7.590302
7.478966
7.507244
7.593837
7.489572
7.408275
7.289872
7.2775
7.201512
7.102545
7.203277
7.254522
7.316381
7.342888
7.293406
7.242156
7.252759
7.342888
7.243924
7.169227
7.272381
7.357747
7.176341
7.332847
7.34352
7.256374
7.304395
7.462683
7.402212
7.468019
7.530265
7.560503
7.503587
7.514258
7.608522
7.596073
7.690337
7.57295
7.786375
7.681439
7.644094
7.647649
7.596073
7.629865
7.560503
7.647649
7.619191
7.652983
7.645872
7.647649
7.647649
7.647649
7.629865
7.599629
7.533823
7.588957
7.558721
7.617414
7.644094
7.624528
7.647649
7.692109
7.690337
7.962449
7.917983
8.012245
7.942884
7.91087
7.912649
7.914427
7.971341
8.014026
8.026469
8.040698
8.00691
7.990903
8.106508
8.106508
8.046041
8.113624
8.138665
8.101104
8.090369
7.945479
7.845316
7.941903
7.834582
7.898979
7.938327
7.795231
7.766612
7.664653
7.659285
8.154759
8.09395
8.165495
8.32648
8.387296
8.353309
8.374776
8.426646
8.619832
8.662759
8.548281
8.499987
8.528605
8.550069
8.567957
8.582266
8.575112
8.542913
8.433802
8.435591
8.589421
8.576899
8.464211
8.505351
8.376563
8.274601
8.25672
8.344364
8.085005
8.144027
8.043862
7.85247
7.870358
7.999144
8.043862
8.036706
8.038497
7.895397
7.925807
7.949058
7.924016
8.076061
8.054593
8.272817
8.231675
8.36762
8.403393
8.319324
8.389082
8.428435
8.43738
8.535758
8.641291
8.463251
8.596334
8.493824
8.56396
8.558566
8.558566
8.569353
8.571155
8.659277
8.783369
8.952416
8.947021
8.982989
8.812142
8.758187
8.750998
8.704238
8.67726
8.815736
8.67007
8.648487
8.666472
8.767182
8.693444
8.675463
8.612518
8.508215
8.639496
8.55677
8.49922
8.67007
8.73301
8.734808
8.803148
8.939829
8.99378
9.040539
8.995577
8.842711
8.646687
8.560363
8.592737
8.729415
8.68266
8.544179
8.535189
8.750998
8.808546
8.869688
8.911051
9.000975
8.87688
8.950618
8.902061
8.871489
8.815736
8.713229
8.873283
8.871489
9.054926
8.981191
9.051327
9.150753
8.942862
9.018786
9.062171
9.07121
9.042289
8.959134
8.926593
8.8814
8.912131
8.836205
8.816319
8.843439
8.702434
8.727742
8.809092
8.939249
8.991671
9.027824
9.016981
9.159791
9.054946
8.984445
9.004323
8.798245
8.695204
8.716898
8.928402
9.004323
8.890441
9.004323
9.109177
9.042289
9.71838
9.75092
9.689458
9.743693
9.731037
9.848541
9.797924
9.86119
9.984122
9.958811
9.924463
9.852154
9.830461
9.806959
9.852154
9.834078
9.870232
9.884694
9.825038
9.720188
9.747307
9.752729
9.779848
9.779848
9.797924
9.759958
9.852154
9.765382
9.790693
9.667765
9.752729
9.747279
9.738196
9.710941
9.663701
9.720028
9.747279
9.772717
9.798148
9.738196
9.847201
9.812686
9.812686
9.807236
9.887173
9.99255
10.02162
10.061593
9.892625
9.809052
9.676422
9.68914
9.70004
9.814502
9.772717
9.80542
9.636454
9.729113
9.921697
9.879904
9.779984
9.587399
9.571047
9.576495
9.520176
9.605566
9.536527
9.65644
9.73638
9.859921
9.847201
9.87809
10.001631
10.735633
10.528513
10.82284
10.973638
10.630254
10.839191
10.830109
10.77742
10.759252
10.721099
10.804673
10.884612
10.853725
10.85736
10.984539
10.955467
10.933667
10.937304
10.899146
10.806491
10.811965
10.777287
10.749908
10.775464
10.801015
10.698809
10.713408
10.704281
10.594775
10.47432
10.401313
10.485272
10.5601
10.549146
10.644053
10.793715
10.622155
10.629456
10.777287
10.698809
10.622155
10.591125
10.592953
10.56375
10.662304
10.629456
10.302757
10.41044
10.468845
10.28086
10.488918
10.368464
10.510823
10.746261
10.565577
10.580174
10.32831
10.412265
10.394014
10.291805
10.331957
10.216981
10.22428
10.133022
10.249827
10.169527
10.060019
10.23158
10.198728
10.315534
10.251656
10.142149
10.1677
10.408614
10.326485
10.315534
10.300936
10.299109
10.33926
10.430517
10.454243
10.448766
10.512648
10.55849
10.545653
10.611667
10.598831
10.615334
10.747359
10.80604
10.87572
10.818875
10.765697
10.7822
10.602496
10.455798
10.384285
10.571325
10.573156
10.492476
10.519979
10.686849
10.477805
10.496142
10.521812
10.619002
10.824377
11.009583
11.002246
11.002246
11.051758
11.216792
11.280967
11.218625
11.224126
11.13244
11.016915
10.908728
10.835379
10.826206
10.725354
10.987577
10.861051
10.751028
10.729025
10.754695
10.773035
10.791368
10.818875
10.703357
10.705186
10.490643
10.96374
10.938069
10.804202
10.773035
10.7712
10.699684
10.95273
10.857381
10.886724
10.718025
10.87572
10.780368
10.730859
10.89589
11.041416
11.043258
11.054312
11.203517
11.186938
11.039573
11.041416
11.153781
10.991678
10.847998
10.383796
10.520106
10.647212
10.711682
10.700627
10.58274
10.604845
10.678526
10.571681
10.415105
10.179322
10.253004
10.343267
10.225377
10.214319
10.162742
10.125902
10.177481
10.324846
10.219847
10.359848
10.177481
9.882748
9.541962
9.619333
9.681961
9.366965
9.523545
9.624858
9.65249
9.759328
9.842223
9.866169
9.91959
9.910378
9.890117
10.015376
10.039325
10.026429
9.921431
10.059587
10.157218
10.254847
10.236427
10.236427
10.276953
10.315637
10.321161
10.398528
10.435373
10.490634
10.547739
10.560633
10.696946
10.671026
10.659919
10.641407
10.624745
10.604381
10.654364
10.491446
10.424803
10.33594
10.367411
10.385922
10.378519
10.378519
10.372964
10.291508
10.289657
10.24522
10.185984
10.150807
10.219305
10.341491
10.732124
10.55995
10.476638
10.491446
10.424803
10.345198
10.321128
10.287803
10.221157
10.098969
10.213754
10.302616
10.319276
10.337791
10.319276
10.271142
10.32668
10.210047
10.267437
10.213754
10.200791
10.854308
10.609936
10.572909
10.530326
10.454424
10.385922
10.365561
10.234113
10.202644
10.348899
10.395179
10.409992
10.235969
10.145254
10.185984
10.100823
10.100823
9.998997
10.01936
10.011914
9.987717
10.158961
10.181296
10.108702
10.317168
10.292973
10.399067
10.421398
10.488407
10.538661
10.453044
10.430706
10.389762
10.473517
10.436293
10.553553
10.590781
10.568441
10.609392
10.614977
10.698734
10.655927
10.628003
10.555415
10.54611
10.434431
11.353913
11.500957
11.547486
11.553072
11.569824
11.726174
11.553072
11.724307
11.595879
11.389277
11.446979
11.465588
11.489788
11.545625
11.614492
11.731756
11.629386
11.623797
11.495374
11.257125
11.417198
11.508401
11.446979
11.497233
11.607049
11.58471
11.715004
11.703836
11.640553
11.741064
11.580993
11.71314
12.046317
11.994199
11.770844
11.99792
12.073009
12.106803
12.198794
11.928459
11.744483
11.789537
12.03359
12.300168
12.234459
12.318942
12.369628
12.345226
12.322698
12.499165
12.317068
12.358364
12.654984
12.750722
12.624948
12.756353
12.711297
12.703792
12.679385
12.566746
12.472878
12.279522
11.981028
12.313311
12.001672
12.743212
12.685018
12.718806
12.908418
13.131821
12.743212
12.587399
12.814554
12.731953
12.679385
12.673751
12.944089
12.992897
12.991021
12.93658
12.529202
12.673751
12.624948
12.739459
13.028564
13.161858
12.966617
13.052974
12.985388
13.146839
12.838957
12.720688
12.722562
12.86524
13.159981
13.064233
13.120555
13.220048
13.210669
13.167146
13.263645
13.5134
13.768837
14.058332
13.992105
13.895607
13.963728
14.029943
13.963728
13.988318
14.00156
13.920201
13.92588
14.08482
14.192665
14.073466
13.802892
13.954259
14.147258
14.162395
14.101847
14.043191
14.304299
14.27592
14.33836
14.37053
14.319436
14.410261
14.336467
14.368634
14.3289
14.190777
14.200236
14.141581
14.11698
14.306193
14.12077
14.374308
14.381878
14.34025
14.3289
14.258892
14.582441
14.642986
14.510543
14.512432
14.569195
14.482165
14.663799
14.697863
14.747048
14.639207
14.476483
14.512432
14.510543
14.451886
14.493515
14.538927
14.684611
14.832195
14.733809
14.936268
15.011951
15.101501
15.097686
15.130077
15.227247
15.269163
15.387298
15.737877
15.705483
15.566395
15.680719
15.705483
15.629268
15.707392
15.621644
15.646415
15.65023
15.638799
15.581635
15.669279
15.56258
15.524477
15.614028
15.488276
15.4978
15.406348
15.514946
15.642604
15.570205
15.440646
15.309175
14.568013
14.691856
14.253636
14.099306
14.099306
14.209811
14.455597
14.590871
14.503233
14.7433
14.83094
14.514664
14.568013
14.501328
14.518474
14.716622
14.663281
14.8157
14.769975
15.078637
15.240589
15.333944
15.330136
15.295843
15.107215
15.187237
15.179612
15.088163
15.118645
15.223438
15.279076
15.459422
15.513135
15.472849
15.444066
15.497786
15.595634
15.493951
15.566854
15.657017
15.74144
15.720337
15.850795
15.879571
15.839286
15.783641
15.789408
15.850795
15.96974
16.190376
16.481991
16.460876
16.355366
16.458965
16.338093
16.528028
16.36879
16.480064
16.457045
16.416754
16.211472
16.361124
16.468559
17.017254
17.088238
16.976963
16.886793
16.846504
16.462805
16.549139
16.589424
16.579832
16.654652
16.635469
16.882956
16.932837
16.940508
16.965452
16.971209
16.988472
17.255154
17.368341
17.504553
17.711756
17.759724
17.692572
17.690651
17.753969
17.918959
17.991859
18.058998
18.195223
18.110813
17.942917
17.709417
17.842569
17.813623
17.568544
17.890818
17.977654
18.060633
18.043264
18.11467
17.890818
17.823273
17.724859
17.647663
17.597492
17.846432
17.732571
17.672754
17.807833
17.888887
17.950632
18.074146
18.110813
17.794331
17.981514
18.305712
18.238169
18.255535
18.458166
18.272909
17.686266
17.473991
17.358202
17.113117
17.082241
16.717524
16.642262
16.837164
16.555422
16.665419
16.864182
16.686647
17.155577
17.9545
17.95257
17.628366
17.232763
16.960669
16.412622
15.733343
15.557737
15.98035
15.978423
15.872289
15.802818
15.943682
15.945616
15.706326
15.14284
15.519138
15.3416
15.409142
15.824039
15.671592
15.827023
15.605532
15.343241
15.747366
15.759024
15.852283
15.902796
15.735705
16.411846
16.707165
16.417671
16.306929
16.161207
15.782334
15.727929
15.850336
15.689072
16.336069
16.369095
16.357443
16.137896
16.376869
16.235031
16.145664
16.013544
15.529759
15.438441
15.201409
15.739598
15.514216
15.741537
16.122349
16.413786
15.809534
15.984397
16.343842
16.314693
16.549793
16.606133
16.928659
16.279726
16.180635
15.747366
15.935826
15.617189
15.520041
15.518099
15.595815
16.091265
15.939713
15.288836
14.95465
14.474751
14.616589
14.424237
14.620473
14.303775
14.373717
14.610753
14.37178
14.531096
14.424237
14.053138
14.196912
14.316381
14.140119
14.151873
14.022613
14.040241
13.912934
13.752344
13.493825
13.674004
14.731581
14.298755
14.504392
14.45543
14.161658
13.852225
13.752344
