Adjusted
36.5844
37.943501
38.379429
37.524658
37.310963
37.199841
37.524658
37.524658
36.678432
36.917767
36.396351
35.900589
35.75526
35.515942
35.430447
34.481655
34.413273
34.1483
35.174007
35.550125
35.883488
36.114269
36.456184
36.327976
36.242496
35.738174
35.60141
36.054447
35.644161
35.678341
36.558758
36.285229
36.883583
37.148556
36.994701
36.840832
37.003242
36.370712
35.456097
35.977516
35.703991
35.892029
35.798016
35.772362
36.327976
36.627144
36.71262
36.558758
36.917767
37.097267
37.268219
36.686981
36.25959
35.815113
35.011623
34.327789
34.327789
34.156837
34.985973
34.173939
34.011524
33.020004
32.532772
32.524223
32.720821
33.208038
33.165302
33.336262
33.216576
32.74646
33.336262
33.336262
32.566959
32.652431
33.037086
33.131123
33.09692
33.07983
33.592693
33.293514
33.165302
32.87468
33.071274
33.242229
33.498661
33.09692
32.823395
32.772102
32.797756
33.062725
32.883236
32.866131
32.99435
33.07983
33.165302
33.344795
33.891857
34.327789
34.404728
34.045719
33.567059
33.216576
33.344795
33.943142
34.276508
33.977337
33.985882
33.806381
33.242229
32.74646
32.609707
32.831944
32.498581
31.857487
32.07119
31.925865
31.455755
31.438643
31.968609
32.233589
31.96007
32.267796
32.524223
32.430195
31.669443
30.942886
31.019817
31.729271
32.079727
31.985714
31.472841
31.079641
31.259142
30.857407
30.985622
30.951431
31.669443
30.985622
30.951431
31.156578
30.387274
30.600973
30.669357
30.63516
30.908691
30.378727
29.284616
29.746193
30.293257
30.259064
29.600887
28.891422
28.464033
28.29307
28.592247
29.276072
28.857237
28.609348
28.532419
28.421299
28.660633
29.019644
30.147942
29.78894
29.438478
29.122213
28.703373
29.250431
29.301712
29.404282
28.874325
31.669443
31.524136
31.139482
31.148035
31.233507
31.532673
31.558319
31.18222
31.148035
31.310434
31.207863
31.062553
31.310434
31.42156
31.028362
31.028362
31.601068
29.823128
29.182037
29.310266
29.455564
30.019724
30.430017
30.959972
30.592434
31.259142
31.18222
31.61816
31.772017
31.626707
31.652348
32.122475
32.216499
32.096828
31.626707
31.780558
31.677998
32.507118
32.498581
32.652431
32.695175
32.908867
32.729366
32.54987
33.370449
33.216576
33.071274
33.15675
33.250782
33.199501
32.635345
32.977253
33.17384
32.985806
33.720909
34.131184
33.763641
33.267864
33.353348
32.789192
33.216576
33.738003
34.105549
33.908958
32.797756
32.618252
32.960159
33.088371
32.883236
33.515762
33.601242
33.378994
33.259335
33.17384
33.361897
32.225048
32.250687
32.259232
32.062634
32.575504
32.977253
32.763561
32.695175
32.396008
32.216499
32.652431
32.344719
32.165218
32.301971
32.464394
32.806309
33.626877
33.541409
33.71236
33.90041
34.490204
34.584232
34.738087
35.071442
35.541569
35.250957
35.447563
36.080086
35.986065
36.336521
36.233952
35.729622
35.798016
35.644161
35.832211
35.686886
35.387722
34.772285
34.438919
34.1483
33.908958
34.524384
34.541489
34.763729
34.490204
35.131287
35.045811
35.131287
34.960331
34.797924
34.464558
33.832031
34.156837
34.285057
34.336342
34.592762
34.524384
34.729538
34.635513
34.464558
34.515846
33.541409
33.370449
32.968697
33.421741
33.344795
33.54995
32.925961
33.131123
33.421741
33.823483
33.746548
34.07991
34.413273
34.276508
35.045811
35.037262
35.900589
35.738174
35.379181
35.216763
34.960331
34.874851
34.755192
35.139839
35.045811
35.456097
35.174007
34.780815
35.045811
34.703903
34.225224
34.276508
34.302155
35.10564
35.507389
35.52449
35.558674
35.772362
36.139915
36.524563
36.541672
36.327976
35.75526
35.259499
35.174007
35.65271
35.473202
35.319328
35.883488
35.575764
35.917683
35.481739
35.951874
36.345066
36.498917
36.755352
36.704071
36.686981
36.541672
37.584496
37.41354
36.832287
37.157108
37.490463
38.063164
38.396519
37.558853
37.627224
37.208382
37.003242
36.678432
36.960514
37.097267
35.977516
36.404903
36.755352
37.216949
36.678432
36.695526
36.327976
35.661247
35.037262
35.037262
35.507389
35.302231
35.285145
35.584305
36.054447
36.165562
36.302338
36.738262
36.208313
35.541569
35.943317
35.892029
35.798016
35.951874
35.550125
35.242393
36.251041
35.233856
35.661247
35.387722
34.985973
33.07983
32.190861
33.114029
32.737919
32.29343
32.831944
33.071274
33.199501
33.105465
33.267864
31.669443
33.267864
32.541317
32.370358
32.131031
32.609707
31.968609
32.105385
32.225048
32.515678
32.045544
32.840481
32.062634
32.122475
33.17384
33.250782
33.729458
34.191032
32.566959
33.490116
33.114029
32.985806
33.242229
32.421646
32.036999
32.216499
31.797646
32.985806
33.404644
33.105465
33.498661
32.259232
32.370358
32.712273
32.678078
33.310619
33.567059
33.037086
32.678078
33.353348
34.285057
34.353439
35.071442
35.293686
34.874851
34.789375
34.524384
34.755192
34.319256
34.379078
33.592693
33.686722
33.772182
33.199501
32.900326
33.661076
34.592762
34.567127
35.293686
34.541489
35.541569
35.968967
36.302338
35.233856
35.481739
34.088455
33.806381
34.86631
34.139736
34.746632
35.438999
35.473202
34.82357
34.361996
34.789375
34.07991
34.216679
34.678261
35.2766
35.917683
36.456184
37.03743
36.028801
36.507481
36.900673
37.293873
36.917767
37.03743
37.268219
36.558758
36.157017
36.815205
37.028893
37.225491
37.66143
38.225582
38.285419
37.268219
37.490463
