Adjusted
6.695302
6.598702
6.58992
6.509128
6.238644
6.59519
6.596946
6.735696
6.730428
6.684764
6.672471
6.516152
6.331733
6.256209
6.368615
6.236888
5.931281
5.813601
6.12975
5.998022
6.040173
6.389694
6.523178
6.454679
6.660174
6.674225
6.631959
6.658377
6.471706
6.341394
6.290324
6.515733
6.478754
6.390702
6.605546
6.836236
6.732339
6.929567
6.867935
6.869695
6.936613
7.012339
7.167307
7.077494
7.130322
7.241268
7.100387
7.01762
6.964791
7.03523
7.202523
7.213091
7.176113
7.369825
7.366302
7.248314
7.294098
7.05284
7.146175
7.329319
7.287055
7.375103
7.206047
7.109194
7.086302
6.929567
6.512209
6.64429
6.550952
6.515733
6.568564
6.535105
6.607306
6.661897
6.785168
6.716489
6.658377
6.637244
6.605546
6.594978
6.40655
6.471706
6.40655
6.37133
6.348438
6.318501
6.38894
6.262147
6.26567
6.491077
6.6302
6.774603
6.774603
6.802779
6.681269
6.681269
6.815102
6.68445
6.673857
6.723293
6.562624
6.474348
6.62089
6.57322
6.514957
6.576751
6.62089
6.523784
6.479645
6.571454
6.763902
6.728588
6.583812
6.707403
6.72506
6.63678
6.640312
6.603236
6.716229
6.552033
6.534379
6.451396
6.465518
6.414318
6.380774
6.499063
6.500831
6.393131
6.476111
6.656202
6.580282
6.638545
6.523784
6.709168
6.544968
6.495533
6.559094
6.463753
6.529083
6.470818
6.391365
6.396663
6.380774
6.394895
6.458457
6.426676
6.373711
6.273072
6.276603
6.394895
6.673857
6.751545
6.762163
6.93033
6.999371
6.979897
7.045395
7.008218
7.094961
6.963965
7.061328
6.985207
6.917938
6.802875
6.831199
6.948036
6.974586
6.956885
6.771011
6.680735
6.735611
6.829431
6.774551
6.772783
6.758621
6.749769
6.73384
6.74269
6.707287
6.673651
6.613467
6.682503
6.684274
6.673651
6.57629
6.540885
6.567441
6.774551
6.691353
6.797568
6.896698
6.903776
6.905548
6.939183
6.986978
7.017071
7.056015
7.038314
7.034773
7.071949
7.041851
7.043622
6.983436
6.891387
7.050705
6.972815
7.087879
6.948036
6.995828
7.328628
7.558751
7.525117
7.620708
7.636642
7.664964
7.810521
7.705789
7.542478
7.677388
7.75727
7.883304
7.700465
7.695141
7.606383
7.586857
7.633011
7.615259
7.673837
7.735966
7.650764
7.787447
7.707565
7.783899
7.947204
7.995134
8.057261
8.012881
7.766142
7.81407
8.007558
7.897505
7.828275
7.988032
8.264953
8.307553
8.202822
8.144245
8.146016
8.161994
8.264953
8.298681
8.2259
8.169098
8.34306
8.414063
8.323531
8.245428
8.268502
8.435364
8.911094
8.896894
8.781508
8.923523
9.248369
9.274997
9.234167
9.315824
9.488011
9.573213
9.645994
9.512856
9.393931
9.535941
9.511086
9.401029
9.470258
9.370848
9.53631
9.657295
9.854783
9.909937
9.908158
10.123437
10.014908
9.972204
9.915274
9.925952
9.968647
10.274664
10.500618
10.674974
10.7924
10.481048
10.545098
10.552212
10.717676
10.819088
10.637615
10.493501
10.274664
10.319141
10.096746
9.940182
10.134109
10.386752
10.345829
10.319141
10.363622
10.162579
10.061167
10.182148
10.424113
10.461474
10.66786
10.306686
10.018463
10.22129
10.13767
10.176809
10.28356
10.719454
10.653623
10.409878
10.425894
10.372519
10.445461
10.626939
10.609144
11.023689
10.842216
11.071728
11.132217
11.466705
11.327926
11.343942
11.553883
11.685539
11.744252
11.591244
11.466705
11.137556
11.459586
11.564556
11.521855
11.731799
11.7211
11.344842
11.344842
11.191483
11.334145
11.590925
11.672954
11.772814
11.587362
11.788862
12.238235
11.947569
11.812047
11.58379
11.936872
11.52673
11.806693
11.692567
11.649774
11.954703
12.145506
12.393373
12.507501
12.516417
12.737535
13.247536
13.110229
13.047817
12.803515
12.86771
13.153024
13.340265
13.399112
13.511448
13.834221
13.548896
13.591693
13.522151
13.572078
13.677293
13.636277
13.97509
13.855611
13.766454
13.215436
13.078128
13.158379
12.905156
13.069215
13.113798
13.395543
13.35988
13.276065
13.409808
12.898025
12.036733
12.072394
12.456641
12.217156
11.677427
11.638114
11.897257
12.147456
11.502286
11.634535
11.747129
11.739982
11.509434
11.545177
11.589856
11.757854
11.802535
11.589856
11.800746
12.049162
11.999122
11.831123
12.072396
11.920483
12.467362
12.276135
12.701482
12.957052
12.842674
12.760462
12.885565
12.955265
13.639754
13.52001
13.509287
13.881021
13.770214
14.134804
14.038293
14.334969
14.520827
14.440409
14.958689
15.45374
15.280377
15.005165
14.915795
14.876482
14.40824
14.747806
14.622704
14.293857
14.469005
15.012303
15.387618
15.319701
15.276812
15.4591
15.35902
14.95155
15.35902
15.130261
14.89435
14.990859
15.15171
15.248216
14.682404
14.614362
14.847128
14.850709
15.133616
14.92234
15.019022
15.642136
15.968007
16.121996
16.555307
16.634085
16.71645
17.056662
16.831053
16.75584
15.985915
15.384292
15.574089
15.660035
15.122876
15.448748
15.420098
15.39862
15.907125
15.649294
16.397736
16.161386
16.100508
16.1399
16.43713
16.089766
16.161386
15.699428
15.903552
16.032463
16.00382
16.258074
15.420098
15.423681
15.097803
15.549024
15.498885
15.685106
15.878476
16.243744
16.820303
17.196312
17.525774
17.429085
17.232128
17.429085
17.497128
17.353882
17.787199
18.331518
18.148882
18.632326
20.397795
21.171307
21.919756
21.751438
20.891993
21.253672
21.035225
21.930498
21.998539
22.134796
22.267462
22.737198
22.38938
23.404148
23.823677
24.078262
24.684256
26.14006
25.544832
24.404568
25.017725
25.942842
26.484295
26.104204
26.319355
25.946444
24.738041
24.716524
24.193014
23.77706
24.214521
25.06793
24.920916
24.623295
24.752382
25.803013
25.896236
25.408577
24.727283
25.243633
26.272741
27.882753
27.484715
27.029333
28.746895
28.16242
27.681942
27.427349
26.703037
26.197437
25.881895
24.243214
25.168327
26.54167
26.351622
26.93969
26.907415
27.205036
26.265562
24.712946
24.20735
24.573103
24.573103
23.594183
23.881056
24.067505
24.293409
24.616127
24.347195
24.096197
22.242363
22.18141
21.786331
22.590836
22.70577
23.754499
23.413305
23.704218
24.214218
24.365067
24.663166
25.31683
24.64521
25.60774
25.406616
25.805279
26.063877
25.507183
25.604149
26.487663
26.60977
26.455345
26.717522
27.274216
27.543592
28.71443
29.073587
28.3876
28.8976
28.455843
28.577953
29.073587
28.208017
28.34449
28.412745
29.174149
30.513805
29.989433
30.617952
30.373724
30.384495
30.592806
30.359362
29.073587
29.479418
28.88323
29.386049
29.080765
28.631824
29.935564
30.258795
29.633863
29.842178
29.817047
29.730835
29.899658
30.456329
31.052534
32.050976
31.720551
31.756517
32.058544
32.637424
33.334984
33.726906
33.744881
32.623066
31.109299
30.8612
31.601889
31.684591
31.749317
32.536758
32.17001
32.130463
33.036556
34.801998
38.293343
39.372028
38.987305
39.339664
39.922157
40.080376
41.338837
39.857426
39.94733
39.911369
39.08078
38.850666
40.00845
39.26416
40.68084
40.55859
39.828686
40.64489
40.479481
41.752319
41.346035
40.652065
41.730759
40.457916
38.030857
37.049263
38.724827
37.768402
38.688869
37.398033
36.060459
36.412838
37.211063
35.909458
35.589443
33.42128
34.032543
35.147179
36.333729
36.294178
35.172352
35.776413
37.84029
38.045238
38.839882
39.605747
37.897827
37.196007
37.30397
35.828377
34.349178
34.662292
36.091106
35.281334
35.799595
35.756397
35.331715
35.630432
36.846905
36.199078
36.451015
34.287983
34.33477
34.622707
36.38623
36.638161
37.606308
37.523521
37.422749
38.351303
37.955402
39.031517
39.229473
39.481407
38.46648
37.624294
37.278782
36.8685
38.092159
38.423279
38.027386
36.638161
37.336365
37.142017
37.142017
39.128677
39.524593
39.423809
40.229996
40.489124
40.86343
40.992985
41.316902
41.921547
43.310772
42.511784
43.346756
43.418747
44.030586
43.404335
42.015121
42.59816
43.224396
45.491791
44.937534
42.929264
41.878349
42.202271
42.82851
40.748257
40.244392
38.135357
36.458214
36.458214
35.852848
36.443794
38.785934
39.268768
40.011055
39.312012
39.528236
40.493896
39.960617
38.764313
39.593067
40.88306
40.731731
39.477764
38.656219
38.764313
38.382366
38.584164
40.10474
40.847031
41.567692
42.173042
41.697407
40.897472
40.955132
41.409145
42.374825
42.655876
42.82164
43.138729
43.477432
43.470242
43.08107
42.497345
43.124321
45.04126
45.257465
44.248547
45.106121
44.789047
45.963707
46.338451
47.311352
48.608555
49.718349
48.695026
49.754402
49.797623
47.779785
45.473667
46.41053
46.655544
47.527546
48.385128
47.138382
46.821297
46.842915
46.295216
46.785271
47.008667
46.590675
45.04126
43.699127
44.362988
43.150726
42.616749
42.501301
41.180809
42.34977
41.931248
43.569252
44.334114
43.612541
44.269176
44.377426
45.495865
43.764065
43.908379
42.328114
42.299259
42.739414
41.476658
40.228317
41.418919
43.446579
43.295036
41.382839
41.556015
42.862095
43.778503
44.824791
45.098995
45.106216
45.770073
47.718365
47.999767
48.273972
47.970901
47.812168
47.220455
47.18438
47.711136
47.090572
46.549397
46.794731
45.5103
46.073143
46.390633
45.67627
44.702122
45.899963
46.84523
47.804943
47.285404
48.439941
48.656418
48.367775
48.483231
48.670849
47.768864
47.898743
48.266754
48.439941
46.931824
46.787506
45.68935
45.537628
45.530396
44.09267
44.677879
45.29921
45.841072
44.634541
45.205288
45.082462
43.630295
43.269047
42.286491
41.470089
41.737411
40.277996
38.305645
38.500725
37.388103
36.781216
37.077442
37.864941
36.542812
36.289936
37.821594
36.196011
34.960583
35.560246
34.816097
34.787205
35.856464
37.4748
37.048546
37.185814
36.802898
34.801651
36.196011
36.239372
36.586159
36.000965
36.448879
36.210484
37.691551
38.717461
38.81139
38.009438
37.69875
38.247856
37.633755
37.286968
38.088913
39.013676
38.190056
38.348995
37.669868
37.80714
36.95462
36.492226
37.496479
37.843803
37.134693
37.706314
38.40097
38.176643
38.364788
38.364788
39.254807
37.981277
38.24902
37.438595
38.39373
37.879986
37.851036
37.539894
38.429893
39.71067
39.848145
40.412552
40.296776
40.376377
40.723705
40.217171
39.732384
40.332951
39.587662
39.464645
39.761318
39.884331
38.589092
39.399521
38.458851
37.981277
37.330048
37.438595
37.633957
37.344528
37.018913
36.215721
35.37635
35.716454
35.72369
35.412537
34.884315
35.209923
36.591991
36.02758
36.657124
36.150597
36.932079
37.568844
38.343082
38.748291
37.728031
37.981277
38.068119
38.96537
39.276512
40.542801
40.687508
40.296776
40.014587
39.963921
40.463196
40.246124
39.927067
40.441921
40.543442
40.289646
40.579704
40.586937
41.986511
42.624641
42.617378
42.78418
41.609417
41.725441
42.037258
41.333855
40.543442
41.942993
43.364292
43.509331
43.676109
43.719612
43.647091
44.430279
43.87915
43.516575
44.082203
44.669575
44.829102
45.467232
46.156139
46.663754
47.062592
46.460705
47.236614
46.765266
47.084351
46.845032
47.80949
47.867512
48.694183
48.802956
48.860977
49.789185
49.600628
48.527409
47.359901
47.106091
46.982822
47.80949
49.484592
49.687653
50.992931
52.02264
51.638317
50.927666
51.594807
52.863827
53.168388
53.190136
52.559265
53.414955
53.755768
52.639034
53.538223
53.53096
52.848209
52.317986
53.073372
53.727062
55.04174
55.019966
54.119293
53.131474
54.286358
53.472847
54.613205
54.199192
55.114368
55.404915
55.216061
53.93771
53.051563
53.334854
53.618118
52.964432
54.228245
55.223331
55.564686
56.145779
55.739037
54.417095
55.615547
55.528397
55.15794
54.228245
53.85054
53.465607
53.647175
53.944965
54.09024
54.388027
54.831097
55.89156
56.443562
56.399979
56.007778
56.109451
55.259644
54.547817
55.150692
54.126545
53.116959
52.768291
51.308376
50.916134
49.754009
49.005894
50.168018
48.671768
46.18045
46.914032
44.974735
45.898968
46.590324
48.970058
49.159279
50.141716
48.555225
47.376278
46.131844
45.418648
47.005138
46.597591
45.928055
47.492729
48.235035
49.588638
49.181087
48.045803
49.603195
49.523136
49.857895
51.378899
51.655437
51.226067
50.476482
49.508579
49.413975
48.577072
50.010723
50.425552
49.908848
51.087799
50.629311
51.00774
51.706375
51.57539
50.10532
49.675976
49.166534
48.890011
49.079224
49.413975
48.824505
49.384869
49.741459
51.502605
52.535999
54.035172
53.307415
53.482067
53.685848
52.936256
51.975662
51.830105
49.828785
49.777859
49.719631
51.051422
52.477787
53.220097
52.092079
50.680252
51.255165
50.134438
50.70937
50.607304
53.020298
51.518555
50.906189
49.951202
49.71064
51.263401
50.665615
49.003498
49.324257
48.121395
48.646294
47.443432
48.084969
46.692562
45.198101
45.948982
46.459286
47.458008
47.705868
46.831066
47.151829
48.055798
48.493187
48.092258
47.370533
48.427586
48.15057
48.587971
48.886848
49.987652
50.796841
50.957218
51.555004
51.744553
51.751842
51.066582
51.43108
