Adjusted
22.02
21.68
21.92
21.290001
20.91
21.01
21
21.059999
21.299999
21.27
21.5
21.059999
20.809999
20.51
20.969999
20.35
20.1
22.17
22.49
22.610001
23.049999
23.24
22.83
23
22.799999
22.59
23.040001
22.77
22.73
22.610001
23.209999
23.549999
23.33
22.92
23.129999
23.190001
23.57
23.690001
24.389999
23.17
22.870001
22.559999
22.959999
22.75
22.870001
22.24
21.85
20.9
21.620001
21.370001
22.24
22
21.32
21.5
21.440001
20.950001
21.15
21.27
21.200001
21.25
21.16
21.049999
21.459999
21.799999
21.01
20.93
20.82
20.48
20.700001
20.42
20.49
20.83
20.379999
20.879999
21.15
23.299999
23.08
23.219999
22.82
23.52
23.879999
24.01
23.559999
24.700001
24.780001
24.65
24.610001
24.49
25.25
25.68
25.469999
25.92
26.700001
26.9
26.190001
26.799999
26.41
27.200001
27.4
27.49
27.450001
27.08
28.360001
28.32
28.719999
28.940001
29.6
29.65
28.780001
28.709999
29
28.98
28.709999
29.34
29.639999
29.85
29.4
28.75
28.4
28.25
28.6
29
28.51
29.129999
28.73
28.82
28.82
29
29.33
29.379999
29.25
29.440001
29.85
29.870001
29.35
28.93
28.9
28.639999
28.43
28.389999
29.780001
30.85
30.73
30.85
30.799999
31.709999
31.58
31.66
31.16
30.4
30.299999
30.370001
31
31.43
31.34
31.16
30.9
30.49
30.35
30.17
30.700001
30.09
30.120001
29.889999
29.969999
30.200001
30.5
30.709999
30.08
30.450001
29.98
30.219999
30.48
29.75
29.98
30
29.799999
29.9
29.610001
29.5
29.209999
28.35
28.41
27.940001
28.049999
26.75
27.02
27.43
28.4
28.639999
28.780001
29.059999
29.34
29.15
29.59
29.879999
29.99
29.51
29.34
29.299999
28.48
28.139999
28.33
28.25
29.379999
29.84
29.700001
30.57
31.15
31.299999
31.43
31.48
31.42
30.799999
31.15
31.120001
30.530001
30.42
30.93
31
30.639999
30.370001
30.280001
30.58
29.950001
30.15
31.200001
31.190001
31.5
31.98
32.849998
32.77
32.450001
32.639999
32.080002
32.080002
32.41
32.119999
33.200001
32.779999
33
32.380001
31.870001
31.969999
31.49
31.82
32
32.02
32.490002
33.110001
33.07
33.16
33.119999
33.68
33.610001
33.830002
33.950001
33.889999
33.950001
34.439999
35.900002
36
37.209999
37.349998
37.490002
37.52
37.130001
37.389999
38.860001
38.709999
38.830002
37.91
38.049999
38.080002
38.150002
38.299999
38.470001
38.25
38.040001
37.93
37.91
38.130001
38.330002
38.060001
37.299999
37.529999
36.82
36.400002
36.52
36.259998
36.939999
37.77
37.549999
37.91
38.139999
38.889999
38.34
37.290001
37.169998
36.41
37.360001
37.23
37.900002
38.599998
39.200001
38.860001
38.900002
38.66
39.099998
39.209999
39.150002
39.5
40.689999
40.84
40.77
41.470001
41
40.759998
40.799999
40.849998
41.150002
40.040001
40.060001
39.939999
40
39.98
39.529999
39.91
40.259998
39.700001
39.48
39.279999
41.619999
42.970001
43.150002
43.57
43.52
43.48
42.900002
42.900002
42.400002
42.950001
43.389999
43.240002
43.970001
44.119999
44.619999
45.290001
45.630001
45.799999
45.880001
46.009998
46
46.049999
46.080002
46.529999
46.400002
45.529999
45.5
46.169998
45.5
44.700001
44.400002
44.279999
44.220001
44.25
44.279999
44.130001
44.099998
44.950001
45.990002
46.099998
46.25
45.110001
46.09
47.779999
46.889999
46.700001
46.02
47.5
46.970001
46.549999
46.34
47.200001
48.880001
48.66
48.200001
47.25
47.619999
45.900002
45.57
45.709999
43.5
42.599998
42.25
43.259998
43.880001
43.349998
42.48
41.900002
40.91
39.779999
39.799999
40.810001
40.599998
40.400002
40.459999
40.77
41.439999
42.299999
41.860001
42.950001
42.599998
42.950001
42.720001
42.389999
43.310001
42.700001
43.310001
43.709999
44.220001
44.150002
44.52
44.560001
44.639999
44.900002
45
45.27
44.560001
44.950001
45.860001
45.77
45.790001
45.150002
45
44.860001
43.990002
43.32
43.470001
44.099998
44.529999
44.970001
44.330002
44.580002
43.41
42.990002
42.740002
42.32
41.779999
42.110001
42.310001
42.799999
42.150002
41.200001
41.060001
40.75
40.09
39.189999
40.32
40.029999
41.290001
41.48
42.049999
43.349998
43.66
44.110001
44.169998
44.490002
44.48
45.279999
45.630001
46.5
45.849998
46.009998
46
45.939999
46.41
46.400002
47.200001
47.150002
47.209999
46.66
47.5
47.599998
47.400002
47.599998
46.98
47.119999
47.290001
47.150002
47.049999
47.169998
47.060001
46.849998
46.900002
46.43
46.369999
46.330002
45.939999
45.82
46.950001
46.98
47.18
46.790001
45.77
45
45.330002
45.700001
45.669998
46.099998
47.16
48.5
48.5
48.66
48.18
47.450001
47.82
47.689999
47.5
47.060001
47.630001
48.75
48.360001
49.080002
49.709999
50.200001
49.650002
50.57
50.599998
51.110001
50
49.5
50.130001
49.709999
49.91
49.240002
48.830002
48.599998
48.029999
48.310001
48.98
49.400002
48.849998
48.5
48.880001
49.279999
49.91
50.07
49.32
48.599998
49.080002
48.509998
48.700001
47.849998
47.02
46.830002
46.77
46.779999
46.669998
46.990002
47
46.900002
46.259998
36.740002
35.790001
35.84
35.5
35.700001
36.150002
36.66
36.009998
35.790001
36.16
35.349998
34.43
34.650002
34.59
34.869999
35.07
36.009998
36.689999
36.75
39
38.720001
38.880001
39.630001
39.889999
39.830002
39.98
40.099998
40.290001
40.349998
40.029999
40.299999
40.080002
39.349998
39
38.799999
38.720001
38.630001
38.5
38.900002
39.209999
38.57
38.509998
38.810001
38.849998
39.450001
38.93
38.400002
38.119999
38.310001
37.950001
38.299999
38.029999
38.150002
38.529999
38.709999
38.75
39.610001
39.509998
39.400002
39.5
39.259998
39.450001
38.259998
37.84
37.450001
37.169998
37.220001
38.490002
38.290001
38.25
38.990002
39.02
38.900002
39.110001
39.049999
39.509998
38.91
39.549999
41.68
42.25
41.400002
40.700001
44.5
44.529999
45.720001
45.279999
45.049999
45.07
44.900002
44.509998
44.139999
43.970001
44.91
45.060001
45.349998
44.52
45.259998
44.490002
44.619999
44.400002
44.599998
44.380001
44.189999
44.41
45.150002
44.939999
44.790001
44.959999
45.470001
45.740002
45.580002
46.099998
45.959999
45.360001
46.279999
45.98
45.200001
43.880001
43.709999
43
42.619999
42.439999
41.959999
42.150002
42.599998
41.650002
42.130001
41.75
41.82
41.599998
42.02
43.299999
43.310001
42.200001
42.470001
42.5
41.25
40.669998
41.380001
36.580002
36.360001
36
36.299999
36.509998
36.200001
36.279999
35.75
35.389999
35.66
35.43
36.200001
36.509998
37.77
38.950001
38.380001
38.349998
38.73
39.240002
40.029999
40.369999
40.09
40.049999
39.48
39.900002
40.049999
40.41
40.5
40.810001
40.16
40
39.619999
39.23
39.369999
38.990002
38.189999
38.549999
38.619999
38.580002
38.950001
39.189999
39.290001
39.529999
38.970001
38.599998
37.869999
37.91
37.919998
38.029999
38.080002
37.900002
38.23
38.119999
37.799999
38.099998
37.830002
37.259998
37.349998
38.34
38.959999
39.150002
38.700001
38.799999
38.34
38.400002
38.5
38.099998
37.759998
43.080002
41.09
41.459999
41.900002
41.830002
41.950001
41.200001
40.689999
40.830002
40.25
40.529999
41.330002
40.98
40.82
41.240002
42.060001
42.540001
43.099998
42.310001
42.279999
43.220001
43.869999
43.75
43.639999
42.73
43.389999
42.919998
42.549999
41.950001
41.77
41.919998
41.419998
41.77
41.900002
43.27
44.040001
44.200001
44.389999
43.880001
43.470001
44.169998
43.470001
43.43
42.830002
42.790001
43.27
43.080002
43.150002
43.189999
43.950001
44.029999
44
43.380001
43.5
42.369999
42.990002
43.189999
42.470001
43.25
43.25
43.490002
43.389999
43.990002
43.549999
45.43
45.009998
45.32
44.93
45.990002
45.599998
45.700001
45.57
45.830002
44.82
45.049999
44.25
44.23
44
43.689999
42.889999
42.369999
43.099998
41.919998
41.509998
41.389999
40.880001
42.18
41.779999
41.650002
42.560001
43.110001
42.630001
43.540001
43.150002
42.950001
43
42.759998
41.82
42.560001
43.389999
42.490002
41.950001
41.66
42.509998
42.84
42.650002
42.48
43.189999
43.450001
44.540001
44.400002
44.48
44.740002
44.799999
44.119999
43.610001
44.040001
43.099998
42.32
41.75
41.709999
41.689999
42.599998
42.369999
41.869999
42.599998
39.57
40.59
40.029999
40.59
40.68
40.259998
39.810001
40.5
41.07
40.869999
40.619999
40.07
40.990002
40.860001
40.43
41.599998
42.68
43.360001
42.869999
42.66
42.060001
41.5
41.740002
42.330002
42.759998
43.299999
43.080002
42.650002
43.060001
42.73
42
42.48
42.75
42.389999
44.099998
43.720001
44.41
44.540001
44.09
44.02
44.900002
44.209999
43.990002
44.200001
44.259998
44.540001
45.23
45.279999
45.25
44.880001
45
45.009998
45.150002
45.639999
45.5
45.25
45.720001
45.259998
45.16
45.68
46.119999
46.099998
46.439999
46.599998
48.549999
48.900002
49.639999
49.43
49.720001
49.799999
48.830002
49.139999
49.450001
49.66
50.52
50.880001
51.119999
51.380001
50.599998
51.040001
50.950001
50.880001
50.860001
50.740002
50.68
51.07
50.470001
49.43
49.43
49.68
50.040001
49.389999
50.740002
49.82
50.98
50.549999
50.369999
50.09
49.389999
49.310001
49.75
50.060001
49.98
49.73
49.5
49.68
49.049999
48.880001
48.889999
48.630001
48.970001
48.880001
49.220001
48.669998
50.549999
51.139999
51.900002
53.759998
54.709999
55.049999
55.32
54.950001
54.959999
54.880001
54.970001
56.59
56.25
56.07
56.049999
56.099998
56.689999
56.73
56.259998
56.5
56.529999
56.240002
56.400002
56.209999
56.290001
56.669998
57.450001
58.040001
58
58.400002
58.299999
56.150002
56.029999
56.07
53.959999
54.240002
55.549999
55.02
54.450001
54.650002
53.700001
54
54.5
57.169998
55.779999
56.110001
56.130001
56.099998
56.799999
57.209999
57.650002
57.75
58.240002
57.990002
58.25
57.330002
57.18
58
58.200001
59.52
59.93
60.18
59.950001
59.75
59.720001
60.09
60.040001
60.110001
60.080002
59.709999
59.990002
59.98
59.919998
58.959999
59.91
59.849998
59.860001
59.43
59.41
59.860001
60.029999
60.110001
60.099998
60.099998
60.290001
60
60.310001
60.509998
60.470001
61.27
61.130001
61.380001
61.119999
60.700001
60.009998
60.119999
60.639999
60.57
60.380001
60.299999
60.080002
59.73
59.610001
61
60.240002
60.299999
61.240002
60.529999
61.009998
60.900002
61.029999
60.709999
60.439999
59.869999
59.939999
59.130001
59.950001
59.959999
60
60.080002
59.360001
59.990002
60.5
60.639999
61
60.880001
60.830002
61.59
62.639999
61.580002
61.580002
61.889999
61.509998
61.490002
61.299999
62.209999
59.349998
60.16
60.16
59.080002
58.98
58.259998
59.360001
60.759998
60.77
62.900002
63.310001
63.52
60.02
62.529999
61.73
62.02
62.259998
59.130001
61.580002
61.150002
61.349998
61.450001
62
62.919998
61.610001
60.950001
61.720001
61.130001
61.57
62.509998
62.549999
63.110001
62.860001
62.759998
63.619999
63.540001
64.209999
65.550003
65.889999
66.459999
67.459999
67.389999
67.360001
66.769997
67.279999
68.190002
67.949997
66.919998
67.43
67
66.370003
66.849998
67.510002
67.309998
66.959999
66.650002
66.199997
66.690002
66.790001
67.949997
68.209999
68.540001
67.389999
67.839996
73.919998
75.43
75.849998
75.629997
75.949997
75.220001
76.980003
75.650002
75.279999
75.260002
74.75
74.970001
75.650002
74.349998
73.389999
74.959999
75.209999
74.379997
76.57
76.519997
76.790001
76.480003
77.349998
76.75
77.540001
78.269997
77.709999
78.040001
78.93
79.970001
79.989998
79.980003
79.220001
78.82
77.940002
79.620003
80.07
80.07
78.050003
77.290001
76.709999
77.279999
77.860001
78.370003
79.629997
78.949997
79.43
