Adjusted
11.207919
11.195456
10.925332
10.567941
10.520154
10.694695
10.567941
10.364316
10.326915
10.189775
10.335227
10.414181
10.243798
10.225099
10.181464
10.052639
10.208476
10.457816
10.393405
10.349767
10.559634
10.002769
9.659925
9.618368
9.462531
9.352401
9.46876
9.466683
9.518631
10.310287
10.439118
10.624047
10.545087
10.557555
10.798587
10.65937
10.833904
10.619887
10.707158
10.611577
10.534699
10.507688
10.484832
10.453662
10.572099
10.700928
10.661447
10.707158
11.091567
11.031308
11.27649
11.486356
11.579857
11.80842
12.02036
11.739852
12.074384
11.856209
11.779334
11.5944
11.561158
11.723227
12.049452
11.696216
11.766861
11.677517
11.758554
11.679589
11.802185
11.737774
12.036986
12.217758
11.912312
12.039063
11.897764
11.943483
11.791799
11.835435
11.64635
12.005816
12.07023
12.323731
12.415151
12.743453
12.753842
12.834877
12.591767
11.081176
11.268179
11.114417
11.033381
10.904556
11.07494
11.070782
10.877544
10.912871
10.875466
10.871312
10.929495
11.116494
11.04585
11.054163
11.353372
11.359605
11.251557
10.944036
10.545087
10.428725
10.164844
10.351846
10.522231
10.5534
10.272893
10.12952
9.84901
9.971601
9.865632
9.96121
9.923808
10.05887
10.000694
9.986144
9.971601
9.873941
9.921734
9.749273
9.626678
9.605898
9.880176
9.83031
9.78044
9.948746
10.171077
10.102505
10.59288
10.333148
10.461972
10.69054
11.295194
11.012603
10.833904
10.917024
10.79235
10.788196
10.89832
10.59288
10.376779
10.405871
10.38925
10.380935
10.570023
10.472363
10.464054
10.574176
11.081176
11.031308
11.234933
11.361683
11.349216
11.552842
11.617261
11.496743
11.590244
11.519599
11.584011
11.38246
11.293113
11.301425
11.24532
11.428174
11.199611
11.299346
11.037538
11.012603
11.158054
11.193377
11.14143
11.282722
11.120653
11.303502
11.326358
11.322202
11.253637
11.04585
11.174675
11.097794
11.598557
11.469731
11.84582
11.69206
11.806342
11.937245
11.860366
11.827121
12.128407
12.406842
12.415151
12.483723
12.431774
12.404761
12.041142
11.879067
12.271783
12.21568
12.230224
12.25516
12.498264
12.469176
12.654106
12.4858
12.298792
12.383981
12.172044
12.259312
12.415151
12.467098
12.467098
12.465018
12.203212
13.439531
13.2359
13.296161
13.171488
13.05305
13.279536
13.339794
13.479012
13.487319
13.474856
13.649397
13.543426
13.356418
13.298241
13.177721
13.109155
13.373043
13.27746
13.420829
13.512256
13.379273
13.352263
13.393821
13.412521
13.618228
13.657705
13.859257
13.859257
13.863413
13.890427
13.921592
13.913281
13.948606
13.838234
13.811162
14.019408
14.154772
14.081886
14.077722
14.296383
14.369272
14.754528
14.704554
14.560858
14.254729
14.302629
14.327619
14.317211
14.431745
14.327619
14.061061
14.165186
14.050648
13.91112
14.102712
14.352607
14.862825
14.94196
14.806598
15.01901
15.264749
15.587534
15.514652
15.662507
16.131062
16.081085
15.943645
15.693745
15.847844
15.716651
15.981132
16.099834
16.497583
16.249773
16.174799
16.166473
16.135241
15.926989
15.991541
15.693745
15.318892
15.406359
15.48549
15.627107
15.883245
16.108158
15.981132
15.954053
15.895745
15.89991
15.976964
15.514652
15.41261
15.198109
15.608355
15.547965
15.658341
15.695827
15.798068
15.725041
15.672866
15.787634
15.491323
15.581061
15.860673
16.046381
16.242531
16.33852
16.568047
16.536749
16.814272
16.649429
16.808012
16.768364
16.689081
16.691158
16.588917
16.451193
16.413633
16.530489
16.186193
15.93996
16.004654
16.015083
16.117329
16.219574
15.977527
16.173676
16.30722
16.415722
16.643167
16.883137
17.473654
17.586336
17.665625
17.94524
17.978632
17.957764
17.801264
17.642677
17.836737
17.918114
17.836737
17.938976
17.938976
18.316664
18.694355
18.807035
18.988567
18.786163
18.996912
19.032385
19.063692
19.495626
19.572832
19.802364
19.917133
20.102839
19.933825
19.814884
19.87549
19.658134
19.292398
19.210882
18.987263
18.734375
18.636152
18.732286
18.845144
18.976812
18.416712
18.667498
18.483583
18.147095
18.316385
17.975723
17.058233
17.204525
16.884771
16.443785
16.389444
16.09058
15.568095
15.791712
15.992356
15.892035
15.553469
15.469867
15.833517
15.929655
16.128202
16.167912
16.483496
16.519026
16.608885
16.606798
16.58799
16.654869
16.192989
16.245241
16.535746
16.627705
16.932831
16.932831
17.22543
17.336193
17.56818
17.829422
17.722836
17.718662
17.827335
18.02379
17.944372
17.948551
17.580715
17.518026
17.708206
17.403074
17.639236
17.795984
17.929745
18.151278
18.310118
18.090668
18.157663
17.761974
17.768257
17.833162
17.412346
17.182055
17.159021
17.37466
17.470968
17.462589
17.730574
17.653109
17.186239
16.817766
16.815678
16.824049
16.953854
17.048061
17.165302
17.316044
17.728479
18.182793
18.279097
18.285381
18.195349
18.036238
19.799032
19.809507
20.050272
19.564558
19.549898
19.43894
19.13118
19.13118
19.459879
19.642014
19.476618
19.25889
19.003477
19.139551
18.900888
18.80039
19.36776
18.792019
19.382414
19.679701
19.616892
19.604332
19.654577
19.732044
19.512211
19.52268
19.351009
19.809507
20.228224
20.125631
19.97908
19.972801
19.964432
20.079573
19.962337
19.61899
19.591772
19.562399
19.524637
19.453314
19.839314
19.885471
19.770084
19.648415
19.906443
20.453989
20.221121
20.153992
19.696663
19.035837
18.868011
19.069405
19.237232
18.964518
18.75893
18.584801
18.989687
19.123957
19.262415
19.396683
19.218351
18.954027
20.25049
20.712027
20.884045
20.858873
21.414804
21.324593
21.507097
20.8274
20.944881
21.303612
21.246964
21.593117
21.788212
21.811291
21.681225
21.987505
22.218277
22.02737
21.947651
21.744158
21.580523
21.702206
21.228086
20.967957
21.272148
21.261652
21.152565
21.198717
21.274246
21.259558
20.995226
20.980547
21.309902
21.425283
21.045576
20.970053
21.39382
21.851152
21.767239
21.414804
21.142071
21.184038
21.055748
20.851746
20.618315
20.565739
20.635143
20.227144
20.540501
20.452171
20.588871
20.429045
20.521568
20.672995
20.956905
20.887501
20.908535
21.406961
23.030516
22.784451
22.816
23.003176
23.322847
22.832829
22.828623
23.127249
23.968477
24.380674
24.22505
24.57415
24.633039
25.150389
24.860168
25.053646
25.137774
25.013693
25.196659
25.726629
24.710852
25.333357
24.841242
24.578356
24.809694
23.878048
24.037874
24.946394
25.057854
25.350174
25.160904
24.687719
25.120947
24.778152
24.307064
24.508963
24.738188
25.036823
25.129356
24.860168
24.893818
25.169323
25.926416
26.092556
25.943245
25.903286
25.610964
25.450794
25.539307
25.754261
25.899666
25.419189
25.077791
24.892345
25.092541
25.115726
25.294851
25.109406
25.777437
28.767813
28.447483
28.828926
29.374735
28.816275
28.613974
27.990191
27.977539
28.179852
28.630825
28.649796
28.540213
27.787878
27.872171
27.556061
27.570822
27.922749
27.749947
27.537104
27.501276
27.254715
27.627722
27.343227
27.239965
27.326363
27.027117
28.158777
28.23464
28.285217
28.514925
28.449587
28.063944
27.680401
28.156673
28.331583
28.076586
27.707798
27.261036
27.001837
27.15777
27.395906
27.379044
27.351652
27.798414
28.333689
28.095558
28.55707
27.315826
27.134586
27.600325
27.402227
27.025007
26.50136
27.041899
27.166479
27.236162
27.375513
28.32147
28.213778
28.564285
29.503893
29.531359
29.30331
28.389032
29.423674
30.432964
31.011507
31.64496
31.7083
31.657633
30.962944
30.616652
30.992502
29.489124
29.852303
30.065556
30.515308
30.333714
30.603981
30.530087
30.60611
30.479418
31.199434
31.239542
30.872147
30.886927
31.098083
31.957453
32.206612
32.056698
31.613277
31.562607
32.122147
32.525444
32.5909
32.164387
32.348083
32.098927
32.411419
32.504326
32.179157
32.111599
32.411419
32.343868
31.856104
33.403831
33.040665
32.681698
32.559223
32.816837
32.516998
32.702824
32.783051
33.015297
33.0457
33.162956
31.838526
31.591024
31.999195
32.298817
31.521526
31.729963
31.638784
31.482435
31.035187
31.699568
31.894968
32.077358
31.564947
31.260983
30.7616
31.243618
31.456387
31.287041
28.34289
28.160501
27.921673
28.247355
28.277744
28.277744
27.617706
27.305056
26.783966
27.8218
27.674156
27.782713
27.739296
27.648094
27.704554
27.582964
27.808767
27.839169
27.622049
27.448349
27.569941
26.601582
26.063128
26.770935
27.274656
27.839169
28.151819
27.856537
28.021549
28.117083
28.269062
28.203924
28.303799
28.885687
28.989901
28.850948
28.312487
28.286428
28.130108
28.76844
28.685932
28.468815
28.346949
28.6168
29.017214
28.564575
28.764772
28.447052
28.346949
27.815966
27.446014
27.010778
26.92808
26.65823
26.714817
26.749628
26.827972
27.04995
30.649355
31.371841
31.484999
30.958368
30.810396
30.510078
30.013905
30.475252
30.309868
29.430698
29.038977
28.708199
28.603739
28.682083
28.695141
29.639595
29.09556
28.064047
28.290367
28.725603
28.590685
28.016171
28.216381
28.29472
28.438353
28.116278
27.171816
26.43626
26.706114
27.328499
27.063
26.697405
26.740936
27.345909
27.03688
26.971605
27.01948
26.627764
27.306742
27.99441
28.133684
28.46011
27.755028
27.837723
27.189222
27.145697
27.511295
26.699831
26.093412
25.473907
25.705132
24.771513
25.556801
25.185963
24.906755
24.95038
24.884937
24.391953
24.457399
25.151068
25.089991
22.140793
22.232405
22.236771
22.350206
22.310936
21.333693
20.941042
21.041384
20.666191
22.210594
23.048237
23.275099
24.104013
23.536865
23.314365
23.0177
22.965343
23.571762
23.846611
23.737543
23.942593
23.515049
23.392891
23.35799
23.227106
22.694855
22.817011
23.192204
23.981855
24.889305
25.530621
24.854403
24.570824
25.299404
25.233961
26.180666
26.185036
25.86655
26.259197
26.363901
26.817625
26.363901
25.927631
25.582973
26.093412
26.577671
27.027035
26.804539
26.869976
27.46767
26.824821
27.664459
27.445801
28.521597
28.202356
28.237343
28.294193
28.316057
28.490984
28.184866
28.425392
28.600311
28.316057
28.381653
27.9181
27.620731
26.291292
20.230127
20.313219
20.759281
21.445866
21.297174
21.415251
21.638287
21.843821
21.808836
21.629532
21.603294
21.493969
21.441486
21.577053
21.502712
21.012924
20.91671
21.21409
21.340904
21.113501
21.590172
21.423998
21.493969
21.21409
21.375893
21.284052
21.09601
21.157228
21.515829
21.454611
21.161604
21.144112
21.004175
21.065395
20.851114
20.684937
20.575603
20.531874
20.523127
19.889021
20.549374
20.391935
20.221382
20.225756
20.361853
20.129169
20.058926
20.164293
20.089655
19.997467
19.299423
19.400389
19.15893
19.316975
18.899904
18.662834
18.987709
19.479414
18.961369
19.30381
19.61113
19.918436
19.755997
19.808683
19.918436
20.023808
19.712095
19.878931
20.142342
20.203804
20.383801
20.225756
20.063311
22.877453
22.157452
22.082819
21.073069
20.972094
20.612095
20.296
20.361853
20.673559
20.247707
20.300396
20.203804
19.979904
19.571617
19.404783
19.514542
19.413563
19.347713
19.457464
19.400389
19.29064
19.764782
19.918436
19.72966
19.505756
19.431128
19.690151
19.760391
20.019419
19.795513
19.922831
19.672585
19.734047
19.451948
19.469582
19.544514
19.654711
19.844252
19.897144
19.945623
20.236549
21.056417
21.065233
21.118128
20.89773
20.941809
20.624439
20.205696
20.117533
19.972078
19.945623
19.914776
20.143988
20.188059
18.138401
18.059059
17.34498
17.111368
17.552158
17.424326
17.51689
17.569786
17.878336
17.794588
17.847481
17.821033
18.156033
18.12077
18.116362
18.367603
18.376427
17.843069
17.300903
17.186298
17.33176
17.25242
16.855715
17.190706
17.322939
17.481628
17.415506
17.168671
17.208344
16.9042
16.882154
16.873343
16.820444
17.124592
16.96591
16.882154
16.842487
16.842487
16.763142
16.776375
16.851297
17.036438
17.492571
17.271147
17.935419
17.643135
17.70071
18.001848
17.749422
17.412855
17.474848
16.753012
16.620155
16.14188
15.942591
16.288012
16.403156
17.501427
17.913275
17.851273
18.772406
18.953974
19.870668
19.861807
18.719263
18.533262
18.369406
18.378267
18.232126
19.618248
19.250681
19.197535
19.27725
19.193106
19.724537
20.260372
19.82196
20.278095
19.551823
19.600529
19.706818
19.21525
19.13554
19.100111
19.033688
19.534111
19.423389
19.441103
19.210825
18.887547
19.910528
19.945953
19.923811
19.941523
19.954817
20.247089
21.243505
21.318783
21.681927
21.584499
22.027349
22.279774
22.620766
23.55961
23.382462
23.391329
22.511492
22.262644
22.884752
22.218208
21.618313
21.52944
21.356142
20.996208
21.27615
21.351692
21.196171
21.156176
21.196171
21.631647
21.693855
22.013803
20.978428
21.733845
22.484821
21.59165
20.68959
20.400757
19.276514
19.734205
20.667376
20.702923
20.351873
20.134138
19.134325
18.774385
18.410004
18.107834
18.014519
18.254478
18.658846
18.752163
19.112097
18.778828
18.307798
18.814377
19.07655
19.129879
19.427597
19.018787
18.374456
18.441107
18.032299
17.659031
17.938974
18.165607
18.556643
18.921028
18.734388
18.827709
18.374456
18.48555
