Adjusted
38.283104
37.591278
38.770195
38.134853
38.205433
39.109035
38.861965
40.33033
39.885586
39.850277
40.309143
39.35614
38.918434
37.781879
37.697178
36.737087
36.017033
36.391178
36.758259
35.875828
36.687683
36.115871
35.431095
36.779449
36.595901
35.71349
36.235863
36.094673
35.268738
34.82399
35.593475
36.405308
35.960564
35.628765
36.045269
34.915775
35.014606
34.751602
34.900867
35.014606
34.573887
33.010105
33.386829
33.095398
33.386829
32.292175
30.500937
32.476986
34.346443
34.197159
35.448196
35.426857
35.97419
36.578392
37.879173
36.365131
36.891151
36.073708
35.938667
35.242054
34.851105
35.320236
36.926666
36.464661
36.1661
36.692116
36.748981
36.350925
36.777412
36.926666
38.227467
38.575771
36.997765
38.156387
38.90274
39.130199
38.326988
37.857841
37.125698
37.921822
37.985798
38.021336
37.459797
38.170597
37.680134
38.170597
37.864952
37.616158
37.936031
39.115978
38.765522
38.150425
38.286304
37.742725
36.870155
37.134804
36.612659
37.413727
37.342213
38.236248
38.951481
39.616642
40.696629
40.811081
41.912537
41.65506
41.626434
42.699284
42.234394
42.913853
44.387234
45.674648
45.216908
46.511467
46.618755
45.739017
44.973721
45.066708
44.988041
45.338486
45.138226
45.696114
45.381401
45.560223
45.324173
45.345638
44.988041
45.717567
45.774776
45.517292
45.674648
45.817688
47.148022
46.296898
45.989346
45.853474
45.774776
45.724709
46.389874
47.169483
44.923664
46.432796
46.890545
47.312531
46.826183
46.332672
46.947777
47.641514
46.840477
47.24102
47.87756
48.235161
48.321003
48.835972
48.478367
49.057686
48.936115
49.873055
49.794388
49.880215
50.030403
49.465385
49.243641
49.122063
50.236176
50.293682
50.013367
50.538086
51.630653
50.279301
50.286495
50.351208
49.057373
48.259514
48.000751
48.963932
49.668335
50.279301
50.056484
50.315266
49.891171
49.388027
49.646767
49.294575
49.057373
48.820179
48.640476
48.712364
49.560516
49.819302
50.006184
50.171501
50.207436
50.530891
50.717773
50.653099
51.680962
51.666557
51.716908
51.357479
51.609074
51.206554
50.243374
47.303524
48.101387
48.60453
49.014256
49.927113
50.804028
51.364681
50.653099
50.62431
50.423069
50.279301
49.955872
50.114002
47.821049
48.60453
48.302647
48.84174
48.317013
47.799496
47.777924
47.943249
47.914341
47.93602
49.503803
49.467667
49.142551
49.359291
49.706078
49.518253
49.149776
48.658501
48.297245
48.983616
48.629597
47.979378
48.651264
48.412849
48.629597
50.298515
50.406883
51.866276
51.374992
51.909618
52.119125
51.692879
51.938515
52.502041
52.451492
52.48761
51.425556
52.176933
51.945751
52.184162
52.58152
52.964424
52.668232
52.567062
54.221523
54.712803
55.485847
55.305244
57.349834
57.053627
56.475655
56.728504
55.919331
53.860291
54.279331
54.87175
54.113159
52.964424
52.704357
52.754917
53.116161
52.928326
53.116161
53.369022
53.246197
52.379219
52.473137
52.140812
51.909618
51.533947
50.717537
50.797009
51.000561
52.817852
53.021385
53.682865
52.65065
52.803314
52.425304
53.050465
51.865578
51.036907
49.779343
48.521763
49.394073
48.550842
48.827068
50.280907
49.902905
49.510368
49.001541
49.263226
49.255951
49.539444
49.517647
49.648506
49.939255
50.062843
50.586201
50.658909
51.102329
51.080498
50.637104
49.808407
50.35358
48.856144
49.357716
49.6703
50.15733
49.626675
49.023346
48.521763
50.404488
50.309978
49.612141
49.619408
49.066944
47.76577
47.620384
48.078339
47.285995
47.395035
46.35556
45.134323
45.141586
46.31921
46.609959
46.842598
46.798977
46.522736
47.313133
46.493473
46.859386
47.144794
47.84005
49.918442
49.684258
49.508636
48.688984
48.88657
48.915836
48.688984
48.396229
49.354942
49.135384
48.923157
49.289078
48.352325
49.530582
49.09148
49.076847
49.142723
49.41349
49.757446
50.950336
51.821213
51.104015
50.328281
49.815998
50.203857
49.479347
49.852592
50.020905
48.579197
47.19603
47.591221
46.617889
46.617889
45.812862
45.607944
45.454254
45.410347
46.786198
45.856766
46.639835
46.120228
45.271301
45.410347
45.337166
45.776268
45.695766
46.010445
45.285938
45.564037
43.697853
42.966022
43.910095
44.276012
43.478298
43.14167
43.536854
44.766335
45.190792
46.032406
45.388393
45.373756
45.249367
44.868793
45.112011
45.377331
45.392071
45.060413
45.060413
45.008827
45.509991
45.406803
45.716343
45.193077
44.802464
45.082523
45.222569
44.772976
44.824562
45.038303
45.561569
45.362587
46.866058
46.45335
45.546829
45.281517
44.53714
44.529766
44.23497
44.28656
44.824562
43.940166
43.770653
44.441338
43.505329
42.679886
43.114719
43.328465
43.151581
42.643044
42.65778
42.952583
43.711689
42.075565
41.655453
41.051113
40.564697
41.82497
43.505329
43.129459
43.298977
42.702011
43.240013
44.035992
45.325752
46.02589
45.701603
46.998734
46.939777
46.858711
47.241943
47.455673
47.136635
49.288311
48.791218
47.960201
48.08633
47.856331
48.279259
48.19022
48.346035
47.893425
48.227314
47.670845
47.425995
46.973412
46.973412
47.485371
47.529873
47.425995
48.865402
50.030273
50.942905
50.208351
49.177021
49.347672
50.334473
51.269318
50.690617
50.304798
51.195168
51.187714
51.380638
51.350971
51.232254
50.349323
50.393822
51.046749
50.408653
51.543873
52.38229
52.567768
51.417732
51.395485
52.248718
50.794495
50.683201
50.119305
50.171249
50.200924
50.579338
50.430935
49.518318
50.646103
51.254498
50.653519
48.487
47.871181
47.032753
46.62468
45.875305
46.342735
46.876957
46.943726
47.819225
47.336971
46.342735
46.661785
45.853043
46.91404
47.773144
47.825428
47.623726
47.907597
47.631195
47.795544
49.147694
50.245853
49.304562
48.804043
49.207462
49.259735
49.140224
48.848869
47.937489
47.810501
47.713383
49.752796
50.066555
49.812553
50.006783
49.513741
48.65464
50.746365
50.596951
49.95451
50.328022
50.455021
50.514774
50.783718
50.141247
49.737846
50.97794
50.350426
48.946003
47.70591
48.721878
48.288605
46.047493
50.051613
48.206425
48.251236
46.936466
46.704887
46.249176
46.36124
46.047493
45.778538
47.302513
46.906586
47.063457
47.459377
47.003693
46.570408
45.666492
46.200653
47.645126
48.028816
49.315296
49.285198
51.346573
51.89579
51.316494
51.361652
52.241867
51.955986
51.760376
51.797993
51.414303
51.158527
50.97044
50.895191
50.594257
50.248192
50.330963
50.443802
51.158527
51.143459
53.219898
54.551537
54.589157
55.251202
53.723949
53.242474
52.362225
52.302044
52.896393
52.738411
52.745937
52.362225
53.317688
52.670704
52.362225
52.663143
53.528343
52.941536
53.039349
53.302647
52.655655
55.153385
56.748337
57.944534
58.60659
58.064919
62.202736
60.397144
59.953255
60.141354
60.17144
59.990883
59.208458
59.351391
59.42662
59.968315
62.037235
62.458519
61.33754
60.713123
63.496769
61.834076
60.367039
60.186474
59.810337
61.563232
61.299923
60.096207
58.538879
58.794662
58.371048
57.909584
57.349766
57.531326
57.46323
57.720448
59.006508
59.672184
58.953533
59.619251
59.838608
58.938385
58.983803
58.522327
58.643375
57.682632
55.299671
54.30109
55.050018
55.329945
55.216446
55.534176
56.078857
56.449543
57.319515
56.820217
56.585701
55.571995
55.443405
55.753563
55.12569
52.818378
53.136093
53.022621
53.960667
54.13467
54.028759
55.39801
56.260445
56.525192
57.622089
57.576706
58.212158
57.221161
58.824913
59.384735
60.012638
60.723713
60.96579
60.648087
61.253273
59.346931
59.248569
60.130939
59.895111
60.070095
59.902756
60.092892
60.876389
60.876389
61.94894
62.542259
63.264912
62.945431
62.207554
62.032612
62.260822
64.542816
64.512398
63.34856
63.652851
62.762867
63.242073
63.782169
63.713703
64.109238
65.151367
63.995125
63.820198
63.067135
62.724834
63.805004
64.025536
63.76693
63.249695
63.576767
64.056
63.713703
62.884567
63.173599
63.272514
63.652851
64.649323
63.211658
63.173599
62.283649
61.751175
61.956551
61.614243
62.329296
61.735958
62.496632
62.382542
62.291229
62.260822
62.177139
61.766388
61.370846
61.2187
65.699051
65.881592
66.528137
66.117416
68.270103
66.467331
66.391251
65.288284
66.992188
67.045441
67.92778
67.851738
67.996254
69.304626
68.916679
68.947121
69.122047
68.300529
68.713272
68.399895
68.346397
67.490349
65.571869
65.388428
65.969307
65.732391
65.954018
67.26104
68.040657
66.90947
65.92347
66.955322
66.397354
67.222824
66.810081
67.04702
68.789696
68.461037
73.337456
69.905624
69.913284
70.532372
70.119637
69.867416
69.492867
69.485245
69.026642
68.957848
70.387154
69.806236
69.393547
69.15657
69.74511
69.362953
68.827904
69.17186
70.807541
68.996071
69.17186
68.598633
67.987152
68.162956
69.813919
70.952744
70.761658
70.914551
71.151497
70.448311
69.57695
67.857231
68.254677
68.025368
67.472389
65.076103
66.02079
64.991608
67.587585
67.49543
67.864075
69.87635
67.956245
69.062225
69.315681
68.739639
66.535385
65.583015
63.547684
64.89946
64.70742
64.000839
62.549248
61.635284
62.948624
62.195942
60.959419
60.798103
61.612228
61.696709
62.672119
62.848774
62.088417
61.450954
63.294231
63.478558
63.148319
62.902538
63.478558
63.401779
63.286568
62.43404
58.286602
58.793533
58.232857
58.417187
57.679859
59.638348
58.947124
58.209805
59.822689
60.559998
60.091503
59.52317
60.106876
59.285088
57.879555
58.854954
60.967064
60.844193
61.120682
59.430981
57.603065
57.948669
58.417187
58.755123
58.931767
60.367996
61.159084
60.967064
60.606117
62.157532
61.458603
60.663265
60.616932
62.030048
61.551289
62.308029
62.477917
62.97982
63.026184
63.12656
61.767509
63.551239
65.226929
67.528038
67.520317
67.721069
68.431503
68.029961
67.574387
67.968201
67.203728
67.759697
65.667061
67.412201
65.829216
65.373627
64.948914
65.435425
65.188278
65.78289
66.655449
66.501015
66.470139
68.871666
68.238434
68.632278
68.593651
68.130356
67.126488
67.373596
67.651566
67.697922
68.979774
66.948914
66.632309
66.933449
66.593689
66.90258
67.126488
66.717255
66.215271
65.535782
66.555061
67.419922
67.574387
68.338814
69.149643
69.033806
69.103287
68.785179
68.536873
67.116959
66.767792
66.961792
66.744514
66.535019
65.960861
65.138359
65.960861
66.185875
65.681488
67.101463
67.155746
67.016083
66.829865
66.604836
66.985062
66.449646
66.403137
66.62812
63.850353
63.353741
63.508945
63.53997
63.470135
63.400314
63.64859
64.727127
64.408997
64.416748
65.68927
65.759117
65.743591
65.642738
65.728065
66.62812
66.79882
66.57383
65.371155
65.518585
66.705727
67.574722
67.1325
67.799759
68.940376
68.583443
68.715363
68.870544
68.90934
70.942215
71.578476
71.656097
72.61821
73.634651
71.663841
70.22065
69.824928
69.66198
70.856895
71.431053
71.850044
74.643372
74.364052
73.246719
72.633736
72.431984
72.587181
69.793846
68.772537
68.889473
67.766769
67.236633
67.681038
68.780319
69.248123
68.491875
67.649857
66.106171
65.638329
65.887863
65.56041
66.098343
67.447121
68.819321
67.930519
68.320335
67.735603
66.550529
65.778702
65.872276
66.199684
66.145134
66.363441
66.386833
67.26004
68.031891
68.452881
68.515244
68.811508
69.209145
68.84272
68.780319
69.598984
69.918617
70.534531
70.440964
80.186539
83.733932
83.461075
82.96209
82.66581
84.279694
88.209099
87.959641
86.704384
87.203362
87.577591
88.879578
86.829109
87.632172
87.187775
87.070816
87.336914
88.550056
89.090088
88.816139
88.542213
88.072609
87.016045
87.047348
86.773407
87.52475
87.383881
87.180405
87.704796
87.438667
87.477806
84.245415
86.742088
87.438667
87.125618
87.767395
87.798706
89.770988
91.304993
91.453705
89.692734
89.82579
88.424812
88.307411
86.875137
88.166512
88.08828
87.031693
87.814346
87.939575
87.728249
89.160507
88.009987
84.315857
85.270706
86.945595
87.11776
87.595192
90.005783
89.590988
91.304993
86.429031
87.829994
85.309837
85.935959
81.952232
80.32431
80.292992
79.91732
78.539848
78.923363
76.520554
77.451935
77.358032
78.093719
75.745766
73.812576
73.554291
71.699394
69.852341
72.630745
73.280342
74.055191
74.579597
75.690956
75.886604
76.755363
76.864967
73.147316
75.042236
74.814247
75.804924
76.080124
74.767052
75.537582
72.942879
71.126579
71.079384
70.953613
71.999329
71.70842
71.771347
73.894264
74.790657
73.123718
72.502571
71.787079
68.272385
68.170189
69.404617
70.057236
72.353165
72.392487
73.406799
72.282402
74.138031
73.288834
73.477554
72.557602
70.953613
70.19091
69.923599
70.30883
70.804192
69.522583
67.729858
69.184479
65.842804
66.613358
66.007912
65.709145
65.984344
64.285973
62.257381
61.14875
62.218048
61.046505
60.551174
59.049362
58.074387
59.316711
61.832802
62.933571
63.360462
61.937542
60.206287
60.016552
59.052109
60.103508
61.565968
59.724068
61.384129
62.957298
62.728046
64.000786
63.874313
64.230042
65.945473
67.716255
67.811111
69.99295
65.803192
66.388184
65.961273
64.261665
63.573883
64.403954
63.724102
64.467201
65.273529
65.977097
65.795273
64.41188
63.866409
