Adjusted
52.325829
51.803452
52.505939
51.893509
51.046928
52.037609
51.263077
50.884815
50.668671
50.290424
48.453156
48.633278
48.092907
47.642605
49.930161
48.687313
48.363094
48.471184
48.813385
47.93082
46.922119
46.832047
46.021484
47.030182
48.867428
49.173641
49.714024
48.092907
47.28236
46.976143
47.372417
47.192295
46.742001
45.895401
46.201618
46.561855
46.579872
45.96748
46.147583
45.120865
43.914043
43.60783
44.670567
46.147583
47.28236
45.499134
45.571175
44.23827
45.733299
45.859379
46.021484
46.705967
48.128929
49.155636
51.335125
49.696003
49.984203
50.7047
51.003246
51.383186
50.116676
49.935749
50.930855
50.098595
50.930855
50.985123
52.052601
51.509842
52.088768
50.967041
52.10688
53.626663
54.712231
54.278011
54.350368
56.340561
57.245193
55.544502
55.924435
55.725414
55.508293
56.431007
56.575764
56.087265
56.051079
55.63493
55.63493
55.092163
55.128372
56.2682
56.087265
55.906345
55.580677
56.5396
55.960606
55.544502
55.435936
56.105358
56.2682
56.376751
57.462345
56.630047
57.209034
57.154736
58.077461
58.529797
58.710716
59.307766
57.245193
56.81097
57.534664
59.416313
58.475494
58.475494
59.977184
59.579166
58.348869
57.80608
56.232002
56.2682
55.399746
55.227177
55.227177
55.862991
55.336174
55.572327
54.59132
54.173489
53.882816
53.864651
52.41132
52.447628
52.247795
52.792797
52.011631
51.375797
51.630146
51.175964
51.139626
52.938141
53.010818
55.408825
55.408825
55.354362
55.463326
54.682159
54.59132
53.95549
52.774632
51.95713
52.193306
52.120628
51.720959
51.375797
51.684639
51.775463
51.593803
51.502975
51.230476
50.957954
49.395615
50.467472
50.758121
50.957954
51.48481
52.3568
52.665623
53.228806
53.791996
54.645817
54.518661
55.045486
55.245319
54.445988
53.864651
54.59132
55.13633
55.463326
54.318813
55.172668
54.863831
54.682159
56.498871
56.317181
56.044674
55.429199
55.977093
56.15974
57.894756
57.52948
57.821701
57.71212
57.986065
58.022594
58.789669
56.945068
56.9268
55.995373
56.561527
57.182465
57.346836
57.383373
58.132179
58.44265
59.812397
60.17767
60.360294
60.725567
60.670761
60.488155
60.81691
61.748302
62.07703
61.894409
61.803101
61.949177
61.839619
60.670761
61.456093
61.27346
61.218658
61.638718
60.488155
60.451622
60.561195
60.250717
60.17767
59.903725
59.830669
60.360294
60.615978
61.090836
60.268963
60.287266
59.994999
60.086353
60.305489
59.629787
59.447105
59.2645
59.574966
59.648033
59.629787
59.355812
59.976772
60.214203
60.305489
60.634247
61.27346
62.398449
62.765518
62.526943
63.334465
63.499622
64.307121
64.876068
62.894009
62.710461
62.361763
62.380131
62.398449
62.380131
62.214954
62.655411
63.426205
64.233704
65.077927
66.289223
67.628906
67.445419
67.13343
67.904243
66.197433
67.720665
67.353638
66.454391
67.995979
68.08773
68.730072
68.307953
67.904243
67.371986
68.638321
69.13382
70.234993
70.234993
70.271713
69.867958
69.555946
70.216637
70.381783
70.400154
69.372421
69.427452
69.31736
70.106514
69.555946
68.785141
68.491508
67.647285
67.995979
67.959274
69.28067
70.033096
69.849594
68.821831
68.326355
68.454796
67.959274
67.849144
67.170113
68.162582
68.42083
68.623734
70.468483
70.542267
70.505379
70.044235
69.841255
69.158722
69.730598
68.660622
67.609138
66.981964
69.287888
68.660622
66.594551
67.295547
67.79361
65.487732
64.104187
64.288635
64.380882
66.004272
66.981964
68.18103
68.033455
67.885872
67.516899
65.413933
63.975056
64.528465
64.011932
64.749847
65.02652
64.104187
64.473114
64.380882
63.993496
64.251762
64.23333
65.02652
65.709091
65.948929
65.782898
66.539215
66.225601
66.594551
67.406242
68.070374
68.365494
68.162582
67.350883
67.941193
68.310143
66.815926
67.516899
67.572258
67.627594
68.107224
68.845123
68.310143
68.531532
68.787392
68.824478
69.436325
69.825661
69.936935
69.213829
69.380692
68.898651
68.472168
68.064278
68.305321
68.564911
68.342415
69.102577
68.768852
67.137238
66.395592
62.650295
61.815929
62.539063
62.501968
62.872784
63.039631
64.522964
64.152115
63.595863
63.13237
62.353615
61.741772
61.612003
62.76152
63.150909
62.76152
62.835701
63.076736
63.076736
63.818359
63.354866
63.744236
63.22506
63.595863
63.243603
63.354866
63.651531
63.7813
64.838142
66.377052
66.970375
66.877647
67.044525
66.377052
66.432663
67.229919
67.600784
66.988914
66.822037
66.45121
67.582207
67.693481
67.860344
67.378265
67.915947
68.509262
68.323875
69.009674
69.12149
69.699211
69.829674
70.090553
70.127831
70.221001
69.531494
69.512833
70.258286
70.351471
69.140129
64.257439
62.524277
60.194801
58.759792
61.760201
66.71743
67.388306
68.003319
68.171043
68.581047
66.680153
66.996979
67.01561
67.090164
67.052879
66.829231
67.220589
67.928764
68.935112
69.829674
70.1092
69.140129
70.314209
68.972443
68.711464
67.742424
66.90377
67.090164
66.736069
67.425583
67.462883
70.071915
70.537819
72.830078
72.21508
72.21508
72.121933
72.010071
72.21508
74.414162
76.780975
75.867767
76.650513
76.87413
77.805916
79.129097
77.340012
76.408195
76.613228
76.985924
76.594582
77.060463
77.169052
77.243935
77.075478
77.449883
77.99279
76.757202
76.438927
75.465446
75.353096
74.810181
75.016121
74.061348
74.735321
75.540337
74.885078
74.510658
73.949013
71.833511
71.814804
72.694672
71.421654
70.991028
72.413872
72.938042
73.012947
72.245384
72.413872
72.91935
72.526192
73.79924
71.047226
71.122078
71.402908
70.859993
71.290581
72.151802
72.638504
72.732117
73.424828
73.949013
73.892845
74.042633
75.727524
75.540337
74.847633
75.240807
75.240807
73.79924
72.881889
71.852211
71.178276
71.140816
70.186043
69.249939
69.64312
69.699272
69.905205
69.399734
68.220314
67.639946
67.770958
67.705048
69.117561
69.437729
69.701393
69.40007
69.192894
68.552605
68.401917
70.341713
69.305885
68.966911
67.949898
66.857567
67.32843
66.480942
66.895248
66.292587
64.974266
64.672951
64.76712
64.729431
63.900764
61.640793
62.996769
64.993126
65.727608
66.76342
66.27375
66.367943
66.819939
65.784096
64.936607
63.881973
63.599464
63.900764
63.524097
63.787769
64.051445
63.881973
64.315117
64.446945
63.84428
64.032623
64.503441
64.541138
64.12677
63.806606
63.750118
63.429981
63.185112
62.714298
62.149307
60.623814
61.659645
61.038155
59.023006
59.418495
59.776333
59.606834
59.983505
60.623814
60.925171
60.793331
60.661518
61.258739
61.751682
62.036076
62.548027
62.168762
61.789585
61.69479
61.979176
62.111893
61.429348
62.320457
62.756516
62.396305
62.282536
62.073978
61.675808
61.372463
60.993294
60.860569
60.63306
62.111893
64.72834
62.870335
63.268478
63.552841
62.566952
61.979176
62.187771
61.182884
61.372463
60.576187
60.860569
60.708889
61.239758
60.63306
60.652008
61.239758
61.182884
61.96022
62.642788
62.813435
63.154678
63.154678
64.595619
65.050659
66.358856
68.273804
69.202835
70.018066
68.596138
67.515404
70.529984
71.534874
71.136703
69.771614
70.264557
70.131859
71.231514
70.624802
72.956825
72.899956
70.795441
70.150803
71.174629
71.851547
71.775314
71.603691
70.764656
72.175781
71.64183
70.459541
70.097237
69.830269
69.525177
69.22007
68.628937
68.781471
68.495453
68.64801
69.315445
68.018723
68.838692
71.031586
70.364197
70.688362
70.535835
70.707443
70.821854
71.107895
70.955345
69.773079
70.059082
70.459541
70.554901
69.429855
70.497704
71.832497
71.546471
71.412987
71.79438
72.404564
73.415237
74.120773
73.262695
73.052917
73.129173
71.718094
70.612076
71.107895
71.584602
71.508316
71.889732
72.252037
72.118546
71.927841
70.974411
70.554901
70.955345
71.718094
70.840958
71.031586
71.012566
70.249802
70.764656
70.402336
70.802803
70.726501
71.349861
71.158081
70.851166
70.179893
70.908737
69.834641
68.990746
71.790993
71.062187
70.736137
71.982803
71.637589
70.601852
69.757935
67.935814
66.689102
66.458954
67.609795
68.108429
68.089264
68.185181
68.415337
66.574043
66.36306
65.979469
65.960251
66.247963
67.111053
68.357788
66.708267
66.785042
65.749283
65.231422
66.88092
67.130234
67.609795
67.111053
67.111053
67.091896
66.861717
67.091896
66.056175
67.130234
67.111053
66.938438
65.806854
65.135551
64.636833
64.272408
64.732735
65.135551
65.327324
65.806854
65.346519
64.540955
64.425873
63.888802
63.217518
63.658646
64.886169
65.327324
65.020439
65.686768
65.899254
66.169624
67.019432
67.695465
67.96582
67.81131
67.386398
66.864937
66.34343
66.015106
66.053741
67.251221
68.274857
69.143982
69.028084
68.525917
68.448669
67.328476
67.328476
67.714729
67.888565
67.618149
67.502289
67.212601
65.957184
65.261879
65.764046
66.26622
66.517273
66.710419
66.497971
66.536598
67.618149
67.212601
67.463661
67.328476
67.15464
67.463661
66.691101
67.83062
67.309143
66.497971
67.11599
67.907867
67.96582
66.864937
66.304832
65.686768
65.570892
65.62883
65.030113
64.527916
63.330475
64.566559
63.755371
63.311165
63.330475
63.214588
62.886261
62.615868
62.673798
62.268215
62.336304
62.997795
62.453056
62.978336
62.93943
63.192364
62.375229
62.472485
61.772087
61.888817
61.772087
61.324604
61.052246
61.57753
61.927742
61.674805
61.772087
62.822697
63.017273
64.281898
63.85387
63.503632
63.289654
63.21183
64.7099
70.410446
70.527199
70.721748
70.293732
70.877396
71.0914
70.974686
70.274284
70.955223
71.694534
71.519447
71.499977
71.247055
70.955223
70.819038
71.033051
70.819038
71.013588
70.293732
70.624458
70.468834
70.877396
70.215919
70.138062
69.826775
70.079704
69.69059
70.118629
70.916298
71.519447
73.309357
73.717949
72.861847
72.978622
72.920242
72.122543
72.550591
72.628433
75.575058
76.945587
74.400337
73.989166
74.243668
74.889771
75.203049
75.222626
75.163887
74.889771
74.224106
74.419914
75.203049
75.81002
74.733147
73.910843
73.245155
73.519264
73.989166
73.910843
74.419914
73.950005
73.440933
74.47863
74.459099
74.47863
75.633789
76.2799
76.201584
76.984741
77.180542
77.37635
78.844757
78.100769
78.0616
77.709152
77.552551
78.70771
78.492317
78.120331
78.296555
78.766449
78.081146
78.022453
78.962219
78.825203
78.433601
79.490875
80.998451
81.292145
80.743927
80.039063
79.882462
80.313194
80.176125
80.039063
80.27404
79.823715
79.451698
78.60981
78.237823
78.414017
79.07972
79.030472
78.951691
78.203346
79.365265
79.562202
78.735085
78.203346
77.395897
76.509697
76.864182
78.794151
79.463745
79.444023
79.581909
80.684753
80.487831
80.78318
81.374031
80.231796
79.857635
79.837929
80.5075
80.468124
81.216469
81.945114
82.595001
81.945114
81.177086
80.409035
79.463745
79.444023
79.70005
80.448425
80.743813
80.645355
80.389374
79.739464
79.207703
78.282104
77.986702
77.612541
78.104874
78.400269
77.789795
76.824768
77.454994
78.872932
78.833557
78.715393
77.277748
77.002029
77.494385
78.51844
78.262428
77.770088
78.262428
77.947334
78.616905
78.242737
77.809464
77.179253
77.397293
77.397293
78.447784
77.615326
78.209908
78.309021
78.586487
79.141472
79.379295
79.339661
79.200882
79.240547
79.775711
80.350464
80.48922
80.350464
79.418938
79.557678
79.379295
79.67662
81.6586
81.797363
81.301857
81.6586
82.768532
83.640602
84.611801
85.265846
85.582993
86.237038
86.137947
86.058678
85.444229
86.256851
86.930756
86.910919
86.950577
87.683884
88.516335
89.170425
88.219055
88.833481
89.487526
89.646088
91.786652
91.528999
91.053314
90.934395
90.756004
89.804634
89.467712
89.190239
88.476723
89.428078
90.201057
90.756004
90.855125
90.756004
89.665924
90.379433
90.04248
89.883911
89.527168
88.889397
88.191849
87.813171
87.693573
87.693573
87.294968
87.534142
87.135513
86.7967
87.055786
87.175369
87.055786
86.896362
86.198776
85.899841
85.680618
85.620834
85.580948
84.943192
85.381638
84.305412
83.029869
81.754326
80.897331
80.518646
80.259529
78.326294
80.897331
79.282967
78.744835
78.685059
77.927689
79.362701
79.681564
78.386116
77.489243
77.329788
77.170349
77.588867
77.648674
77.529106
77.728386
78.08712
76.731857
77.389565
77.449379
77.529106
78.645187
79.60186
79.681564
79.282967
79.123535
80.040337
79.043785
79.661667
79.841011
80.179825
80.996971
80.339256
79.522156
80.478775
80.87738
82.212708
82.212708
82.192665
82.092407
82.333023
83.295532
82.312988
82.03228
82.333023
82.172638
82.373131
82.894493
81.911964
82.75412
81.831749
81.410637
82.012207
80.849197
79.886703
80.468224
77.400299
76.878929
81.049721
83.716614
83.937187
83.897087
84.879608
85.962418
81.811668
80.127319
82.03228
80.849197
81.129906
81.009605
79.445557
80.829155
79.445557
78.543228
78.46302
76.918999
76.999222
76.337517
77.239838
76.056793
77.199745
79.926804
79.986961
80.087212
80.568489
79.285149
78.643509
79.66613
78.503113
78.422913
76.41774
76.598183
75.495354
75.014091
74.673225
74.593018
74.973969
74.43261
77.15966
78.001831
77.139572
76.35244
75.868065
