Adjusted
38.45578
37.263359
37.404964
37.606182
37.255901
38.694271
38.470695
38.217304
38.31419
37.70306
37.486938
37.241001
36.525547
35.824997
36.197632
35.251141
35.102085
35.906975
35.847351
35.452351
35.623764
35.824997
35.139351
34.833801
34.871056
34.871056
35.042473
35.213879
35.661034
35.504513
36.629883
36.577709
36.346684
35.832462
36.443577
35.504513
36.093292
35.646137
35.892075
35.817554
35.616329
34.95303
35.683395
35.325657
35.862259
35.124443
34.878502
35.4002
36.92799
36.786392
38.731533
38.94022
39.604656
39.649437
40.814053
39.208973
39.918209
39.813694
39.970459
39.664383
38.843182
39.134315
40.366123
40.3512
40.761818
40.552773
40.731941
40.089909
40.746891
39.552387
39.306019
41.276924
40.717003
41.366516
41.045498
41.799511
41.792057
41.142544
41.06041
41.874165
42.239979
42.045864
41.762184
41.918964
41.493431
41.739799
41.12014
41.06789
41.657665
42.329571
41.42625
40.239223
40.134705
39.507603
39.171638
39.425461
39.261223
39.492664
38.820766
39.19405
39.828617
39.425461
39.276165
39.164177
39.455338
40.209362
40.776745
40.030186
40.157108
40.881256
41.351582
41.082836
40.373577
41.247055
41.105217
41.307129
40.746284
40.574299
40.185452
40.828548
40.514477
40.671501
40.230312
40.133118
40.641598
41.673534
41.09774
42.286713
42.398884
41.695961
41.598763
42.271725
42.361477
42.862492
42.361477
41.725891
42.623196
41.845535
42.548431
42.249317
41.598763
42.017506
41.995079
41.494068
41.800644
41.808128
41.329552
41.748322
41.351967
41.681
42.623196
43.199009
43.146652
43.9692
43.423328
43.318645
43.445751
44.058933
44.029011
43.954239
44.260834
43.670086
44.193531
44.193531
44.201
44.343094
44.24588
44.806709
44.851582
44.926353
44.036495
43.812168
42.668083
42.511047
42.997097
42.982136
43.184025
43.685051
43.064396
43.737392
43.475666
42.675549
43.086819
42.339054
42.540947
42.473644
42.795185
41.763264
42.668083
42.73547
43.050041
43.431999
44.113548
43.828953
44.158501
43.754059
44.151009
44.4356
44.240887
44.480537
44.068623
44.188454
44.165985
43.619244
43.963768
43.521877
43.282215
44.008698
44.076099
44.038651
44.151009
44.218414
43.933815
43.37957
43.896355
43.754059
43.529362
43.649197
43.409531
41.582085
41.192623
41.192623
40.982925
41.349911
41.245056
41.050323
42.001514
41.971539
41.7169
41.671951
40.818157
39.709686
39.462547
39.709686
40.054211
39.994301
39.402607
39.657253
39.552418
39.320229
38.002064
38.488888
38.939064
39.464245
39.276676
39.816856
39.591782
39.344208
39.404217
39.689327
39.599293
39.801868
39.239162
39.104118
40.019451
40.124477
39.959419
39.314198
39.396725
39.58429
39.869385
40.131989
40.124477
39.726833
40.101971
39.899414
40.67218
40.97229
40.837234
39.966919
40.874763
40.402084
41.032307
41.272404
41.557484
42.202728
43.200596
43.005516
43.163078
42.817963
42.75042
42.255253
43.155582
42.915497
43.800816
44.588589
45.053757
44.978725
44.926228
44.566082
44.686123
45.353859
44.678616
45.286335
45.804024
45.196323
45.361362
45.226318
44.085915
43.440681
43.87582
43.440681
43.493206
43.876705
44.320347
44.064678
43.688705
43.771427
44.049652
44.982079
44.673763
45.215172
45.11742
44.884323
43.876705
44.064678
44.094761
44.380508
43.598469
42.628448
43.117229
42.46302
43.17738
43.455601
43.944366
43.891724
43.688705
43.876705
44.064678
44.342911
43.718773
44.064678
43.598469
43.290169
42.861542
42.515659
42.109581
42.004318
41.041836
40.530491
41.523064
41.004215
41.402756
41.545635
41.402756
41.13205
41.515564
41.289429
41.334648
41.523083
41.44772
41.824585
41.66629
42.186363
42.005486
41.786892
42.472794
42.661224
42.653694
43.339573
43.47525
42.985321
43.113468
42.495407
42.744122
42.299427
42.095921
41.922565
41.402496
40.746731
40.362347
40.060844
39.578465
39.54076
39.17897
39.57093
39.013157
39.141293
39.254356
39.435242
39.329735
39.013157
39.352333
39.955315
39.631207
39.44278
39.683983
39.84227
40.136215
40.038235
39.879948
40.068382
39.683983
40.626148
40.633675
40.309574
39.955315
40.083454
39.849804
40.098534
39.23175
38.689049
38.7192
39.27697
38.915173
39.683983
40.249275
40.927635
41.432644
41.145535
41.44775
41.289097
40.646889
40.692242
40.873554
40.707333
40.465576
40.193588
39.793163
39.762939
40.133144
40.231358
40.261585
40.102936
39.717617
40.382462
40.306915
40.208694
39.974495
39.868713
39.64962
39.438076
39.483398
39.037647
39.694942
39.89893
39.679829
39.876286
40.042484
40.193588
40.140705
40.276699
40.352257
40.78289
40.458015
39.929165
39.96693
39.98204
39.702496
39.36253
39.687397
39.98204
39.800724
39.64962
39.370071
39.279408
39.513618
39.906498
40.586456
40.790451
40.737564
40.684658
40.911331
41.160656
42.505474
42.664139
42.709461
42.550808
42.346806
42.777466
42.951218
43.593418
42.981453
42.490368
42.157936
41.742413
42.067268
42.044609
41.931274
41.795292
40.155815
39.332294
39.906498
40.042484
39.989586
39.679829
39.664711
39.672272
39.868713
39.823383
40.004719
40.427799
40.162724
39.950668
39.3978
39.534119
39.837067
40.117287
39.799187
39.980953
40.31419
40.473244
40.185436
40.003677
40.405079
40.306625
40.359646
40.935226
40.88979
40.685295
40.586845
40.957951
40.624714
40.88979
41.268467
40.730732
40.420219
40.147572
40.193012
40.352062
40.352062
40.200592
39.708302
39.685593
39.844635
40.185436
40.458084
40.488388
40.526257
40.291489
39.77647
39.579556
39.458366
39.496246
39.912788
39.837067
39.912788
39.927944
39.382633
39.079704
38.973671
38.996384
39.087276
39.412937
39.344784
40.033962
40.215748
39.973392
39.700733
39.723457
39.496246
39.079704
38.852497
38.648006
38.989822
39.749409
39.080986
38.868282
38.663204
38.473293
38.480907
38.731552
38.564457
38.617622
38.063118
37.212368
37.531406
37.728897
37.599781
37.144016
36.893345
36.847771
36.938931
36.893345
36.429996
36.232513
36.369225
36.156559
35.966656
36.293282
35.556473
35.715984
35.700798
35.921082
35.73877
35.807129
36.308464
36.764225
36.802212
36.893345
37.189575
37.409863
37.007301
36.91613
36.194519
35.799553
35.867897
35.700798
36.257069
36.203728
35.952267
36.462811
36.310413
36.043709
36.051319
36.020836
35.990356
36.516151
36.744766
36.081799
36.371368
36.394226
36.249462
36.439945
36.561878
36.790482
37.857323
37.986866
37.605846
37.285801
37.232468
36.980984
37.179111
36.485661
36.097031
36.211342
36.904778
36.988625
36.729523
36.790482
37.948769
37.628708
37.727787
38.024971
37.948769
38.169762
38.207844
38.489792
38.291668
38.093552
37.918278
38.101151
37.63633
37.750648
37.682053
37.743019
37.948769
37.964005
37.605846
37.743019
37.948769
37.857323
37.560127
37.582981
37.453457
37.506786
37.217213
37.301037
37.110531
37.415333
36.249462
36.012478
36.111847
35.60733
35.676117
35.423847
34.81995
34.621212
34.934624
34.896404
34.544769
34.368938
34.399517
34.055515
34.926979
35.056942
35.056942
35.079868
35.079868
34.453037
34.170181
33.879711
33.535706
33.642742
33.031178
32.480785
33.015892
33.023533
32.954735
32.947102
32.970032
33.283447
33.49749
33.451618
33.520412
33.252861
33.581589
33.658016
34.047897
34.414814
34.353653
34.216042
34.430096
34.582977
34.498898
35.156311
34.858162
34.949909
35.324493
34.697639
34.842873
34.200771
34.781727
36.165359
35.920738
36.356461
36.272381
36.455841
36.731037
36.394699
36.845707
37.487827
37.457256
37.686592
37.289078
37.365513
37.640724
37.839462
37.931194
38.374577
38.65741
38.596275
38.221684
37.464901
37.120907
36.715759
36.669895
36.035397
36.402332
36.501713
36.463497
36.75399
37.212635
37.816536
37.962223
37.770538
37.778202
37.540508
37.264469
37.302818
37.264469
37.065121
36.597389
36.681728
36.405708
35.884308
35.44725
35.516262
35.033195
35.178898
35.048534
35.163548
35.707951
35.071537
34.810848
34.465809
34.642155
35.117542
34.504135
34.695816
35.056198
35.247906
35.516262
35.148216
35.58527
35.35524
35.378242
35.485588
34.879848
34.565487
34.304787
34.810848
35.040871
35.079212
34.89518
35.61594
35.953304
35.753952
35.347569
35.071537
34.872185
35.040871
34.849186
35.086876
34.78017
34.61916
34.55014
34.757172
34.596149
34.71117
34.71117
34.688164
34.757172
34.71117
34.918186
34.878178
35.678555
35.932522
36.755993
37.025349
37.017658
37.35627
37.086918
36.902222
36.748287
36.979183
36.679031
36.355801
35.994091
35.786282
36.071045
35.832481
35.416897
35.170616
35.016697
35.324543
35.224503
35.262962
35.709343
35.763203
35.709343
35.262962
35.047482
35.116753
35.386101
35.124435
34.654987
35.347626
35.524643
35.932522
35.709343
36.363491
36.609756
36.840641
36.771378
36.363491
35.817089
36.502018
36.994572
36.174385
36.467865
36.545094
36.568256
36.699551
37.09341
38.190094
38.34454
37.301926
37.417774
37.371452
36.938969
36.444679
36.321129
36.328846
36.529648
36.398354
36.290234
36.707272
36.846287
37.579967
37.309673
37.278774
37.402317
37.765316
37.440948
37.023903
37.124313
36.784508
37.008472
37.618576
37.201538
36.738159
36.3134
36.081703
35.525658
35.664673
35.62606
34.869198
34.104626
33.247372
33.224205
33.340061
34.135521
34.205036
33.764816
34.313145
34.498501
33.7262
33.618076
34.336315
34.367203
34.050568
34.266804
34.544838
34.65295
34.614349
34.336315
33.903828
34.668392
34.513947
34.830582
34.405827
34.443035
34.598087
34.489548
34.17947
34.163971
33.923637
33.877125
34.016666
34.443035
34.489548
34.590332
34.667843
35.233765
35.32679
35.195
35.303532
36.218288
36.81522
37.264839
37.272598
37.497406
37.381115
37.288101
37.59819
37.88501
37.567177
37.43539
37.846237
38.179596
38.373405
38.61372
38.23386
37.55167
38.3424
38.412163
37.528416
37.45863
37.381115
37.3036
37.450897
37.45863
37.567177
37.45863
37.427635
37.481899
37.590431
38.272633
39.753284
39.76881
39.419949
40.117649
39.326923
38.396656
38.202854
37.869503
37.43539
36.846222
36.81522
36.939243
36.458611
35.962479
36.024483
35.908203
36.946987
36.962502
37.1408
36.82296
36.993519
37.063286
37.233829
37.133057
36.133022
36.210526
36.350082
35.737656
35.559353
35.884937
36.032242
36.078754
35.946957
35.931461
35.66013
35.388813
35.714058
36.196453
36.141983
36.079754
35.861877
35.690693
35.566208
35.433933
35.877438
35.91634
35.799644
35.931911
36.997883
37.176826
36.873383
36.569939
36.873383
36.787804
37.036781
37.332451
37.589233
37.503635
37.65147
37.589233
37.316883
37.200195
37.822655
37.464737
37.091244
37.060131
36.787804
37.106827
37.176826
37.410267
37.752625
37.799316
37.799316
37.589233
37.324673
37.145721
37.332451
37.24688
37.628128
37.7215
39.106503
38.880852
38.662991
38.569614
38.888634
37.503635
37.589233
37.262436
37.200195
36.935635
37.379139
37.29356
37.254658
36.896725
36.77224
35.931911
35.75209
35.963188
36.127361
36.42445
36.979527
37.346989
37.534611
37.456429
37.401711
37.12809
36.463535
36.526081
36.705898
37.057724
37.60498
37.56588
37.737881
37.894241
37.479881
36.95607
36.948265
37.065529
37.581524
37.659706
37.503342
37.792603
38.902779
38.25388
38.06625
38.160061
38.074074
37.792603
37.464252
37.784801
37.745716
37.808243
37.737881
38.003696
37.60498
37.472065
37.331348
37.354797
37.401711
37.22971
37.0569
37.001942
37.127613
36.617073
36.55423
36.389301
36.640625
36.844841
36.868404
37.009785
37.386803
38.855564
40.222233
39.680271
39.860935
39.083347
39.334682
39.122627
38.415718
38.879128
38.706329
38.753456
38.572803
38.337185
38.164371
38.007282
37.567455
37.559593
37.677414
38.062279
37.865913
37.787369
37.960159
38.070118
37.771656
38.007282
38.093689
37.371086
37.449623
38.352886
38.604225
38.439281
37.975876
37.732388
38.321457
37.7481
37.787369
37.716671
37.598854
36.774155
36.082966
36.295044
36.09082
36.302887
36.703472
35.753098
36.931252
36.962658
38.030857
36.483551
36.18507
36.263618
34.417854
34.165241
34.338909
34.331009
34.409954
34.496792
34.536259
34.0784
34.528351
34.591515
34.259968
34.883602
34.196812
34.441528
34.181007
33.510044
33.754753
33.462658
33.367935
33.896832
33.715279
33.991577
34.196812
34.196812
35.080925
35.325653
34.986214
34.915169
34.70993
34.070511
34.181007
34.425735
34.457325
35.104622
35.420391
35.625626
35.523006
35.815079
35.736141
35.688793
35.988747
37.022861
37.149181
36.667637
36.201889
36.304493
36.225574
35.507225
35.720348
34.678349
34.630978
34.638878
35.238838
35.530895
35.815079
35.688793
34.757286
34.883602
34.757286
34.962532
34.678349
34.433628
33.865269
34.196812
36.288723
36.714996
36.470287
36.580811
35.894016
35.917713
35.412487
36.099266
35.546684
36.178204
37.283371
37.528076
37.812263
37.788582
38.041187
38.601658
38.893742
38.696384
39.020042
38.704285
38.244373
38.323666
37.7686
37.927181
38.252304
38.125443
37.94305
38.228519
38.648781
38.363312
37.87962
38.125443
