Adjusted
38.322105
38.417206
38.664444
38.284073
38.036839
38.274563
37.979786
37.228558
36.658005
36.486843
36.287148
37.656464
36.990833
37.085918
37.504314
37.219036
36.496338
37.561375
38.987759
38.987759
38.987759
39.539291
38.816597
39.368126
39.653404
40.214443
40.414146
40.043282
39.444202
39.539291
39.748489
40.642353
39.929169
40.899101
41.802483
41.526714
42.696354
42.477638
42.629784
42.211388
41.555244
41.507694
42.059231
42.591747
42.991138
42.230392
41.621811
41.840519
42.45863
44.398502
46.566593
46.233776
45.8344
46.252789
47.289299
46.509541
46.690212
45.853413
45.958004
47.032543
46.243286
47.12764
44.12273
44.094208
43.742359
43.133762
44.427032
44.331921
45.178261
44.816898
45.045124
44.455559
42.506161
43.190823
43.247879
43.770893
44.217823
45.549118
45.111687
45.25433
44.873951
44.59819
43.770893
45.178261
44.807384
45.625175
45.045124
44.77887
44.236839
45.786846
45.644196
45.97702
46.509541
46.49052
45.910465
42.268433
41.669353
43.533157
43.6758
43.923035
43.314442
43.704327
42.65831
41.212914
41.745434
40.55677
40.423637
41.840519
42.116299
42.810459
43.732857
44.217823
44.388996
44.873951
44.369972
44.341434
42.23991
42.182854
41.754936
41.792976
41.992661
42.800957
42.382542
42.838985
43.323948
43.428558
42.867519
43.266899
43.238373
42.19236
43.086231
42.753399
42.515675
42.315979
42.173347
42.981632
43.105251
42.981632
43.048187
42.991138
43.552181
44.417519
45.292366
46.357399
45.492062
45.463524
45.045124
45.111687
44.978565
47.954941
47.888371
47.051567
46.709236
47.584068
47.023037
46.927952
46.309837
46.471504
46.205246
45.900951
46.661682
46.404938
46.366905
46.49052
46.328865
49.019974
49.200653
50.636532
50.474888
50.950344
50.446354
51.064457
50.43684
50.01844
49.533478
49.809242
49.90432
50.085003
51.226105
51.615982
51.054951
51.520901
52.880714
53.05188
52.177032
52.795139
52.82365
52.395744
52.966297
53.422737
53.907707
55.001263
54.478256
54.392677
54.240528
53.746052
53.061386
53.44175
54.715992
55.267529
55.676411
56.32304
55.990227
55.838074
58.957088
58.167828
58.405563
59.727341
59.869984
59.651268
60.678261
61.429497
61.648209
61.638695
62.123672
61.885929
61.334385
60.079189
61.011089
60.954029
60.668751
61.030109
60.630714
60.488083
60.545135
60.392986
62.142673
61.885929
62.275806
62.684704
64.472443
64.339325
64.187164
62.903416
62.551579
63.626106
62.637154
62.456497
62.665684
63.141151
62.998516
63.654636
65.394814
66.136528
65.955879
65.841766
64.662621
65.299736
65.642067
67.677048
67.420296
66.944832
66.564476
65.965385
65.642067
66.374283
67.658043
67.372757
67.372757
66.526405
66.573975
67.192055
72.412613
70.624901
71.128883
71.13839
70.986244
73.220901
71.79454
69.702507
71.528275
72.745453
73.354073
74.10527
74.029198
72.602791
75.360474
74.076729
73.686867
74.885017
74.504639
73.69635
73.69635
74.029198
74.266907
73.819984
73.182884
73.401588
73.629799
72.983177
71.927666
74.409569
73.125793
73.601288
73.772438
75.265381
76.691772
75.693298
74.362022
72.460167
73.458649
72.831024
72.650352
73.953117
72.745453
71.185951
69.236557
69.940239
68.45681
69.331657
68.561394
69.369675
69.531342
70.158928
70.320602
74.200356
75.70282
75.170303
74.932571
74.7519
75.284409
74.80896
74.885017
74.618774
76.872444
76.872444
75.503105
78.108635
80.38134
78.755272
79.877357
76.786858
76.577667
76.977058
75.93103
78.051582
78.175201
79.715691
78.080116
77.832886
75.883484
76.929504
75.835953
77.319366
77.946983
78.004036
78.878876
78.080116
78.099121
79.449455
77.642693
79.639626
80.923363
81.018456
81.16111
81.398827
82.834732
82.140533
82.739632
83.443283
83.490868
82.397285
82.863251
82.825211
83.338707
82.606506
81.779198
82.035942
81.779198
81.094536
82.825211
83.443283
83.681038
81.779198
82.834732
83.871208
83.272148
82.397285
83.39576
84.774612
84.536865
81.027977
78.717239
78.070618
78.86937
78.546059
73.44912
72.602791
74.171837
72.098846
71.7565
72.289001
70.22551
72.793007
70.130424
69.721519
72.564774
72.479218
72.66938
71.870598
68.133492
66.364761
66.440842
68.371216
69.35067
68.45681
67.895752
68.238091
68.656509
69.911713
69.826126
69.635933
69.141464
68.143005
69.227058
68.266602
68.532867
67.486839
67.800674
69.645454
72.003723
71.071808
73.239914
72.983177
72.346054
71.994232
73.363548
73.31601
72.089317
72.20343
73.078278
74.80896
75.560173
73.886528
74.000656
75.712334
73.382561
73.629799
74.694824
75.160797
74.942085
75.541161
74.409569
74.266907
71.984703
70.567825
70.938721
71.147888
70.815063
69.873688
67.81015
68.504333
66.48838
67.515381
66.716599
65.632561
64.567528
68.532867
72.222435
72.317551
73.781952
72.574295
72.365082
74.048225
75.921532
77.661697
75.64576
75.046669
74.932571
76.834412
75.835953
75.683807
75.312927
75.740845
74.599747
73.211388
74.590248
74.523666
75.788383
75.64576
76.539635
77.595139
79.354332
79.278275
78.660172
78.393906
77.500038
78.555565
80.210182
79.677658
79.877357
80.153122
77.500038
75.788383
75.560173
76.606186
77.290863
77.870911
76.216324
75.588707
76.777359
76.948524
76.919983
76.187798
75.484093
75.455566
74.866013
75.731331
75.598221
76.320923
75.997597
75.778893
73.373055
74.904037
76.796379
76.330414
77.110168
76.549126
76.05468
76.216324
77.02459
76.035629
75.969063
74.98011
83.110489
82.378273
82.302216
82.910797
81.275223
80.923363
80.058014
81.066017
80.913864
79.506493
79.088089
80.257729
81.893303
81.55098
80.562019
80.048538
80.695175
81.72216
81.68412
81.493935
81.417847
81.826752
81.256195
80.352814
78.070618
78.584099
76.881966
75.084702
74.961098
75.360474
75.274895
76.292381
77.471535
76.301888
75.788383
74.846985
75.503105
77.338394
77.794853
78.555565
73.991135
71.005272
70.929192
72.897591
73.068748
73.686867
72.85955
73.182884
73.106789
72.583801
72.498222
73.69635
73.002197
73.201904
73.858025
75.122749
74.98011
76.235321
75.91201
77.718765
77.309875
77.423981
76.958031
76.463547
77.404953
77.02459
76.111702
75.550674
74.228889
74.999138
74.143295
72.973686
74.190857
74.200356
73.753433
74.438072
74.010178
74.675804
74.904037
73.981667
73.991135
73.886528
72.821548
72.507713
72.716949
74.885017
74.504639
75.522141
75.113235
75.227364
75.331955
76.073677
77.17675
75.027679
76.311386
76.815376
76.368454
75.151276
72.545753
71.804039
72.574295
72.593315
73.810471
73.477646
72.431641
73.068748
73.487183
72.269989
72.869049
73.924583
74.552216
74.647316
74.80896
75.265381
75.446053
74.409569
74.504639
76.824898
76.834412
77.233803
77.357422
77.414482
79.021538
77.77581
78.317841
76.254349
77.02459
77.053131
77.02459
76.416008
75.997597
76.891472
76.073677
76.644211
76.349426
77.509544
77.690239
77.985023
78.584099
78.194229
78.29882
77.576126
78.042084
77.385933
77.328888
77.880417
77.053131
78.137169
78.070618
78.679199
79.56356
79.021538
75.750359
74.628265
74.400032
70.349129
68.646996
68.751587
68.761078
67.17305
66.184082
66.089027
66.089027
67.201576
66.174553
65.81324
65.100052
64.662621
65.508957
64.76722
65.052498
63.550053
61.800346
62.703739
62.313854
61.134712
62.218758
62.903416
63.98748
64.805275
64.586548
60.145756
59.546665
59.080719
60.088696
60.079189
60.640228
58.671825
60.098206
60.640228
61.096668
62.399418
62.33287
62.427959
63.6166
63.67366
63.416912
64.187164
63.835327
62.760773
62.798813
61.52459
59.889004
60.640228
60.212307
59.318455
59.071205
58.481632
58.852501
59.432556
59.594212
61.068146
66.24115
66.431335
64.329796
64.424889
63.816319
65.252205
65.851288
65.423363
66.098511
66.554939
68.038391
66.716599
64.900337
65.898819
66.155563
65.718155
64.957397
65.166611
64.662621
64.130081
65.119064
65.737152
65.042999
64.710152
67.001877
66.716599
68.45681
68.865692
67.13501
67.230103
67.905281
67.24913
65.699127
65.613548
63.426418
63.806797
63.340832
66.431335
66.564476
65.566002
64.9384
64.615067
63.825809
63.426418
63.95895
64.310768
65.090515
65.157089
65.261696
65.328247
65.062004
65.556473
66.374283
65.851288
66.184082
65.955879
65.984398
66.878273
65.784706
66.041466
65.252205
65.166611
64.976425
64.424889
64.919373
64.015999
64.519981
65.195137
65.204643
65.318756
65.375824
65.784706
66.24115
65.290215
66.031967
65.508957
65.185631
62.760773
61.942989
63.435936
63.949436
64.282257
64.272728
64.149117
63.873356
63.397892
62.713238
62.922436
62.684704
62.275806
62.91293
62.589607
64.006493
63.388397
63.093597
63.207703
63.721207
62.893917
62.51355
59.052189
59.812931
59.812931
58.98563
58.006172
57.730404
57.949123
58.862007
58.472134
59.194828
59.556175
59.175812
59.147282
59.660778
58.890533
58.957088
58.595749
58.795448
57.625809
57.892056
58.139301
57.835007
57.473656
57.578266
58.044216
58.205875
58.101265
59.232868
60.136246
60.640228
60.668751
60.725811
62.0476
62.161701
62.741753
62.703739
61.904945
60.80188
60.488083
60.003113
59.936531
55.819057
53.061386
53.95525
55.134392
53.936234
54.278572
53.860161
54.506786
54.288071
54.326115
54.202496
53.727032
52.757084
52.158005
52.405254
51.330708
51.796665
50.446354
51.825188
52.766605
54.221512
56.912617
57.625809
59.774891
60.136246
61.049129
62.351875
61.885929
62.542068
62.570587
63.027042
63.67366
64.215706
64.8433
63.730709
63.873356
63.321804
64.015999
64.500969
64.13961
64.063545
63.996994
64.909851
65.119064
64.985924
65.51844
64.795753
64.662621
65.033493
63.882858
64.424889
63.702187
64.063545
63.882858
63.569069
63.626106
64.015999
64.957397
65.147598
65.594521
65.27121
65.042999
64.500969
64.643616
64.615067
64.187164
64.177666
64.187164
63.816319
65.176102
66.859245
67.458336
67.058945
67.277657
67.610474
67.619965
68.960793
67.838715
67.07798
66.146057
67.677048
66.650055
67.125496
68.238091
68.390228
67.600967
68.589928
67.743591
67.857719
68.47583
68.276131
68.732582
69.246048
71.109871
71.043312
70.529816
69.57888
70.45372
70.491776
70.7295
70.738998
71.4617
71.32859
70.092369
70.4347
69.892693
69.13195
69.255577
68.989304
69.883171
69.379166
70.216003
71.309563
70.881638
71.25248
71.043312
71.204964
72.450684
73.686867
73.69635
73.211388
73.182884
72.707413
73.106789
73.553719
73.781952
73.591766
74.694824
74.799446
74.200356
74.533195
73.31601
74.951576
74.904037
74.419083
74.466606
74.219376
74.647316
74.818443
74.837471
75.417534
75.42704
74.80896
74.904037
74.904037
75.227364
74.685333
74.866013
76.197304
80.704643
80.086563
79.021538
78.68869
79.658638
79.867844
80.932877
80.913864
79.649139
79.164162
80.048538
80.466934
80.676132
80.75219
82.530426
81.874298
81.750671
81.313255
81.180122
79.630119
80.134109
79.8013
79.791794
79.069061
79.658638
79.449455
80.666611
80.447906
81.142075
80.761703
81.284706
81.465401
81.275223
81.921837
83.500359
82.74913
82.71109
82.596992
81.997902
81.560486
81.322746
81.522438
81.218163
81.493935
82.920296
83.833191
83.728607
83.975807
84.14698
83.871208
84.631958
83.64299
84.299141
85.097916
84.489311
82.720612
82.777649
83.519394
84.565392
84.413239
87.361115
86.533798
86.039322
84.308662
84.631958
86.410172
85.972778
86.296074
86.476746
86.524292
85.91571
85.554352
84.917259
85.040848
86.143921
85.487808
85.630432
85.658936
85.811119
85.506798
85.173988
85.31662
85.212029
84.631958
83.738098
83.785629
84.023361
83.053429
82.520905
80.38134
80.961411
80.828293
80.22921
81.218163
81.636543
81.893303
82.635033
82.863251
81.893303
81.712624
80.951889
79.91539
80.257729
80.41938
80.761703
80.723679
81.246681
80.875824
80.704643
81.313255
81.265694
80.75219
81.075539
80.989929
80.856812
81.750671
83.985321
83.899773
83.253105
83.757118
85.002823
84.565392
83.205582
76.339928
74.067261
75.446053
73.943619
75.664772
74.961098
73.31601
74.314461
75.01815
75.91201
75.636253
74.457115
74.837471
74.23838
73.211388
72.821548
74.10527
72.878578
71.708946
72.403099
73.306465
74.228889
73.106789
72.346054
73.905571
74.228889
74.485619
74.333481
73.192383
75.360474
75.598221
76.349426
76.74881
77.043594
78.44146
79.145142
77.861389
78.308342
79.896378
79.211716
79.592064
77.490547
77.899452
77.157707
78.175201
77.015083
77.490547
77.423981
76.701286
77.015083
78.793304
77.975517
78.36541
79.810799
80.447906
78.802811
77.462029
77.566628
78.023064
78.536552
75.902512
73.896057
75.560173
75.474602
64.082558
64.947891
66.345757
65.157089
66.079491
65.51844
65.489937
65.014465
64.405869
62.798813
63.483479
63.540535
63.008015
64.605553
64.748184
62.893917
62.171211
62.561092
61.087154
60.364464
61.381943
60.602203
61.419971
62.180721
61.239304
61.553112
61.610168
62.152195
63.873356
66.155563
65.642067
66.050972
64.405869
64.643616
64.748184
64.168129
64.339325
63.607098
63.492981
63.759251
64.434395
64.111084
63.835327
63.150658
63.188698
