Adjusted
33.750729
33.443481
34.373608
34.539707
34.905121
35.536301
35.461529
35.611034
35.710682
34.954964
35.038002
35.320362
35.312054
34.880203
35.270535
34.92173
33.941753
34.689182
34.988171
33.883614
34.398521
34.830372
33.999878
34.099548
33.84211
33.368729
33.794514
33.577438
33.343681
33.485607
34.061638
34.67944
35.030052
34.821354
35.697933
35.013363
35.347305
35.08852
35.455849
35.697933
35.514278
34.988331
35.372368
34.988331
35.522625
34.595947
34.170174
33.886345
35.13026
35.121899
35.706287
35.430794
36.148758
36.449318
37.11718
36.031883
36.382526
36.315739
36.132057
36.315739
35.714649
36.015179
36.432613
35.697933
35.856575
35.697933
35.839851
35.464191
36.090321
36.140419
37.042038
37.601383
37.167274
37.78503
39.655109
40.807209
40.782158
40.481609
40.089214
40.807209
40.748772
41.107731
40.932415
41.692123
41.2747
41.20792
40.990856
40.506645
40.907375
41.225975
41.653584
41.075058
41.494282
41.519447
40.647449
40.563625
40.91576
40.940903
40.815151
41.334988
41.561352
41.678734
42.802242
42.139874
42.668079
43.96767
44.286274
44.118584
43.271763
43.732895
44.252731
44.45396
44.093445
44.747425
44.604881
44.445576
43.154385
43.347225
42.777088
42.63456
42.223724
42.96994
42.441715
42.424938
42.928009
43.548458
43.498138
44.219215
44.428814
43.833523
43.422684
43.707748
44.135353
43.137608
43.556839
43.263374
45.611
45.720001
46.021843
45.996685
46.533295
47.933468
47.799328
47.480736
47.740639
46.860283
47.027977
47.145351
46.793221
47.120205
47.480736
47.598114
47.741398
48.036411
47.54752
47.909977
47.850967
48.55899
48.263988
48.449432
48.289268
47.513817
47.244091
47.640251
46.788918
47.126095
47.008072
47.48011
47.665535
48.019558
47.47168
47.977402
48.348274
47.303097
47.033363
47.429543
46.932213
47.395805
47.614956
48.255562
48.913017
48.095394
48.306145
47.47168
47.024944
46.890079
47.370525
47.193535
48.668583
48.693871
48.68544
49.309166
49.722187
50.000347
50.177353
50.278496
50.994965
50.89381
50.49765
50.834805
49.570473
49.250175
49.29232
48.921448
49.199604
49.258606
49.907616
50.775822
51.146694
51.416409
51.669258
52.436306
52.394165
52.217148
53.355049
53.456699
53.084049
53.304222
53.778515
53.482094
53.482094
53.03323
52.160923
51.703606
51.635853
51.449516
51.280144
51.652782
52.28796
52.347237
52.609779
52.567425
52.398048
52.338772
51.830612
52.431927
52.220184
51.720528
52.406532
52.389557
52.025406
52.660583
52.37265
52.474277
52.245609
51.898388
51.92379
51.78828
51.762882
51.915333
52.033878
51.949192
50.983715
50.873619
51.576561
51.220856
51.491871
50.839767
50.37394
49.823467
49.958965
50.424759
50.992207
51.678185
52.271023
51.153107
51.686646
51.999992
51.559612
50.213039
50.035187
49.662556
49.891205
49.357655
49.577866
49.49316
50.179165
49.710999
49.370499
50.119579
50.145115
49.719505
50.162125
49.796112
49.47266
49.69397
49.098125
48.961914
49.055553
49.532246
49.60033
49.745041
49.396034
49.974857
50.298309
50.391972
50.332382
49.796112
49.242813
48.646965
48.612923
47.974529
48.400124
49.217281
49.447124
48.902344
48.246902
48.170284
47.889404
48.485237
48.306492
48.519283
48.536304
48.604404
49.012989
48.468216
48.47673
48.817211
49.06406
48.783169
49.030014
47.914921
47.038177
46.60405
46.518925
46.527458
46.4338
47.787247
48.502274
49.302402
48.9534
48.825729
48.034096
47.634033
48.170284
48.468216
49.004482
49.344986
48.71505
47.702126
47.402485
48.421246
48.729443
49.32872
50.159149
49.987926
50.578632
51.015255
51.169353
51.691574
51.143654
51.751511
52.256588
52.230923
52.479179
52.008324
52.39357
52.444931
52.573357
53.061333
53.078445
52.462048
52.479179
51.76862
51.57172
51.451878
51.554607
51.879913
52.085373
52.55624
52.924355
52.65041
52.573357
52.821625
52.504883
52.607594
52.496296
52.924355
52.744587
52.924355
52.967175
52.898678
53.720547
53.720547
53.489395
53.763344
53.720547
54.062988
54.936199
54.080101
52.907242
51.580276
50.493015
51.57172
51.203598
51.837101
51.794304
52.581909
52.325085
52.265148
51.434727
50.587193
50.354774
50.621624
50.50111
50.871239
50.974541
51.284405
51.482384
52.067722
52.188225
52.911259
52.635826
52.489479
53.238346
53.169487
53.47937
53.34164
53.608475
53.324421
53.436321
53.918354
54.348728
53.754799
53.530998
53.333035
53.79784
53.806458
52.678844
52.566944
52.239857
52.050499
52.171001
51.757843
51.224159
51.551243
51.241375
52.067722
52.558334
52.541134
52.954311
52.566944
51.955818
52.222652
51.637321
51.611511
51.826691
51.740627
51.792259
51.301624
52.566944
52.37759
52.37759
54.994297
55.72596
55.493546
55.751789
56.380131
56.913818
56.939636
56.931042
57.05154
56.578114
57.154846
57.671299
57.146225
56.990517
57.518131
57.665184
58.625259
59.023121
59.611279
58.711754
58.166847
57.734375
57.085678
57.189468
57.85548
58.132248
58.037094
57.09433
57.518131
58.651207
58.599312
58.426338
58.123573
57.345165
57.639244
57.950607
57.466248
57.734375
57.665184
57.812214
57.310566
57.595989
58.374424
59.049103
59.196114
59.896717
58.850136
58.858799
58.850136
59.222076
58.841518
58.287945
57.492207
57.284607
57.613297
56.212086
56.246696
56.281284
55.753674
55.104988
54.975231
57.379765
57.345165
57.163525
56.860798
56.367786
56.609974
58.668514
58.028469
57.301922
58.659866
59.645912
59.896717
59.888058
60.545425
59.849888
60.084637
59.536915
59.545601
60.006378
59.93684
59.754276
59.536915
58.728374
58.337124
57.78941
57.311214
57.354698
57.563366
57.467709
58.05891
58.258869
58.771816
59.97163
60.614986
60.875778
60.562801
60.727989
60.44109
60.945339
60.449791
60.223721
60.649738
60.415012
59.97163
59.336956
59.641235
59.015255
59.023949
58.458847
59.69342
60.006378
59.35434
59.841213
59.884659
60.336758
60.241135
59.554268
59.119602
59.815109
59.310867
58.397995
57.728535
58.771816
58.850067
57.911118
59.076115
59.250011
60.188976
59.858574
60.710602
60.754055
60.884491
61.597401
61.171398
61.858234
61.675621
61.545235
61.945171
61.536541
62.127743
61.171398
60.858395
62.143024
62.614937
62.990738
62.501335
61.950779
62.711075
62.344017
61.749783
62.413937
62.134293
61.907078
63.209187
63.58498
63.060627
63.051899
62.877113
62.746033
62.92083
63.104328
63.226677
63.523827
64.205437
65.000694
65.691093
64.904541
64.686096
64.694832
64.222893
64.380234
63.847141
64.257874
64.782196
64.257874
64.275368
64.109306
60.010727
60.797245
61.059414
60.718594
60.500118
61.513836
61.959499
61.9333
61.470135
62.466373
62.973244
62.807209
63.252899
63.558781
64.319054
62.894604
63.270363
62.466373
62.947018
63.462605
64.310303
62.78973
62.230412
62.406105
62.300697
62.625671
63.31078
63.003353
63.126335
62.010834
62.212864
62.71352
62.660828
62.722294
62.168953
62.002056
62.168953
61.325745
61.439915
60.464962
61.360863
61.756123
61.571667
62.520294
62.880383
62.423679
62.555412
62.493946
62.002056
61.931805
62.133801
63.091171
62.71352
62.564186
61.703419
62.652031
62.810146
62.854053
63.205391
61.993275
62.933109
62.555412
62.792561
61.641953
60.983196
60.658203
61.035885
60.754803
60.219025
59.481232
59.700821
60.605499
61.211578
61.132488
61.870319
62.0284
62.010834
63.372269
63.504017
63.179008
62.941891
64.197914
64.53167
64.013466
64.26815
64.566833
64.803955
64.918709
64.565636
64.759811
66.225006
66.225006
66.269165
65.827835
65.448296
66.348595
66.83403
67.257713
67.134163
67.28418
67.663734
67.443062
67.549019
66.754623
67.310669
66.948799
66.957611
66.375084
65.448296
65.439468
66.039658
65.201172
65.580704
65.836662
66.180908
66.948799
66.8517
66.992935
67.74321
67.831451
67.540161
67.337151
67.56665
67.557831
66.692841
67.50489
67.981506
68.59935
69.314301
68.74057
67.937325
68.334557
67.301865
67.999153
67.672585
67.831451
68.122711
66.83403
67.125328
68.281601
71.1502
71.794525
70.647102
70.029243
69.790924
69.729149
69.137756
69.835075
69.61338
69.24984
69.781845
70.278397
70.934555
70.242897
71.546349
71.750305
72.335464
71.049835
71.785774
73.674377
73.674377
74.232986
73.754166
73.168953
74.197517
73.585739
72.787697
72.388702
72.973907
73.78965
72.583755
73.461571
73.612312
74.100006
74.206406
74.605408
75.403435
75.110809
74.499023
74.428085
74.135475
73.860619
74.046791
73.701004
73.754166
72.796585
73.355148
73.222191
74.064514
74.170944
73.763069
72.91185
73.000519
72.122704
71.741425
71.750305
72.388702
74.330521
73.949234
73.842865
72.229103
71.750305
72.140411
72.158173
72.734497
73.621193
71.954231
71.510895
71.590698
71.759155
72.379814
72.798416
72.459976
72.949829
71.239838
71.489227
71.702988
71.711876
70.794502
70.714386
71.907799
72.397652
71.925621
72.219521
72.264046
72.379814
71.524849
72.166077
73.341667
73.849327
72.842957
73.127937
73.306076
73.751358
73.697937
72.949829
72.495613
71.765312
71.91671
71.515945
71.400192
71.515945
71.141884
70.286873
68.452248
69.957359
68.817375
68.826302
69.663475
69.414101
69.34285
68.363182
68.657112
67.953514
68.247398
68.078217
67.561623
67.10743
67.57943
68.87973
69.360657
71.070648
70.260178
73.653427
74.116493
74.437157
73.314972
72.246239
74.178864
73.154648
72.887474
73.003258
73.751358
73.965118
73.893555
73.276382
72.525002
72.516052
72.578651
73.0438
74.161873
73.589455
72.614433
73.115356
72.712852
72.346092
71.397957
71.389
70.539238
71.049095
70.986465
70.396126
70.65554
70.628693
70.914894
70.610794
69.08123
69.278
69.823669
70.503441
70.002548
68.88443
69.46582
69.689461
69.304848
70.31562
70.109871
69.653656
71.066956
71.898849
71.737839
72.104576
71.389
70.575027
70.870186
71.550011
71.317436
70.977516
71.0401
71.183281
71.630524
72.346092
72.059845
71.889915
71.773621
71.210098
70.74498
72.489227
72.757568
72.525002
72.068825
72.283478
71.630524
71.550011
71.91674
70.959656
70.324532
69.600037
70.292259
71.110344
71.326088
71.281158
71.416016
71.083366
71.451958
71.164246
71.766586
71.353073
71.353073
70.831627
70.957489
71.200233
70.552956
70.364159
71.002457
70.337173
70.11245
71.029411
71.038406
71.092354
71.029411
70.975494
71.820534
72.494759
72.404861
73.034172
73.519615
73.079117
72.350929
72.665596
73.124054
73.474663
73.645454
74.481537
74.463577
74.112953
74.535492
74.868126
74.643364
74.769241
75.182755
75.623276
75.074883
74.841141
74.724297
74.733261
74.688324
74.38266
74.20285
74.139931
75.029961
74.769241
75.95591
75.560341
75.722168
76.252571
76.504288
76.836899
76.764687
77.062683
77.143974
76.963333
77.243317
77.451042
77.712936
77.694885
79.094704
79.076637
79.726868
79.347557
79.067619
78.959251
78.390274
76.891098
77.10788
76.538879
76.71051
75.608673
77.279442
77.234276
77.541336
77.505219
78.155457
75.355797
75.500298
76.231865
76.015068
76.900139
77.396858
78.896004
78.07415
77.956795
77.893578
77.134956
76.096375
76.58403
76.331177
75.039719
75.689941
74.696533
74.841034
74.868134
75.229378
74.597176
74.795876
75.825447
76.936279
76.629196
77.216232
77.487144
73.558617
74.371407
73.901794
74.488831
74.407532
74.777809
73.87471
73.685043
74.416557
74.597176
75.184219
75.30162
74.793266
74.675255
74.157799
74.402893
73.903625
74.003471
74.003471
73.803764
74.139641
74.003471
73.703903
73.231842
72.823349
72.723503
72.59639
72.877808
73.041222
74.303047
73.867279
72.623627
71.842903
71.615974
72.850563
73.150154
72.088005
73.767433
73.613106
72.995811
73.023056
73.259102
72.496552
72.314964
71.370888
70.699112
70.381393
70.735413
70.762611
69.818535
70.680954
70.926048
70.980515
70.699112
70.99868
69.464493
69.764069
71.207458
71.016846
71.307327
71.534279
71.107628
71.479797
71.879219
71.452576
68.783661
69.500786
68.175438
67.939407
68.865341
67.676163
68.384232
68.366058
65.433868
69.771797
70.319725
71.251236
67.753525
68.118805
65.71698
64.776337
63.31517
66.520668
67.31517
66.74894
68.191879
68.009232
66.93158
67.379074
67.31517
65.780914
65.927025
63.753517
64.474991
64.630219
64.575439
64.666756
64.210136
62.685017
63.415642
63.72612
63.415642
64.520653
64.036613
65.826576
65.516113
64.812904
65.689621
63.945297
64.164505
62.72155
62.812885
62.712406
63.872231
64.575439
65.826576
65.643906
66.210144
65.251244
65.863121
64.776337
64.904205
62.073151
60.712421
59.132507
59.159901
58.283192
56.009209
56.036606
55.744381
54.29232
54.255802
54.109673
54.210125
54.429298
53.981823
50.904179
50.155312
49.584644
49.575436
46.639206
48.249989
49.216469
49.759529
52.106678
51.213833
47.927834
47.817398
46.224991
46.059326
46.252602
47.8634
45.240116
46.151363
48.526119
48.277615
50.228951
49.989647
48.986355
50.146114
51.563625
50.854866
51.489975
48.590561
47.255901
46.473526
45.902843
45.700348
45.037617
43.831833
43.187515
44.53138
44.94558
44.273647
42.635246
42.469566
